data_point;region;vac_interval_group;vaccine;count_vac_zab_18_59;count_vac_hosp_18_59;count_vac_severe_18_59;count_vac_death_18_59;count_vac_zab_60;count_vac_hosp_60;count_vac_severe_60;count_vac_death_60;count_vac_zab_total;count_vac_hosp_total;count_vac_severe_total;count_vac_death_total;count_zab_18_59;count_hosp_18_59;count_severe_18_59;count_death_18_59;count_zab_60;count_hosp_60;count_severe_60;count_death_60;count_zab_total;count_hosp_total;count_severe_total;count_death_total
2021.11_01-07-2022;Алтайский край;21_45_days;AllVaccines;6728;556;102;18;2982;910;228;103;9710;1466;330;121;26177;3029;631;149;13881;6323;2293;1355;40058;9352;2924;1504
2021.11_01-07-2022;Алтайский край;21_45_days;CoviVac;91;14;2;0;34;5;2;1;125;19;4;1;26177;3029;631;149;13881;6323;2293;1355;40058;9352;2924;1504
2021.11_01-07-2022;Алтайский край;21_45_days;EpiVacCorona;281;57;15;3;172;93;31;13;453;150;46;16;26177;3029;631;149;13881;6323;2293;1355;40058;9352;2924;1504
2021.11_01-07-2022;Алтайский край;21_45_days;SputnikLite;1260;112;20;6;365;84;22;9;1625;196;42;15;26177;3029;631;149;13881;6323;2293;1355;40058;9352;2924;1504
2021.11_01-07-2022;Алтайский край;21_45_days;SputnikV;5096;373;65;9;2411;728;173;80;7507;1101;238;89;26177;3029;631;149;13881;6323;2293;1355;40058;9352;2924;1504
2021.11_01-07-2022;Амурская область;21_45_days;AllVaccines;3014;279;53;7;1018;337;90;35;4032;616;143;42;11112;1482;287;59;4791;2367;878;476;15903;3849;1165;535
2021.11_01-07-2022;Амурская область;21_45_days;CoviVac;43;10;0;0;13;3;1;1;56;13;1;1;11112;1482;287;59;4791;2367;878;476;15903;3849;1165;535
2021.11_01-07-2022;Амурская область;21_45_days;EpiVacCorona;76;18;1;0;29;20;8;3;105;38;9;3;11112;1482;287;59;4791;2367;878;476;15903;3849;1165;535
2021.11_01-07-2022;Амурская область;21_45_days;SputnikLite;450;42;8;0;197;65;18;6;647;107;26;6;11112;1482;287;59;4791;2367;878;476;15903;3849;1165;535
2021.11_01-07-2022;Амурская область;21_45_days;SputnikV;2445;209;44;7;779;249;63;25;3224;458;107;32;11112;1482;287;59;4791;2367;878;476;15903;3849;1165;535
2021.11_01-07-2022;Архангельская область;21_45_days;AllVaccines;2067;192;10;2;1071;340;39;35;3138;532;49;37;8082;1034;105;38;4436;2071;582;490;12518;3105;687;528
2021.11_01-07-2022;Архангельская область;21_45_days;CoviVac;44;4;0;0;1;0;0;0;45;4;0;0;8082;1034;105;38;4436;2071;582;490;12518;3105;687;528
2021.11_01-07-2022;Архангельская область;21_45_days;EpiVacCorona;58;17;0;0;25;15;3;5;83;32;3;5;8082;1034;105;38;4436;2071;582;490;12518;3105;687;528
2021.11_01-07-2022;Архангельская область;21_45_days;SputnikLite;473;41;4;0;150;46;4;3;623;87;8;3;8082;1034;105;38;4436;2071;582;490;12518;3105;687;528
2021.11_01-07-2022;Архангельская область;21_45_days;SputnikV;1492;130;6;2;895;279;32;27;2387;409;38;29;8082;1034;105;38;4436;2071;582;490;12518;3105;687;528
2021.11_01-07-2022;Астраханская область;21_45_days;AllVaccines;2364;343;42;14;717;278;64;36;3081;621;106;50;5829;970;140;52;3130;1573;448;329;8959;2543;588;381
2021.11_01-07-2022;Астраханская область;21_45_days;CoviVac;28;5;1;0;11;4;1;0;39;9;2;0;5829;970;140;52;3130;1573;448;329;8959;2543;588;381
2021.11_01-07-2022;Астраханская область;21_45_days;EpiVacCorona;75;11;0;0;24;11;0;0;99;22;0;0;5829;970;140;52;3130;1573;448;329;8959;2543;588;381
2021.11_01-07-2022;Астраханская область;21_45_days;SputnikLite;206;27;4;2;62;26;5;4;268;53;9;6;5829;970;140;52;3130;1573;448;329;8959;2543;588;381
2021.11_01-07-2022;Астраханская область;21_45_days;SputnikV;2055;300;37;12;620;237;58;32;2675;537;95;44;5829;970;140;52;3130;1573;448;329;8959;2543;588;381
2021.11_01-07-2022;Белгородская область;21_45_days;AllVaccines;4279;487;81;22;1365;487;127;78;5644;974;208;100;8458;1099;202;86;4685;2012;661;530;13143;3111;863;616
2021.11_01-07-2022;Белгородская область;21_45_days;CoviVac;45;4;1;0;10;2;1;0;55;6;2;0;8458;1099;202;86;4685;2012;661;530;13143;3111;863;616
2021.11_01-07-2022;Белгородская область;21_45_days;EpiVacCorona;209;41;6;1;78;46;7;4;287;87;13;5;8458;1099;202;86;4685;2012;661;530;13143;3111;863;616
2021.11_01-07-2022;Белгородская область;21_45_days;SputnikLite;373;33;7;2;195;54;12;7;568;87;19;9;8458;1099;202;86;4685;2012;661;530;13143;3111;863;616
2021.11_01-07-2022;Белгородская область;21_45_days;SputnikV;3652;409;67;19;1082;385;107;67;4734;794;174;86;8458;1099;202;86;4685;2012;661;530;13143;3111;863;616
2021.11_01-07-2022;Брянская область;21_45_days;AllVaccines;2099;150;19;10;816;227;43;32;2915;377;62;42;8059;924;129;86;4160;1775;504;463;12219;2699;633;549
2021.11_01-07-2022;Брянская область;21_45_days;CoviVac;26;4;0;0;9;1;0;0;35;5;0;0;8059;924;129;86;4160;1775;504;463;12219;2699;633;549
2021.11_01-07-2022;Брянская область;21_45_days;EpiVacCorona;44;9;2;1;32;16;4;4;76;25;6;5;8059;924;129;86;4160;1775;504;463;12219;2699;633;549
2021.11_01-07-2022;Брянская область;21_45_days;SputnikLite;302;21;3;2;133;25;4;4;435;46;7;6;8059;924;129;86;4160;1775;504;463;12219;2699;633;549
2021.11_01-07-2022;Брянская область;21_45_days;SputnikV;1727;116;14;7;642;185;35;24;2369;301;49;31;8059;924;129;86;4160;1775;504;463;12219;2699;633;549
2021.11_01-07-2022;Владимирская область;21_45_days;AllVaccines;2664;167;26;5;1161;256;64;27;3825;423;90;32;12973;1175;230;64;7412;2697;868;607;20385;3872;1098;671
2021.11_01-07-2022;Владимирская область;21_45_days;CoviVac;63;3;1;0;28;10;6;2;91;13;7;2;12973;1175;230;64;7412;2697;868;607;20385;3872;1098;671
2021.11_01-07-2022;Владимирская область;21_45_days;EpiVacCorona;93;16;4;1;46;16;8;6;139;32;12;7;12973;1175;230;64;7412;2697;868;607;20385;3872;1098;671
2021.11_01-07-2022;Владимирская область;21_45_days;SputnikLite;666;39;11;2;294;65;20;6;960;104;31;8;12973;1175;230;64;7412;2697;868;607;20385;3872;1098;671
2021.11_01-07-2022;Владимирская область;21_45_days;SputnikV;1842;109;10;2;793;165;30;13;2635;274;40;15;12973;1175;230;64;7412;2697;868;607;20385;3872;1098;671
2021.11_01-07-2022;Волгоградская область;21_45_days;AllVaccines;5825;926;149;18;1976;877;205;83;7801;1803;354;101;13349;2567;445;68;8016;4567;1439;705;21365;7134;1884;773
2021.11_01-07-2022;Волгоградская область;21_45_days;CoviVac;162;31;6;0;31;19;4;1;193;50;10;1;13349;2567;445;68;8016;4567;1439;705;21365;7134;1884;773
2021.11_01-07-2022;Волгоградская область;21_45_days;EpiVacCorona;221;56;11;1;101;61;20;10;322;117;31;11;13349;2567;445;68;8016;4567;1439;705;21365;7134;1884;773
2021.11_01-07-2022;Волгоградская область;21_45_days;SputnikLite;825;145;28;6;314;133;37;9;1139;278;65;15;13349;2567;445;68;8016;4567;1439;705;21365;7134;1884;773
2021.11_01-07-2022;Волгоградская область;21_45_days;SputnikV;4617;694;104;11;1530;664;144;63;6147;1358;248;74;13349;2567;445;68;8016;4567;1439;705;21365;7134;1884;773
2021.11_01-07-2022;Вологодская область;21_45_days;AllVaccines;2593;165;20;6;1305;335;62;36;3898;500;82;42;12287;1085;154;68;6069;2295;726;520;18356;3380;880;588
2021.11_01-07-2022;Вологодская область;21_45_days;CoviVac;17;2;0;0;9;2;0;0;26;4;0;0;12287;1085;154;68;6069;2295;726;520;18356;3380;880;588
2021.11_01-07-2022;Вологодская область;21_45_days;EpiVacCorona;64;12;4;1;146;62;14;7;210;74;18;8;12287;1085;154;68;6069;2295;726;520;18356;3380;880;588
2021.11_01-07-2022;Вологодская область;21_45_days;SputnikLite;825;71;10;3;279;77;12;8;1104;148;22;11;12287;1085;154;68;6069;2295;726;520;18356;3380;880;588
2021.11_01-07-2022;Вологодская область;21_45_days;SputnikV;1687;80;6;2;871;194;36;21;2558;274;42;23;12287;1085;154;68;6069;2295;726;520;18356;3380;880;588
2021.11_01-07-2022;Воронежская область;21_45_days;AllVaccines;5712;675;96;17;2161;801;133;79;7873;1476;229;96;19048;2867;454;137;10472;5197;1403;913;29520;8064;1857;1050
2021.11_01-07-2022;Воронежская область;21_45_days;CoviVac;111;16;1;1;41;22;5;5;152;38;6;6;19048;2867;454;137;10472;5197;1403;913;29520;8064;1857;1050
2021.11_01-07-2022;Воронежская область;21_45_days;EpiVacCorona;243;48;8;2;158;89;15;10;401;137;23;12;19048;2867;454;137;10472;5197;1403;913;29520;8064;1857;1050
2021.11_01-07-2022;Воронежская область;21_45_days;SputnikLite;1112;136;23;4;435;137;15;6;1547;273;38;10;19048;2867;454;137;10472;5197;1403;913;29520;8064;1857;1050
2021.11_01-07-2022;Воронежская область;21_45_days;SputnikV;4246;475;64;10;1527;553;98;58;5773;1028;162;68;19048;2867;454;137;10472;5197;1403;913;29520;8064;1857;1050
2021.11_01-07-2022;Еврейская автономная область;21_45_days;AllVaccines;231;38;3;1;109;54;6;4;340;92;9;5;1050;195;17;10;570;348;83;79;1620;543;100;89
2021.11_01-07-2022;Еврейская автономная область;21_45_days;CoviVac;11;0;0;0;0;0;0;0;11;0;0;0;1050;195;17;10;570;348;83;79;1620;543;100;89
2021.11_01-07-2022;Еврейская автономная область;21_45_days;EpiVacCorona;67;23;3;1;60;32;6;4;127;55;9;5;1050;195;17;10;570;348;83;79;1620;543;100;89
2021.11_01-07-2022;Еврейская автономная область;21_45_days;SputnikLite;24;1;0;0;3;1;0;0;27;2;0;0;1050;195;17;10;570;348;83;79;1620;543;100;89
2021.11_01-07-2022;Еврейская автономная область;21_45_days;SputnikV;129;14;0;0;46;21;0;0;175;35;0;0;1050;195;17;10;570;348;83;79;1620;543;100;89
2021.11_01-07-2022;Забайкальский край;21_45_days;AllVaccines;3385;356;15;2;1311;530;41;18;4696;886;56;20;11568;2015;186;72;5299;2922;633;403;16867;4937;819;475
2021.11_01-07-2022;Забайкальский край;21_45_days;CoviVac;61;8;1;0;7;4;2;1;68;12;3;1;11568;2015;186;72;5299;2922;633;403;16867;4937;819;475
2021.11_01-07-2022;Забайкальский край;21_45_days;EpiVacCorona;61;15;0;0;22;14;1;1;83;29;1;1;11568;2015;186;72;5299;2922;633;403;16867;4937;819;475
2021.11_01-07-2022;Забайкальский край;21_45_days;SputnikLite;722;78;4;0;192;67;4;2;914;145;8;2;11568;2015;186;72;5299;2922;633;403;16867;4937;819;475
2021.11_01-07-2022;Забайкальский край;21_45_days;SputnikV;2541;255;10;2;1090;445;34;14;3631;700;44;16;11568;2015;186;72;5299;2922;633;403;16867;4937;819;475
2021.11_01-07-2022;Ивановская область;21_45_days;AllVaccines;2486;243;34;12;835;257;41;28;3321;500;75;40;7959;1028;116;40;4762;2297;580;547;12721;3325;696;587
2021.11_01-07-2022;Ивановская область;21_45_days;CoviVac;63;6;2;0;9;5;1;1;72;11;3;1;7959;1028;116;40;4762;2297;580;547;12721;3325;696;587
2021.11_01-07-2022;Ивановская область;21_45_days;EpiVacCorona;39;10;3;3;31;16;3;1;70;26;6;4;7959;1028;116;40;4762;2297;580;547;12721;3325;696;587
2021.11_01-07-2022;Ивановская область;21_45_days;SputnikLite;264;38;3;2;136;37;4;2;400;75;7;4;7959;1028;116;40;4762;2297;580;547;12721;3325;696;587
2021.11_01-07-2022;Ивановская область;21_45_days;SputnikV;2120;189;26;7;659;199;33;24;2779;388;59;31;7959;1028;116;40;4762;2297;580;547;12721;3325;696;587
2021.11_01-07-2022;Иркутская область;21_45_days;AllVaccines;7247;597;68;19;3292;1145;152;85;10539;1742;220;104;33708;3850;462;176;14353;6881;1514;1289;48061;10731;1976;1465
2021.11_01-07-2022;Иркутская область;21_45_days;CoviVac;102;16;1;0;29;15;1;0;131;31;2;0;33708;3850;462;176;14353;6881;1514;1289;48061;10731;1976;1465
2021.11_01-07-2022;Иркутская область;21_45_days;EpiVacCorona;492;95;13;5;338;201;33;20;830;296;46;25;33708;3850;462;176;14353;6881;1514;1289;48061;10731;1976;1465
2021.11_01-07-2022;Иркутская область;21_45_days;SputnikLite;609;50;5;1;389;106;17;7;998;156;22;8;33708;3850;462;176;14353;6881;1514;1289;48061;10731;1976;1465
2021.11_01-07-2022;Иркутская область;21_45_days;SputnikV;6044;436;49;13;2536;823;101;58;8580;1259;150;71;33708;3850;462;176;14353;6881;1514;1289;48061;10731;1976;1465
2021.11_01-07-2022;Кабардино-Балкарская Республика;21_45_days;AllVaccines;1174;171;31;6;456;190;61;19;1630;361;92;25;4273;791;189;34;2402;1310;529;214;6675;2101;718;248
2021.11_01-07-2022;Кабардино-Балкарская Республика;21_45_days;CoviVac;53;5;2;1;10;6;2;0;63;11;4;1;4273;791;189;34;2402;1310;529;214;6675;2101;718;248
2021.11_01-07-2022;Кабардино-Балкарская Республика;21_45_days;EpiVacCorona;52;16;2;1;28;14;5;3;80;30;7;4;4273;791;189;34;2402;1310;529;214;6675;2101;718;248
2021.11_01-07-2022;Кабардино-Балкарская Республика;21_45_days;SputnikLite;224;37;4;3;77;34;8;4;301;71;12;7;4273;791;189;34;2402;1310;529;214;6675;2101;718;248
2021.11_01-07-2022;Кабардино-Балкарская Республика;21_45_days;SputnikV;845;113;23;1;341;136;46;12;1186;249;69;13;4273;791;189;34;2402;1310;529;214;6675;2101;718;248
2021.11_01-07-2022;Калининградская область;21_45_days;AllVaccines;1711;211;12;8;747;274;36;18;2458;485;48;26;6302;1026;106;50;3227;1703;417;314;9529;2729;523;364
2021.11_01-07-2022;Калининградская область;21_45_days;CoviVac;25;5;0;0;6;2;0;0;31;7;0;0;6302;1026;106;50;3227;1703;417;314;9529;2729;523;364
2021.11_01-07-2022;Калининградская область;21_45_days;EpiVacCorona;122;25;3;0;36;15;3;1;158;40;6;1;6302;1026;106;50;3227;1703;417;314;9529;2729;523;364
2021.11_01-07-2022;Калининградская область;21_45_days;SputnikLite;365;56;3;3;118;41;4;1;483;97;7;4;6302;1026;106;50;3227;1703;417;314;9529;2729;523;364
2021.11_01-07-2022;Калининградская область;21_45_days;SputnikV;1199;125;6;5;587;216;29;16;1786;341;35;21;6302;1026;106;50;3227;1703;417;314;9529;2729;523;364
2021.11_01-07-2022;Калужская область;21_45_days;AllVaccines;1960;190;32;14;824;242;53;37;2784;432;85;51;8035;986;146;54;4852;2160;642;496;12887;3146;788;550
2021.11_01-07-2022;Калужская область;21_45_days;CoviVac;42;7;1;0;10;3;0;0;52;10;1;0;8035;986;146;54;4852;2160;642;496;12887;3146;788;550
2021.11_01-07-2022;Калужская область;21_45_days;EpiVacCorona;104;19;6;1;66;31;11;10;170;50;17;11;8035;986;146;54;4852;2160;642;496;12887;3146;788;550
2021.11_01-07-2022;Калужская область;21_45_days;SputnikLite;257;26;2;1;133;39;11;7;390;65;13;8;8035;986;146;54;4852;2160;642;496;12887;3146;788;550
2021.11_01-07-2022;Калужская область;21_45_days;SputnikV;1557;138;23;12;615;169;31;20;2172;307;54;32;8035;986;146;54;4852;2160;642;496;12887;3146;788;550
2021.11_01-07-2022;Камчатский край;21_45_days;AllVaccines;207;22;1;2;93;21;3;2;300;43;4;4;977;153;12;5;409;183;25;27;1386;336;37;32
2021.11_01-07-2022;Камчатский край;21_45_days;CoviVac;7;3;0;0;1;1;0;0;8;4;0;0;977;153;12;5;409;183;25;27;1386;336;37;32
2021.11_01-07-2022;Камчатский край;21_45_days;EpiVacCorona;35;9;1;2;18;5;0;0;53;14;1;2;977;153;12;5;409;183;25;27;1386;336;37;32
2021.11_01-07-2022;Камчатский край;21_45_days;SputnikLite;22;0;0;0;9;1;1;1;31;1;1;1;977;153;12;5;409;183;25;27;1386;336;37;32
2021.11_01-07-2022;Камчатский край;21_45_days;SputnikV;143;10;0;0;65;14;2;1;208;24;2;1;977;153;12;5;409;183;25;27;1386;336;37;32
2021.11_01-07-2022;Карачаево-Черкесская Республика;21_45_days;AllVaccines;1279;191;16;3;446;190;43;22;1725;381;59;25;3719;619;67;23;1779;875;192;114;5498;1494;259;137
2021.11_01-07-2022;Карачаево-Черкесская Республика;21_45_days;CoviVac;34;7;0;0;23;11;4;2;57;18;4;2;3719;619;67;23;1779;875;192;114;5498;1494;259;137
2021.11_01-07-2022;Карачаево-Черкесская Республика;21_45_days;EpiVacCorona;97;16;1;0;17;9;1;1;114;25;2;1;3719;619;67;23;1779;875;192;114;5498;1494;259;137
2021.11_01-07-2022;Карачаево-Черкесская Республика;21_45_days;SputnikLite;172;20;2;0;42;19;2;2;214;39;4;2;3719;619;67;23;1779;875;192;114;5498;1494;259;137
2021.11_01-07-2022;Карачаево-Черкесская Республика;21_45_days;SputnikV;976;148;13;3;364;151;36;17;1340;299;49;20;3719;619;67;23;1779;875;192;114;5498;1494;259;137
2021.11_01-07-2022;Кемеровская область;21_45_days;AllVaccines;4465;515;48;18;1686;627;91;60;6151;1142;139;78;13738;2021;258;135;8948;4701;1148;1003;22686;6722;1406;1138
2021.11_01-07-2022;Кемеровская область;21_45_days;CoviVac;89;18;1;0;15;7;0;0;104;25;1;0;13738;2021;258;135;8948;4701;1148;1003;22686;6722;1406;1138
2021.11_01-07-2022;Кемеровская область;21_45_days;EpiVacCorona;104;24;3;2;77;41;8;6;181;65;11;8;13738;2021;258;135;8948;4701;1148;1003;22686;6722;1406;1138
2021.11_01-07-2022;Кемеровская область;21_45_days;SputnikLite;131;10;0;0;105;30;5;5;236;40;5;5;13738;2021;258;135;8948;4701;1148;1003;22686;6722;1406;1138
2021.11_01-07-2022;Кемеровская область;21_45_days;SputnikV;4141;463;44;16;1489;549;78;49;5630;1012;122;65;13738;2021;258;135;8948;4701;1148;1003;22686;6722;1406;1138
2021.11_01-07-2022;Кировская область;21_45_days;AllVaccines;2784;509;16;7;1610;822;37;21;4394;1331;53;28;12736;3074;131;74;6317;4131;479;384;19053;7205;610;458
2021.11_01-07-2022;Кировская область;21_45_days;CoviVac;48;19;1;1;7;5;0;0;55;24;1;1;12736;3074;131;74;6317;4131;479;384;19053;7205;610;458
2021.11_01-07-2022;Кировская область;21_45_days;EpiVacCorona;76;27;1;1;39;31;5;2;115;58;6;3;12736;3074;131;74;6317;4131;479;384;19053;7205;610;458
2021.11_01-07-2022;Кировская область;21_45_days;SputnikLite;660;131;6;4;251;105;4;1;911;236;10;5;12736;3074;131;74;6317;4131;479;384;19053;7205;610;458
2021.11_01-07-2022;Кировская область;21_45_days;SputnikV;2000;332;8;1;1313;681;28;18;3313;1013;36;19;12736;3074;131;74;6317;4131;479;384;19053;7205;610;458
2021.11_01-07-2022;Костромская область;21_45_days;AllVaccines;478;71;3;2;401;145;8;10;879;216;11;12;2003;386;36;23;2291;1153;243;247;4294;1539;279;270
2021.11_01-07-2022;Костромская область;21_45_days;CoviVac;12;1;0;0;2;1;0;0;14;2;0;0;2003;386;36;23;2291;1153;243;247;4294;1539;279;270
2021.11_01-07-2022;Костромская область;21_45_days;EpiVacCorona;4;0;0;0;8;3;0;1;12;3;0;1;2003;386;36;23;2291;1153;243;247;4294;1539;279;270
2021.11_01-07-2022;Костромская область;21_45_days;SputnikLite;88;15;1;1;73;28;2;0;161;43;3;1;2003;386;36;23;2291;1153;243;247;4294;1539;279;270
2021.11_01-07-2022;Костромская область;21_45_days;SputnikV;374;55;2;1;318;113;6;9;692;168;8;10;2003;386;36;23;2291;1153;243;247;4294;1539;279;270
2021.11_01-07-2022;Краснодарский край;21_45_days;AllVaccines;8354;1014;178;62;2803;1086;312;224;11157;2100;490;286;24521;3533;690;327;12139;6156;2254;1809;36660;9689;2944;2136
2021.11_01-07-2022;Краснодарский край;21_45_days;CoviVac;157;23;4;1;37;18;5;2;194;41;9;3;24521;3533;690;327;12139;6156;2254;1809;36660;9689;2944;2136
2021.11_01-07-2022;Краснодарский край;21_45_days;EpiVacCorona;366;75;14;6;226;126;28;23;592;201;42;29;24521;3533;690;327;12139;6156;2254;1809;36660;9689;2944;2136
2021.11_01-07-2022;Краснодарский край;21_45_days;SputnikLite;201;22;3;0;176;41;7;4;377;63;10;4;24521;3533;690;327;12139;6156;2254;1809;36660;9689;2944;2136
2021.11_01-07-2022;Краснодарский край;21_45_days;SputnikV;7630;894;157;55;2364;901;272;195;9994;1795;429;250;24521;3533;690;327;12139;6156;2254;1809;36660;9689;2944;2136
2021.11_01-07-2022;Красноярский край;21_45_days;AllVaccines;7743;545;76;21;2979;969;218;131;10722;1514;294;152;27405;3188;551;185;13525;6448;2110;1498;40930;9636;2661;1683
2021.11_01-07-2022;Красноярский край;21_45_days;CoviVac;191;15;1;0;18;10;2;0;209;25;3;0;27405;3188;551;185;13525;6448;2110;1498;40930;9636;2661;1683
2021.11_01-07-2022;Красноярский край;21_45_days;EpiVacCorona;387;48;7;3;269;136;49;31;656;184;56;34;27405;3188;551;185;13525;6448;2110;1498;40930;9636;2661;1683
2021.11_01-07-2022;Красноярский край;21_45_days;SputnikLite;1893;144;27;8;447;145;29;20;2340;289;56;28;27405;3188;551;185;13525;6448;2110;1498;40930;9636;2661;1683
2021.11_01-07-2022;Красноярский край;21_45_days;SputnikV;5272;338;41;10;2245;678;138;80;7517;1016;179;90;27405;3188;551;185;13525;6448;2110;1498;40930;9636;2661;1683
2021.11_01-07-2022;Курганская область;21_45_days;AllVaccines;1617;219;30;3;1002;421;92;31;2619;640;122;34;5985;1007;175;36;4004;2183;685;360;9989;3190;860;396
2021.11_01-07-2022;Курганская область;21_45_days;CoviVac;15;5;1;0;4;1;0;0;19;6;1;0;5985;1007;175;36;4004;2183;685;360;9989;3190;860;396
2021.11_01-07-2022;Курганская область;21_45_days;EpiVacCorona;126;36;7;1;83;51;14;6;209;87;21;7;5985;1007;175;36;4004;2183;685;360;9989;3190;860;396
2021.11_01-07-2022;Курганская область;21_45_days;SputnikLite;271;37;7;1;179;70;11;6;450;107;18;7;5985;1007;175;36;4004;2183;685;360;9989;3190;860;396
2021.11_01-07-2022;Курганская область;21_45_days;SputnikV;1205;141;15;1;736;299;67;19;1941;440;82;20;5985;1007;175;36;4004;2183;685;360;9989;3190;860;396
2021.11_01-07-2022;Курская область;21_45_days;AllVaccines;1821;272;45;5;660;282;72;47;2481;554;117;52;5232;1024;194;70;3625;2118;654;542;8857;3142;848;612
2021.11_01-07-2022;Курская область;21_45_days;CoviVac;45;9;2;0;17;8;2;0;62;17;4;0;5232;1024;194;70;3625;2118;654;542;8857;3142;848;612
2021.11_01-07-2022;Курская область;21_45_days;EpiVacCorona;70;18;4;0;40;27;6;9;110;45;10;9;5232;1024;194;70;3625;2118;654;542;8857;3142;848;612
2021.11_01-07-2022;Курская область;21_45_days;SputnikLite;262;35;5;2;131;49;7;4;393;84;12;6;5232;1024;194;70;3625;2118;654;542;8857;3142;848;612
2021.11_01-07-2022;Курская область;21_45_days;SputnikV;1444;210;34;3;472;198;57;34;1916;408;91;37;5232;1024;194;70;3625;2118;654;542;8857;3142;848;612
2021.11_01-07-2022;Ленинградская область;21_45_days;AllVaccines;3875;286;31;12;1477;387;54;42;5352;673;85;54;15428;1211;153;64;6657;2510;573;536;22085;3721;726;600
2021.11_01-07-2022;Ленинградская область;21_45_days;CoviVac;148;14;0;0;19;11;1;1;167;25;1;1;15428;1211;153;64;6657;2510;573;536;22085;3721;726;600
2021.11_01-07-2022;Ленинградская область;21_45_days;EpiVacCorona;163;26;2;2;96;47;6;3;259;73;8;5;15428;1211;153;64;6657;2510;573;536;22085;3721;726;600
2021.11_01-07-2022;Ленинградская область;21_45_days;SputnikLite;606;52;6;3;161;37;3;3;767;89;9;6;15428;1211;153;64;6657;2510;573;536;22085;3721;726;600
2021.11_01-07-2022;Ленинградская область;21_45_days;SputnikV;2958;194;23;7;1201;292;44;35;4159;486;67;42;15428;1211;153;64;6657;2510;573;536;22085;3721;726;600
2021.11_01-07-2022;Липецкая область;21_45_days;AllVaccines;1280;175;23;9;410;168;30;24;1690;343;53;33;2869;546;72;44;2009;1166;381;347;4878;1712;453;391
2021.11_01-07-2022;Липецкая область;21_45_days;CoviVac;59;6;0;0;4;3;0;0;63;9;0;0;2869;546;72;44;2009;1166;381;347;4878;1712;453;391
2021.11_01-07-2022;Липецкая область;21_45_days;EpiVacCorona;24;9;1;0;18;11;2;2;42;20;3;2;2869;546;72;44;2009;1166;381;347;4878;1712;453;391
2021.11_01-07-2022;Липецкая область;21_45_days;SputnikLite;90;8;2;2;41;15;1;1;131;23;3;3;2869;546;72;44;2009;1166;381;347;4878;1712;453;391
2021.11_01-07-2022;Липецкая область;21_45_days;SputnikV;1107;152;20;7;347;139;27;21;1454;291;47;28;2869;546;72;44;2009;1166;381;347;4878;1712;453;391
2021.11_01-07-2022;Магаданская область;21_45_days;AllVaccines;293;17;2;1;109;36;6;3;402;53;8;4;1102;130;12;7;451;210;55;41;1553;340;67;48
2021.11_01-07-2022;Магаданская область;21_45_days;CoviVac;12;0;0;0;6;4;2;1;18;4;2;1;1102;130;12;7;451;210;55;41;1553;340;67;48
2021.11_01-07-2022;Магаданская область;21_45_days;SputnikLite;64;6;1;1;23;8;1;0;87;14;2;1;1102;130;12;7;451;210;55;41;1553;340;67;48
2021.11_01-07-2022;Магаданская область;21_45_days;SputnikV;217;11;1;0;80;24;3;2;297;35;4;2;1102;130;12;7;451;210;55;41;1553;340;67;48
2021.11_01-07-2022;Московская область;21_45_days;AllVaccines;20996;1864;435;84;5431;1405;455;171;26427;3269;890;255;53857;5240;1144;298;23045;8515;2373;1699;76902;13755;3517;1997
2021.11_01-07-2022;Московская область;21_45_days;CoviVac;509;73;10;0;181;54;23;9;690;127;33;9;53857;5240;1144;298;23045;8515;2373;1699;76902;13755;3517;1997
2021.11_01-07-2022;Московская область;21_45_days;EpiVacCorona;502;70;12;1;319;122;39;17;821;192;51;18;53857;5240;1144;298;23045;8515;2373;1699;76902;13755;3517;1997
2021.11_01-07-2022;Московская область;21_45_days;SputnikLite;485;27;6;1;375;71;22;6;860;98;28;7;53857;5240;1144;298;23045;8515;2373;1699;76902;13755;3517;1997
2021.11_01-07-2022;Московская область;21_45_days;SputnikV;19500;1694;407;82;4556;1158;371;139;24056;2852;778;221;53857;5240;1144;298;23045;8515;2373;1699;76902;13755;3517;1997
2021.11_01-07-2022;Мурманская область;21_45_days;AllVaccines;1191;107;11;3;461;169;30;21;1652;276;41;24;4745;744;85;33;2242;1158;304;230;6987;1902;389;263
2021.11_01-07-2022;Мурманская область;21_45_days;CoviVac;28;6;0;0;3;2;0;1;31;8;0;1;4745;744;85;33;2242;1158;304;230;6987;1902;389;263
2021.11_01-07-2022;Мурманская область;21_45_days;EpiVacCorona;23;4;0;0;12;10;5;5;35;14;5;5;4745;744;85;33;2242;1158;304;230;6987;1902;389;263
2021.11_01-07-2022;Мурманская область;21_45_days;SputnikLite;227;28;7;3;53;18;2;1;280;46;9;4;4745;744;85;33;2242;1158;304;230;6987;1902;389;263
2021.11_01-07-2022;Мурманская область;21_45_days;SputnikV;913;69;4;0;393;139;23;14;1306;208;27;14;4745;744;85;33;2242;1158;304;230;6987;1902;389;263
2021.11_01-07-2022;Ненецкий автономный округ;21_45_days;AllVaccines;131;12;3;1;18;6;5;2;149;18;8;3;404;40;10;3;78;34;17;8;482;74;27;11
2021.11_01-07-2022;Ненецкий автономный округ;21_45_days;CoviVac;14;1;0;0;0;0;0;0;14;1;0;0;404;40;10;3;78;34;17;8;482;74;27;11
2021.11_01-07-2022;Ненецкий автономный округ;21_45_days;EpiVacCorona;71;10;3;1;7;3;2;2;78;13;5;3;404;40;10;3;78;34;17;8;482;74;27;11
2021.11_01-07-2022;Ненецкий автономный округ;21_45_days;SputnikLite;20;1;0;0;6;1;1;0;26;2;1;0;404;40;10;3;78;34;17;8;482;74;27;11
2021.11_01-07-2022;Ненецкий автономный округ;21_45_days;SputnikV;26;0;0;0;5;2;2;0;31;2;2;0;404;40;10;3;78;34;17;8;482;74;27;11
2021.11_01-07-2022;Нижегородская область;21_45_days;AllVaccines;8283;791;88;18;3167;984;130;94;11450;1775;218;112;29015;3802;434;148;15339;7196;1507;1260;44354;10998;1941;1408
2021.11_01-07-2022;Нижегородская область;21_45_days;CoviVac;424;60;8;1;61;30;8;4;485;90;16;5;29015;3802;434;148;15339;7196;1507;1260;44354;10998;1941;1408
2021.11_01-07-2022;Нижегородская область;21_45_days;EpiVacCorona;374;75;6;0;217;113;23;20;591;188;29;20;29015;3802;434;148;15339;7196;1507;1260;44354;10998;1941;1408
2021.11_01-07-2022;Нижегородская область;21_45_days;SputnikLite;1871;183;17;5;545;163;20;12;2416;346;37;17;29015;3802;434;148;15339;7196;1507;1260;44354;10998;1941;1408
2021.11_01-07-2022;Нижегородская область;21_45_days;SputnikV;5614;473;57;12;2344;678;79;58;7958;1151;136;70;29015;3802;434;148;15339;7196;1507;1260;44354;10998;1941;1408
2021.11_01-07-2022;Новгородская область;21_45_days;AllVaccines;1187;165;4;3;585;212;27;22;1772;377;31;25;4994;918;63;47;2670;1354;272;285;7664;2272;335;332
2021.11_01-07-2022;Новгородская область;21_45_days;CoviVac;17;4;0;0;6;3;0;0;23;7;0;0;4994;918;63;47;2670;1354;272;285;7664;2272;335;332
2021.11_01-07-2022;Новгородская область;21_45_days;EpiVacCorona;20;4;1;1;12;9;1;1;32;13;2;2;4994;918;63;47;2670;1354;272;285;7664;2272;335;332
2021.11_01-07-2022;Новгородская область;21_45_days;SputnikLite;394;68;1;0;112;44;3;3;506;112;4;3;4994;918;63;47;2670;1354;272;285;7664;2272;335;332
2021.11_01-07-2022;Новгородская область;21_45_days;SputnikV;756;89;2;2;455;156;23;18;1211;245;25;20;4994;918;63;47;2670;1354;272;285;7664;2272;335;332
2021.11_01-07-2022;Новосибирская область;21_45_days;AllVaccines;4643;400;60;21;2690;884;162;104;7333;1284;222;125;24277;2573;372;141;11525;5247;1520;1091;35802;7820;1892;1232
2021.11_01-07-2022;Новосибирская область;21_45_days;CoviVac;214;19;0;0;49;20;7;3;263;39;7;3;24277;2573;372;141;11525;5247;1520;1091;35802;7820;1892;1232
2021.11_01-07-2022;Новосибирская область;21_45_days;EpiVacCorona;520;108;20;10;568;297;71;46;1088;405;91;56;24277;2573;372;141;11525;5247;1520;1091;35802;7820;1892;1232
2021.11_01-07-2022;Новосибирская область;21_45_days;SputnikLite;787;66;11;4;234;52;8;3;1021;118;19;7;24277;2573;372;141;11525;5247;1520;1091;35802;7820;1892;1232
2021.11_01-07-2022;Новосибирская область;21_45_days;SputnikV;3122;207;29;7;1839;515;76;52;4961;722;105;59;24277;2573;372;141;11525;5247;1520;1091;35802;7820;1892;1232
2021.11_01-07-2022;Омская область;21_45_days;AllVaccines;3709;367;49;10;1393;469;136;85;5102;836;185;95;11923;1615;273;110;7753;3941;1273;974;19676;5556;1546;1084
2021.11_01-07-2022;Омская область;21_45_days;CoviVac;96;11;3;0;14;6;1;0;110;17;4;0;11923;1615;273;110;7753;3941;1273;974;19676;5556;1546;1084
2021.11_01-07-2022;Омская область;21_45_days;EpiVacCorona;194;31;6;1;153;76;28;19;347;107;34;20;11923;1615;273;110;7753;3941;1273;974;19676;5556;1546;1084
2021.11_01-07-2022;Омская область;21_45_days;SputnikLite;454;38;4;2;173;42;12;4;627;80;16;6;11923;1615;273;110;7753;3941;1273;974;19676;5556;1546;1084
2021.11_01-07-2022;Омская область;21_45_days;SputnikV;2965;287;36;7;1053;345;95;62;4018;632;131;69;11923;1615;273;110;7753;3941;1273;974;19676;5556;1546;1084
2021.11_01-07-2022;Оренбургская область;21_45_days;AllVaccines;1629;258;43;10;776;374;77;43;2405;632;120;53;5261;1194;235;72;3860;2591;755;522;9121;3785;990;594
2021.11_01-07-2022;Оренбургская область;21_45_days;CoviVac;25;6;1;1;8;7;0;1;33;13;1;2;5261;1194;235;72;3860;2591;755;522;9121;3785;990;594
2021.11_01-07-2022;Оренбургская область;21_45_days;EpiVacCorona;40;12;1;0;31;26;8;1;71;38;9;1;5261;1194;235;72;3860;2591;755;522;9121;3785;990;594
2021.11_01-07-2022;Оренбургская область;21_45_days;SputnikLite;72;6;1;0;86;22;3;4;158;28;4;4;5261;1194;235;72;3860;2591;755;522;9121;3785;990;594
2021.11_01-07-2022;Оренбургская область;21_45_days;SputnikV;1492;234;40;9;651;319;66;37;2143;553;106;46;5261;1194;235;72;3860;2591;755;522;9121;3785;990;594
2021.11_01-07-2022;Орловская область;21_45_days;AllVaccines;2065;210;54;10;797;252;89;39;2862;462;143;49;7199;866;213;62;4230;1925;877;488;11429;2791;1090;550
2021.11_01-07-2022;Орловская область;21_45_days;CoviVac;15;2;1;0;7;4;3;1;22;6;4;1;7199;866;213;62;4230;1925;877;488;11429;2791;1090;550
2021.11_01-07-2022;Орловская область;21_45_days;EpiVacCorona;184;25;3;2;81;37;15;8;265;62;18;10;7199;866;213;62;4230;1925;877;488;11429;2791;1090;550
2021.11_01-07-2022;Орловская область;21_45_days;SputnikLite;444;55;18;5;133;29;7;3;577;84;25;8;7199;866;213;62;4230;1925;877;488;11429;2791;1090;550
2021.11_01-07-2022;Орловская область;21_45_days;SputnikV;1422;128;32;3;576;182;64;27;1998;310;96;30;7199;866;213;62;4230;1925;877;488;11429;2791;1090;550
2021.11_01-07-2022;Пензенская область;21_45_days;AllVaccines;3546;372;36;13;1881;856;157;128;5427;1228;193;141;11106;1405;153;62;6592;3293;736;583;17698;4698;889;645
2021.11_01-07-2022;Пензенская область;21_45_days;CoviVac;43;4;0;0;5;1;0;0;48;5;0;0;11106;1405;153;62;6592;3293;736;583;17698;4698;889;645
2021.11_01-07-2022;Пензенская область;21_45_days;EpiVacCorona;192;37;3;1;125;73;15;11;317;110;18;12;11106;1405;153;62;6592;3293;736;583;17698;4698;889;645
2021.11_01-07-2022;Пензенская область;21_45_days;SputnikLite;1120;136;14;7;350;191;43;36;1470;327;57;43;11106;1405;153;62;6592;3293;736;583;17698;4698;889;645
2021.11_01-07-2022;Пензенская область;21_45_days;SputnikV;2191;195;19;5;1401;591;99;81;3592;786;118;86;11106;1405;153;62;6592;3293;736;583;17698;4698;889;645
2021.11_01-07-2022;Пермский край;21_45_days;AllVaccines;4545;438;35;17;2016;763;90;55;6561;1201;125;72;17512;2284;217;99;8509;4315;996;783;26021;6599;1213;882
2021.11_01-07-2022;Пермский край;21_45_days;CoviVac;120;23;3;1;19;2;0;0;139;25;3;1;17512;2284;217;99;8509;4315;996;783;26021;6599;1213;882
2021.11_01-07-2022;Пермский край;21_45_days;EpiVacCorona;451;109;10;6;318;184;34;23;769;293;44;29;17512;2284;217;99;8509;4315;996;783;26021;6599;1213;882
2021.11_01-07-2022;Пермский край;21_45_days;SputnikLite;708;56;4;1;271;106;13;6;979;162;17;7;17512;2284;217;99;8509;4315;996;783;26021;6599;1213;882
2021.11_01-07-2022;Пермский край;21_45_days;SputnikV;3266;250;18;9;1408;471;43;26;4674;721;61;35;17512;2284;217;99;8509;4315;996;783;26021;6599;1213;882
2021.11_01-07-2022;Приморский край;21_45_days;AllVaccines;2044;265;41;6;1125;434;109;44;3169;699;150;50;12887;1853;336;81;6812;3401;1139;571;19699;5254;1475;652
2021.11_01-07-2022;Приморский край;21_45_days;CoviVac;49;8;1;0;7;1;0;0;56;9;1;0;12887;1853;336;81;6812;3401;1139;571;19699;5254;1475;652
2021.11_01-07-2022;Приморский край;21_45_days;EpiVacCorona;231;47;6;1;196;113;39;15;427;160;45;16;12887;1853;336;81;6812;3401;1139;571;19699;5254;1475;652
2021.11_01-07-2022;Приморский край;21_45_days;SputnikLite;203;24;3;0;126;26;3;2;329;50;6;2;12887;1853;336;81;6812;3401;1139;571;19699;5254;1475;652
2021.11_01-07-2022;Приморский край;21_45_days;SputnikV;1561;186;31;5;796;294;67;27;2357;480;98;32;12887;1853;336;81;6812;3401;1139;571;19699;5254;1475;652
2021.11_01-07-2022;Псковская область;21_45_days;AllVaccines;1406;88;7;2;613;136;20;15;2019;224;27;17;5547;515;67;50;2995;1125;224;245;8542;1640;291;295
2021.11_01-07-2022;Псковская область;21_45_days;CoviVac;33;8;0;0;5;0;0;0;38;8;0;0;5547;515;67;50;2995;1125;224;245;8542;1640;291;295
2021.11_01-07-2022;Псковская область;21_45_days;EpiVacCorona;167;23;2;1;72;27;5;3;239;50;7;4;5547;515;67;50;2995;1125;224;245;8542;1640;291;295
2021.11_01-07-2022;Псковская область;21_45_days;SputnikLite;125;4;0;0;57;19;2;2;182;23;2;2;5547;515;67;50;2995;1125;224;245;8542;1640;291;295
2021.11_01-07-2022;Псковская область;21_45_days;SputnikV;1081;53;5;1;479;90;13;10;1560;143;18;11;5547;515;67;50;2995;1125;224;245;8542;1640;291;295
2021.11_01-07-2022;РФ;21_45_days;AllVaccines;292620;29821;4131;1078;111469;36946;7795;4449;404089;66767;11926;5527;1003818;131982;19822;6954;513962;234947;69210;50794;1517780;366929;89032;57748
2021.11_01-07-2022;РФ;21_45_days;CoviVac;7537;992;129;19;1486;586;154;70;9023;1578;283;89;1003818;131982;19822;6954;513962;234947;69210;50794;1517780;366929;89032;57748
2021.11_01-07-2022;РФ;21_45_days;EpiVacCorona;14946;2839;448;116;9736;4950;1383;847;24682;7789;1831;963;1003818;131982;19822;6954;513962;234947;69210;50794;1517780;366929;89032;57748
2021.11_01-07-2022;РФ;21_45_days;SputnikLite;42782;4469;567;182;15287;4563;819;433;58069;9032;1386;615;1003818;131982;19822;6954;513962;234947;69210;50794;1517780;366929;89032;57748
2021.11_01-07-2022;РФ;21_45_days;SputnikV;227355;21521;2987;761;84960;26847;5439;3099;312315;48368;8426;3860;1003818;131982;19822;6954;513962;234947;69210;50794;1517780;366929;89032;57748
2021.11_01-07-2022;Республика Адыгея;21_45_days;AllVaccines;930;146;11;6;348;139;21;14;1278;285;32;20;3486;580;55;26;2017;1093;278;225;5503;1673;333;251
2021.11_01-07-2022;Республика Адыгея;21_45_days;CoviVac;8;1;0;0;2;1;0;0;10;2;0;0;3486;580;55;26;2017;1093;278;225;5503;1673;333;251
2021.11_01-07-2022;Республика Адыгея;21_45_days;EpiVacCorona;35;14;0;0;20;11;5;2;55;25;5;2;3486;580;55;26;2017;1093;278;225;5503;1673;333;251
2021.11_01-07-2022;Республика Адыгея;21_45_days;SputnikLite;184;34;6;3;70;20;0;0;254;54;6;3;3486;580;55;26;2017;1093;278;225;5503;1673;333;251
2021.11_01-07-2022;Республика Адыгея;21_45_days;SputnikV;703;97;5;3;256;107;16;12;959;204;21;15;3486;580;55;26;2017;1093;278;225;5503;1673;333;251
2021.11_01-07-2022;Республика Алтай;21_45_days;AllVaccines;593;61;4;2;244;115;16;7;837;176;20;9;2010;370;29;15;853;490;86;54;2863;860;115;69
2021.11_01-07-2022;Республика Алтай;21_45_days;CoviVac;24;3;0;0;7;4;2;0;31;7;2;0;2010;370;29;15;853;490;86;54;2863;860;115;69
2021.11_01-07-2022;Республика Алтай;21_45_days;EpiVacCorona;61;12;1;1;61;41;7;2;122;53;8;3;2010;370;29;15;853;490;86;54;2863;860;115;69
2021.11_01-07-2022;Республика Алтай;21_45_days;SputnikLite;69;5;0;0;39;15;0;0;108;20;0;0;2010;370;29;15;853;490;86;54;2863;860;115;69
2021.11_01-07-2022;Республика Алтай;21_45_days;SputnikV;439;41;3;1;137;55;7;5;576;96;10;6;2010;370;29;15;853;490;86;54;2863;860;115;69
2021.11_01-07-2022;Республика Башкортостан;21_45_days;AllVaccines;3378;342;88;7;920;277;108;59;4298;619;196;66;8271;989;313;62;4545;2033;921;550;12816;3022;1234;612
2021.11_01-07-2022;Республика Башкортостан;21_45_days;CoviVac;82;7;5;1;17;5;1;1;99;12;6;2;8271;989;313;62;4545;2033;921;550;12816;3022;1234;612
2021.11_01-07-2022;Республика Башкортостан;21_45_days;EpiVacCorona;105;24;9;0;51;16;7;3;156;40;16;3;8271;989;313;62;4545;2033;921;550;12816;3022;1234;612
2021.11_01-07-2022;Республика Башкортостан;21_45_days;SputnikLite;404;51;8;0;121;38;12;3;525;89;20;3;8271;989;313;62;4545;2033;921;550;12816;3022;1234;612
2021.11_01-07-2022;Республика Башкортостан;21_45_days;SputnikV;2787;260;66;6;731;218;88;52;3518;478;154;58;8271;989;313;62;4545;2033;921;550;12816;3022;1234;612
2021.11_01-07-2022;Республика Бурятия;21_45_days;AllVaccines;2612;279;24;7;1054;439;56;42;3666;718;80;49;6730;992;109;41;2945;1541;344;236;9675;2533;453;277
2021.11_01-07-2022;Республика Бурятия;21_45_days;CoviVac;21;4;0;0;13;9;0;0;34;13;0;0;6730;992;109;41;2945;1541;344;236;9675;2533;453;277
2021.11_01-07-2022;Республика Бурятия;21_45_days;EpiVacCorona;298;75;9;2;144;86;19;16;442;161;28;18;6730;992;109;41;2945;1541;344;236;9675;2533;453;277
2021.11_01-07-2022;Республика Бурятия;21_45_days;SputnikLite;393;33;3;1;144;48;8;7;537;81;11;8;6730;992;109;41;2945;1541;344;236;9675;2533;453;277
2021.11_01-07-2022;Республика Бурятия;21_45_days;SputnikV;1900;167;12;4;753;296;29;19;2653;463;41;23;6730;992;109;41;2945;1541;344;236;9675;2533;453;277
2021.11_01-07-2022;Республика Дагестан;21_45_days;AllVaccines;1542;292;28;11;437;191;44;19;1979;483;72;30;5108;1311;117;40;2587;1346;304;214;7695;2657;421;254
2021.11_01-07-2022;Республика Дагестан;21_45_days;CoviVac;25;2;0;0;9;2;0;0;34;4;0;0;5108;1311;117;40;2587;1346;304;214;7695;2657;421;254
2021.11_01-07-2022;Республика Дагестан;21_45_days;EpiVacCorona;67;12;1;0;21;11;1;0;88;23;2;0;5108;1311;117;40;2587;1346;304;214;7695;2657;421;254
2021.11_01-07-2022;Республика Дагестан;21_45_days;SputnikLite;276;68;6;4;86;42;12;4;362;110;18;8;5108;1311;117;40;2587;1346;304;214;7695;2657;421;254
2021.11_01-07-2022;Республика Дагестан;21_45_days;SputnikV;1174;210;21;7;321;136;31;15;1495;346;52;22;5108;1311;117;40;2587;1346;304;214;7695;2657;421;254
2021.11_01-07-2022;Республика Ингушетия;21_45_days;AllVaccines;640;136;12;7;195;90;19;9;835;226;31;16;1375;284;24;10;501;238;56;36;1876;522;80;46
2021.11_01-07-2022;Республика Ингушетия;21_45_days;CoviVac;7;2;0;0;3;2;0;0;10;4;0;0;1375;284;24;10;501;238;56;36;1876;522;80;46
2021.11_01-07-2022;Республика Ингушетия;21_45_days;EpiVacCorona;44;8;0;0;10;6;2;0;54;14;2;0;1375;284;24;10;501;238;56;36;1876;522;80;46
2021.11_01-07-2022;Республика Ингушетия;21_45_days;SputnikLite;70;17;1;1;21;10;3;0;91;27;4;1;1375;284;24;10;501;238;56;36;1876;522;80;46
2021.11_01-07-2022;Республика Ингушетия;21_45_days;SputnikV;519;109;11;6;161;72;14;9;680;181;25;15;1375;284;24;10;501;238;56;36;1876;522;80;46
2021.11_01-07-2022;Республика Калмыкия;21_45_days;AllVaccines;378;61;9;2;166;75;12;5;544;136;21;7;1271;331;63;11;625;363;131;70;1896;694;194;81
2021.11_01-07-2022;Республика Калмыкия;21_45_days;CoviVac;14;1;1;0;2;1;0;0;16;2;1;0;1271;331;63;11;625;363;131;70;1896;694;194;81
2021.11_01-07-2022;Республика Калмыкия;21_45_days;EpiVacCorona;4;1;1;0;8;5;0;0;12;6;1;0;1271;331;63;11;625;363;131;70;1896;694;194;81
2021.11_01-07-2022;Республика Калмыкия;21_45_days;SputnikLite;109;19;4;2;29;11;2;0;138;30;6;2;1271;331;63;11;625;363;131;70;1896;694;194;81
2021.11_01-07-2022;Республика Калмыкия;21_45_days;SputnikV;251;40;3;0;127;58;10;5;378;98;13;5;1271;331;63;11;625;363;131;70;1896;694;194;81
2021.11_01-07-2022;Республика Карелия;21_45_days;AllVaccines;1770;169;4;3;720;240;36;31;2490;409;40;34;6356;933;77;41;2988;1487;276;312;9344;2420;353;353
2021.11_01-07-2022;Республика Карелия;21_45_days;CoviVac;46;9;1;0;4;3;0;0;50;12;1;0;6356;933;77;41;2988;1487;276;312;9344;2420;353;353
2021.11_01-07-2022;Республика Карелия;21_45_days;EpiVacCorona;23;8;0;0;12;8;7;4;35;16;7;4;6356;933;77;41;2988;1487;276;312;9344;2420;353;353
2021.11_01-07-2022;Республика Карелия;21_45_days;SputnikLite;522;47;1;1;158;46;7;8;680;93;8;9;6356;933;77;41;2988;1487;276;312;9344;2420;353;353
2021.11_01-07-2022;Республика Карелия;21_45_days;SputnikV;1179;105;2;2;546;183;22;19;1725;288;24;21;6356;933;77;41;2988;1487;276;312;9344;2420;353;353
2021.11_01-07-2022;Республика Коми;21_45_days;AllVaccines;1970;256;14;4;808;375;55;38;2778;631;69;42;7007;1414;133;50;3329;2007;496;340;10336;3421;629;390
2021.11_01-07-2022;Республика Коми;21_45_days;CoviVac;44;11;0;0;20;12;2;1;64;23;2;1;7007;1414;133;50;3329;2007;496;340;10336;3421;629;390
2021.11_01-07-2022;Республика Коми;21_45_days;EpiVacCorona;74;24;1;1;96;73;15;10;170;97;16;11;7007;1414;133;50;3329;2007;496;340;10336;3421;629;390
2021.11_01-07-2022;Республика Коми;21_45_days;SputnikLite;397;40;4;1;89;38;5;3;486;78;9;4;7007;1414;133;50;3329;2007;496;340;10336;3421;629;390
2021.11_01-07-2022;Республика Коми;21_45_days;SputnikV;1455;181;9;2;603;252;33;24;2058;433;42;26;7007;1414;133;50;3329;2007;496;340;10336;3421;629;390
2021.11_01-07-2022;Республика Крым;21_45_days;AllVaccines;2081;294;54;12;1107;463;95;42;3188;757;149;54;10421;1780;350;86;5483;2987;897;502;15904;4767;1247;588
2021.11_01-07-2022;Республика Крым;21_45_days;CoviVac;48;8;0;0;8;5;1;0;56;13;1;0;10421;1780;350;86;5483;2987;897;502;15904;4767;1247;588
2021.11_01-07-2022;Республика Крым;21_45_days;EpiVacCorona;143;27;7;1;108;60;20;11;251;87;27;12;10421;1780;350;86;5483;2987;897;502;15904;4767;1247;588
2021.11_01-07-2022;Республика Крым;21_45_days;SputnikLite;106;10;1;1;97;29;3;2;203;39;4;3;10421;1780;350;86;5483;2987;897;502;15904;4767;1247;588
2021.11_01-07-2022;Республика Крым;21_45_days;SputnikV;1784;249;46;10;894;369;71;29;2678;618;117;39;10421;1780;350;86;5483;2987;897;502;15904;4767;1247;588
2021.11_01-07-2022;Республика Марий Эл;21_45_days;AllVaccines;645;90;11;6;276;132;29;8;921;222;40;14;1935;447;71;17;1668;1035;336;152;3603;1482;407;169
2021.11_01-07-2022;Республика Марий Эл;21_45_days;CoviVac;12;5;1;0;8;4;3;1;20;9;4;1;1935;447;71;17;1668;1035;336;152;3603;1482;407;169
2021.11_01-07-2022;Республика Марий Эл;21_45_days;EpiVacCorona;16;5;0;0;13;10;3;2;29;15;3;2;1935;447;71;17;1668;1035;336;152;3603;1482;407;169
2021.11_01-07-2022;Республика Марий Эл;21_45_days;SputnikLite;198;33;3;1;53;27;4;0;251;60;7;1;1935;447;71;17;1668;1035;336;152;3603;1482;407;169
2021.11_01-07-2022;Республика Марий Эл;21_45_days;SputnikV;419;47;7;5;202;91;19;5;621;138;26;10;1935;447;71;17;1668;1035;336;152;3603;1482;407;169
2021.11_01-07-2022;Республика Мордовия;21_45_days;AllVaccines;1173;246;24;13;472;269;37;30;1645;515;61;43;2369;626;60;31;1531;998;186;147;3900;1624;246;178
2021.11_01-07-2022;Республика Мордовия;21_45_days;CoviVac;17;3;1;0;2;2;0;0;19;5;1;0;2369;626;60;31;1531;998;186;147;3900;1624;246;178
2021.11_01-07-2022;Республика Мордовия;21_45_days;EpiVacCorona;32;8;2;0;18;13;1;1;50;21;3;1;2369;626;60;31;1531;998;186;147;3900;1624;246;178
2021.11_01-07-2022;Республика Мордовия;21_45_days;SputnikLite;217;48;10;5;95;42;1;2;312;90;11;7;2369;626;60;31;1531;998;186;147;3900;1624;246;178
2021.11_01-07-2022;Республика Мордовия;21_45_days;SputnikV;907;187;11;8;357;212;35;27;1264;399;46;35;2369;626;60;31;1531;998;186;147;3900;1624;246;178
2021.11_01-07-2022;Республика Саха (Якутия);21_45_days;AllVaccines;2808;483;63;10;812;441;110;37;3620;924;173;47;7597;1593;270;43;2800;1705;569;213;10397;3298;839;256
2021.11_01-07-2022;Республика Саха (Якутия);21_45_days;CoviVac;33;12;2;1;1;1;1;1;34;13;3;2;7597;1593;270;43;2800;1705;569;213;10397;3298;839;256
2021.11_01-07-2022;Республика Саха (Якутия);21_45_days;EpiVacCorona;829;210;38;8;328;223;60;23;1157;433;98;31;7597;1593;270;43;2800;1705;569;213;10397;3298;839;256
2021.11_01-07-2022;Республика Саха (Якутия);21_45_days;SputnikLite;612;75;6;0;110;53;16;2;722;128;22;2;7597;1593;270;43;2800;1705;569;213;10397;3298;839;256
2021.11_01-07-2022;Республика Саха (Якутия);21_45_days;SputnikV;1334;186;17;1;373;164;33;11;1707;350;50;12;7597;1593;270;43;2800;1705;569;213;10397;3298;839;256
2021.11_01-07-2022;Республика Северная Осетия - Алания;21_45_days;AllVaccines;762;81;17;11;255;82;20;17;1017;163;37;28;3167;366;57;53;1963;776;240;260;5130;1142;297;313
2021.11_01-07-2022;Республика Северная Осетия - Алания;21_45_days;CoviVac;5;1;0;0;6;2;2;1;11;3;2;1;3167;366;57;53;1963;776;240;260;5130;1142;297;313
2021.11_01-07-2022;Республика Северная Осетия - Алания;21_45_days;EpiVacCorona;9;2;0;0;5;2;1;1;14;4;1;1;3167;366;57;53;1963;776;240;260;5130;1142;297;313
2021.11_01-07-2022;Республика Северная Осетия - Алания;21_45_days;SputnikLite;87;7;3;2;27;10;1;2;114;17;4;4;3167;366;57;53;1963;776;240;260;5130;1142;297;313
2021.11_01-07-2022;Республика Северная Осетия - Алания;21_45_days;SputnikV;661;71;14;9;217;68;16;13;878;139;30;22;3167;366;57;53;1963;776;240;260;5130;1142;297;313
2021.11_01-07-2022;Республика Татарстан;21_45_days;AllVaccines;1070;278;21;8;373;205;37;29;1443;483;58;37;3271;1154;94;55;2490;1756;585;495;5761;2910;679;550
2021.11_01-07-2022;Республика Татарстан;21_45_days;CoviVac;45;16;1;0;17;12;1;1;62;28;2;1;3271;1154;94;55;2490;1756;585;495;5761;2910;679;550
2021.11_01-07-2022;Республика Татарстан;21_45_days;EpiVacCorona;59;22;1;1;31;23;6;3;90;45;7;4;3271;1154;94;55;2490;1756;585;495;5761;2910;679;550
2021.11_01-07-2022;Республика Татарстан;21_45_days;SputnikLite;107;28;2;2;38;17;2;1;145;45;4;3;3271;1154;94;55;2490;1756;585;495;5761;2910;679;550
2021.11_01-07-2022;Республика Татарстан;21_45_days;SputnikV;859;212;17;5;287;153;28;24;1146;365;45;29;3271;1154;94;55;2490;1756;585;495;5761;2910;679;550
2021.11_01-07-2022;Республика Тыва;21_45_days;AllVaccines;585;181;30;1;130;94;27;9;715;275;57;10;1406;576;107;6;345;280;120;32;1751;856;227;38
2021.11_01-07-2022;Республика Тыва;21_45_days;CoviVac;17;7;2;0;0;0;0;0;17;7;2;0;1406;576;107;6;345;280;120;32;1751;856;227;38
2021.11_01-07-2022;Республика Тыва;21_45_days;EpiVacCorona;27;13;6;0;12;10;5;1;39;23;11;1;1406;576;107;6;345;280;120;32;1751;856;227;38
2021.11_01-07-2022;Республика Тыва;21_45_days;SputnikLite;149;51;9;1;28;19;5;2;177;70;14;3;1406;576;107;6;345;280;120;32;1751;856;227;38
2021.11_01-07-2022;Республика Тыва;21_45_days;SputnikV;392;110;13;0;90;65;17;6;482;175;30;6;1406;576;107;6;345;280;120;32;1751;856;227;38
2021.11_01-07-2022;Республика Хакасия;21_45_days;AllVaccines;2048;242;25;7;686;284;46;26;2734;526;71;33;6852;1102;129;44;3494;1945;523;356;10346;3047;652;400
2021.11_01-07-2022;Республика Хакасия;21_45_days;CoviVac;49;4;0;0;11;6;1;0;60;10;1;0;6852;1102;129;44;3494;1945;523;356;10346;3047;652;400
2021.11_01-07-2022;Республика Хакасия;21_45_days;EpiVacCorona;40;7;0;0;16;13;3;2;56;20;3;2;6852;1102;129;44;3494;1945;523;356;10346;3047;652;400
2021.11_01-07-2022;Республика Хакасия;21_45_days;SputnikLite;255;36;7;1;80;32;5;4;335;68;12;5;6852;1102;129;44;3494;1945;523;356;10346;3047;652;400
2021.11_01-07-2022;Республика Хакасия;21_45_days;SputnikV;1704;195;18;6;579;233;37;20;2283;428;55;26;6852;1102;129;44;3494;1945;523;356;10346;3047;652;400
2021.11_01-07-2022;Ростовская область;21_45_days;AllVaccines;11915;1214;348;74;4309;1407;517;245;16224;2621;865;319;28462;3348;987;262;16930;6988;2825;1768;45392;10336;3812;2030
2021.11_01-07-2022;Ростовская область;21_45_days;CoviVac;206;31;7;0;63;27;13;3;269;58;20;3;28462;3348;987;262;16930;6988;2825;1768;45392;10336;3812;2030
2021.11_01-07-2022;Ростовская область;21_45_days;EpiVacCorona;762;113;32;8;483;237;101;60;1245;350;133;68;28462;3348;987;262;16930;6988;2825;1768;45392;10336;3812;2030
2021.11_01-07-2022;Ростовская область;21_45_days;SputnikLite;987;116;29;8;395;97;30;7;1382;213;59;15;28462;3348;987;262;16930;6988;2825;1768;45392;10336;3812;2030
2021.11_01-07-2022;Ростовская область;21_45_days;SputnikV;9960;954;280;58;3368;1046;373;175;13328;2000;653;233;28462;3348;987;262;16930;6988;2825;1768;45392;10336;3812;2030
2021.11_01-07-2022;Рязанская область;21_45_days;AllVaccines;2103;136;38;9;876;193;61;36;2979;329;99;45;9619;800;214;88;5179;1676;669;530;14798;2476;883;618
2021.11_01-07-2022;Рязанская область;21_45_days;CoviVac;50;6;2;0;9;4;1;1;59;10;3;1;9619;800;214;88;5179;1676;669;530;14798;2476;883;618
2021.11_01-07-2022;Рязанская область;21_45_days;EpiVacCorona;68;7;5;0;43;17;8;8;111;24;13;8;9619;800;214;88;5179;1676;669;530;14798;2476;883;618
2021.11_01-07-2022;Рязанская область;21_45_days;SputnikLite;273;16;4;3;134;23;5;3;407;39;9;6;9619;800;214;88;5179;1676;669;530;14798;2476;883;618
2021.11_01-07-2022;Рязанская область;21_45_days;SputnikV;1712;107;27;6;690;149;47;24;2402;256;74;30;9619;800;214;88;5179;1676;669;530;14798;2476;883;618
2021.11_01-07-2022;Самарская область;21_45_days;AllVaccines;6625;736;74;34;2423;930;200;130;9048;1666;274;164;19203;2492;368;173;11500;5582;1642;1241;30703;8074;2010;1414
2021.11_01-07-2022;Самарская область;21_45_days;CoviVac;186;24;2;2;46;20;2;3;232;44;4;5;19203;2492;368;173;11500;5582;1642;1241;30703;8074;2010;1414
2021.11_01-07-2022;Самарская область;21_45_days;EpiVacCorona;322;69;12;2;244;148;51;40;566;217;63;42;19203;2492;368;173;11500;5582;1642;1241;30703;8074;2010;1414
2021.11_01-07-2022;Самарская область;21_45_days;SputnikLite;1350;150;18;9;471;179;30;20;1821;329;48;29;19203;2492;368;173;11500;5582;1642;1241;30703;8074;2010;1414
2021.11_01-07-2022;Самарская область;21_45_days;SputnikV;4767;493;42;21;1662;583;117;67;6429;1076;159;88;19203;2492;368;173;11500;5582;1642;1241;30703;8074;2010;1414
2021.11_01-07-2022;Саратовская область;21_45_days;AllVaccines;4035;414;103;22;1698;587;192;95;5733;1001;295;117;15269;2130;558;161;8921;4118;1656;972;24190;6248;2214;1133
2021.11_01-07-2022;Саратовская область;21_45_days;CoviVac;92;11;1;0;22;9;3;2;114;20;4;2;15269;2130;558;161;8921;4118;1656;972;24190;6248;2214;1133
2021.11_01-07-2022;Саратовская область;21_45_days;EpiVacCorona;95;20;6;2;86;46;23;10;181;66;29;12;15269;2130;558;161;8921;4118;1656;972;24190;6248;2214;1133
2021.11_01-07-2022;Саратовская область;21_45_days;SputnikLite;623;63;17;3;228;80;36;16;851;143;53;19;15269;2130;558;161;8921;4118;1656;972;24190;6248;2214;1133
2021.11_01-07-2022;Саратовская область;21_45_days;SputnikV;3225;320;79;17;1362;452;130;67;4587;772;209;84;15269;2130;558;161;8921;4118;1656;972;24190;6248;2214;1133
2021.11_01-07-2022;Сахалинская область;21_45_days;AllVaccines;491;61;6;0;185;100;8;5;676;161;14;5;1710;325;26;9;889;602;138;97;2599;927;164;106
2021.11_01-07-2022;Сахалинская область;21_45_days;CoviVac;16;3;0;0;3;2;1;1;19;5;1;1;1710;325;26;9;889;602;138;97;2599;927;164;106
2021.11_01-07-2022;Сахалинская область;21_45_days;EpiVacCorona;4;0;0;0;3;1;0;0;7;1;0;0;1710;325;26;9;889;602;138;97;2599;927;164;106
2021.11_01-07-2022;Сахалинская область;21_45_days;SputnikLite;29;1;0;0;25;13;0;0;54;14;0;0;1710;325;26;9;889;602;138;97;2599;927;164;106
2021.11_01-07-2022;Сахалинская область;21_45_days;SputnikV;442;57;6;0;154;84;7;4;596;141;13;4;1710;325;26;9;889;602;138;97;2599;927;164;106
2021.11_01-07-2022;Свердловская область;21_45_days;AllVaccines;11176;907;49;34;4763;1362;131;131;15939;2269;180;165;45614;5541;337;266;23563;10463;1611;2145;69177;16004;1948;2411
2021.11_01-07-2022;Свердловская область;21_45_days;CoviVac;257;38;1;0;45;17;1;0;302;55;2;0;45614;5541;337;266;23563;10463;1611;2145;69177;16004;1948;2411
2021.11_01-07-2022;Свердловская область;21_45_days;EpiVacCorona;627;110;5;4;405;191;27;29;1032;301;32;33;45614;5541;337;266;23563;10463;1611;2145;69177;16004;1948;2411
2021.11_01-07-2022;Свердловская область;21_45_days;SputnikLite;3022;257;17;12;761;201;22;23;3783;458;39;35;45614;5541;337;266;23563;10463;1611;2145;69177;16004;1948;2411
2021.11_01-07-2022;Свердловская область;21_45_days;SputnikV;7270;502;26;18;3552;953;81;79;10822;1455;107;97;45614;5541;337;266;23563;10463;1611;2145;69177;16004;1948;2411
2021.11_01-07-2022;Смоленская область;21_45_days;AllVaccines;2661;186;24;10;923;207;36;26;3584;393;60;36;8708;820;114;69;4875;1718;407;426;13583;2538;521;495
2021.11_01-07-2022;Смоленская область;21_45_days;CoviVac;100;8;1;0;15;7;1;0;115;15;2;0;8708;820;114;69;4875;1718;407;426;13583;2538;521;495
2021.11_01-07-2022;Смоленская область;21_45_days;EpiVacCorona;50;8;2;0;26;10;3;2;76;18;5;2;8708;820;114;69;4875;1718;407;426;13583;2538;521;495
2021.11_01-07-2022;Смоленская область;21_45_days;SputnikLite;326;28;6;1;127;33;6;3;453;61;12;4;8708;820;114;69;4875;1718;407;426;13583;2538;521;495
2021.11_01-07-2022;Смоленская область;21_45_days;SputnikV;2185;142;15;9;755;157;26;21;2940;299;41;30;8708;820;114;69;4875;1718;407;426;13583;2538;521;495
2021.11_01-07-2022;Ставропольский край;21_45_days;AllVaccines;4857;616;73;24;1785;618;123;94;6642;1234;196;118;16525;2460;300;137;9489;4327;1081;869;26014;6787;1381;1006
2021.11_01-07-2022;Ставропольский край;21_45_days;CoviVac;122;19;1;1;24;8;2;2;146;27;3;3;16525;2460;300;137;9489;4327;1081;869;26014;6787;1381;1006
2021.11_01-07-2022;Ставропольский край;21_45_days;EpiVacCorona;289;48;4;1;202;102;26;15;491;150;30;16;16525;2460;300;137;9489;4327;1081;869;26014;6787;1381;1006
2021.11_01-07-2022;Ставропольский край;21_45_days;SputnikLite;605;67;7;1;231;73;11;12;836;140;18;13;16525;2460;300;137;9489;4327;1081;869;26014;6787;1381;1006
2021.11_01-07-2022;Ставропольский край;21_45_days;SputnikV;3841;482;61;21;1328;435;84;65;5169;917;145;86;16525;2460;300;137;9489;4327;1081;869;26014;6787;1381;1006
2021.11_01-07-2022;Тамбовская область;21_45_days;AllVaccines;3959;306;39;12;1489;329;55;47;5448;635;94;59;10506;899;130;64;6334;1918;457;392;16840;2817;587;456
2021.11_01-07-2022;Тамбовская область;21_45_days;CoviVac;36;3;0;0;3;0;0;0;39;3;0;0;10506;899;130;64;6334;1918;457;392;16840;2817;587;456
2021.11_01-07-2022;Тамбовская область;21_45_days;EpiVacCorona;50;8;1;0;61;17;6;2;111;25;7;2;10506;899;130;64;6334;1918;457;392;16840;2817;587;456
2021.11_01-07-2022;Тамбовская область;21_45_days;SputnikLite;1263;100;11;2;318;70;10;9;1581;170;21;11;10506;899;130;64;6334;1918;457;392;16840;2817;587;456
2021.11_01-07-2022;Тамбовская область;21_45_days;SputnikV;2610;195;27;10;1107;242;39;36;3717;437;66;46;10506;899;130;64;6334;1918;457;392;16840;2817;587;456
2021.11_01-07-2022;Тверская область;21_45_days;AllVaccines;2802;223;22;10;1056;291;32;21;3858;514;54;31;11648;1486;132;72;5729;2810;558;547;17377;4296;690;619
2021.11_01-07-2022;Тверская область;21_45_days;CoviVac;74;8;0;0;20;10;0;0;94;18;0;0;11648;1486;132;72;5729;2810;558;547;17377;4296;690;619
2021.11_01-07-2022;Тверская область;21_45_days;EpiVacCorona;82;17;2;2;48;22;6;4;130;39;8;6;11648;1486;132;72;5729;2810;558;547;17377;4296;690;619
2021.11_01-07-2022;Тверская область;21_45_days;SputnikLite;233;17;0;0;156;31;2;0;389;48;2;0;11648;1486;132;72;5729;2810;558;547;17377;4296;690;619
2021.11_01-07-2022;Тверская область;21_45_days;SputnikV;2413;181;20;8;832;228;24;17;3245;409;44;25;11648;1486;132;72;5729;2810;558;547;17377;4296;690;619
2021.11_01-07-2022;Томская область;21_45_days;AllVaccines;2794;241;14;5;1427;493;68;46;4221;734;82;51;13806;1804;162;67;6677;3316;690;607;20483;5120;852;674
2021.11_01-07-2022;Томская область;21_45_days;CoviVac;49;4;0;0;10;6;1;0;59;10;1;0;13806;1804;162;67;6677;3316;690;607;20483;5120;852;674
2021.11_01-07-2022;Томская область;21_45_days;EpiVacCorona;315;59;3;2;222;137;21;16;537;196;24;18;13806;1804;162;67;6677;3316;690;607;20483;5120;852;674
2021.11_01-07-2022;Томская область;21_45_days;SputnikLite;260;19;3;0;147;41;9;5;407;60;12;5;13806;1804;162;67;6677;3316;690;607;20483;5120;852;674
2021.11_01-07-2022;Томская область;21_45_days;SputnikV;2170;159;8;3;1048;309;37;25;3218;468;45;28;13806;1804;162;67;6677;3316;690;607;20483;5120;852;674
2021.11_01-07-2022;Тульская область;21_45_days;AllVaccines;5266;328;69;29;1492;335;103;56;6758;663;172;85;12838;1100;228;90;6907;2615;1091;827;19745;3715;1319;917
2021.11_01-07-2022;Тульская область;21_45_days;CoviVac;70;5;1;0;19;6;2;1;89;11;3;1;12838;1100;228;90;6907;2615;1091;827;19745;3715;1319;917
2021.11_01-07-2022;Тульская область;21_45_days;EpiVacCorona;110;16;3;0;64;26;9;5;174;42;12;5;12838;1100;228;90;6907;2615;1091;827;19745;3715;1319;917
2021.11_01-07-2022;Тульская область;21_45_days;SputnikLite;310;22;2;0;131;22;7;3;441;44;9;3;12838;1100;228;90;6907;2615;1091;827;19745;3715;1319;917
2021.11_01-07-2022;Тульская область;21_45_days;SputnikV;4776;285;63;29;1278;281;85;47;6054;566;148;76;12838;1100;228;90;6907;2615;1091;827;19745;3715;1319;917
2021.11_01-07-2022;Тюменская область;21_45_days;AllVaccines;5752;620;47;14;2479;1014;161;82;8231;1634;208;96;16863;2264;234;75;7495;3804;897;584;24358;6068;1131;659
2021.11_01-07-2022;Тюменская область;21_45_days;CoviVac;26;2;0;0;6;1;0;0;32;3;0;0;16863;2264;234;75;7495;3804;897;584;24358;6068;1131;659
2021.11_01-07-2022;Тюменская область;21_45_days;EpiVacCorona;410;82;8;1;269;167;46;28;679;249;54;29;16863;2264;234;75;7495;3804;897;584;24358;6068;1131;659
2021.11_01-07-2022;Тюменская область;21_45_days;SputnikLite;1026;122;6;2;297;111;14;5;1323;233;20;7;16863;2264;234;75;7495;3804;897;584;24358;6068;1131;659
2021.11_01-07-2022;Тюменская область;21_45_days;SputnikV;4290;414;33;11;1907;735;101;49;6197;1149;134;60;16863;2264;234;75;7495;3804;897;584;24358;6068;1131;659
2021.11_01-07-2022;Удмуртская Республика;21_45_days;AllVaccines;1962;195;13;2;1028;425;59;27;2990;620;72;29;7680;1056;101;31;4044;2028;459;245;11724;3084;560;276
2021.11_01-07-2022;Удмуртская Республика;21_45_days;CoviVac;15;6;0;0;3;2;0;0;18;8;0;0;7680;1056;101;31;4044;2028;459;245;11724;3084;560;276
2021.11_01-07-2022;Удмуртская Республика;21_45_days;EpiVacCorona;238;51;6;1;286;169;32;15;524;220;38;16;7680;1056;101;31;4044;2028;459;245;11724;3084;560;276
2021.11_01-07-2022;Удмуртская Республика;21_45_days;SputnikLite;530;49;3;0;158;58;4;3;688;107;7;3;7680;1056;101;31;4044;2028;459;245;11724;3084;560;276
2021.11_01-07-2022;Удмуртская Республика;21_45_days;SputnikV;1179;89;4;1;581;196;23;9;1760;285;27;10;7680;1056;101;31;4044;2028;459;245;11724;3084;560;276
2021.11_01-07-2022;Ульяновская область;21_45_days;AllVaccines;2524;227;22;12;1062;318;57;38;3586;545;79;50;9056;1126;127;71;5764;2367;509;529;14820;3493;636;600
2021.11_01-07-2022;Ульяновская область;21_45_days;CoviVac;37;7;1;2;15;8;1;1;52;15;2;3;9056;1126;127;71;5764;2367;509;529;14820;3493;636;600
2021.11_01-07-2022;Ульяновская область;21_45_days;EpiVacCorona;155;22;2;0;71;23;4;2;226;45;6;2;9056;1126;127;71;5764;2367;509;529;14820;3493;636;600
2021.11_01-07-2022;Ульяновская область;21_45_days;SputnikLite;425;49;7;6;202;56;14;8;627;105;21;14;9056;1126;127;71;5764;2367;509;529;14820;3493;636;600
2021.11_01-07-2022;Ульяновская область;21_45_days;SputnikV;1907;149;12;4;774;231;38;27;2681;380;50;31;9056;1126;127;71;5764;2367;509;529;14820;3493;636;600
2021.11_01-07-2022;Хабаровский край;21_45_days;AllVaccines;3162;243;18;9;1140;351;30;28;4302;594;48;37;14727;1678;127;98;6697;3197;533;579;21424;4875;660;677
2021.11_01-07-2022;Хабаровский край;21_45_days;CoviVac;26;1;0;0;4;1;0;0;30;2;0;0;14727;1678;127;98;6697;3197;533;579;21424;4875;660;677
2021.11_01-07-2022;Хабаровский край;21_45_days;EpiVacCorona;6;1;0;0;10;6;2;2;16;7;2;2;14727;1678;127;98;6697;3197;533;579;21424;4875;660;677
2021.11_01-07-2022;Хабаровский край;21_45_days;SputnikLite;492;41;3;3;161;57;7;8;653;98;10;11;14727;1678;127;98;6697;3197;533;579;21424;4875;660;677
2021.11_01-07-2022;Хабаровский край;21_45_days;SputnikV;2638;200;15;6;965;287;21;18;3603;487;36;24;14727;1678;127;98;6697;3197;533;579;21424;4875;660;677
2021.11_01-07-2022;Ханты-Мансийский автономный округ - Югра;21_45_days;AllVaccines;5393;449;43;11;1304;491;63;38;6697;940;106;49;14082;1785;190;80;4732;2428;518;400;18814;4213;708;480
2021.11_01-07-2022;Ханты-Мансийский автономный округ - Югра;21_45_days;CoviVac;31;5;1;0;9;4;0;0;40;9;1;0;14082;1785;190;80;4732;2428;518;400;18814;4213;708;480
2021.11_01-07-2022;Ханты-Мансийский автономный округ - Югра;21_45_days;EpiVacCorona;266;44;5;0;131;62;9;7;397;106;14;7;14082;1785;190;80;4732;2428;518;400;18814;4213;708;480
2021.11_01-07-2022;Ханты-Мансийский автономный округ - Югра;21_45_days;SputnikLite;618;46;6;2;159;62;8;2;777;108;14;4;14082;1785;190;80;4732;2428;518;400;18814;4213;708;480
2021.11_01-07-2022;Ханты-Мансийский автономный округ - Югра;21_45_days;SputnikV;4478;354;31;9;1005;363;46;29;5483;717;77;38;14082;1785;190;80;4732;2428;518;400;18814;4213;708;480
2021.11_01-07-2022;Челябинская область;21_45_days;AllVaccines;3271;445;46;11;1597;727;102;61;4868;1172;148;72;16210;2588;299;118;9375;5538;1307;1015;25585;8126;1606;1133
2021.11_01-07-2022;Челябинская область;21_45_days;CoviVac;83;18;1;0;27;13;5;2;110;31;6;2;16210;2588;299;118;9375;5538;1307;1015;25585;8126;1606;1133
2021.11_01-07-2022;Челябинская область;21_45_days;EpiVacCorona;200;43;6;2;158;101;22;15;358;144;28;17;16210;2588;299;118;9375;5538;1307;1015;25585;8126;1606;1133
2021.11_01-07-2022;Челябинская область;21_45_days;SputnikLite;730;104;12;1;225;102;14;5;955;206;26;6;16210;2588;299;118;9375;5538;1307;1015;25585;8126;1606;1133
2021.11_01-07-2022;Челябинская область;21_45_days;SputnikV;2258;280;27;8;1187;511;61;39;3445;791;88;47;16210;2588;299;118;9375;5538;1307;1015;25585;8126;1606;1133
2021.11_01-07-2022;Чеченская Республика;21_45_days;AllVaccines;827;216;30;11;377;194;68;35;1204;410;98;46;1614;503;84;27;815;449;162;99;2429;952;246;126
2021.11_01-07-2022;Чеченская Республика;21_45_days;CoviVac;9;1;0;0;6;4;3;1;15;5;3;1;1614;503;84;27;815;449;162;99;2429;952;246;126
2021.11_01-07-2022;Чеченская Республика;21_45_days;EpiVacCorona;17;3;0;0;5;2;1;0;22;5;1;0;1614;503;84;27;815;449;162;99;2429;952;246;126
2021.11_01-07-2022;Чеченская Республика;21_45_days;SputnikLite;9;3;0;0;5;4;1;1;14;7;1;1;1614;503;84;27;815;449;162;99;2429;952;246;126
2021.11_01-07-2022;Чеченская Республика;21_45_days;SputnikV;792;209;30;11;361;184;63;33;1153;393;93;44;1614;503;84;27;815;449;162;99;2429;952;246;126
2021.11_01-07-2022;Чувашская Республика;21_45_days;AllVaccines;877;195;18;2;417;243;50;23;1294;438;68;25;3194;909;117;32;2095;1478;397;220;5289;2387;514;252
2021.11_01-07-2022;Чувашская Республика;21_45_days;CoviVac;9;2;0;0;2;2;1;0;11;4;1;0;3194;909;117;32;2095;1478;397;220;5289;2387;514;252
2021.11_01-07-2022;Чувашская Республика;21_45_days;EpiVacCorona;48;21;1;1;27;22;7;3;75;43;8;4;3194;909;117;32;2095;1478;397;220;5289;2387;514;252
2021.11_01-07-2022;Чувашская Республика;21_45_days;SputnikLite;190;43;1;0;74;43;8;2;264;86;9;2;3194;909;117;32;2095;1478;397;220;5289;2387;514;252
2021.11_01-07-2022;Чувашская Республика;21_45_days;SputnikV;630;129;16;1;314;176;34;18;944;305;50;19;3194;909;117;32;2095;1478;397;220;5289;2387;514;252
2021.11_01-07-2022;Чукотский автономный округ;21_45_days;AllVaccines;82;7;0;0;9;5;0;0;91;12;0;0;262;26;6;4;41;25;5;2;303;51;11;6
2021.11_01-07-2022;Чукотский автономный округ;21_45_days;CoviVac;9;0;0;0;2;2;0;0;11;2;0;0;262;26;6;4;41;25;5;2;303;51;11;6
2021.11_01-07-2022;Чукотский автономный округ;21_45_days;EpiVacCorona;6;1;0;0;0;0;0;0;6;1;0;0;262;26;6;4;41;25;5;2;303;51;11;6
2021.11_01-07-2022;Чукотский автономный округ;21_45_days;SputnikLite;19;2;0;0;3;1;0;0;22;3;0;0;262;26;6;4;41;25;5;2;303;51;11;6
2021.11_01-07-2022;Чукотский автономный округ;21_45_days;SputnikV;48;4;0;0;4;2;0;0;52;6;0;0;262;26;6;4;41;25;5;2;303;51;11;6
2021.11_01-07-2022;Ямало-Ненецкий автономный округ;21_45_days;AllVaccines;1611;171;18;2;209;101;20;11;1820;272;38;13;5019;770;101;18;874;455;130;62;5893;1225;231;80
2021.11_01-07-2022;Ямало-Ненецкий автономный округ;21_45_days;CoviVac;35;9;2;0;5;2;1;0;40;11;3;0;5019;770;101;18;874;455;130;62;5893;1225;231;80
2021.11_01-07-2022;Ямало-Ненецкий автономный округ;21_45_days;EpiVacCorona;103;31;5;0;27;15;3;4;130;46;8;4;5019;770;101;18;874;455;130;62;5893;1225;231;80
2021.11_01-07-2022;Ямало-Ненецкий автономный округ;21_45_days;SputnikLite;321;32;2;1;38;19;1;1;359;51;3;2;5019;770;101;18;874;455;130;62;5893;1225;231;80
2021.11_01-07-2022;Ямало-Ненецкий автономный округ;21_45_days;SputnikV;1152;99;9;1;139;65;15;6;1291;164;24;7;5019;770;101;18;874;455;130;62;5893;1225;231;80
2021.11_01-07-2022;Ярославская область;21_45_days;AllVaccines;2930;238;38;7;1108;309;55;26;4038;547;93;33;12133;1319;195;73;6179;2830;865;596;18312;4149;1060;669
2021.11_01-07-2022;Ярославская область;21_45_days;CoviVac;61;7;0;0;12;5;0;0;73;12;0;0;12133;1319;195;73;6179;2830;865;596;18312;4149;1060;669
2021.11_01-07-2022;Ярославская область;21_45_days;EpiVacCorona;185;37;7;1;84;41;11;5;269;78;18;6;12133;1319;195;73;6179;2830;865;596;18312;4149;1060;669
2021.11_01-07-2022;Ярославская область;21_45_days;SputnikLite;729;60;10;3;174;41;6;0;903;101;16;3;12133;1319;195;73;6179;2830;865;596;18312;4149;1060;669
2021.11_01-07-2022;Ярославская область;21_45_days;SputnikV;1955;134;21;3;838;222;38;21;2793;356;59;24;12133;1319;195;73;6179;2830;865;596;18312;4149;1060;669
2021.11_01-07-2022;г. Москва;21_45_days;AllVaccines;22633;1909;297;62;7948;1206;692;383;30581;3115;989;445;72675;7970;1883;537;35842;8679;6310;4217;108517;16649;8193;4754
2021.11_01-07-2022;г. Москва;21_45_days;CoviVac;1280;114;27;2;143;18;14;7;1423;132;41;9;72675;7970;1883;537;35842;8679;6310;4217;108517;16649;8193;4754
2021.11_01-07-2022;г. Москва;21_45_days;EpiVacCorona;1494;121;54;11;911;195;168;94;2405;316;222;105;72675;7970;1883;537;35842;8679;6310;4217;108517;16649;8193;4754
2021.11_01-07-2022;г. Москва;21_45_days;SputnikLite;954;94;10;1;992;114;42;25;1946;208;52;26;72675;7970;1883;537;35842;8679;6310;4217;108517;16649;8193;4754
2021.11_01-07-2022;г. Москва;21_45_days;SputnikV;18905;1580;206;48;5902;879;468;257;24807;2459;674;305;72675;7970;1883;537;35842;8679;6310;4217;108517;16649;8193;4754
2021.11_01-07-2022;г. Санкт-Петербург;21_45_days;AllVaccines;11961;866;108;31;3998;973;220;127;15959;1839;328;158;50374;5194;729;235;20316;8089;2730;2042;70690;13283;3459;2277
2021.11_01-07-2022;г. Санкт-Петербург;21_45_days;CoviVac;757;78;11;3;59;19;3;2;816;97;14;5;50374;5194;729;235;20316;8089;2730;2042;70690;13283;3459;2277
2021.11_01-07-2022;г. Санкт-Петербург;21_45_days;EpiVacCorona;363;80;7;1;380;185;46;31;743;265;53;32;50374;5194;729;235;20316;8089;2730;2042;70690;13283;3459;2277
2021.11_01-07-2022;г. Санкт-Петербург;21_45_days;SputnikLite;2912;232;33;11;716;157;35;16;3628;389;68;27;50374;5194;729;235;20316;8089;2730;2042;70690;13283;3459;2277
2021.11_01-07-2022;г. Санкт-Петербург;21_45_days;SputnikV;7929;476;57;16;2843;612;136;78;10772;1088;193;94;50374;5194;729;235;20316;8089;2730;2042;70690;13283;3459;2277
2021.11_01-07-2022;г. Севастополь;21_45_days;AllVaccines;856;116;7;0;589;188;26;23;1445;304;33;23;4678;677;63;24;2215;940;223;212;6893;1617;286;236
2021.11_01-07-2022;г. Севастополь;21_45_days;CoviVac;13;1;0;0;8;5;1;1;21;6;1;1;4678;677;63;24;2215;940;223;212;6893;1617;286;236
2021.11_01-07-2022;г. Севастополь;21_45_days;EpiVacCorona;93;24;1;0;142;68;13;12;235;92;14;12;4678;677;63;24;2215;940;223;212;6893;1617;286;236
2021.11_01-07-2022;г. Севастополь;21_45_days;SputnikLite;64;9;1;0;43;9;2;2;107;18;3;2;4678;677;63;24;2215;940;223;212;6893;1617;286;236
2021.11_01-07-2022;г. Севастополь;21_45_days;SputnikV;686;82;5;0;396;106;10;8;1082;188;15;8;4678;677;63;24;2215;940;223;212;6893;1617;286;236
2021.12_13-10-2022;Алтайский край;105_165_days;AllVaccines;2135;221;31;7;718;251;64;19;2853;472;95;26;12688;1892;379;104;7477;3912;1464;841;20165;5804;1843;945
2021.12_13-10-2022;Алтайский край;105_165_days;CoviVac;24;3;1;1;5;3;1;0;29;6;2;1;12688;1892;379;104;7477;3912;1464;841;20165;5804;1843;945
2021.12_13-10-2022;Алтайский край;105_165_days;EpiVacCorona;60;6;2;0;19;10;4;1;79;16;6;1;12688;1892;379;104;7477;3912;1464;841;20165;5804;1843;945
2021.12_13-10-2022;Алтайский край;105_165_days;SputnikLite;361;48;4;2;59;15;2;1;420;63;6;3;12688;1892;379;104;7477;3912;1464;841;20165;5804;1843;945
2021.12_13-10-2022;Алтайский край;105_165_days;SputnikV;1690;164;24;4;635;223;57;17;2325;387;81;21;12688;1892;379;104;7477;3912;1464;841;20165;5804;1843;945
2021.12_13-10-2022;Алтайский край;165_195_days;AllVaccines;369;51;9;1;311;115;35;11;680;166;44;12;12688;1892;379;104;7477;3912;1464;841;20165;5804;1843;945
2021.12_13-10-2022;Алтайский край;165_195_days;CoviVac;18;3;0;0;5;2;0;0;23;5;0;0;12688;1892;379;104;7477;3912;1464;841;20165;5804;1843;945
2021.12_13-10-2022;Алтайский край;165_195_days;EpiVacCorona;45;8;1;0;34;20;5;2;79;28;6;2;12688;1892;379;104;7477;3912;1464;841;20165;5804;1843;945
2021.12_13-10-2022;Алтайский край;165_195_days;SputnikV;306;40;8;1;272;93;30;9;578;133;38;10;12688;1892;379;104;7477;3912;1464;841;20165;5804;1843;945
2021.12_13-10-2022;Алтайский край;21_45_days;AllVaccines;469;61;13;2;237;92;27;7;706;153;40;9;12688;1892;379;104;7477;3912;1464;841;20165;5804;1843;945
2021.12_13-10-2022;Алтайский край;21_45_days;CoviVac;16;3;1;0;3;2;1;0;19;5;2;0;12688;1892;379;104;7477;3912;1464;841;20165;5804;1843;945
2021.12_13-10-2022;Алтайский край;21_45_days;EpiVacCorona;61;16;3;0;33;21;10;3;94;37;13;3;12688;1892;379;104;7477;3912;1464;841;20165;5804;1843;945
2021.12_13-10-2022;Алтайский край;21_45_days;SputnikLite;196;18;4;1;110;29;10;3;306;47;14;4;12688;1892;379;104;7477;3912;1464;841;20165;5804;1843;945
2021.12_13-10-2022;Алтайский край;21_45_days;SputnikV;196;24;5;1;91;40;6;1;287;64;11;2;12688;1892;379;104;7477;3912;1464;841;20165;5804;1843;945
2021.12_13-10-2022;Алтайский край;45_75_days;AllVaccines;286;21;1;0;186;72;27;9;472;93;28;9;12688;1892;379;104;7477;3912;1464;841;20165;5804;1843;945
2021.12_13-10-2022;Алтайский край;45_75_days;CoviVac;8;1;1;0;0;0;0;0;8;1;1;0;12688;1892;379;104;7477;3912;1464;841;20165;5804;1843;945
2021.12_13-10-2022;Алтайский край;45_75_days;EpiVacCorona;6;1;0;0;13;7;2;0;19;8;2;0;12688;1892;379;104;7477;3912;1464;841;20165;5804;1843;945
2021.12_13-10-2022;Алтайский край;45_75_days;SputnikLite;182;15;0;0;121;43;15;3;303;58;15;3;12688;1892;379;104;7477;3912;1464;841;20165;5804;1843;945
2021.12_13-10-2022;Алтайский край;45_75_days;SputnikV;90;4;0;0;52;22;10;6;142;26;10;6;12688;1892;379;104;7477;3912;1464;841;20165;5804;1843;945
2021.12_13-10-2022;Алтайский край;75_90_days;AllVaccines;196;13;1;0;81;29;1;0;277;42;2;0;12688;1892;379;104;7477;3912;1464;841;20165;5804;1843;945
2021.12_13-10-2022;Алтайский край;75_90_days;CoviVac;1;0;0;0;0;0;0;0;1;0;0;0;12688;1892;379;104;7477;3912;1464;841;20165;5804;1843;945
2021.12_13-10-2022;Алтайский край;75_90_days;EpiVacCorona;9;1;0;0;2;2;1;0;11;3;1;0;12688;1892;379;104;7477;3912;1464;841;20165;5804;1843;945
2021.12_13-10-2022;Алтайский край;75_90_days;SputnikLite;91;6;1;0;44;14;0;0;135;20;1;0;12688;1892;379;104;7477;3912;1464;841;20165;5804;1843;945
2021.12_13-10-2022;Алтайский край;75_90_days;SputnikV;95;6;0;0;35;13;0;0;130;19;0;0;12688;1892;379;104;7477;3912;1464;841;20165;5804;1843;945
2021.12_13-10-2022;Алтайский край;90_105_days;AllVaccines;458;47;9;1;137;38;8;5;595;85;17;6;12688;1892;379;104;7477;3912;1464;841;20165;5804;1843;945
2021.12_13-10-2022;Алтайский край;90_105_days;CoviVac;10;1;1;0;1;0;0;0;11;1;1;0;12688;1892;379;104;7477;3912;1464;841;20165;5804;1843;945
2021.12_13-10-2022;Алтайский край;90_105_days;EpiVacCorona;18;2;2;0;5;4;2;0;23;6;4;0;12688;1892;379;104;7477;3912;1464;841;20165;5804;1843;945
2021.12_13-10-2022;Алтайский край;90_105_days;SputnikLite;102;12;2;0;51;13;2;2;153;25;4;2;12688;1892;379;104;7477;3912;1464;841;20165;5804;1843;945
2021.12_13-10-2022;Алтайский край;90_105_days;SputnikV;328;32;4;1;80;21;4;3;408;53;8;4;12688;1892;379;104;7477;3912;1464;841;20165;5804;1843;945
2021.12_13-10-2022;Амурская область;105_165_days;AllVaccines;1048;139;18;6;265;115;23;7;1313;254;41;13;5475;937;144;26;2711;1518;550;317;8186;2455;694;343
2021.12_13-10-2022;Амурская область;105_165_days;CoviVac;2;1;0;0;0;0;0;0;2;1;0;0;5475;937;144;26;2711;1518;550;317;8186;2455;694;343
2021.12_13-10-2022;Амурская область;105_165_days;EpiVacCorona;9;5;0;0;7;6;1;1;16;11;1;1;5475;937;144;26;2711;1518;550;317;8186;2455;694;343
2021.12_13-10-2022;Амурская область;105_165_days;SputnikLite;105;17;1;0;32;10;3;1;137;27;4;1;5475;937;144;26;2711;1518;550;317;8186;2455;694;343
2021.12_13-10-2022;Амурская область;105_165_days;SputnikV;932;116;17;6;226;99;19;5;1158;215;36;11;5475;937;144;26;2711;1518;550;317;8186;2455;694;343
2021.12_13-10-2022;Амурская область;165_195_days;AllVaccines;154;20;3;0;80;33;15;4;234;53;18;4;5475;937;144;26;2711;1518;550;317;8186;2455;694;343
2021.12_13-10-2022;Амурская область;165_195_days;CoviVac;8;1;0;0;3;0;0;0;11;1;0;0;5475;937;144;26;2711;1518;550;317;8186;2455;694;343
2021.12_13-10-2022;Амурская область;165_195_days;EpiVacCorona;8;3;0;0;4;3;1;1;12;6;1;1;5475;937;144;26;2711;1518;550;317;8186;2455;694;343
2021.12_13-10-2022;Амурская область;165_195_days;SputnikV;138;16;3;0;73;30;14;3;211;46;17;3;5475;937;144;26;2711;1518;550;317;8186;2455;694;343
2021.12_13-10-2022;Амурская область;21_45_days;AllVaccines;229;33;6;1;131;52;10;1;360;85;16;2;5475;937;144;26;2711;1518;550;317;8186;2455;694;343
2021.12_13-10-2022;Амурская область;21_45_days;CoviVac;11;2;0;0;4;1;0;0;15;3;0;0;5475;937;144;26;2711;1518;550;317;8186;2455;694;343
2021.12_13-10-2022;Амурская область;21_45_days;EpiVacCorona;37;12;3;0;26;18;3;0;63;30;6;0;5475;937;144;26;2711;1518;550;317;8186;2455;694;343
2021.12_13-10-2022;Амурская область;21_45_days;SputnikLite;87;9;2;1;60;23;3;1;147;32;5;2;5475;937;144;26;2711;1518;550;317;8186;2455;694;343
2021.12_13-10-2022;Амурская область;21_45_days;SputnikV;94;10;1;0;41;10;4;0;135;20;5;0;5475;937;144;26;2711;1518;550;317;8186;2455;694;343
2021.12_13-10-2022;Амурская область;45_75_days;AllVaccines;178;13;2;0;95;36;12;4;273;49;14;4;5475;937;144;26;2711;1518;550;317;8186;2455;694;343
2021.12_13-10-2022;Амурская область;45_75_days;CoviVac;5;1;1;0;3;1;1;0;8;2;2;0;5475;937;144;26;2711;1518;550;317;8186;2455;694;343
2021.12_13-10-2022;Амурская область;45_75_days;EpiVacCorona;3;2;0;0;1;1;1;0;4;3;1;0;5475;937;144;26;2711;1518;550;317;8186;2455;694;343
2021.12_13-10-2022;Амурская область;45_75_days;SputnikLite;110;5;1;0;68;24;7;3;178;29;8;3;5475;937;144;26;2711;1518;550;317;8186;2455;694;343
2021.12_13-10-2022;Амурская область;45_75_days;SputnikV;60;5;0;0;23;10;3;1;83;15;3;1;5475;937;144;26;2711;1518;550;317;8186;2455;694;343
2021.12_13-10-2022;Амурская область;75_90_days;AllVaccines;67;4;0;0;30;15;3;2;97;19;3;2;5475;937;144;26;2711;1518;550;317;8186;2455;694;343
2021.12_13-10-2022;Амурская область;75_90_days;CoviVac;3;0;0;0;3;2;1;0;6;2;1;0;5475;937;144;26;2711;1518;550;317;8186;2455;694;343
2021.12_13-10-2022;Амурская область;75_90_days;EpiVacCorona;1;0;0;0;1;1;0;0;2;1;0;0;5475;937;144;26;2711;1518;550;317;8186;2455;694;343
2021.12_13-10-2022;Амурская область;75_90_days;SputnikLite;21;1;0;0;11;2;0;0;32;3;0;0;5475;937;144;26;2711;1518;550;317;8186;2455;694;343
2021.12_13-10-2022;Амурская область;75_90_days;SputnikV;42;3;0;0;15;10;2;2;57;13;2;2;5475;937;144;26;2711;1518;550;317;8186;2455;694;343
2021.12_13-10-2022;Амурская область;90_105_days;AllVaccines;186;24;6;2;53;11;0;0;239;35;6;2;5475;937;144;26;2711;1518;550;317;8186;2455;694;343
2021.12_13-10-2022;Амурская область;90_105_days;CoviVac;1;1;1;0;2;1;0;0;3;2;1;0;5475;937;144;26;2711;1518;550;317;8186;2455;694;343
2021.12_13-10-2022;Амурская область;90_105_days;EpiVacCorona;3;1;0;0;1;0;0;0;4;1;0;0;5475;937;144;26;2711;1518;550;317;8186;2455;694;343
2021.12_13-10-2022;Амурская область;90_105_days;SputnikLite;62;10;4;2;28;7;0;0;90;17;4;2;5475;937;144;26;2711;1518;550;317;8186;2455;694;343
2021.12_13-10-2022;Амурская область;90_105_days;SputnikV;120;12;1;0;22;3;0;0;142;15;1;0;5475;937;144;26;2711;1518;550;317;8186;2455;694;343
2021.12_13-10-2022;Архангельская область;105_165_days;AllVaccines;776;65;4;3;268;91;20;15;1044;156;24;18;5086;715;98;47;2986;1459;427;348;8072;2174;525;395
2021.12_13-10-2022;Архангельская область;105_165_days;CoviVac;10;2;0;0;4;1;0;0;14;3;0;0;5086;715;98;47;2986;1459;427;348;8072;2174;525;395
2021.12_13-10-2022;Архангельская область;105_165_days;EpiVacCorona;34;7;1;0;12;5;1;0;46;12;2;0;5086;715;98;47;2986;1459;427;348;8072;2174;525;395
2021.12_13-10-2022;Архангельская область;105_165_days;SputnikLite;97;7;0;0;22;11;2;2;119;18;2;2;5086;715;98;47;2986;1459;427;348;8072;2174;525;395
2021.12_13-10-2022;Архангельская область;105_165_days;SputnikV;635;49;3;3;230;74;17;13;865;123;20;16;5086;715;98;47;2986;1459;427;348;8072;2174;525;395
2021.12_13-10-2022;Архангельская область;165_195_days;AllVaccines;120;12;1;0;135;42;7;5;255;54;8;5;5086;715;98;47;2986;1459;427;348;8072;2174;525;395
2021.12_13-10-2022;Архангельская область;165_195_days;CoviVac;5;0;0;0;3;2;0;0;8;2;0;0;5086;715;98;47;2986;1459;427;348;8072;2174;525;395
2021.12_13-10-2022;Архангельская область;165_195_days;SputnikV;115;12;1;0;132;40;7;5;247;52;8;5;5086;715;98;47;2986;1459;427;348;8072;2174;525;395
2021.12_13-10-2022;Архангельская область;21_45_days;AllVaccines;208;18;2;0;121;45;7;4;329;63;9;4;5086;715;98;47;2986;1459;427;348;8072;2174;525;395
2021.12_13-10-2022;Архангельская область;21_45_days;CoviVac;8;2;0;0;4;1;0;0;12;3;0;0;5086;715;98;47;2986;1459;427;348;8072;2174;525;395
2021.12_13-10-2022;Архангельская область;21_45_days;EpiVacCorona;27;3;0;0;8;6;2;1;35;9;2;1;5086;715;98;47;2986;1459;427;348;8072;2174;525;395
2021.12_13-10-2022;Архангельская область;21_45_days;SputnikLite;103;7;2;0;63;20;4;3;166;27;6;3;5086;715;98;47;2986;1459;427;348;8072;2174;525;395
2021.12_13-10-2022;Архангельская область;21_45_days;SputnikV;70;6;0;0;46;18;1;0;116;24;1;0;5086;715;98;47;2986;1459;427;348;8072;2174;525;395
2021.12_13-10-2022;Архангельская область;45_75_days;AllVaccines;247;26;4;3;125;45;4;2;372;71;8;5;5086;715;98;47;2986;1459;427;348;8072;2174;525;395
2021.12_13-10-2022;Архангельская область;45_75_days;CoviVac;3;0;0;0;1;0;0;0;4;0;0;0;5086;715;98;47;2986;1459;427;348;8072;2174;525;395
2021.12_13-10-2022;Архангельская область;45_75_days;EpiVacCorona;2;0;0;0;1;0;0;0;3;0;0;0;5086;715;98;47;2986;1459;427;348;8072;2174;525;395
2021.12_13-10-2022;Архангельская область;45_75_days;SputnikLite;186;21;4;3;94;35;4;2;280;56;8;5;5086;715;98;47;2986;1459;427;348;8072;2174;525;395
2021.12_13-10-2022;Архангельская область;45_75_days;SputnikV;56;5;0;0;29;10;0;0;85;15;0;0;5086;715;98;47;2986;1459;427;348;8072;2174;525;395
2021.12_13-10-2022;Архангельская область;75_90_days;AllVaccines;60;5;1;1;37;13;2;1;97;18;3;2;5086;715;98;47;2986;1459;427;348;8072;2174;525;395
2021.12_13-10-2022;Архангельская область;75_90_days;EpiVacCorona;2;0;0;0;1;1;0;0;3;1;0;0;5086;715;98;47;2986;1459;427;348;8072;2174;525;395
2021.12_13-10-2022;Архангельская область;75_90_days;SputnikLite;30;4;1;1;16;6;1;1;46;10;2;2;5086;715;98;47;2986;1459;427;348;8072;2174;525;395
2021.12_13-10-2022;Архангельская область;75_90_days;SputnikV;28;1;0;0;20;6;1;0;48;7;1;0;5086;715;98;47;2986;1459;427;348;8072;2174;525;395
2021.12_13-10-2022;Архангельская область;90_105_days;AllVaccines;114;11;2;0;54;11;1;1;168;22;3;1;5086;715;98;47;2986;1459;427;348;8072;2174;525;395
2021.12_13-10-2022;Архангельская область;90_105_days;EpiVacCorona;6;2;1;0;6;5;0;0;12;7;1;0;5086;715;98;47;2986;1459;427;348;8072;2174;525;395
2021.12_13-10-2022;Архангельская область;90_105_days;SputnikLite;34;2;1;0;15;3;0;0;49;5;1;0;5086;715;98;47;2986;1459;427;348;8072;2174;525;395
2021.12_13-10-2022;Архангельская область;90_105_days;SputnikV;74;7;0;0;33;3;1;1;107;10;1;1;5086;715;98;47;2986;1459;427;348;8072;2174;525;395
2021.12_13-10-2022;Астраханская область;105_165_days;AllVaccines;838;86;11;2;186;69;15;9;1024;155;26;11;3267;561;88;25;1780;939;268;166;5047;1500;356;191
2021.12_13-10-2022;Астраханская область;105_165_days;CoviVac;8;1;0;0;1;0;0;0;9;1;0;0;3267;561;88;25;1780;939;268;166;5047;1500;356;191
2021.12_13-10-2022;Астраханская область;105_165_days;EpiVacCorona;20;4;0;0;13;6;0;0;33;10;0;0;3267;561;88;25;1780;939;268;166;5047;1500;356;191
2021.12_13-10-2022;Астраханская область;105_165_days;SputnikLite;41;3;1;0;12;7;3;3;53;10;4;3;3267;561;88;25;1780;939;268;166;5047;1500;356;191
2021.12_13-10-2022;Астраханская область;105_165_days;SputnikV;769;78;10;2;160;56;12;6;929;134;22;8;3267;561;88;25;1780;939;268;166;5047;1500;356;191
2021.12_13-10-2022;Астраханская область;165_195_days;AllVaccines;248;38;3;1;106;45;7;3;354;83;10;4;3267;561;88;25;1780;939;268;166;5047;1500;356;191
2021.12_13-10-2022;Астраханская область;165_195_days;CoviVac;6;0;0;0;1;0;0;0;7;0;0;0;3267;561;88;25;1780;939;268;166;5047;1500;356;191
2021.12_13-10-2022;Астраханская область;165_195_days;EpiVacCorona;11;0;0;0;4;3;0;0;15;3;0;0;3267;561;88;25;1780;939;268;166;5047;1500;356;191
2021.12_13-10-2022;Астраханская область;165_195_days;SputnikV;231;38;3;1;101;42;7;3;332;80;10;4;3267;561;88;25;1780;939;268;166;5047;1500;356;191
2021.12_13-10-2022;Астраханская область;21_45_days;AllVaccines;177;25;3;1;64;20;7;3;241;45;10;4;3267;561;88;25;1780;939;268;166;5047;1500;356;191
2021.12_13-10-2022;Астраханская область;21_45_days;CoviVac;3;0;0;0;2;1;1;0;5;1;1;0;3267;561;88;25;1780;939;268;166;5047;1500;356;191
2021.12_13-10-2022;Астраханская область;21_45_days;EpiVacCorona;9;4;0;0;1;1;0;0;10;5;0;0;3267;561;88;25;1780;939;268;166;5047;1500;356;191
2021.12_13-10-2022;Астраханская область;21_45_days;SputnikLite;82;10;2;0;39;9;4;2;121;19;6;2;3267;561;88;25;1780;939;268;166;5047;1500;356;191
2021.12_13-10-2022;Астраханская область;21_45_days;SputnikV;83;11;1;1;22;9;2;1;105;20;3;2;3267;561;88;25;1780;939;268;166;5047;1500;356;191
2021.12_13-10-2022;Астраханская область;45_75_days;AllVaccines;151;26;3;0;56;24;3;0;207;50;6;0;3267;561;88;25;1780;939;268;166;5047;1500;356;191
2021.12_13-10-2022;Астраханская область;45_75_days;CoviVac;1;0;0;0;2;1;1;0;3;1;1;0;3267;561;88;25;1780;939;268;166;5047;1500;356;191
2021.12_13-10-2022;Астраханская область;45_75_days;EpiVacCorona;1;0;0;0;2;2;0;0;3;2;0;0;3267;561;88;25;1780;939;268;166;5047;1500;356;191
2021.12_13-10-2022;Астраханская область;45_75_days;SputnikLite;104;16;2;0;38;16;2;0;142;32;4;0;3267;561;88;25;1780;939;268;166;5047;1500;356;191
2021.12_13-10-2022;Астраханская область;45_75_days;SputnikV;45;10;1;0;14;5;0;0;59;15;1;0;3267;561;88;25;1780;939;268;166;5047;1500;356;191
2021.12_13-10-2022;Астраханская область;75_90_days;AllVaccines;50;8;1;0;19;7;1;1;69;15;2;1;3267;561;88;25;1780;939;268;166;5047;1500;356;191
2021.12_13-10-2022;Астраханская область;75_90_days;CoviVac;2;1;0;0;1;1;0;0;3;2;0;0;3267;561;88;25;1780;939;268;166;5047;1500;356;191
2021.12_13-10-2022;Астраханская область;75_90_days;EpiVacCorona;1;0;0;0;2;1;1;1;3;1;1;1;3267;561;88;25;1780;939;268;166;5047;1500;356;191
2021.12_13-10-2022;Астраханская область;75_90_days;SputnikLite;13;1;1;0;6;2;0;0;19;3;1;0;3267;561;88;25;1780;939;268;166;5047;1500;356;191
2021.12_13-10-2022;Астраханская область;75_90_days;SputnikV;34;6;0;0;10;3;0;0;44;9;0;0;3267;561;88;25;1780;939;268;166;5047;1500;356;191
2021.12_13-10-2022;Астраханская область;90_105_days;AllVaccines;85;12;2;1;54;25;12;3;139;37;14;4;3267;561;88;25;1780;939;268;166;5047;1500;356;191
2021.12_13-10-2022;Астраханская область;90_105_days;EpiVacCorona;3;0;0;0;2;1;0;0;5;1;0;0;3267;561;88;25;1780;939;268;166;5047;1500;356;191
2021.12_13-10-2022;Астраханская область;90_105_days;SputnikLite;13;2;0;0;10;2;0;0;23;4;0;0;3267;561;88;25;1780;939;268;166;5047;1500;356;191
2021.12_13-10-2022;Астраханская область;90_105_days;SputnikV;69;10;2;1;42;22;12;3;111;32;14;4;3267;561;88;25;1780;939;268;166;5047;1500;356;191
2021.12_13-10-2022;Белгородская область;105_165_days;AllVaccines;1278;140;13;5;336;108;22;18;1614;248;35;23;4013;464;57;25;2484;931;239;212;6497;1395;296;237
2021.12_13-10-2022;Белгородская область;105_165_days;CoviVac;14;1;0;0;2;1;1;0;16;2;1;0;4013;464;57;25;2484;931;239;212;6497;1395;296;237
2021.12_13-10-2022;Белгородская область;105_165_days;EpiVacCorona;98;19;2;0;40;17;4;3;138;36;6;3;4013;464;57;25;2484;931;239;212;6497;1395;296;237
2021.12_13-10-2022;Белгородская область;105_165_days;SputnikLite;64;6;0;0;12;2;1;0;76;8;1;0;4013;464;57;25;2484;931;239;212;6497;1395;296;237
2021.12_13-10-2022;Белгородская область;105_165_days;SputnikV;1102;114;11;5;282;88;16;15;1384;202;27;20;4013;464;57;25;2484;931;239;212;6497;1395;296;237
2021.12_13-10-2022;Белгородская область;165_195_days;AllVaccines;383;42;6;3;171;70;10;14;554;112;16;17;4013;464;57;25;2484;931;239;212;6497;1395;296;237
2021.12_13-10-2022;Белгородская область;165_195_days;CoviVac;1;0;0;0;0;0;0;0;1;0;0;0;4013;464;57;25;2484;931;239;212;6497;1395;296;237
2021.12_13-10-2022;Белгородская область;165_195_days;EpiVacCorona;11;1;0;0;8;3;0;0;19;4;0;0;4013;464;57;25;2484;931;239;212;6497;1395;296;237
2021.12_13-10-2022;Белгородская область;165_195_days;SputnikV;371;41;6;3;163;67;10;14;534;108;16;17;4013;464;57;25;2484;931;239;212;6497;1395;296;237
2021.12_13-10-2022;Белгородская область;21_45_days;AllVaccines;244;31;1;1;146;31;3;3;390;62;4;4;4013;464;57;25;2484;931;239;212;6497;1395;296;237
2021.12_13-10-2022;Белгородская область;21_45_days;CoviVac;2;0;0;0;1;0;0;0;3;0;0;0;4013;464;57;25;2484;931;239;212;6497;1395;296;237
2021.12_13-10-2022;Белгородская область;21_45_days;EpiVacCorona;5;0;0;0;2;0;0;0;7;0;0;0;4013;464;57;25;2484;931;239;212;6497;1395;296;237
2021.12_13-10-2022;Белгородская область;21_45_days;SputnikLite;132;14;1;1;87;19;2;3;219;33;3;4;4013;464;57;25;2484;931;239;212;6497;1395;296;237
2021.12_13-10-2022;Белгородская область;21_45_days;SputnikV;105;17;0;0;56;12;1;0;161;29;1;0;4013;464;57;25;2484;931;239;212;6497;1395;296;237
2021.12_13-10-2022;Белгородская область;45_75_days;AllVaccines;202;15;2;0;132;31;7;4;334;46;9;4;4013;464;57;25;2484;931;239;212;6497;1395;296;237
2021.12_13-10-2022;Белгородская область;45_75_days;CoviVac;4;0;0;0;2;1;0;0;6;1;0;0;4013;464;57;25;2484;931;239;212;6497;1395;296;237
2021.12_13-10-2022;Белгородская область;45_75_days;EpiVacCorona;0;0;0;0;6;4;1;1;6;4;1;1;4013;464;57;25;2484;931;239;212;6497;1395;296;237
2021.12_13-10-2022;Белгородская область;45_75_days;SputnikLite;151;10;1;0;90;17;4;2;241;27;5;2;4013;464;57;25;2484;931;239;212;6497;1395;296;237
2021.12_13-10-2022;Белгородская область;45_75_days;SputnikV;47;5;1;0;34;9;2;1;81;14;3;1;4013;464;57;25;2484;931;239;212;6497;1395;296;237
2021.12_13-10-2022;Белгородская область;75_90_days;AllVaccines;61;12;1;1;39;11;3;3;100;23;4;4;4013;464;57;25;2484;931;239;212;6497;1395;296;237
2021.12_13-10-2022;Белгородская область;75_90_days;CoviVac;4;1;0;0;0;0;0;0;4;1;0;0;4013;464;57;25;2484;931;239;212;6497;1395;296;237
2021.12_13-10-2022;Белгородская область;75_90_days;SputnikLite;17;1;1;0;17;4;1;1;34;5;2;1;4013;464;57;25;2484;931;239;212;6497;1395;296;237
2021.12_13-10-2022;Белгородская область;75_90_days;SputnikV;40;10;0;1;22;7;2;2;62;17;2;3;4013;464;57;25;2484;931;239;212;6497;1395;296;237
2021.12_13-10-2022;Белгородская область;90_105_days;AllVaccines;110;11;1;0;62;19;6;4;172;30;7;4;4013;464;57;25;2484;931;239;212;6497;1395;296;237
2021.12_13-10-2022;Белгородская область;90_105_days;CoviVac;7;0;0;0;2;2;1;1;9;2;1;1;4013;464;57;25;2484;931;239;212;6497;1395;296;237
2021.12_13-10-2022;Белгородская область;90_105_days;EpiVacCorona;1;0;0;0;1;0;0;0;2;0;0;0;4013;464;57;25;2484;931;239;212;6497;1395;296;237
2021.12_13-10-2022;Белгородская область;90_105_days;SputnikLite;30;5;1;0;15;4;1;1;45;9;2;1;4013;464;57;25;2484;931;239;212;6497;1395;296;237
2021.12_13-10-2022;Белгородская область;90_105_days;SputnikV;72;6;0;0;44;13;4;2;116;19;4;2;4013;464;57;25;2484;931;239;212;6497;1395;296;237
2021.12_13-10-2022;Брянская область;105_165_days;AllVaccines;782;71;7;4;252;92;16;13;1034;163;23;17;4509;601;77;37;2515;1260;339;307;7024;1861;416;344
2021.12_13-10-2022;Брянская область;105_165_days;CoviVac;8;3;0;0;2;2;0;0;10;5;0;0;4509;601;77;37;2515;1260;339;307;7024;1861;416;344
2021.12_13-10-2022;Брянская область;105_165_days;EpiVacCorona;13;1;0;0;6;2;0;0;19;3;0;0;4509;601;77;37;2515;1260;339;307;7024;1861;416;344
2021.12_13-10-2022;Брянская область;105_165_days;SputnikLite;32;2;1;1;11;4;0;0;43;6;1;1;4509;601;77;37;2515;1260;339;307;7024;1861;416;344
2021.12_13-10-2022;Брянская область;105_165_days;SputnikV;729;65;6;3;233;84;16;13;962;149;22;16;4509;601;77;37;2515;1260;339;307;7024;1861;416;344
2021.12_13-10-2022;Брянская область;165_195_days;AllVaccines;145;16;2;1;107;43;6;3;252;59;8;4;4509;601;77;37;2515;1260;339;307;7024;1861;416;344
2021.12_13-10-2022;Брянская область;165_195_days;CoviVac;16;3;0;0;5;1;0;0;21;4;0;0;4509;601;77;37;2515;1260;339;307;7024;1861;416;344
2021.12_13-10-2022;Брянская область;165_195_days;EpiVacCorona;10;3;1;1;8;5;2;2;18;8;3;3;4509;601;77;37;2515;1260;339;307;7024;1861;416;344
2021.12_13-10-2022;Брянская область;165_195_days;SputnikV;119;10;1;0;94;37;4;1;213;47;5;1;4509;601;77;37;2515;1260;339;307;7024;1861;416;344
2021.12_13-10-2022;Брянская область;21_45_days;AllVaccines;197;27;6;4;100;33;4;4;297;60;10;8;4509;601;77;37;2515;1260;339;307;7024;1861;416;344
2021.12_13-10-2022;Брянская область;21_45_days;CoviVac;8;1;0;0;2;1;0;0;10;2;0;0;4509;601;77;37;2515;1260;339;307;7024;1861;416;344
2021.12_13-10-2022;Брянская область;21_45_days;EpiVacCorona;24;7;2;2;8;2;0;0;32;9;2;2;4509;601;77;37;2515;1260;339;307;7024;1861;416;344
2021.12_13-10-2022;Брянская область;21_45_days;SputnikLite;62;7;2;1;46;16;3;3;108;23;5;4;4509;601;77;37;2515;1260;339;307;7024;1861;416;344
2021.12_13-10-2022;Брянская область;21_45_days;SputnikV;103;12;2;1;44;14;1;1;147;26;3;2;4509;601;77;37;2515;1260;339;307;7024;1861;416;344
2021.12_13-10-2022;Брянская область;45_75_days;AllVaccines;217;21;1;0;100;28;3;2;317;49;4;2;4509;601;77;37;2515;1260;339;307;7024;1861;416;344
2021.12_13-10-2022;Брянская область;45_75_days;EpiVacCorona;5;0;0;0;3;1;1;0;8;1;1;0;4509;601;77;37;2515;1260;339;307;7024;1861;416;344
2021.12_13-10-2022;Брянская область;45_75_days;SputnikLite;112;11;0;0;77;23;2;2;189;34;2;2;4509;601;77;37;2515;1260;339;307;7024;1861;416;344
2021.12_13-10-2022;Брянская область;45_75_days;SputnikV;100;10;1;0;20;4;0;0;120;14;1;0;4509;601;77;37;2515;1260;339;307;7024;1861;416;344
2021.12_13-10-2022;Брянская область;75_90_days;AllVaccines;104;13;2;1;33;17;7;4;137;30;9;5;4509;601;77;37;2515;1260;339;307;7024;1861;416;344
2021.12_13-10-2022;Брянская область;75_90_days;CoviVac;0;0;0;0;1;1;1;0;1;1;1;0;4509;601;77;37;2515;1260;339;307;7024;1861;416;344
2021.12_13-10-2022;Брянская область;75_90_days;EpiVacCorona;2;0;0;0;2;2;1;0;4;2;1;0;4509;601;77;37;2515;1260;339;307;7024;1861;416;344
2021.12_13-10-2022;Брянская область;75_90_days;SputnikLite;62;7;1;0;20;10;3;2;82;17;4;2;4509;601;77;37;2515;1260;339;307;7024;1861;416;344
2021.12_13-10-2022;Брянская область;75_90_days;SputnikV;40;6;1;1;10;4;2;2;50;10;3;3;4509;601;77;37;2515;1260;339;307;7024;1861;416;344
2021.12_13-10-2022;Брянская область;90_105_days;AllVaccines;103;11;1;0;31;9;2;2;134;20;3;2;4509;601;77;37;2515;1260;339;307;7024;1861;416;344
2021.12_13-10-2022;Брянская область;90_105_days;CoviVac;6;0;0;0;1;0;0;0;7;0;0;0;4509;601;77;37;2515;1260;339;307;7024;1861;416;344
2021.12_13-10-2022;Брянская область;90_105_days;EpiVacCorona;2;1;0;0;0;0;0;0;2;1;0;0;4509;601;77;37;2515;1260;339;307;7024;1861;416;344
2021.12_13-10-2022;Брянская область;90_105_days;SputnikLite;24;3;0;0;11;2;0;0;35;5;0;0;4509;601;77;37;2515;1260;339;307;7024;1861;416;344
2021.12_13-10-2022;Брянская область;90_105_days;SputnikV;71;7;1;0;19;7;2;2;90;14;3;2;4509;601;77;37;2515;1260;339;307;7024;1861;416;344
2021.12_13-10-2022;Владимирская область;105_165_days;AllVaccines;818;61;15;4;242;64;14;7;1060;125;29;11;5896;678;123;41;3670;1583;515;360;9566;2261;638;401
2021.12_13-10-2022;Владимирская область;105_165_days;CoviVac;16;3;0;0;2;1;0;0;18;4;0;0;5896;678;123;41;3670;1583;515;360;9566;2261;638;401
2021.12_13-10-2022;Владимирская область;105_165_days;EpiVacCorona;22;4;3;1;11;5;1;1;33;9;4;2;5896;678;123;41;3670;1583;515;360;9566;2261;638;401
2021.12_13-10-2022;Владимирская область;105_165_days;SputnikLite;185;20;3;0;43;14;4;2;228;34;7;2;5896;678;123;41;3670;1583;515;360;9566;2261;638;401
2021.12_13-10-2022;Владимирская область;105_165_days;SputnikV;595;34;9;3;186;44;9;4;781;78;18;7;5896;678;123;41;3670;1583;515;360;9566;2261;638;401
2021.12_13-10-2022;Владимирская область;165_195_days;AllVaccines;104;9;1;0;123;37;9;6;227;46;10;6;5896;678;123;41;3670;1583;515;360;9566;2261;638;401
2021.12_13-10-2022;Владимирская область;165_195_days;CoviVac;7;0;0;0;1;0;0;0;8;0;0;0;5896;678;123;41;3670;1583;515;360;9566;2261;638;401
2021.12_13-10-2022;Владимирская область;165_195_days;EpiVacCorona;10;2;0;0;10;6;2;1;20;8;2;1;5896;678;123;41;3670;1583;515;360;9566;2261;638;401
2021.12_13-10-2022;Владимирская область;165_195_days;SputnikV;87;7;1;0;112;31;7;5;199;38;8;5;5896;678;123;41;3670;1583;515;360;9566;2261;638;401
2021.12_13-10-2022;Владимирская область;21_45_days;AllVaccines;227;22;3;2;150;37;12;5;377;59;15;7;5896;678;123;41;3670;1583;515;360;9566;2261;638;401
2021.12_13-10-2022;Владимирская область;21_45_days;CoviVac;7;2;0;0;2;0;0;0;9;2;0;0;5896;678;123;41;3670;1583;515;360;9566;2261;638;401
2021.12_13-10-2022;Владимирская область;21_45_days;EpiVacCorona;17;3;0;0;11;2;0;0;28;5;0;0;5896;678;123;41;3670;1583;515;360;9566;2261;638;401
2021.12_13-10-2022;Владимирская область;21_45_days;SputnikLite;107;9;1;0;78;24;10;3;185;33;11;3;5896;678;123;41;3670;1583;515;360;9566;2261;638;401
2021.12_13-10-2022;Владимирская область;21_45_days;SputnikV;96;8;2;2;59;11;2;2;155;19;4;4;5896;678;123;41;3670;1583;515;360;9566;2261;638;401
2021.12_13-10-2022;Владимирская область;45_75_days;AllVaccines;172;12;4;1;97;25;5;2;269;37;9;3;5896;678;123;41;3670;1583;515;360;9566;2261;638;401
2021.12_13-10-2022;Владимирская область;45_75_days;CoviVac;1;0;0;0;0;0;0;0;1;0;0;0;5896;678;123;41;3670;1583;515;360;9566;2261;638;401
2021.12_13-10-2022;Владимирская область;45_75_days;EpiVacCorona;3;0;0;0;3;2;1;1;6;2;1;1;5896;678;123;41;3670;1583;515;360;9566;2261;638;401
2021.12_13-10-2022;Владимирская область;45_75_days;SputnikLite;99;6;2;1;64;15;2;0;163;21;4;1;5896;678;123;41;3670;1583;515;360;9566;2261;638;401
2021.12_13-10-2022;Владимирская область;45_75_days;SputnikV;69;6;2;0;30;8;2;1;99;14;4;1;5896;678;123;41;3670;1583;515;360;9566;2261;638;401
2021.12_13-10-2022;Владимирская область;75_90_days;AllVaccines;86;7;1;0;56;14;2;2;142;21;3;2;5896;678;123;41;3670;1583;515;360;9566;2261;638;401
2021.12_13-10-2022;Владимирская область;75_90_days;CoviVac;2;1;0;0;2;0;0;0;4;1;0;0;5896;678;123;41;3670;1583;515;360;9566;2261;638;401
2021.12_13-10-2022;Владимирская область;75_90_days;EpiVacCorona;0;0;0;0;2;2;0;0;2;2;0;0;5896;678;123;41;3670;1583;515;360;9566;2261;638;401
2021.12_13-10-2022;Владимирская область;75_90_days;SputnikLite;35;3;0;0;32;8;0;0;67;11;0;0;5896;678;123;41;3670;1583;515;360;9566;2261;638;401
2021.12_13-10-2022;Владимирская область;75_90_days;SputnikV;49;3;1;0;20;4;2;2;69;7;3;2;5896;678;123;41;3670;1583;515;360;9566;2261;638;401
2021.12_13-10-2022;Владимирская область;90_105_days;AllVaccines;180;22;5;1;60;14;4;3;240;36;9;4;5896;678;123;41;3670;1583;515;360;9566;2261;638;401
2021.12_13-10-2022;Владимирская область;90_105_days;CoviVac;4;0;0;0;1;0;0;0;5;0;0;0;5896;678;123;41;3670;1583;515;360;9566;2261;638;401
2021.12_13-10-2022;Владимирская область;90_105_days;EpiVacCorona;5;2;0;0;2;1;0;0;7;3;0;0;5896;678;123;41;3670;1583;515;360;9566;2261;638;401
2021.12_13-10-2022;Владимирская область;90_105_days;SputnikLite;75;8;1;0;23;6;3;2;98;14;4;2;5896;678;123;41;3670;1583;515;360;9566;2261;638;401
2021.12_13-10-2022;Владимирская область;90_105_days;SputnikV;96;12;4;1;34;7;1;1;130;19;5;2;5896;678;123;41;3670;1583;515;360;9566;2261;638;401
2021.12_13-10-2022;Волгоградская область;105_165_days;AllVaccines;1527;244;44;3;385;214;60;20;1912;458;104;23;5491;1210;266;45;3515;2276;866;382;9006;3486;1132;427
2021.12_13-10-2022;Волгоградская область;105_165_days;CoviVac;51;9;3;0;13;9;1;0;64;18;4;0;5491;1210;266;45;3515;2276;866;382;9006;3486;1132;427
2021.12_13-10-2022;Волгоградская область;105_165_days;EpiVacCorona;55;13;2;0;28;23;8;3;83;36;10;3;5491;1210;266;45;3515;2276;866;382;9006;3486;1132;427
2021.12_13-10-2022;Волгоградская область;105_165_days;SputnikLite;212;18;4;0;39;14;3;1;251;32;7;1;5491;1210;266;45;3515;2276;866;382;9006;3486;1132;427
2021.12_13-10-2022;Волгоградская область;105_165_days;SputnikV;1209;204;35;3;305;168;48;16;1514;372;83;19;5491;1210;266;45;3515;2276;866;382;9006;3486;1132;427
2021.12_13-10-2022;Волгоградская область;165_195_days;AllVaccines;305;69;12;1;165;92;20;9;470;161;32;10;5491;1210;266;45;3515;2276;866;382;9006;3486;1132;427
2021.12_13-10-2022;Волгоградская область;165_195_days;CoviVac;11;2;0;0;4;2;1;0;15;4;1;0;5491;1210;266;45;3515;2276;866;382;9006;3486;1132;427
2021.12_13-10-2022;Волгоградская область;165_195_days;EpiVacCorona;17;7;2;0;18;12;5;4;35;19;7;4;5491;1210;266;45;3515;2276;866;382;9006;3486;1132;427
2021.12_13-10-2022;Волгоградская область;165_195_days;SputnikV;277;60;10;1;143;78;14;5;420;138;24;6;5491;1210;266;45;3515;2276;866;382;9006;3486;1132;427
2021.12_13-10-2022;Волгоградская область;21_45_days;AllVaccines;276;54;11;2;149;83;20;5;425;137;31;7;5491;1210;266;45;3515;2276;866;382;9006;3486;1132;427
2021.12_13-10-2022;Волгоградская область;21_45_days;CoviVac;5;1;0;0;2;0;0;0;7;1;0;0;5491;1210;266;45;3515;2276;866;382;9006;3486;1132;427
2021.12_13-10-2022;Волгоградская область;21_45_days;EpiVacCorona;8;4;0;0;6;4;2;1;14;8;2;1;5491;1210;266;45;3515;2276;866;382;9006;3486;1132;427
2021.12_13-10-2022;Волгоградская область;21_45_days;SputnikLite;70;13;1;0;42;23;2;0;112;36;3;0;5491;1210;266;45;3515;2276;866;382;9006;3486;1132;427
2021.12_13-10-2022;Волгоградская область;21_45_days;SputnikV;193;36;10;2;99;56;16;4;292;92;26;6;5491;1210;266;45;3515;2276;866;382;9006;3486;1132;427
2021.12_13-10-2022;Волгоградская область;45_75_days;AllVaccines;249;45;11;2;152;79;22;8;401;124;33;10;5491;1210;266;45;3515;2276;866;382;9006;3486;1132;427
2021.12_13-10-2022;Волгоградская область;45_75_days;CoviVac;8;3;1;0;0;0;0;0;8;3;1;0;5491;1210;266;45;3515;2276;866;382;9006;3486;1132;427
2021.12_13-10-2022;Волгоградская область;45_75_days;EpiVacCorona;6;1;1;0;0;0;0;0;6;1;1;0;5491;1210;266;45;3515;2276;866;382;9006;3486;1132;427
2021.12_13-10-2022;Волгоградская область;45_75_days;SputnikLite;155;26;5;1;105;51;14;3;260;77;19;4;5491;1210;266;45;3515;2276;866;382;9006;3486;1132;427
2021.12_13-10-2022;Волгоградская область;45_75_days;SputnikV;80;15;4;1;47;28;8;5;127;43;12;6;5491;1210;266;45;3515;2276;866;382;9006;3486;1132;427
2021.12_13-10-2022;Волгоградская область;75_90_days;AllVaccines;129;32;4;1;60;29;7;1;189;61;11;2;5491;1210;266;45;3515;2276;866;382;9006;3486;1132;427
2021.12_13-10-2022;Волгоградская область;75_90_days;CoviVac;5;1;0;0;0;0;0;0;5;1;0;0;5491;1210;266;45;3515;2276;866;382;9006;3486;1132;427
2021.12_13-10-2022;Волгоградская область;75_90_days;EpiVacCorona;5;3;0;0;4;3;0;0;9;6;0;0;5491;1210;266;45;3515;2276;866;382;9006;3486;1132;427
2021.12_13-10-2022;Волгоградская область;75_90_days;SputnikLite;36;11;2;0;25;11;3;0;61;22;5;0;5491;1210;266;45;3515;2276;866;382;9006;3486;1132;427
2021.12_13-10-2022;Волгоградская область;75_90_days;SputnikV;83;17;2;1;31;15;4;1;114;32;6;2;5491;1210;266;45;3515;2276;866;382;9006;3486;1132;427
2021.12_13-10-2022;Волгоградская область;90_105_days;AllVaccines;273;48;10;1;84;42;17;4;357;90;27;5;5491;1210;266;45;3515;2276;866;382;9006;3486;1132;427
2021.12_13-10-2022;Волгоградская область;90_105_days;CoviVac;10;0;0;0;0;0;0;0;10;0;0;0;5491;1210;266;45;3515;2276;866;382;9006;3486;1132;427
2021.12_13-10-2022;Волгоградская область;90_105_days;EpiVacCorona;7;3;3;0;4;1;0;0;11;4;3;0;5491;1210;266;45;3515;2276;866;382;9006;3486;1132;427
2021.12_13-10-2022;Волгоградская область;90_105_days;SputnikLite;60;9;1;0;29;14;10;0;89;23;11;0;5491;1210;266;45;3515;2276;866;382;9006;3486;1132;427
2021.12_13-10-2022;Волгоградская область;90_105_days;SputnikV;196;36;6;1;51;27;7;4;247;63;13;5;5491;1210;266;45;3515;2276;866;382;9006;3486;1132;427
2021.12_13-10-2022;Вологодская область;105_165_days;AllVaccines;602;44;4;1;177;52;10;4;779;96;14;5;4655;587;96;36;2676;1211;411;269;7331;1798;507;305
2021.12_13-10-2022;Вологодская область;105_165_days;CoviVac;3;0;0;0;1;0;0;0;4;0;0;0;4655;587;96;36;2676;1211;411;269;7331;1798;507;305
2021.12_13-10-2022;Вологодская область;105_165_days;EpiVacCorona;3;1;0;0;3;2;2;0;6;3;2;0;4655;587;96;36;2676;1211;411;269;7331;1798;507;305
2021.12_13-10-2022;Вологодская область;105_165_days;SputnikLite;157;13;1;1;17;4;2;1;174;17;3;2;4655;587;96;36;2676;1211;411;269;7331;1798;507;305
2021.12_13-10-2022;Вологодская область;105_165_days;SputnikV;439;30;3;0;156;46;6;3;595;76;9;3;4655;587;96;36;2676;1211;411;269;7331;1798;507;305
2021.12_13-10-2022;Вологодская область;165_195_days;AllVaccines;127;10;2;0;146;54;14;8;273;64;16;8;4655;587;96;36;2676;1211;411;269;7331;1798;507;305
2021.12_13-10-2022;Вологодская область;165_195_days;CoviVac;4;0;0;0;1;0;0;0;5;0;0;0;4655;587;96;36;2676;1211;411;269;7331;1798;507;305
2021.12_13-10-2022;Вологодская область;165_195_days;EpiVacCorona;5;1;0;0;10;5;3;2;15;6;3;2;4655;587;96;36;2676;1211;411;269;7331;1798;507;305
2021.12_13-10-2022;Вологодская область;165_195_days;SputnikV;118;9;2;0;135;49;11;6;253;58;13;6;4655;587;96;36;2676;1211;411;269;7331;1798;507;305
2021.12_13-10-2022;Вологодская область;21_45_days;AllVaccines;96;4;1;1;90;22;7;4;186;26;8;5;4655;587;96;36;2676;1211;411;269;7331;1798;507;305
2021.12_13-10-2022;Вологодская область;21_45_days;CoviVac;6;1;0;0;2;1;0;0;8;2;0;0;4655;587;96;36;2676;1211;411;269;7331;1798;507;305
2021.12_13-10-2022;Вологодская область;21_45_days;EpiVacCorona;8;0;0;0;4;2;0;0;12;2;0;0;4655;587;96;36;2676;1211;411;269;7331;1798;507;305
2021.12_13-10-2022;Вологодская область;21_45_days;SputnikLite;41;0;0;0;32;7;3;1;73;7;3;1;4655;587;96;36;2676;1211;411;269;7331;1798;507;305
2021.12_13-10-2022;Вологодская область;21_45_days;SputnikV;41;3;1;1;52;12;4;3;93;15;5;4;4655;587;96;36;2676;1211;411;269;7331;1798;507;305
2021.12_13-10-2022;Вологодская область;45_75_days;AllVaccines;251;23;2;0;98;28;6;3;349;51;8;3;4655;587;96;36;2676;1211;411;269;7331;1798;507;305
2021.12_13-10-2022;Вологодская область;45_75_days;CoviVac;2;0;0;0;0;0;0;0;2;0;0;0;4655;587;96;36;2676;1211;411;269;7331;1798;507;305
2021.12_13-10-2022;Вологодская область;45_75_days;EpiVacCorona;5;0;0;0;0;0;0;0;5;0;0;0;4655;587;96;36;2676;1211;411;269;7331;1798;507;305
2021.12_13-10-2022;Вологодская область;45_75_days;SputnikLite;230;23;2;0;82;26;5;3;312;49;7;3;4655;587;96;36;2676;1211;411;269;7331;1798;507;305
2021.12_13-10-2022;Вологодская область;45_75_days;SputnikV;14;0;0;0;16;2;1;0;30;2;1;0;4655;587;96;36;2676;1211;411;269;7331;1798;507;305
2021.12_13-10-2022;Вологодская область;75_90_days;AllVaccines;51;5;1;0;23;10;1;0;74;15;2;0;4655;587;96;36;2676;1211;411;269;7331;1798;507;305
2021.12_13-10-2022;Вологодская область;75_90_days;EpiVacCorona;1;0;0;0;0;0;0;0;1;0;0;0;4655;587;96;36;2676;1211;411;269;7331;1798;507;305
2021.12_13-10-2022;Вологодская область;75_90_days;SputnikLite;35;5;1;0;15;7;1;0;50;12;2;0;4655;587;96;36;2676;1211;411;269;7331;1798;507;305
2021.12_13-10-2022;Вологодская область;75_90_days;SputnikV;15;0;0;0;8;3;0;0;23;3;0;0;4655;587;96;36;2676;1211;411;269;7331;1798;507;305
2021.12_13-10-2022;Вологодская область;90_105_days;AllVaccines;73;9;2;0;37;12;1;0;110;21;3;0;4655;587;96;36;2676;1211;411;269;7331;1798;507;305
2021.12_13-10-2022;Вологодская область;90_105_days;EpiVacCorona;1;1;1;0;1;1;0;0;2;2;1;0;4655;587;96;36;2676;1211;411;269;7331;1798;507;305
2021.12_13-10-2022;Вологодская область;90_105_days;SputnikLite;39;3;1;0;14;5;0;0;53;8;1;0;4655;587;96;36;2676;1211;411;269;7331;1798;507;305
2021.12_13-10-2022;Вологодская область;90_105_days;SputnikV;33;5;0;0;22;6;1;0;55;11;1;0;4655;587;96;36;2676;1211;411;269;7331;1798;507;305
2021.12_13-10-2022;Воронежская область;105_165_days;AllVaccines;1249;145;19;4;318;136;24;10;1567;281;43;14;6565;1163;148;44;4007;2226;607;427;10572;3389;755;471
2021.12_13-10-2022;Воронежская область;105_165_days;CoviVac;39;11;2;1;11;7;0;0;50;18;2;1;6565;1163;148;44;4007;2226;607;427;10572;3389;755;471
2021.12_13-10-2022;Воронежская область;105_165_days;EpiVacCorona;44;8;0;0;19;11;3;2;63;19;3;2;6565;1163;148;44;4007;2226;607;427;10572;3389;755;471
2021.12_13-10-2022;Воронежская область;105_165_days;SputnikLite;142;14;3;0;31;12;3;1;173;26;6;1;6565;1163;148;44;4007;2226;607;427;10572;3389;755;471
2021.12_13-10-2022;Воронежская область;105_165_days;SputnikV;1024;112;14;3;257;106;18;7;1281;218;32;10;6565;1163;148;44;4007;2226;607;427;10572;3389;755;471
2021.12_13-10-2022;Воронежская область;165_195_days;AllVaccines;304;47;7;1;175;93;11;8;479;140;18;9;6565;1163;148;44;4007;2226;607;427;10572;3389;755;471
2021.12_13-10-2022;Воронежская область;165_195_days;CoviVac;1;0;0;0;0;0;0;0;1;0;0;0;6565;1163;148;44;4007;2226;607;427;10572;3389;755;471
2021.12_13-10-2022;Воронежская область;165_195_days;EpiVacCorona;37;5;1;0;41;29;5;3;78;34;6;3;6565;1163;148;44;4007;2226;607;427;10572;3389;755;471
2021.12_13-10-2022;Воронежская область;165_195_days;SputnikV;266;42;6;1;134;64;6;5;400;106;12;6;6565;1163;148;44;4007;2226;607;427;10572;3389;755;471
2021.12_13-10-2022;Воронежская область;21_45_days;AllVaccines;534;88;11;3;181;69;10;8;715;157;21;11;6565;1163;148;44;4007;2226;607;427;10572;3389;755;471
2021.12_13-10-2022;Воронежская область;21_45_days;CoviVac;7;2;0;0;3;2;0;0;10;4;0;0;6565;1163;148;44;4007;2226;607;427;10572;3389;755;471
2021.12_13-10-2022;Воронежская область;21_45_days;EpiVacCorona;16;6;1;0;10;6;2;2;26;12;3;2;6565;1163;148;44;4007;2226;607;427;10572;3389;755;471
2021.12_13-10-2022;Воронежская область;21_45_days;SputnikLite;99;18;3;0;60;30;5;4;159;48;8;4;6565;1163;148;44;4007;2226;607;427;10572;3389;755;471
2021.12_13-10-2022;Воронежская область;21_45_days;SputnikV;412;62;7;3;108;31;3;2;520;93;10;5;6565;1163;148;44;4007;2226;607;427;10572;3389;755;471
2021.12_13-10-2022;Воронежская область;45_75_days;AllVaccines;384;55;6;2;178;72;15;12;562;127;21;14;6565;1163;148;44;4007;2226;607;427;10572;3389;755;471
2021.12_13-10-2022;Воронежская область;45_75_days;CoviVac;11;1;0;0;5;2;1;1;16;3;1;1;6565;1163;148;44;4007;2226;607;427;10572;3389;755;471
2021.12_13-10-2022;Воронежская область;45_75_days;EpiVacCorona;6;2;1;0;2;2;1;1;8;4;2;1;6565;1163;148;44;4007;2226;607;427;10572;3389;755;471
2021.12_13-10-2022;Воронежская область;45_75_days;SputnikLite;250;34;3;2;109;37;4;3;359;71;7;5;6565;1163;148;44;4007;2226;607;427;10572;3389;755;471
2021.12_13-10-2022;Воронежская область;45_75_days;SputnikV;117;18;2;0;62;31;9;7;179;49;11;7;6565;1163;148;44;4007;2226;607;427;10572;3389;755;471
2021.12_13-10-2022;Воронежская область;75_90_days;AllVaccines;103;9;1;1;69;29;5;2;172;38;6;3;6565;1163;148;44;4007;2226;607;427;10572;3389;755;471
2021.12_13-10-2022;Воронежская область;75_90_days;CoviVac;3;0;0;0;1;0;0;0;4;0;0;0;6565;1163;148;44;4007;2226;607;427;10572;3389;755;471
2021.12_13-10-2022;Воронежская область;75_90_days;SputnikLite;32;2;0;0;45;19;2;1;77;21;2;1;6565;1163;148;44;4007;2226;607;427;10572;3389;755;471
2021.12_13-10-2022;Воронежская область;75_90_days;SputnikV;68;7;1;1;23;10;3;1;91;17;4;2;6565;1163;148;44;4007;2226;607;427;10572;3389;755;471
2021.12_13-10-2022;Воронежская область;90_105_days;AllVaccines;193;27;1;1;84;32;5;4;277;59;6;5;6565;1163;148;44;4007;2226;607;427;10572;3389;755;471
2021.12_13-10-2022;Воронежская область;90_105_days;CoviVac;4;0;0;0;0;0;0;0;4;0;0;0;6565;1163;148;44;4007;2226;607;427;10572;3389;755;471
2021.12_13-10-2022;Воронежская область;90_105_days;EpiVacCorona;3;1;0;0;1;0;0;0;4;1;0;0;6565;1163;148;44;4007;2226;607;427;10572;3389;755;471
2021.12_13-10-2022;Воронежская область;90_105_days;SputnikLite;62;12;1;1;40;16;3;3;102;28;4;4;6565;1163;148;44;4007;2226;607;427;10572;3389;755;471
2021.12_13-10-2022;Воронежская область;90_105_days;SputnikV;124;14;0;0;43;16;2;1;167;30;2;1;6565;1163;148;44;4007;2226;607;427;10572;3389;755;471
2021.12_13-10-2022;Еврейская автономная область;105_165_days;AllVaccines;80;8;1;0;30;13;2;2;110;21;3;2;605;101;8;9;404;205;45;50;1009;306;53;59
2021.12_13-10-2022;Еврейская автономная область;105_165_days;CoviVac;13;1;0;0;0;0;0;0;13;1;0;0;605;101;8;9;404;205;45;50;1009;306;53;59
2021.12_13-10-2022;Еврейская автономная область;105_165_days;EpiVacCorona;18;2;0;0;7;6;1;1;25;8;1;1;605;101;8;9;404;205;45;50;1009;306;53;59
2021.12_13-10-2022;Еврейская автономная область;105_165_days;SputnikLite;1;0;0;0;1;0;0;0;2;0;0;0;605;101;8;9;404;205;45;50;1009;306;53;59
2021.12_13-10-2022;Еврейская автономная область;105_165_days;SputnikV;48;5;1;0;22;7;1;1;70;12;2;1;605;101;8;9;404;205;45;50;1009;306;53;59
2021.12_13-10-2022;Еврейская автономная область;165_195_days;AllVaccines;32;7;0;0;29;17;4;2;61;24;4;2;605;101;8;9;404;205;45;50;1009;306;53;59
2021.12_13-10-2022;Еврейская автономная область;165_195_days;EpiVacCorona;23;6;0;0;17;12;3;2;40;18;3;2;605;101;8;9;404;205;45;50;1009;306;53;59
2021.12_13-10-2022;Еврейская автономная область;165_195_days;SputnikV;9;1;0;0;12;5;1;0;21;6;1;0;605;101;8;9;404;205;45;50;1009;306;53;59
2021.12_13-10-2022;Еврейская автономная область;21_45_days;AllVaccines;26;5;0;0;10;4;2;2;36;9;2;2;605;101;8;9;404;205;45;50;1009;306;53;59
2021.12_13-10-2022;Еврейская автономная область;21_45_days;EpiVacCorona;4;0;0;0;2;2;0;0;6;2;0;0;605;101;8;9;404;205;45;50;1009;306;53;59
2021.12_13-10-2022;Еврейская автономная область;21_45_days;SputnikLite;6;0;0;0;2;0;0;0;8;0;0;0;605;101;8;9;404;205;45;50;1009;306;53;59
2021.12_13-10-2022;Еврейская автономная область;21_45_days;SputnikV;16;5;0;0;6;2;2;2;22;7;2;2;605;101;8;9;404;205;45;50;1009;306;53;59
2021.12_13-10-2022;Еврейская автономная область;45_75_days;AllVaccines;13;0;0;0;6;3;1;0;19;3;1;0;605;101;8;9;404;205;45;50;1009;306;53;59
2021.12_13-10-2022;Еврейская автономная область;45_75_days;EpiVacCorona;1;0;0;0;0;0;0;0;1;0;0;0;605;101;8;9;404;205;45;50;1009;306;53;59
2021.12_13-10-2022;Еврейская автономная область;45_75_days;SputnikLite;9;0;0;0;6;3;1;0;15;3;1;0;605;101;8;9;404;205;45;50;1009;306;53;59
2021.12_13-10-2022;Еврейская автономная область;45_75_days;SputnikV;3;0;0;0;0;0;0;0;3;0;0;0;605;101;8;9;404;205;45;50;1009;306;53;59
2021.12_13-10-2022;Еврейская автономная область;75_90_days;AllVaccines;6;0;0;0;6;3;0;0;12;3;0;0;605;101;8;9;404;205;45;50;1009;306;53;59
2021.12_13-10-2022;Еврейская автономная область;75_90_days;SputnikLite;1;0;0;0;3;1;0;0;4;1;0;0;605;101;8;9;404;205;45;50;1009;306;53;59
2021.12_13-10-2022;Еврейская автономная область;75_90_days;SputnikV;5;0;0;0;3;2;0;0;8;2;0;0;605;101;8;9;404;205;45;50;1009;306;53;59
2021.12_13-10-2022;Еврейская автономная область;90_105_days;AllVaccines;7;2;0;0;4;1;0;0;11;3;0;0;605;101;8;9;404;205;45;50;1009;306;53;59
2021.12_13-10-2022;Еврейская автономная область;90_105_days;SputnikLite;2;0;0;0;3;0;0;0;5;0;0;0;605;101;8;9;404;205;45;50;1009;306;53;59
2021.12_13-10-2022;Еврейская автономная область;90_105_days;SputnikV;5;2;0;0;1;1;0;0;6;3;0;0;605;101;8;9;404;205;45;50;1009;306;53;59
2021.12_13-10-2022;Забайкальский край;105_165_days;AllVaccines;868;110;4;0;195;105;16;9;1063;215;20;9;5046;1057;102;26;2275;1444;351;183;7321;2501;453;209
2021.12_13-10-2022;Забайкальский край;105_165_days;CoviVac;25;7;0;0;1;1;1;1;26;8;1;1;5046;1057;102;26;2275;1444;351;183;7321;2501;453;209
2021.12_13-10-2022;Забайкальский край;105_165_days;EpiVacCorona;27;3;0;0;8;3;0;0;35;6;0;0;5046;1057;102;26;2275;1444;351;183;7321;2501;453;209
2021.12_13-10-2022;Забайкальский край;105_165_days;SputnikLite;150;14;2;0;10;6;1;0;160;20;3;0;5046;1057;102;26;2275;1444;351;183;7321;2501;453;209
2021.12_13-10-2022;Забайкальский край;105_165_days;SputnikV;666;86;2;0;176;95;14;8;842;181;16;8;5046;1057;102;26;2275;1444;351;183;7321;2501;453;209
2021.12_13-10-2022;Забайкальский край;165_195_days;AllVaccines;239;29;3;1;112;61;6;3;351;90;9;4;5046;1057;102;26;2275;1444;351;183;7321;2501;453;209
2021.12_13-10-2022;Забайкальский край;165_195_days;CoviVac;8;3;1;0;0;0;0;0;8;3;1;0;5046;1057;102;26;2275;1444;351;183;7321;2501;453;209
2021.12_13-10-2022;Забайкальский край;165_195_days;EpiVacCorona;10;1;0;0;4;3;1;1;14;4;1;1;5046;1057;102;26;2275;1444;351;183;7321;2501;453;209
2021.12_13-10-2022;Забайкальский край;165_195_days;SputnikV;221;25;2;1;108;58;5;2;329;83;7;3;5046;1057;102;26;2275;1444;351;183;7321;2501;453;209
2021.12_13-10-2022;Забайкальский край;21_45_days;AllVaccines;222;41;3;1;119;50;8;5;341;91;11;6;5046;1057;102;26;2275;1444;351;183;7321;2501;453;209
2021.12_13-10-2022;Забайкальский край;21_45_days;CoviVac;6;0;0;0;2;1;0;0;8;1;0;0;5046;1057;102;26;2275;1444;351;183;7321;2501;453;209
2021.12_13-10-2022;Забайкальский край;21_45_days;EpiVacCorona;15;7;0;0;6;3;2;2;21;10;2;2;5046;1057;102;26;2275;1444;351;183;7321;2501;453;209
2021.12_13-10-2022;Забайкальский край;21_45_days;SputnikLite;130;21;3;1;61;21;2;1;191;42;5;2;5046;1057;102;26;2275;1444;351;183;7321;2501;453;209
2021.12_13-10-2022;Забайкальский край;21_45_days;SputnikV;71;13;0;0;50;25;4;2;121;38;4;2;5046;1057;102;26;2275;1444;351;183;7321;2501;453;209
2021.12_13-10-2022;Забайкальский край;45_75_days;AllVaccines;208;31;4;0;87;46;7;3;295;77;11;3;5046;1057;102;26;2275;1444;351;183;7321;2501;453;209
2021.12_13-10-2022;Забайкальский край;45_75_days;CoviVac;6;1;0;0;0;0;0;0;6;1;0;0;5046;1057;102;26;2275;1444;351;183;7321;2501;453;209
2021.12_13-10-2022;Забайкальский край;45_75_days;SputnikLite;166;27;4;0;74;39;7;3;240;66;11;3;5046;1057;102;26;2275;1444;351;183;7321;2501;453;209
2021.12_13-10-2022;Забайкальский край;45_75_days;SputnikV;36;3;0;0;13;7;0;0;49;10;0;0;5046;1057;102;26;2275;1444;351;183;7321;2501;453;209
2021.12_13-10-2022;Забайкальский край;75_90_days;AllVaccines;68;19;1;1;37;21;3;0;105;40;4;1;5046;1057;102;26;2275;1444;351;183;7321;2501;453;209
2021.12_13-10-2022;Забайкальский край;75_90_days;CoviVac;1;1;0;0;0;0;0;0;1;1;0;0;5046;1057;102;26;2275;1444;351;183;7321;2501;453;209
2021.12_13-10-2022;Забайкальский край;75_90_days;SputnikLite;40;13;0;0;16;8;1;0;56;21;1;0;5046;1057;102;26;2275;1444;351;183;7321;2501;453;209
2021.12_13-10-2022;Забайкальский край;75_90_days;SputnikV;27;5;1;1;21;13;2;0;48;18;3;1;5046;1057;102;26;2275;1444;351;183;7321;2501;453;209
2021.12_13-10-2022;Забайкальский край;90_105_days;AllVaccines;155;21;2;0;35;14;3;1;190;35;5;1;5046;1057;102;26;2275;1444;351;183;7321;2501;453;209
2021.12_13-10-2022;Забайкальский край;90_105_days;CoviVac;1;0;0;0;0;0;0;0;1;0;0;0;5046;1057;102;26;2275;1444;351;183;7321;2501;453;209
2021.12_13-10-2022;Забайкальский край;90_105_days;EpiVacCorona;2;1;1;0;0;0;0;0;2;1;1;0;5046;1057;102;26;2275;1444;351;183;7321;2501;453;209
2021.12_13-10-2022;Забайкальский край;90_105_days;SputnikLite;78;9;0;0;16;6;1;0;94;15;1;0;5046;1057;102;26;2275;1444;351;183;7321;2501;453;209
2021.12_13-10-2022;Забайкальский край;90_105_days;SputnikV;74;11;1;0;19;8;2;1;93;19;3;1;5046;1057;102;26;2275;1444;351;183;7321;2501;453;209
2021.12_13-10-2022;Ивановская область;105_165_days;AllVaccines;863;87;6;3;178;52;10;6;1041;139;16;9;3526;473;49;33;2206;1109;276;282;5732;1582;325;315
2021.12_13-10-2022;Ивановская область;105_165_days;CoviVac;28;7;1;1;3;1;0;0;31;8;1;1;3526;473;49;33;2206;1109;276;282;5732;1582;325;315
2021.12_13-10-2022;Ивановская область;105_165_days;EpiVacCorona;4;1;0;0;4;2;0;0;8;3;0;0;3526;473;49;33;2206;1109;276;282;5732;1582;325;315
2021.12_13-10-2022;Ивановская область;105_165_days;SputnikLite;56;8;1;0;10;3;1;1;66;11;2;1;3526;473;49;33;2206;1109;276;282;5732;1582;325;315
2021.12_13-10-2022;Ивановская область;105_165_days;SputnikV;775;71;4;2;161;46;9;5;936;117;13;7;3526;473;49;33;2206;1109;276;282;5732;1582;325;315
2021.12_13-10-2022;Ивановская область;165_195_days;AllVaccines;91;13;0;0;85;35;9;6;176;48;9;6;3526;473;49;33;2206;1109;276;282;5732;1582;325;315
2021.12_13-10-2022;Ивановская область;165_195_days;CoviVac;10;4;0;0;1;0;0;0;11;4;0;0;3526;473;49;33;2206;1109;276;282;5732;1582;325;315
2021.12_13-10-2022;Ивановская область;165_195_days;EpiVacCorona;1;1;0;0;14;7;1;1;15;8;1;1;3526;473;49;33;2206;1109;276;282;5732;1582;325;315
2021.12_13-10-2022;Ивановская область;165_195_days;SputnikV;80;8;0;0;70;28;8;5;150;36;8;5;3526;473;49;33;2206;1109;276;282;5732;1582;325;315
2021.12_13-10-2022;Ивановская область;21_45_days;AllVaccines;130;17;1;1;81;29;4;5;211;46;5;6;3526;473;49;33;2206;1109;276;282;5732;1582;325;315
2021.12_13-10-2022;Ивановская область;21_45_days;CoviVac;3;0;0;0;0;0;0;0;3;0;0;0;3526;473;49;33;2206;1109;276;282;5732;1582;325;315
2021.12_13-10-2022;Ивановская область;21_45_days;EpiVacCorona;1;0;0;0;2;0;0;0;3;0;0;0;3526;473;49;33;2206;1109;276;282;5732;1582;325;315
2021.12_13-10-2022;Ивановская область;21_45_days;SputnikLite;81;11;0;0;47;15;2;2;128;26;2;2;3526;473;49;33;2206;1109;276;282;5732;1582;325;315
2021.12_13-10-2022;Ивановская область;21_45_days;SputnikV;45;6;1;1;32;14;2;3;77;20;3;4;3526;473;49;33;2206;1109;276;282;5732;1582;325;315
2021.12_13-10-2022;Ивановская область;45_75_days;AllVaccines;127;15;1;0;70;24;2;2;197;39;3;2;3526;473;49;33;2206;1109;276;282;5732;1582;325;315
2021.12_13-10-2022;Ивановская область;45_75_days;CoviVac;1;0;0;0;0;0;0;0;1;0;0;0;3526;473;49;33;2206;1109;276;282;5732;1582;325;315
2021.12_13-10-2022;Ивановская область;45_75_days;EpiVacCorona;1;0;0;0;3;2;0;0;4;2;0;0;3526;473;49;33;2206;1109;276;282;5732;1582;325;315
2021.12_13-10-2022;Ивановская область;45_75_days;SputnikLite;100;12;1;0;44;16;0;1;144;28;1;1;3526;473;49;33;2206;1109;276;282;5732;1582;325;315
2021.12_13-10-2022;Ивановская область;45_75_days;SputnikV;25;3;0;0;23;6;2;1;48;9;2;1;3526;473;49;33;2206;1109;276;282;5732;1582;325;315
2021.12_13-10-2022;Ивановская область;75_90_days;AllVaccines;31;3;0;0;27;8;1;1;58;11;1;1;3526;473;49;33;2206;1109;276;282;5732;1582;325;315
2021.12_13-10-2022;Ивановская область;75_90_days;SputnikLite;15;3;0;0;24;7;1;1;39;10;1;1;3526;473;49;33;2206;1109;276;282;5732;1582;325;315
2021.12_13-10-2022;Ивановская область;75_90_days;SputnikV;16;0;0;0;3;1;0;0;19;1;0;0;3526;473;49;33;2206;1109;276;282;5732;1582;325;315
2021.12_13-10-2022;Ивановская область;90_105_days;AllVaccines;60;10;1;1;20;5;0;0;80;15;1;1;3526;473;49;33;2206;1109;276;282;5732;1582;325;315
2021.12_13-10-2022;Ивановская область;90_105_days;SputnikLite;22;1;0;0;10;4;0;0;32;5;0;0;3526;473;49;33;2206;1109;276;282;5732;1582;325;315
2021.12_13-10-2022;Ивановская область;90_105_days;SputnikV;38;9;1;1;10;1;0;0;48;10;1;1;3526;473;49;33;2206;1109;276;282;5732;1582;325;315
2021.12_13-10-2022;Иркутская область;105_165_days;AllVaccines;2004;175;26;7;628;270;47;34;2632;445;73;41;15844;2078;233;90;7317;4008;852;735;23161;6086;1085;825
2021.12_13-10-2022;Иркутская область;105_165_days;CoviVac;45;11;1;0;13;6;1;0;58;17;2;0;15844;2078;233;90;7317;4008;852;735;23161;6086;1085;825
2021.12_13-10-2022;Иркутская область;105_165_days;EpiVacCorona;100;16;2;0;38;22;8;6;138;38;10;6;15844;2078;233;90;7317;4008;852;735;23161;6086;1085;825
2021.12_13-10-2022;Иркутская область;105_165_days;SputnikLite;89;10;1;0;39;17;4;2;128;27;5;2;15844;2078;233;90;7317;4008;852;735;23161;6086;1085;825
2021.12_13-10-2022;Иркутская область;105_165_days;SputnikV;1770;138;22;7;538;225;34;26;2308;363;56;33;15844;2078;233;90;7317;4008;852;735;23161;6086;1085;825
2021.12_13-10-2022;Иркутская область;165_195_days;AllVaccines;571;67;12;2;371;171;17;10;942;238;29;12;15844;2078;233;90;7317;4008;852;735;23161;6086;1085;825
2021.12_13-10-2022;Иркутская область;165_195_days;CoviVac;8;1;1;0;3;0;0;0;11;1;1;0;15844;2078;233;90;7317;4008;852;735;23161;6086;1085;825
2021.12_13-10-2022;Иркутская область;165_195_days;EpiVacCorona;60;15;2;0;39;21;3;2;99;36;5;2;15844;2078;233;90;7317;4008;852;735;23161;6086;1085;825
2021.12_13-10-2022;Иркутская область;165_195_days;SputnikV;503;51;9;2;329;150;14;8;832;201;23;10;15844;2078;233;90;7317;4008;852;735;23161;6086;1085;825
2021.12_13-10-2022;Иркутская область;21_45_days;AllVaccines;650;72;9;1;278;131;15;8;928;203;24;9;15844;2078;233;90;7317;4008;852;735;23161;6086;1085;825
2021.12_13-10-2022;Иркутская область;21_45_days;CoviVac;13;2;0;0;5;2;1;0;18;4;1;0;15844;2078;233;90;7317;4008;852;735;23161;6086;1085;825
2021.12_13-10-2022;Иркутская область;21_45_days;EpiVacCorona;33;4;1;0;10;6;1;0;43;10;2;0;15844;2078;233;90;7317;4008;852;735;23161;6086;1085;825
2021.12_13-10-2022;Иркутская область;21_45_days;SputnikLite;154;14;3;0;130;56;3;3;284;70;6;3;15844;2078;233;90;7317;4008;852;735;23161;6086;1085;825
2021.12_13-10-2022;Иркутская область;21_45_days;SputnikV;450;52;5;1;133;67;10;5;583;119;15;6;15844;2078;233;90;7317;4008;852;735;23161;6086;1085;825
2021.12_13-10-2022;Иркутская область;45_75_days;AllVaccines;483;53;5;1;236;81;9;8;719;134;14;9;15844;2078;233;90;7317;4008;852;735;23161;6086;1085;825
2021.12_13-10-2022;Иркутская область;45_75_days;CoviVac;13;2;2;0;6;2;0;0;19;4;2;0;15844;2078;233;90;7317;4008;852;735;23161;6086;1085;825
2021.12_13-10-2022;Иркутская область;45_75_days;EpiVacCorona;11;1;0;0;10;8;3;2;21;9;3;2;15844;2078;233;90;7317;4008;852;735;23161;6086;1085;825
2021.12_13-10-2022;Иркутская область;45_75_days;SputnikLite;237;31;2;1;160;48;4;4;397;79;6;5;15844;2078;233;90;7317;4008;852;735;23161;6086;1085;825
2021.12_13-10-2022;Иркутская область;45_75_days;SputnikV;222;19;1;0;60;23;2;2;282;42;3;2;15844;2078;233;90;7317;4008;852;735;23161;6086;1085;825
2021.12_13-10-2022;Иркутская область;75_90_days;AllVaccines;209;28;2;2;101;45;7;4;310;73;9;6;15844;2078;233;90;7317;4008;852;735;23161;6086;1085;825
2021.12_13-10-2022;Иркутская область;75_90_days;CoviVac;7;2;0;0;3;3;0;1;10;5;0;1;15844;2078;233;90;7317;4008;852;735;23161;6086;1085;825
2021.12_13-10-2022;Иркутская область;75_90_days;EpiVacCorona;5;1;0;0;4;2;0;0;9;3;0;0;15844;2078;233;90;7317;4008;852;735;23161;6086;1085;825
2021.12_13-10-2022;Иркутская область;75_90_days;SputnikLite;64;8;0;0;42;11;2;1;106;19;2;1;15844;2078;233;90;7317;4008;852;735;23161;6086;1085;825
2021.12_13-10-2022;Иркутская область;75_90_days;SputnikV;133;17;2;2;52;29;5;2;185;46;7;4;15844;2078;233;90;7317;4008;852;735;23161;6086;1085;825
2021.12_13-10-2022;Иркутская область;90_105_days;AllVaccines;328;33;4;0;113;58;10;4;441;91;14;4;15844;2078;233;90;7317;4008;852;735;23161;6086;1085;825
2021.12_13-10-2022;Иркутская область;90_105_days;CoviVac;9;1;0;0;4;3;0;0;13;4;0;0;15844;2078;233;90;7317;4008;852;735;23161;6086;1085;825
2021.12_13-10-2022;Иркутская область;90_105_days;EpiVacCorona;37;11;1;0;18;10;5;3;55;21;6;3;15844;2078;233;90;7317;4008;852;735;23161;6086;1085;825
2021.12_13-10-2022;Иркутская область;90_105_days;SputnikLite;56;4;0;0;34;19;2;0;90;23;2;0;15844;2078;233;90;7317;4008;852;735;23161;6086;1085;825
2021.12_13-10-2022;Иркутская область;90_105_days;SputnikV;226;17;3;0;57;26;3;1;283;43;6;1;15844;2078;233;90;7317;4008;852;735;23161;6086;1085;825
2021.12_13-10-2022;Кабардино-Балкарская Республика;105_165_days;AllVaccines;571;83;27;2;206;70;31;3;777;153;58;5;2858;619;189;24;1729;930;476;159;4587;1549;665;183
2021.12_13-10-2022;Кабардино-Балкарская Республика;105_165_days;CoviVac;7;1;0;0;1;1;0;0;8;2;0;0;2858;619;189;24;1729;930;476;159;4587;1549;665;183
2021.12_13-10-2022;Кабардино-Балкарская Республика;105_165_days;EpiVacCorona;17;8;1;0;7;3;2;1;24;11;3;1;2858;619;189;24;1729;930;476;159;4587;1549;665;183
2021.12_13-10-2022;Кабардино-Балкарская Республика;105_165_days;SputnikLite;77;11;4;1;27;14;5;0;104;25;9;1;2858;619;189;24;1729;930;476;159;4587;1549;665;183
2021.12_13-10-2022;Кабардино-Балкарская Республика;105_165_days;SputnikV;470;63;22;1;171;52;24;2;641;115;46;3;2858;619;189;24;1729;930;476;159;4587;1549;665;183
2021.12_13-10-2022;Кабардино-Балкарская Республика;165_195_days;AllVaccines;73;15;5;1;54;26;12;5;127;41;17;6;2858;619;189;24;1729;930;476;159;4587;1549;665;183
2021.12_13-10-2022;Кабардино-Балкарская Республика;165_195_days;CoviVac;18;1;0;0;10;6;1;0;28;7;1;0;2858;619;189;24;1729;930;476;159;4587;1549;665;183
2021.12_13-10-2022;Кабардино-Балкарская Республика;165_195_days;EpiVacCorona;14;6;3;0;17;8;6;3;31;14;9;3;2858;619;189;24;1729;930;476;159;4587;1549;665;183
2021.12_13-10-2022;Кабардино-Балкарская Республика;165_195_days;SputnikV;41;8;2;1;27;12;5;2;68;20;7;3;2858;619;189;24;1729;930;476;159;4587;1549;665;183
2021.12_13-10-2022;Кабардино-Балкарская Республика;21_45_days;AllVaccines;152;36;11;1;64;34;16;5;216;70;27;6;2858;619;189;24;1729;930;476;159;4587;1549;665;183
2021.12_13-10-2022;Кабардино-Балкарская Республика;21_45_days;CoviVac;3;1;1;0;0;0;0;0;3;1;1;0;2858;619;189;24;1729;930;476;159;4587;1549;665;183
2021.12_13-10-2022;Кабардино-Балкарская Республика;21_45_days;EpiVacCorona;7;1;1;0;0;0;0;0;7;1;1;0;2858;619;189;24;1729;930;476;159;4587;1549;665;183
2021.12_13-10-2022;Кабардино-Балкарская Республика;21_45_days;SputnikLite;107;24;8;1;44;27;12;3;151;51;20;4;2858;619;189;24;1729;930;476;159;4587;1549;665;183
2021.12_13-10-2022;Кабардино-Балкарская Республика;21_45_days;SputnikV;35;10;1;0;20;7;4;2;55;17;5;2;2858;619;189;24;1729;930;476;159;4587;1549;665;183
2021.12_13-10-2022;Кабардино-Балкарская Республика;45_75_days;AllVaccines;117;21;5;1;51;20;6;2;168;41;11;3;2858;619;189;24;1729;930;476;159;4587;1549;665;183
2021.12_13-10-2022;Кабардино-Балкарская Республика;45_75_days;CoviVac;2;1;0;0;2;1;0;0;4;2;0;0;2858;619;189;24;1729;930;476;159;4587;1549;665;183
2021.12_13-10-2022;Кабардино-Балкарская Республика;45_75_days;EpiVacCorona;1;0;0;0;0;0;0;0;1;0;0;0;2858;619;189;24;1729;930;476;159;4587;1549;665;183
2021.12_13-10-2022;Кабардино-Балкарская Республика;45_75_days;SputnikLite;89;17;4;1;35;16;5;2;124;33;9;3;2858;619;189;24;1729;930;476;159;4587;1549;665;183
2021.12_13-10-2022;Кабардино-Балкарская Республика;45_75_days;SputnikV;25;3;1;0;14;3;1;0;39;6;2;0;2858;619;189;24;1729;930;476;159;4587;1549;665;183
2021.12_13-10-2022;Кабардино-Балкарская Республика;75_90_days;AllVaccines;45;11;2;0;21;9;6;0;66;20;8;0;2858;619;189;24;1729;930;476;159;4587;1549;665;183
2021.12_13-10-2022;Кабардино-Балкарская Республика;75_90_days;CoviVac;1;1;0;0;0;0;0;0;1;1;0;0;2858;619;189;24;1729;930;476;159;4587;1549;665;183
2021.12_13-10-2022;Кабардино-Балкарская Республика;75_90_days;EpiVacCorona;0;0;0;0;1;1;0;0;1;1;0;0;2858;619;189;24;1729;930;476;159;4587;1549;665;183
2021.12_13-10-2022;Кабардино-Балкарская Республика;75_90_days;SputnikLite;25;5;0;0;11;4;4;0;36;9;4;0;2858;619;189;24;1729;930;476;159;4587;1549;665;183
2021.12_13-10-2022;Кабардино-Балкарская Республика;75_90_days;SputnikV;19;5;2;0;9;4;2;0;28;9;4;0;2858;619;189;24;1729;930;476;159;4587;1549;665;183
2021.12_13-10-2022;Кабардино-Балкарская Республика;90_105_days;AllVaccines;81;14;3;0;21;9;4;2;102;23;7;2;2858;619;189;24;1729;930;476;159;4587;1549;665;183
2021.12_13-10-2022;Кабардино-Балкарская Республика;90_105_days;CoviVac;1;0;0;0;2;0;0;0;3;0;0;0;2858;619;189;24;1729;930;476;159;4587;1549;665;183
2021.12_13-10-2022;Кабардино-Балкарская Республика;90_105_days;EpiVacCorona;1;0;0;0;0;0;0;0;1;0;0;0;2858;619;189;24;1729;930;476;159;4587;1549;665;183
2021.12_13-10-2022;Кабардино-Балкарская Республика;90_105_days;SputnikLite;20;3;0;0;6;4;2;0;26;7;2;0;2858;619;189;24;1729;930;476;159;4587;1549;665;183
2021.12_13-10-2022;Кабардино-Балкарская Республика;90_105_days;SputnikV;59;11;3;0;13;5;2;2;72;16;5;2;2858;619;189;24;1729;930;476;159;4587;1549;665;183
2021.12_13-10-2022;Калининградская область;105_165_days;AllVaccines;680;105;4;1;174;85;8;5;854;190;12;6;3623;757;61;28;1929;1175;337;257;5552;1932;398;285
2021.12_13-10-2022;Калининградская область;105_165_days;CoviVac;6;2;0;0;3;1;0;0;9;3;0;0;3623;757;61;28;1929;1175;337;257;5552;1932;398;285
2021.12_13-10-2022;Калининградская область;105_165_days;EpiVacCorona;53;14;1;1;19;10;1;0;72;24;2;1;3623;757;61;28;1929;1175;337;257;5552;1932;398;285
2021.12_13-10-2022;Калининградская область;105_165_days;SputnikLite;107;20;1;0;18;12;1;1;125;32;2;1;3623;757;61;28;1929;1175;337;257;5552;1932;398;285
2021.12_13-10-2022;Калининградская область;105_165_days;SputnikV;514;69;2;0;134;62;6;4;648;131;8;4;3623;757;61;28;1929;1175;337;257;5552;1932;398;285
2021.12_13-10-2022;Калининградская область;165_195_days;AllVaccines;98;16;0;0;89;50;9;5;187;66;9;5;3623;757;61;28;1929;1175;337;257;5552;1932;398;285
2021.12_13-10-2022;Калининградская область;165_195_days;CoviVac;2;0;0;0;1;0;0;0;3;0;0;0;3623;757;61;28;1929;1175;337;257;5552;1932;398;285
2021.12_13-10-2022;Калининградская область;165_195_days;EpiVacCorona;5;3;0;0;3;1;1;1;8;4;1;1;3623;757;61;28;1929;1175;337;257;5552;1932;398;285
2021.12_13-10-2022;Калининградская область;165_195_days;SputnikV;91;13;0;0;85;49;8;4;176;62;8;4;3623;757;61;28;1929;1175;337;257;5552;1932;398;285
2021.12_13-10-2022;Калининградская область;21_45_days;AllVaccines;173;33;2;0;76;35;4;1;249;68;6;1;3623;757;61;28;1929;1175;337;257;5552;1932;398;285
2021.12_13-10-2022;Калининградская область;21_45_days;CoviVac;4;3;0;0;4;3;0;0;8;6;0;0;3623;757;61;28;1929;1175;337;257;5552;1932;398;285
2021.12_13-10-2022;Калининградская область;21_45_days;EpiVacCorona;10;4;0;0;2;1;0;0;12;5;0;0;3623;757;61;28;1929;1175;337;257;5552;1932;398;285
2021.12_13-10-2022;Калининградская область;21_45_days;SputnikLite;27;4;1;0;25;15;2;1;52;19;3;1;3623;757;61;28;1929;1175;337;257;5552;1932;398;285
2021.12_13-10-2022;Калининградская область;21_45_days;SputnikV;132;22;1;0;45;16;2;0;177;38;3;0;3623;757;61;28;1929;1175;337;257;5552;1932;398;285
2021.12_13-10-2022;Калининградская область;45_75_days;AllVaccines;194;32;2;2;81;35;6;3;275;67;8;5;3623;757;61;28;1929;1175;337;257;5552;1932;398;285
2021.12_13-10-2022;Калининградская область;45_75_days;CoviVac;1;0;0;0;0;0;0;0;1;0;0;0;3623;757;61;28;1929;1175;337;257;5552;1932;398;285
2021.12_13-10-2022;Калининградская область;45_75_days;EpiVacCorona;0;0;0;0;4;3;0;0;4;3;0;0;3623;757;61;28;1929;1175;337;257;5552;1932;398;285
2021.12_13-10-2022;Калининградская область;45_75_days;SputnikLite;128;22;0;0;46;19;3;1;174;41;3;1;3623;757;61;28;1929;1175;337;257;5552;1932;398;285
2021.12_13-10-2022;Калининградская область;45_75_days;SputnikV;65;10;2;2;31;13;3;2;96;23;5;4;3623;757;61;28;1929;1175;337;257;5552;1932;398;285
2021.12_13-10-2022;Калининградская область;75_90_days;AllVaccines;48;7;0;0;35;14;2;1;83;21;2;1;3623;757;61;28;1929;1175;337;257;5552;1932;398;285
2021.12_13-10-2022;Калининградская область;75_90_days;CoviVac;1;0;0;0;1;0;0;0;2;0;0;0;3623;757;61;28;1929;1175;337;257;5552;1932;398;285
2021.12_13-10-2022;Калининградская область;75_90_days;EpiVacCorona;2;0;0;0;0;0;0;0;2;0;0;0;3623;757;61;28;1929;1175;337;257;5552;1932;398;285
2021.12_13-10-2022;Калининградская область;75_90_days;SputnikLite;22;2;0;0;17;10;2;1;39;12;2;1;3623;757;61;28;1929;1175;337;257;5552;1932;398;285
2021.12_13-10-2022;Калининградская область;75_90_days;SputnikV;23;5;0;0;17;4;0;0;40;9;0;0;3623;757;61;28;1929;1175;337;257;5552;1932;398;285
2021.12_13-10-2022;Калининградская область;90_105_days;AllVaccines;78;12;0;0;41;21;4;2;119;33;4;2;3623;757;61;28;1929;1175;337;257;5552;1932;398;285
2021.12_13-10-2022;Калининградская область;90_105_days;CoviVac;1;0;0;0;2;2;0;0;3;2;0;0;3623;757;61;28;1929;1175;337;257;5552;1932;398;285
2021.12_13-10-2022;Калининградская область;90_105_days;EpiVacCorona;6;1;0;0;0;0;0;0;6;1;0;0;3623;757;61;28;1929;1175;337;257;5552;1932;398;285
2021.12_13-10-2022;Калининградская область;90_105_days;SputnikLite;28;3;0;0;14;3;0;0;42;6;0;0;3623;757;61;28;1929;1175;337;257;5552;1932;398;285
2021.12_13-10-2022;Калининградская область;90_105_days;SputnikV;43;8;0;0;25;16;4;2;68;24;4;2;3623;757;61;28;1929;1175;337;257;5552;1932;398;285
2021.12_13-10-2022;Калужская область;105_165_days;AllVaccines;787;75;11;3;236;72;19;12;1023;147;30;15;4007;541;77;34;2611;1239;334;279;6618;1780;411;313
2021.12_13-10-2022;Калужская область;105_165_days;CoviVac;14;5;1;0;3;2;2;1;17;7;3;1;4007;541;77;34;2611;1239;334;279;6618;1780;411;313
2021.12_13-10-2022;Калужская область;105_165_days;EpiVacCorona;33;6;1;0;14;4;1;1;47;10;2;1;4007;541;77;34;2611;1239;334;279;6618;1780;411;313
2021.12_13-10-2022;Калужская область;105_165_days;SputnikLite;52;7;1;1;22;4;2;2;74;11;3;3;4007;541;77;34;2611;1239;334;279;6618;1780;411;313
2021.12_13-10-2022;Калужская область;105_165_days;SputnikV;688;57;8;2;197;62;14;8;885;119;22;10;4007;541;77;34;2611;1239;334;279;6618;1780;411;313
2021.12_13-10-2022;Калужская область;165_195_days;AllVaccines;114;13;1;0;91;23;8;4;205;36;9;4;4007;541;77;34;2611;1239;334;279;6618;1780;411;313
2021.12_13-10-2022;Калужская область;165_195_days;CoviVac;7;1;0;0;3;1;1;1;10;2;1;1;4007;541;77;34;2611;1239;334;279;6618;1780;411;313
2021.12_13-10-2022;Калужская область;165_195_days;EpiVacCorona;9;2;0;0;11;2;1;1;20;4;1;1;4007;541;77;34;2611;1239;334;279;6618;1780;411;313
2021.12_13-10-2022;Калужская область;165_195_days;SputnikV;98;10;1;0;77;20;6;2;175;30;7;2;4007;541;77;34;2611;1239;334;279;6618;1780;411;313
2021.12_13-10-2022;Калужская область;21_45_days;AllVaccines;211;24;2;1;76;26;5;3;287;50;7;4;4007;541;77;34;2611;1239;334;279;6618;1780;411;313
2021.12_13-10-2022;Калужская область;21_45_days;CoviVac;10;0;0;0;2;1;0;0;12;1;0;0;4007;541;77;34;2611;1239;334;279;6618;1780;411;313
2021.12_13-10-2022;Калужская область;21_45_days;EpiVacCorona;16;3;0;0;8;3;2;1;24;6;2;1;4007;541;77;34;2611;1239;334;279;6618;1780;411;313
2021.12_13-10-2022;Калужская область;21_45_days;SputnikLite;41;2;1;1;21;8;0;0;62;10;1;1;4007;541;77;34;2611;1239;334;279;6618;1780;411;313
2021.12_13-10-2022;Калужская область;21_45_days;SputnikV;144;19;1;0;45;14;3;2;189;33;4;2;4007;541;77;34;2611;1239;334;279;6618;1780;411;313
2021.12_13-10-2022;Калужская область;45_75_days;AllVaccines;189;14;0;0;85;31;9;5;274;45;9;5;4007;541;77;34;2611;1239;334;279;6618;1780;411;313
2021.12_13-10-2022;Калужская область;45_75_days;CoviVac;4;1;0;0;0;0;0;0;4;1;0;0;4007;541;77;34;2611;1239;334;279;6618;1780;411;313
2021.12_13-10-2022;Калужская область;45_75_days;EpiVacCorona;6;1;0;0;4;2;0;0;10;3;0;0;4007;541;77;34;2611;1239;334;279;6618;1780;411;313
2021.12_13-10-2022;Калужская область;45_75_days;SputnikLite;131;10;0;0;67;25;7;5;198;35;7;5;4007;541;77;34;2611;1239;334;279;6618;1780;411;313
2021.12_13-10-2022;Калужская область;45_75_days;SputnikV;48;2;0;0;14;4;2;0;62;6;2;0;4007;541;77;34;2611;1239;334;279;6618;1780;411;313
2021.12_13-10-2022;Калужская область;75_90_days;AllVaccines;57;9;1;1;24;7;0;0;81;16;1;1;4007;541;77;34;2611;1239;334;279;6618;1780;411;313
2021.12_13-10-2022;Калужская область;75_90_days;CoviVac;0;0;0;0;1;1;0;0;1;1;0;0;4007;541;77;34;2611;1239;334;279;6618;1780;411;313
2021.12_13-10-2022;Калужская область;75_90_days;EpiVacCorona;7;0;0;0;1;1;0;0;8;1;0;0;4007;541;77;34;2611;1239;334;279;6618;1780;411;313
2021.12_13-10-2022;Калужская область;75_90_days;SputnikLite;19;4;0;0;15;2;0;0;34;6;0;0;4007;541;77;34;2611;1239;334;279;6618;1780;411;313
2021.12_13-10-2022;Калужская область;75_90_days;SputnikV;31;5;1;1;7;3;0;0;38;8;1;1;4007;541;77;34;2611;1239;334;279;6618;1780;411;313
2021.12_13-10-2022;Калужская область;90_105_days;AllVaccines;89;12;1;0;38;12;6;3;127;24;7;3;4007;541;77;34;2611;1239;334;279;6618;1780;411;313
2021.12_13-10-2022;Калужская область;90_105_days;CoviVac;4;1;0;0;3;0;0;0;7;1;0;0;4007;541;77;34;2611;1239;334;279;6618;1780;411;313
2021.12_13-10-2022;Калужская область;90_105_days;EpiVacCorona;13;2;1;0;7;4;3;1;20;6;4;1;4007;541;77;34;2611;1239;334;279;6618;1780;411;313
2021.12_13-10-2022;Калужская область;90_105_days;SputnikLite;25;1;0;0;13;3;2;1;38;4;2;1;4007;541;77;34;2611;1239;334;279;6618;1780;411;313
2021.12_13-10-2022;Калужская область;90_105_days;SputnikV;47;8;0;0;15;5;1;1;62;13;1;1;4007;541;77;34;2611;1239;334;279;6618;1780;411;313
2021.12_13-10-2022;Камчатский край;105_165_days;AllVaccines;117;10;0;0;28;6;1;0;145;16;1;0;872;114;11;5;362;166;28;21;1234;280;39;26
2021.12_13-10-2022;Камчатский край;105_165_days;EpiVacCorona;20;2;0;0;1;0;0;0;21;2;0;0;872;114;11;5;362;166;28;21;1234;280;39;26
2021.12_13-10-2022;Камчатский край;105_165_days;SputnikLite;8;0;0;0;1;0;0;0;9;0;0;0;872;114;11;5;362;166;28;21;1234;280;39;26
2021.12_13-10-2022;Камчатский край;105_165_days;SputnikV;89;8;0;0;26;6;1;0;115;14;1;0;872;114;11;5;362;166;28;21;1234;280;39;26
2021.12_13-10-2022;Камчатский край;165_195_days;AllVaccines;14;3;0;0;10;2;0;0;24;5;0;0;872;114;11;5;362;166;28;21;1234;280;39;26
2021.12_13-10-2022;Камчатский край;165_195_days;CoviVac;1;0;0;0;1;0;0;0;2;0;0;0;872;114;11;5;362;166;28;21;1234;280;39;26
2021.12_13-10-2022;Камчатский край;165_195_days;EpiVacCorona;2;1;0;0;2;0;0;0;4;1;0;0;872;114;11;5;362;166;28;21;1234;280;39;26
2021.12_13-10-2022;Камчатский край;165_195_days;SputnikV;11;2;0;0;7;2;0;0;18;4;0;0;872;114;11;5;362;166;28;21;1234;280;39;26
2021.12_13-10-2022;Камчатский край;21_45_days;AllVaccines;38;4;2;1;12;3;0;0;50;7;2;1;872;114;11;5;362;166;28;21;1234;280;39;26
2021.12_13-10-2022;Камчатский край;21_45_days;EpiVacCorona;1;0;0;0;0;0;0;0;1;0;0;0;872;114;11;5;362;166;28;21;1234;280;39;26
2021.12_13-10-2022;Камчатский край;21_45_days;SputnikLite;23;1;1;1;8;2;0;0;31;3;1;1;872;114;11;5;362;166;28;21;1234;280;39;26
2021.12_13-10-2022;Камчатский край;21_45_days;SputnikV;14;3;1;0;4;1;0;0;18;4;1;0;872;114;11;5;362;166;28;21;1234;280;39;26
2021.12_13-10-2022;Камчатский край;45_75_days;AllVaccines;21;1;0;0;7;3;0;0;28;4;0;0;872;114;11;5;362;166;28;21;1234;280;39;26
2021.12_13-10-2022;Камчатский край;45_75_days;EpiVacCorona;0;0;0;0;1;1;0;0;1;1;0;0;872;114;11;5;362;166;28;21;1234;280;39;26
2021.12_13-10-2022;Камчатский край;45_75_days;SputnikLite;14;1;0;0;5;2;0;0;19;3;0;0;872;114;11;5;362;166;28;21;1234;280;39;26
2021.12_13-10-2022;Камчатский край;45_75_days;SputnikV;7;0;0;0;1;0;0;0;8;0;0;0;872;114;11;5;362;166;28;21;1234;280;39;26
2021.12_13-10-2022;Камчатский край;75_90_days;AllVaccines;13;1;0;0;2;1;1;1;15;2;1;1;872;114;11;5;362;166;28;21;1234;280;39;26
2021.12_13-10-2022;Камчатский край;75_90_days;EpiVacCorona;2;0;0;0;0;0;0;0;2;0;0;0;872;114;11;5;362;166;28;21;1234;280;39;26
2021.12_13-10-2022;Камчатский край;75_90_days;SputnikLite;4;0;0;0;2;1;1;1;6;1;1;1;872;114;11;5;362;166;28;21;1234;280;39;26
2021.12_13-10-2022;Камчатский край;75_90_days;SputnikV;7;1;0;0;0;0;0;0;7;1;0;0;872;114;11;5;362;166;28;21;1234;280;39;26
2021.12_13-10-2022;Камчатский край;90_105_days;AllVaccines;37;4;0;0;9;3;0;0;46;7;0;0;872;114;11;5;362;166;28;21;1234;280;39;26
2021.12_13-10-2022;Камчатский край;90_105_days;EpiVacCorona;2;0;0;0;2;1;0;0;4;1;0;0;872;114;11;5;362;166;28;21;1234;280;39;26
2021.12_13-10-2022;Камчатский край;90_105_days;SputnikLite;13;1;0;0;2;2;0;0;15;3;0;0;872;114;11;5;362;166;28;21;1234;280;39;26
2021.12_13-10-2022;Камчатский край;90_105_days;SputnikV;22;3;0;0;5;0;0;0;27;3;0;0;872;114;11;5;362;166;28;21;1234;280;39;26
2021.12_13-10-2022;Карачаево-Черкесская Республика;105_165_days;AllVaccines;405;59;3;0;99;38;10;2;504;97;13;2;2588;378;40;7;1294;559;155;100;3882;937;195;107
2021.12_13-10-2022;Карачаево-Черкесская Республика;105_165_days;CoviVac;20;5;0;0;3;0;0;0;23;5;0;0;2588;378;40;7;1294;559;155;100;3882;937;195;107
2021.12_13-10-2022;Карачаево-Черкесская Республика;105_165_days;EpiVacCorona;29;7;0;0;5;4;1;0;34;11;1;0;2588;378;40;7;1294;559;155;100;3882;937;195;107
2021.12_13-10-2022;Карачаево-Черкесская Республика;105_165_days;SputnikLite;51;6;0;0;11;3;1;0;62;9;1;0;2588;378;40;7;1294;559;155;100;3882;937;195;107
2021.12_13-10-2022;Карачаево-Черкесская Республика;105_165_days;SputnikV;305;41;3;0;80;31;8;2;385;72;11;2;2588;378;40;7;1294;559;155;100;3882;937;195;107
2021.12_13-10-2022;Карачаево-Черкесская Республика;165_195_days;AllVaccines;179;24;4;3;77;27;5;2;256;51;9;5;2588;378;40;7;1294;559;155;100;3882;937;195;107
2021.12_13-10-2022;Карачаево-Черкесская Республика;165_195_days;CoviVac;14;1;0;0;2;0;0;0;16;1;0;0;2588;378;40;7;1294;559;155;100;3882;937;195;107
2021.12_13-10-2022;Карачаево-Черкесская Республика;165_195_days;EpiVacCorona;22;1;0;0;5;3;2;1;27;4;2;1;2588;378;40;7;1294;559;155;100;3882;937;195;107
2021.12_13-10-2022;Карачаево-Черкесская Республика;165_195_days;SputnikV;143;22;4;3;70;24;3;1;213;46;7;4;2588;378;40;7;1294;559;155;100;3882;937;195;107
2021.12_13-10-2022;Карачаево-Черкесская Республика;21_45_days;AllVaccines;118;12;0;0;52;17;6;6;170;29;6;6;2588;378;40;7;1294;559;155;100;3882;937;195;107
2021.12_13-10-2022;Карачаево-Черкесская Республика;21_45_days;EpiVacCorona;2;2;0;0;1;1;0;0;3;3;0;0;2588;378;40;7;1294;559;155;100;3882;937;195;107
2021.12_13-10-2022;Карачаево-Черкесская Республика;21_45_days;SputnikLite;88;5;0;0;32;7;3;3;120;12;3;3;2588;378;40;7;1294;559;155;100;3882;937;195;107
2021.12_13-10-2022;Карачаево-Черкесская Республика;21_45_days;SputnikV;28;5;0;0;19;9;3;3;47;14;3;3;2588;378;40;7;1294;559;155;100;3882;937;195;107
2021.12_13-10-2022;Карачаево-Черкесская Республика;45_75_days;AllVaccines;50;7;0;0;38;10;2;2;88;17;2;2;2588;378;40;7;1294;559;155;100;3882;937;195;107
2021.12_13-10-2022;Карачаево-Черкесская Республика;45_75_days;CoviVac;0;0;0;0;1;0;0;0;1;0;0;0;2588;378;40;7;1294;559;155;100;3882;937;195;107
2021.12_13-10-2022;Карачаево-Черкесская Республика;45_75_days;EpiVacCorona;1;0;0;0;0;0;0;0;1;0;0;0;2588;378;40;7;1294;559;155;100;3882;937;195;107
2021.12_13-10-2022;Карачаево-Черкесская Республика;45_75_days;SputnikLite;30;2;0;0;23;5;1;1;53;7;1;1;2588;378;40;7;1294;559;155;100;3882;937;195;107
2021.12_13-10-2022;Карачаево-Черкесская Республика;45_75_days;SputnikV;19;5;0;0;14;5;1;1;33;10;1;1;2588;378;40;7;1294;559;155;100;3882;937;195;107
2021.12_13-10-2022;Карачаево-Черкесская Республика;75_90_days;AllVaccines;48;7;1;0;14;6;1;1;62;13;2;1;2588;378;40;7;1294;559;155;100;3882;937;195;107
2021.12_13-10-2022;Карачаево-Черкесская Республика;75_90_days;EpiVacCorona;0;0;0;0;1;0;0;0;1;0;0;0;2588;378;40;7;1294;559;155;100;3882;937;195;107
2021.12_13-10-2022;Карачаево-Черкесская Республика;75_90_days;SputnikLite;25;2;0;0;5;1;0;0;30;3;0;0;2588;378;40;7;1294;559;155;100;3882;937;195;107
2021.12_13-10-2022;Карачаево-Черкесская Республика;75_90_days;SputnikV;23;5;1;0;8;5;1;1;31;10;2;1;2588;378;40;7;1294;559;155;100;3882;937;195;107
2021.12_13-10-2022;Карачаево-Черкесская Республика;90_105_days;AllVaccines;99;14;0;0;20;10;4;2;119;24;4;2;2588;378;40;7;1294;559;155;100;3882;937;195;107
2021.12_13-10-2022;Карачаево-Черкесская Республика;90_105_days;CoviVac;1;0;0;0;0;0;0;0;1;0;0;0;2588;378;40;7;1294;559;155;100;3882;937;195;107
2021.12_13-10-2022;Карачаево-Черкесская Республика;90_105_days;EpiVacCorona;5;0;0;0;0;0;0;0;5;0;0;0;2588;378;40;7;1294;559;155;100;3882;937;195;107
2021.12_13-10-2022;Карачаево-Черкесская Республика;90_105_days;SputnikLite;26;7;0;0;7;2;2;1;33;9;2;1;2588;378;40;7;1294;559;155;100;3882;937;195;107
2021.12_13-10-2022;Карачаево-Черкесская Республика;90_105_days;SputnikV;67;7;0;0;13;8;2;1;80;15;2;1;2588;378;40;7;1294;559;155;100;3882;937;195;107
2021.12_13-10-2022;Кемеровская область;105_165_days;AllVaccines;1871;211;18;11;561;191;24;16;2432;402;42;27;8327;1340;160;99;6084;3253;803;659;14411;4593;963;758
2021.12_13-10-2022;Кемеровская область;105_165_days;CoviVac;14;1;0;0;4;2;1;1;18;3;1;1;8327;1340;160;99;6084;3253;803;659;14411;4593;963;758
2021.12_13-10-2022;Кемеровская область;105_165_days;EpiVacCorona;39;6;1;0;8;4;2;1;47;10;3;1;8327;1340;160;99;6084;3253;803;659;14411;4593;963;758
2021.12_13-10-2022;Кемеровская область;105_165_days;SputnikLite;31;3;0;0;10;3;1;1;41;6;1;1;8327;1340;160;99;6084;3253;803;659;14411;4593;963;758
2021.12_13-10-2022;Кемеровская область;105_165_days;SputnikV;1787;201;17;11;539;182;20;13;2326;383;37;24;8327;1340;160;99;6084;3253;803;659;14411;4593;963;758
2021.12_13-10-2022;Кемеровская область;165_195_days;AllVaccines;344;37;3;0;229;96;14;10;573;133;17;10;8327;1340;160;99;6084;3253;803;659;14411;4593;963;758
2021.12_13-10-2022;Кемеровская область;165_195_days;CoviVac;4;1;0;0;2;1;0;0;6;2;0;0;8327;1340;160;99;6084;3253;803;659;14411;4593;963;758
2021.12_13-10-2022;Кемеровская область;165_195_days;EpiVacCorona;9;1;0;0;15;10;0;0;24;11;0;0;8327;1340;160;99;6084;3253;803;659;14411;4593;963;758
2021.12_13-10-2022;Кемеровская область;165_195_days;SputnikV;331;35;3;0;212;85;14;10;543;120;17;10;8327;1340;160;99;6084;3253;803;659;14411;4593;963;758
2021.12_13-10-2022;Кемеровская область;21_45_days;AllVaccines;214;27;2;0;151;49;16;10;365;76;18;10;8327;1340;160;99;6084;3253;803;659;14411;4593;963;758
2021.12_13-10-2022;Кемеровская область;21_45_days;CoviVac;9;1;0;0;2;1;0;0;11;2;0;0;8327;1340;160;99;6084;3253;803;659;14411;4593;963;758
2021.12_13-10-2022;Кемеровская область;21_45_days;EpiVacCorona;14;3;0;0;12;5;2;1;26;8;2;1;8327;1340;160;99;6084;3253;803;659;14411;4593;963;758
2021.12_13-10-2022;Кемеровская область;21_45_days;SputnikLite;73;10;1;0;61;21;9;4;134;31;10;4;8327;1340;160;99;6084;3253;803;659;14411;4593;963;758
2021.12_13-10-2022;Кемеровская область;21_45_days;SputnikV;118;13;1;0;76;22;5;5;194;35;6;5;8327;1340;160;99;6084;3253;803;659;14411;4593;963;758
2021.12_13-10-2022;Кемеровская область;45_75_days;AllVaccines;190;26;5;3;112;47;8;5;302;73;13;8;8327;1340;160;99;6084;3253;803;659;14411;4593;963;758
2021.12_13-10-2022;Кемеровская область;45_75_days;CoviVac;2;1;0;1;2;0;0;0;4;1;0;1;8327;1340;160;99;6084;3253;803;659;14411;4593;963;758
2021.12_13-10-2022;Кемеровская область;45_75_days;EpiVacCorona;5;2;0;0;3;3;0;0;8;5;0;0;8327;1340;160;99;6084;3253;803;659;14411;4593;963;758
2021.12_13-10-2022;Кемеровская область;45_75_days;SputnikLite;63;5;2;1;65;29;4;2;128;34;6;3;8327;1340;160;99;6084;3253;803;659;14411;4593;963;758
2021.12_13-10-2022;Кемеровская область;45_75_days;SputnikV;120;18;3;1;42;15;4;3;162;33;7;4;8327;1340;160;99;6084;3253;803;659;14411;4593;963;758
2021.12_13-10-2022;Кемеровская область;75_90_days;AllVaccines;142;21;2;0;73;28;3;4;215;49;5;4;8327;1340;160;99;6084;3253;803;659;14411;4593;963;758
2021.12_13-10-2022;Кемеровская область;75_90_days;CoviVac;9;3;0;0;2;1;0;0;11;4;0;0;8327;1340;160;99;6084;3253;803;659;14411;4593;963;758
2021.12_13-10-2022;Кемеровская область;75_90_days;EpiVacCorona;5;2;1;0;1;0;0;0;6;2;1;0;8327;1340;160;99;6084;3253;803;659;14411;4593;963;758
2021.12_13-10-2022;Кемеровская область;75_90_days;SputnikLite;22;3;0;0;16;3;1;1;38;6;1;1;8327;1340;160;99;6084;3253;803;659;14411;4593;963;758
2021.12_13-10-2022;Кемеровская область;75_90_days;SputnikV;106;13;1;0;54;24;2;3;160;37;3;3;8327;1340;160;99;6084;3253;803;659;14411;4593;963;758
2021.12_13-10-2022;Кемеровская область;90_105_days;AllVaccines;257;26;4;1;84;30;6;5;341;56;10;6;8327;1340;160;99;6084;3253;803;659;14411;4593;963;758
2021.12_13-10-2022;Кемеровская область;90_105_days;CoviVac;3;0;0;0;3;0;0;0;6;0;0;0;8327;1340;160;99;6084;3253;803;659;14411;4593;963;758
2021.12_13-10-2022;Кемеровская область;90_105_days;EpiVacCorona;7;2;1;0;6;5;3;2;13;7;4;2;8327;1340;160;99;6084;3253;803;659;14411;4593;963;758
2021.12_13-10-2022;Кемеровская область;90_105_days;SputnikLite;17;1;0;0;21;6;1;1;38;7;1;1;8327;1340;160;99;6084;3253;803;659;14411;4593;963;758
2021.12_13-10-2022;Кемеровская область;90_105_days;SputnikV;230;23;3;1;54;19;2;2;284;42;5;3;8327;1340;160;99;6084;3253;803;659;14411;4593;963;758
2021.12_13-10-2022;Кировская область;105_165_days;AllVaccines;675;137;8;2;228;125;8;3;903;262;16;5;4912;1338;88;37;2846;2018;355;279;7758;3356;443;316
2021.12_13-10-2022;Кировская область;105_165_days;CoviVac;6;1;1;1;1;1;0;0;7;2;1;1;4912;1338;88;37;2846;2018;355;279;7758;3356;443;316
2021.12_13-10-2022;Кировская область;105_165_days;EpiVacCorona;24;3;1;0;4;2;0;0;28;5;1;0;4912;1338;88;37;2846;2018;355;279;7758;3356;443;316
2021.12_13-10-2022;Кировская область;105_165_days;SputnikLite;91;12;0;0;22;8;0;0;113;20;0;0;4912;1338;88;37;2846;2018;355;279;7758;3356;443;316
2021.12_13-10-2022;Кировская область;105_165_days;SputnikV;554;121;6;1;201;114;8;3;755;235;14;4;4912;1338;88;37;2846;2018;355;279;7758;3356;443;316
2021.12_13-10-2022;Кировская область;165_195_days;AllVaccines;129;26;2;1;136;87;4;5;265;113;6;6;4912;1338;88;37;2846;2018;355;279;7758;3356;443;316
2021.12_13-10-2022;Кировская область;165_195_days;CoviVac;9;3;0;0;1;1;0;0;10;4;0;0;4912;1338;88;37;2846;2018;355;279;7758;3356;443;316
2021.12_13-10-2022;Кировская область;165_195_days;EpiVacCorona;5;2;1;0;9;7;0;1;14;9;1;1;4912;1338;88;37;2846;2018;355;279;7758;3356;443;316
2021.12_13-10-2022;Кировская область;165_195_days;SputnikV;115;21;1;1;126;79;4;4;241;100;5;5;4912;1338;88;37;2846;2018;355;279;7758;3356;443;316
2021.12_13-10-2022;Кировская область;21_45_days;AllVaccines;291;64;2;1;126;63;1;0;417;127;3;1;4912;1338;88;37;2846;2018;355;279;7758;3356;443;316
2021.12_13-10-2022;Кировская область;21_45_days;CoviVac;19;5;1;0;3;2;0;0;22;7;1;0;4912;1338;88;37;2846;2018;355;279;7758;3356;443;316
2021.12_13-10-2022;Кировская область;21_45_days;EpiVacCorona;17;9;0;0;10;5;0;0;27;14;0;0;4912;1338;88;37;2846;2018;355;279;7758;3356;443;316
2021.12_13-10-2022;Кировская область;21_45_days;SputnikLite;109;28;0;0;55;30;0;0;164;58;0;0;4912;1338;88;37;2846;2018;355;279;7758;3356;443;316
2021.12_13-10-2022;Кировская область;21_45_days;SputnikV;146;22;1;1;58;26;1;0;204;48;2;1;4912;1338;88;37;2846;2018;355;279;7758;3356;443;316
2021.12_13-10-2022;Кировская область;45_75_days;AllVaccines;263;49;4;1;114;68;7;5;377;117;11;6;4912;1338;88;37;2846;2018;355;279;7758;3356;443;316
2021.12_13-10-2022;Кировская область;45_75_days;CoviVac;1;1;0;0;0;0;0;0;1;1;0;0;4912;1338;88;37;2846;2018;355;279;7758;3356;443;316
2021.12_13-10-2022;Кировская область;45_75_days;EpiVacCorona;1;1;0;0;1;1;0;0;2;2;0;0;4912;1338;88;37;2846;2018;355;279;7758;3356;443;316
2021.12_13-10-2022;Кировская область;45_75_days;SputnikLite;231;41;4;1;90;57;7;5;321;98;11;6;4912;1338;88;37;2846;2018;355;279;7758;3356;443;316
2021.12_13-10-2022;Кировская область;45_75_days;SputnikV;30;6;0;0;23;10;0;0;53;16;0;0;4912;1338;88;37;2846;2018;355;279;7758;3356;443;316
2021.12_13-10-2022;Кировская область;75_90_days;AllVaccines;44;8;0;0;36;27;2;1;80;35;2;1;4912;1338;88;37;2846;2018;355;279;7758;3356;443;316
2021.12_13-10-2022;Кировская область;75_90_days;CoviVac;5;0;0;0;0;0;0;0;5;0;0;0;4912;1338;88;37;2846;2018;355;279;7758;3356;443;316
2021.12_13-10-2022;Кировская область;75_90_days;SputnikLite;24;4;0;0;23;17;1;1;47;21;1;1;4912;1338;88;37;2846;2018;355;279;7758;3356;443;316
2021.12_13-10-2022;Кировская область;75_90_days;SputnikV;15;4;0;0;13;10;1;0;28;14;1;0;4912;1338;88;37;2846;2018;355;279;7758;3356;443;316
2021.12_13-10-2022;Кировская область;90_105_days;AllVaccines;67;17;1;1;54;41;5;4;121;58;6;5;4912;1338;88;37;2846;2018;355;279;7758;3356;443;316
2021.12_13-10-2022;Кировская область;90_105_days;CoviVac;2;2;0;0;0;0;0;0;2;2;0;0;4912;1338;88;37;2846;2018;355;279;7758;3356;443;316
2021.12_13-10-2022;Кировская область;90_105_days;EpiVacCorona;1;0;0;0;1;1;0;0;2;1;0;0;4912;1338;88;37;2846;2018;355;279;7758;3356;443;316
2021.12_13-10-2022;Кировская область;90_105_days;SputnikLite;31;9;1;1;35;29;4;3;66;38;5;4;4912;1338;88;37;2846;2018;355;279;7758;3356;443;316
2021.12_13-10-2022;Кировская область;90_105_days;SputnikV;33;6;0;0;18;11;1;1;51;17;1;1;4912;1338;88;37;2846;2018;355;279;7758;3356;443;316
2021.12_13-10-2022;Костромская область;105_165_days;AllVaccines;185;23;1;1;48;23;3;1;233;46;4;2;1084;212;24;12;716;388;79;65;1800;600;103;77
2021.12_13-10-2022;Костромская область;105_165_days;CoviVac;4;3;0;0;0;0;0;0;4;3;0;0;1084;212;24;12;716;388;79;65;1800;600;103;77
2021.12_13-10-2022;Костромская область;105_165_days;SputnikLite;33;5;0;0;4;2;0;0;37;7;0;0;1084;212;24;12;716;388;79;65;1800;600;103;77
2021.12_13-10-2022;Костромская область;105_165_days;SputnikV;148;15;1;1;44;21;3;1;192;36;4;2;1084;212;24;12;716;388;79;65;1800;600;103;77
2021.12_13-10-2022;Костромская область;165_195_days;AllVaccines;18;2;0;0;28;12;1;1;46;14;1;1;1084;212;24;12;716;388;79;65;1800;600;103;77
2021.12_13-10-2022;Костромская область;165_195_days;CoviVac;1;0;0;0;1;0;0;0;2;0;0;0;1084;212;24;12;716;388;79;65;1800;600;103;77
2021.12_13-10-2022;Костромская область;165_195_days;EpiVacCorona;0;0;0;0;2;1;1;1;2;1;1;1;1084;212;24;12;716;388;79;65;1800;600;103;77
2021.12_13-10-2022;Костромская область;165_195_days;SputnikV;17;2;0;0;25;11;0;0;42;13;0;0;1084;212;24;12;716;388;79;65;1800;600;103;77
2021.12_13-10-2022;Костромская область;21_45_days;AllVaccines;75;8;0;0;28;12;0;0;103;20;0;0;1084;212;24;12;716;388;79;65;1800;600;103;77
2021.12_13-10-2022;Костромская область;21_45_days;CoviVac;1;1;0;0;4;2;0;0;5;3;0;0;1084;212;24;12;716;388;79;65;1800;600;103;77
2021.12_13-10-2022;Костромская область;21_45_days;EpiVacCorona;2;0;0;0;3;3;0;0;5;3;0;0;1084;212;24;12;716;388;79;65;1800;600;103;77
2021.12_13-10-2022;Костромская область;21_45_days;SputnikLite;56;6;0;0;11;3;0;0;67;9;0;0;1084;212;24;12;716;388;79;65;1800;600;103;77
2021.12_13-10-2022;Костромская область;21_45_days;SputnikV;16;1;0;0;10;4;0;0;26;5;0;0;1084;212;24;12;716;388;79;65;1800;600;103;77
2021.12_13-10-2022;Костромская область;45_75_days;AllVaccines;47;9;1;0;18;7;1;0;65;16;2;0;1084;212;24;12;716;388;79;65;1800;600;103;77
2021.12_13-10-2022;Костромская область;45_75_days;SputnikLite;37;8;1;0;15;7;1;0;52;15;2;0;1084;212;24;12;716;388;79;65;1800;600;103;77
2021.12_13-10-2022;Костромская область;45_75_days;SputnikV;10;1;0;0;3;0;0;0;13;1;0;0;1084;212;24;12;716;388;79;65;1800;600;103;77
2021.12_13-10-2022;Костромская область;75_90_days;AllVaccines;13;2;0;0;6;2;0;0;19;4;0;0;1084;212;24;12;716;388;79;65;1800;600;103;77
2021.12_13-10-2022;Костромская область;75_90_days;SputnikLite;3;1;0;0;3;1;0;0;6;2;0;0;1084;212;24;12;716;388;79;65;1800;600;103;77
2021.12_13-10-2022;Костромская область;75_90_days;SputnikV;10;1;0;0;3;1;0;0;13;2;0;0;1084;212;24;12;716;388;79;65;1800;600;103;77
2021.12_13-10-2022;Костромская область;90_105_days;AllVaccines;26;5;0;0;12;3;1;1;38;8;1;1;1084;212;24;12;716;388;79;65;1800;600;103;77
2021.12_13-10-2022;Костромская область;90_105_days;CoviVac;1;0;0;0;0;0;0;0;1;0;0;0;1084;212;24;12;716;388;79;65;1800;600;103;77
2021.12_13-10-2022;Костромская область;90_105_days;SputnikLite;5;1;0;0;4;1;1;1;9;2;1;1;1084;212;24;12;716;388;79;65;1800;600;103;77
2021.12_13-10-2022;Костромская область;90_105_days;SputnikV;20;4;0;0;8;2;0;0;28;6;0;0;1084;212;24;12;716;388;79;65;1800;600;103;77
2021.12_13-10-2022;Краснодарский край;105_165_days;AllVaccines;4134;555;95;24;943;415;118;67;5077;970;213;91;16269;2788;522;180;8831;5111;1832;1299;25100;7899;2354;1479
2021.12_13-10-2022;Краснодарский край;105_165_days;CoviVac;59;12;1;1;18;8;2;1;77;20;3;2;16269;2788;522;180;8831;5111;1832;1299;25100;7899;2354;1479
2021.12_13-10-2022;Краснодарский край;105_165_days;EpiVacCorona;95;27;6;2;73;46;14;9;168;73;20;11;16269;2788;522;180;8831;5111;1832;1299;25100;7899;2354;1479
2021.12_13-10-2022;Краснодарский край;105_165_days;SputnikLite;45;9;6;2;28;12;3;2;73;21;9;4;16269;2788;522;180;8831;5111;1832;1299;25100;7899;2354;1479
2021.12_13-10-2022;Краснодарский край;105_165_days;SputnikV;3935;507;82;19;824;349;99;55;4759;856;181;74;16269;2788;522;180;8831;5111;1832;1299;25100;7899;2354;1479
2021.12_13-10-2022;Краснодарский край;165_195_days;AllVaccines;575;85;16;6;399;214;74;48;974;299;90;54;16269;2788;522;180;8831;5111;1832;1299;25100;7899;2354;1479
2021.12_13-10-2022;Краснодарский край;165_195_days;CoviVac;25;5;0;0;12;8;4;1;37;13;4;1;16269;2788;522;180;8831;5111;1832;1299;25100;7899;2354;1479
2021.12_13-10-2022;Краснодарский край;165_195_days;EpiVacCorona;123;23;2;1;113;78;33;22;236;101;35;23;16269;2788;522;180;8831;5111;1832;1299;25100;7899;2354;1479
2021.12_13-10-2022;Краснодарский край;165_195_days;SputnikV;427;57;14;5;274;128;37;25;701;185;51;30;16269;2788;522;180;8831;5111;1832;1299;25100;7899;2354;1479
2021.12_13-10-2022;Краснодарский край;21_45_days;AllVaccines;581;86;15;6;240;105;33;22;821;191;48;28;16269;2788;522;180;8831;5111;1832;1299;25100;7899;2354;1479
2021.12_13-10-2022;Краснодарский край;21_45_days;CoviVac;14;3;0;0;8;5;0;0;22;8;0;0;16269;2788;522;180;8831;5111;1832;1299;25100;7899;2354;1479
2021.12_13-10-2022;Краснодарский край;21_45_days;EpiVacCorona;23;4;0;0;15;8;3;2;38;12;3;2;16269;2788;522;180;8831;5111;1832;1299;25100;7899;2354;1479
2021.12_13-10-2022;Краснодарский край;21_45_days;SputnikLite;78;10;1;0;62;21;8;4;140;31;9;4;16269;2788;522;180;8831;5111;1832;1299;25100;7899;2354;1479
2021.12_13-10-2022;Краснодарский край;21_45_days;SputnikV;466;69;14;6;155;71;22;16;621;140;36;22;16269;2788;522;180;8831;5111;1832;1299;25100;7899;2354;1479
2021.12_13-10-2022;Краснодарский край;45_75_days;AllVaccines;369;51;13;3;246;126;33;24;615;177;46;27;16269;2788;522;180;8831;5111;1832;1299;25100;7899;2354;1479
2021.12_13-10-2022;Краснодарский край;45_75_days;CoviVac;15;1;0;0;11;6;0;0;26;7;0;0;16269;2788;522;180;8831;5111;1832;1299;25100;7899;2354;1479
2021.12_13-10-2022;Краснодарский край;45_75_days;EpiVacCorona;5;1;0;0;7;5;2;1;12;6;2;1;16269;2788;522;180;8831;5111;1832;1299;25100;7899;2354;1479
2021.12_13-10-2022;Краснодарский край;45_75_days;SputnikLite;75;6;3;0;94;38;7;4;169;44;10;4;16269;2788;522;180;8831;5111;1832;1299;25100;7899;2354;1479
2021.12_13-10-2022;Краснодарский край;45_75_days;SputnikV;274;43;10;3;134;77;24;19;408;120;34;22;16269;2788;522;180;8831;5111;1832;1299;25100;7899;2354;1479
2021.12_13-10-2022;Краснодарский край;75_90_days;AllVaccines;271;46;8;4;162;87;30;26;433;133;38;30;16269;2788;522;180;8831;5111;1832;1299;25100;7899;2354;1479
2021.12_13-10-2022;Краснодарский край;75_90_days;CoviVac;7;0;0;0;1;1;0;0;8;1;0;0;16269;2788;522;180;8831;5111;1832;1299;25100;7899;2354;1479
2021.12_13-10-2022;Краснодарский край;75_90_days;EpiVacCorona;6;0;0;0;2;1;1;1;8;1;1;1;16269;2788;522;180;8831;5111;1832;1299;25100;7899;2354;1479
2021.12_13-10-2022;Краснодарский край;75_90_days;SputnikLite;28;3;0;0;32;11;2;1;60;14;2;1;16269;2788;522;180;8831;5111;1832;1299;25100;7899;2354;1479
2021.12_13-10-2022;Краснодарский край;75_90_days;SputnikV;230;43;8;4;127;74;27;24;357;117;35;28;16269;2788;522;180;8831;5111;1832;1299;25100;7899;2354;1479
2021.12_13-10-2022;Краснодарский край;90_105_days;AllVaccines;493;95;20;5;180;86;26;21;673;181;46;26;16269;2788;522;180;8831;5111;1832;1299;25100;7899;2354;1479
2021.12_13-10-2022;Краснодарский край;90_105_days;CoviVac;14;2;0;0;6;4;2;3;20;6;2;3;16269;2788;522;180;8831;5111;1832;1299;25100;7899;2354;1479
2021.12_13-10-2022;Краснодарский край;90_105_days;EpiVacCorona;15;5;3;1;5;3;1;0;20;8;4;1;16269;2788;522;180;8831;5111;1832;1299;25100;7899;2354;1479
2021.12_13-10-2022;Краснодарский край;90_105_days;SputnikLite;35;6;1;1;34;9;3;2;69;15;4;3;16269;2788;522;180;8831;5111;1832;1299;25100;7899;2354;1479
2021.12_13-10-2022;Краснодарский край;90_105_days;SputnikV;429;82;16;3;135;70;20;16;564;152;36;19;16269;2788;522;180;8831;5111;1832;1299;25100;7899;2354;1479
2021.12_13-10-2022;Красноярский край;105_165_days;AllVaccines;2771;226;31;8;769;269;54;28;3540;495;85;36;15736;1936;365;124;8355;4297;1475;995;24091;6233;1840;1119
2021.12_13-10-2022;Красноярский край;105_165_days;CoviVac;75;13;2;0;17;4;0;0;92;17;2;0;15736;1936;365;124;8355;4297;1475;995;24091;6233;1840;1119
2021.12_13-10-2022;Красноярский край;105_165_days;EpiVacCorona;170;33;3;2;59;28;5;3;229;61;8;5;15736;1936;365;124;8355;4297;1475;995;24091;6233;1840;1119
2021.12_13-10-2022;Красноярский край;105_165_days;SputnikLite;554;47;4;1;67;20;3;1;621;67;7;2;15736;1936;365;124;8355;4297;1475;995;24091;6233;1840;1119
2021.12_13-10-2022;Красноярский край;105_165_days;SputnikV;1972;133;22;5;626;217;46;24;2598;350;68;29;15736;1936;365;124;8355;4297;1475;995;24091;6233;1840;1119
2021.12_13-10-2022;Красноярский край;165_195_days;AllVaccines;477;41;7;2;328;113;31;21;805;154;38;23;15736;1936;365;124;8355;4297;1475;995;24091;6233;1840;1119
2021.12_13-10-2022;Красноярский край;165_195_days;CoviVac;19;1;0;0;3;2;0;0;22;3;0;0;15736;1936;365;124;8355;4297;1475;995;24091;6233;1840;1119
2021.12_13-10-2022;Красноярский край;165_195_days;EpiVacCorona;45;9;0;0;61;37;14;8;106;46;14;8;15736;1936;365;124;8355;4297;1475;995;24091;6233;1840;1119
2021.12_13-10-2022;Красноярский край;165_195_days;SputnikV;413;31;7;2;264;74;17;13;677;105;24;15;15736;1936;365;124;8355;4297;1475;995;24091;6233;1840;1119
2021.12_13-10-2022;Красноярский край;21_45_days;AllVaccines;408;47;10;5;245;73;13;7;653;120;23;12;15736;1936;365;124;8355;4297;1475;995;24091;6233;1840;1119
2021.12_13-10-2022;Красноярский край;21_45_days;CoviVac;12;3;1;1;5;0;0;0;17;3;1;1;15736;1936;365;124;8355;4297;1475;995;24091;6233;1840;1119
2021.12_13-10-2022;Красноярский край;21_45_days;EpiVacCorona;18;3;2;0;26;9;1;0;44;12;3;0;15736;1936;365;124;8355;4297;1475;995;24091;6233;1840;1119
2021.12_13-10-2022;Красноярский край;21_45_days;SputnikLite;182;16;1;2;109;36;8;6;291;52;9;8;15736;1936;365;124;8355;4297;1475;995;24091;6233;1840;1119
2021.12_13-10-2022;Красноярский край;21_45_days;SputnikV;196;25;6;2;105;28;4;1;301;53;10;3;15736;1936;365;124;8355;4297;1475;995;24091;6233;1840;1119
2021.12_13-10-2022;Красноярский край;45_75_days;AllVaccines;477;42;5;2;266;95;15;8;743;137;20;10;15736;1936;365;124;8355;4297;1475;995;24091;6233;1840;1119
2021.12_13-10-2022;Красноярский край;45_75_days;CoviVac;10;0;0;0;3;2;0;0;13;2;0;0;15736;1936;365;124;8355;4297;1475;995;24091;6233;1840;1119
2021.12_13-10-2022;Красноярский край;45_75_days;EpiVacCorona;4;1;0;0;3;0;0;0;7;1;0;0;15736;1936;365;124;8355;4297;1475;995;24091;6233;1840;1119
2021.12_13-10-2022;Красноярский край;45_75_days;SputnikLite;340;33;4;2;175;62;11;6;515;95;15;8;15736;1936;365;124;8355;4297;1475;995;24091;6233;1840;1119
2021.12_13-10-2022;Красноярский край;45_75_days;SputnikV;123;8;1;0;85;31;4;2;208;39;5;2;15736;1936;365;124;8355;4297;1475;995;24091;6233;1840;1119
2021.12_13-10-2022;Красноярский край;75_90_days;AllVaccines;247;20;3;2;95;35;4;1;342;55;7;3;15736;1936;365;124;8355;4297;1475;995;24091;6233;1840;1119
2021.12_13-10-2022;Красноярский край;75_90_days;CoviVac;19;1;0;0;1;1;0;0;20;2;0;0;15736;1936;365;124;8355;4297;1475;995;24091;6233;1840;1119
2021.12_13-10-2022;Красноярский край;75_90_days;EpiVacCorona;5;1;1;1;0;0;0;0;5;1;1;1;15736;1936;365;124;8355;4297;1475;995;24091;6233;1840;1119
2021.12_13-10-2022;Красноярский край;75_90_days;SputnikLite;93;9;2;1;52;19;3;1;145;28;5;2;15736;1936;365;124;8355;4297;1475;995;24091;6233;1840;1119
2021.12_13-10-2022;Красноярский край;75_90_days;SputnikV;130;9;0;0;42;15;1;0;172;24;1;0;15736;1936;365;124;8355;4297;1475;995;24091;6233;1840;1119
2021.12_13-10-2022;Красноярский край;90_105_days;AllVaccines;687;49;7;3;172;49;10;6;859;98;17;9;15736;1936;365;124;8355;4297;1475;995;24091;6233;1840;1119
2021.12_13-10-2022;Красноярский край;90_105_days;CoviVac;7;1;0;0;1;0;0;0;8;1;0;0;15736;1936;365;124;8355;4297;1475;995;24091;6233;1840;1119
2021.12_13-10-2022;Красноярский край;90_105_days;EpiVacCorona;16;4;0;0;8;4;1;1;24;8;1;1;15736;1936;365;124;8355;4297;1475;995;24091;6233;1840;1119
2021.12_13-10-2022;Красноярский край;90_105_days;SputnikLite;280;19;1;1;68;16;2;2;348;35;3;3;15736;1936;365;124;8355;4297;1475;995;24091;6233;1840;1119
2021.12_13-10-2022;Красноярский край;90_105_days;SputnikV;384;25;6;2;95;29;7;3;479;54;13;5;15736;1936;365;124;8355;4297;1475;995;24091;6233;1840;1119
2021.12_13-10-2022;Курганская область;105_165_days;AllVaccines;257;37;6;1;110;55;14;5;367;92;20;6;1534;274;54;7;1052;683;302;119;2586;957;356;126
2021.12_13-10-2022;Курганская область;105_165_days;CoviVac;3;2;0;0;0;0;0;0;3;2;0;0;1534;274;54;7;1052;683;302;119;2586;957;356;126
2021.12_13-10-2022;Курганская область;105_165_days;EpiVacCorona;15;2;0;0;14;9;3;1;29;11;3;1;1534;274;54;7;1052;683;302;119;2586;957;356;126
2021.12_13-10-2022;Курганская область;105_165_days;SputnikLite;23;3;1;0;7;2;0;0;30;5;1;0;1534;274;54;7;1052;683;302;119;2586;957;356;126
2021.12_13-10-2022;Курганская область;105_165_days;SputnikV;216;30;5;1;89;44;11;4;305;74;16;5;1534;274;54;7;1052;683;302;119;2586;957;356;126
2021.12_13-10-2022;Курганская область;165_195_days;AllVaccines;74;15;1;0;80;48;21;5;154;63;22;5;1534;274;54;7;1052;683;302;119;2586;957;356;126
2021.12_13-10-2022;Курганская область;165_195_days;EpiVacCorona;19;5;0;0;27;20;10;3;46;25;10;3;1534;274;54;7;1052;683;302;119;2586;957;356;126
2021.12_13-10-2022;Курганская область;165_195_days;SputnikV;55;10;1;0;53;28;11;2;108;38;12;2;1534;274;54;7;1052;683;302;119;2586;957;356;126
2021.12_13-10-2022;Курганская область;21_45_days;AllVaccines;140;13;1;0;60;28;11;4;200;41;12;4;1534;274;54;7;1052;683;302;119;2586;957;356;126
2021.12_13-10-2022;Курганская область;21_45_days;CoviVac;4;2;0;0;2;1;1;0;6;3;1;0;1534;274;54;7;1052;683;302;119;2586;957;356;126
2021.12_13-10-2022;Курганская область;21_45_days;EpiVacCorona;3;0;0;0;0;0;0;0;3;0;0;0;1534;274;54;7;1052;683;302;119;2586;957;356;126
2021.12_13-10-2022;Курганская область;21_45_days;SputnikLite;24;1;0;0;29;12;3;1;53;13;3;1;1534;274;54;7;1052;683;302;119;2586;957;356;126
2021.12_13-10-2022;Курганская область;21_45_days;SputnikV;109;10;1;0;29;15;7;3;138;25;8;3;1534;274;54;7;1052;683;302;119;2586;957;356;126
2021.12_13-10-2022;Курганская область;45_75_days;AllVaccines;100;12;3;0;37;24;9;1;137;36;12;1;1534;274;54;7;1052;683;302;119;2586;957;356;126
2021.12_13-10-2022;Курганская область;45_75_days;CoviVac;2;0;0;0;0;0;0;0;2;0;0;0;1534;274;54;7;1052;683;302;119;2586;957;356;126
2021.12_13-10-2022;Курганская область;45_75_days;SputnikLite;61;6;2;0;29;20;9;1;90;26;11;1;1534;274;54;7;1052;683;302;119;2586;957;356;126
2021.12_13-10-2022;Курганская область;45_75_days;SputnikV;37;6;1;0;8;4;0;0;45;10;1;0;1534;274;54;7;1052;683;302;119;2586;957;356;126
2021.12_13-10-2022;Курганская область;75_90_days;AllVaccines;20;2;0;0;17;8;1;1;37;10;1;1;1534;274;54;7;1052;683;302;119;2586;957;356;126
2021.12_13-10-2022;Курганская область;75_90_days;CoviVac;1;0;0;0;1;1;0;0;2;1;0;0;1534;274;54;7;1052;683;302;119;2586;957;356;126
2021.12_13-10-2022;Курганская область;75_90_days;EpiVacCorona;0;0;0;0;1;0;0;0;1;0;0;0;1534;274;54;7;1052;683;302;119;2586;957;356;126
2021.12_13-10-2022;Курганская область;75_90_days;SputnikLite;6;1;0;0;6;3;0;0;12;4;0;0;1534;274;54;7;1052;683;302;119;2586;957;356;126
2021.12_13-10-2022;Курганская область;75_90_days;SputnikV;13;1;0;0;9;4;1;1;22;5;1;1;1534;274;54;7;1052;683;302;119;2586;957;356;126
2021.12_13-10-2022;Курганская область;90_105_days;AllVaccines;44;6;2;0;15;7;2;1;59;13;4;1;1534;274;54;7;1052;683;302;119;2586;957;356;126
2021.12_13-10-2022;Курганская область;90_105_days;SputnikLite;11;2;1;0;9;4;0;0;20;6;1;0;1534;274;54;7;1052;683;302;119;2586;957;356;126
2021.12_13-10-2022;Курганская область;90_105_days;SputnikV;33;4;1;0;6;3;2;1;39;7;3;1;1534;274;54;7;1052;683;302;119;2586;957;356;126
2021.12_13-10-2022;Курская область;105_165_days;AllVaccines;667;115;24;7;159;81;13;15;826;196;37;22;2886;680;119;50;1853;1190;379;305;4739;1870;498;355
2021.12_13-10-2022;Курская область;105_165_days;CoviVac;14;4;2;0;1;0;0;0;15;4;2;0;2886;680;119;50;1853;1190;379;305;4739;1870;498;355
2021.12_13-10-2022;Курская область;105_165_days;EpiVacCorona;13;3;1;0;6;4;2;1;19;7;3;1;2886;680;119;50;1853;1190;379;305;4739;1870;498;355
2021.12_13-10-2022;Курская область;105_165_days;SputnikLite;31;6;1;0;11;6;0;0;42;12;1;0;2886;680;119;50;1853;1190;379;305;4739;1870;498;355
2021.12_13-10-2022;Курская область;105_165_days;SputnikV;609;102;20;7;141;71;11;14;750;173;31;21;2886;680;119;50;1853;1190;379;305;4739;1870;498;355
2021.12_13-10-2022;Курская область;165_195_days;AllVaccines;84;20;1;1;65;37;8;7;149;57;9;8;2886;680;119;50;1853;1190;379;305;4739;1870;498;355
2021.12_13-10-2022;Курская область;165_195_days;CoviVac;11;5;0;0;3;2;0;0;14;7;0;0;2886;680;119;50;1853;1190;379;305;4739;1870;498;355
2021.12_13-10-2022;Курская область;165_195_days;EpiVacCorona;12;6;0;1;7;3;1;0;19;9;1;1;2886;680;119;50;1853;1190;379;305;4739;1870;498;355
2021.12_13-10-2022;Курская область;165_195_days;SputnikV;61;9;1;0;55;32;7;7;116;41;8;7;2886;680;119;50;1853;1190;379;305;4739;1870;498;355
2021.12_13-10-2022;Курская область;21_45_days;AllVaccines;155;26;3;0;98;52;12;6;253;78;15;6;2886;680;119;50;1853;1190;379;305;4739;1870;498;355
2021.12_13-10-2022;Курская область;21_45_days;CoviVac;7;3;1;0;2;0;0;0;9;3;1;0;2886;680;119;50;1853;1190;379;305;4739;1870;498;355
2021.12_13-10-2022;Курская область;21_45_days;EpiVacCorona;11;2;1;0;8;5;3;0;19;7;4;0;2886;680;119;50;1853;1190;379;305;4739;1870;498;355
2021.12_13-10-2022;Курская область;21_45_days;SputnikLite;45;4;0;0;50;24;3;3;95;28;3;3;2886;680;119;50;1853;1190;379;305;4739;1870;498;355
2021.12_13-10-2022;Курская область;21_45_days;SputnikV;92;17;1;0;38;23;6;3;130;40;7;3;2886;680;119;50;1853;1190;379;305;4739;1870;498;355
2021.12_13-10-2022;Курская область;45_75_days;AllVaccines;119;19;4;1;68;30;9;2;187;49;13;3;2886;680;119;50;1853;1190;379;305;4739;1870;498;355
2021.12_13-10-2022;Курская область;45_75_days;CoviVac;2;2;0;0;0;0;0;0;2;2;0;0;2886;680;119;50;1853;1190;379;305;4739;1870;498;355
2021.12_13-10-2022;Курская область;45_75_days;EpiVacCorona;3;1;1;0;0;0;0;0;3;1;1;0;2886;680;119;50;1853;1190;379;305;4739;1870;498;355
2021.12_13-10-2022;Курская область;45_75_days;SputnikLite;73;13;2;0;49;22;6;1;122;35;8;1;2886;680;119;50;1853;1190;379;305;4739;1870;498;355
2021.12_13-10-2022;Курская область;45_75_days;SputnikV;41;3;1;1;19;8;3;1;60;11;4;2;2886;680;119;50;1853;1190;379;305;4739;1870;498;355
2021.12_13-10-2022;Курская область;75_90_days;AllVaccines;52;13;0;0;20;12;4;2;72;25;4;2;2886;680;119;50;1853;1190;379;305;4739;1870;498;355
2021.12_13-10-2022;Курская область;75_90_days;CoviVac;1;0;0;0;0;0;0;0;1;0;0;0;2886;680;119;50;1853;1190;379;305;4739;1870;498;355
2021.12_13-10-2022;Курская область;75_90_days;SputnikLite;18;4;0;0;12;7;2;1;30;11;2;1;2886;680;119;50;1853;1190;379;305;4739;1870;498;355
2021.12_13-10-2022;Курская область;75_90_days;SputnikV;33;9;0;0;8;5;2;1;41;14;2;1;2886;680;119;50;1853;1190;379;305;4739;1870;498;355
2021.12_13-10-2022;Курская область;90_105_days;AllVaccines;120;26;4;0;64;32;5;1;184;58;9;1;2886;680;119;50;1853;1190;379;305;4739;1870;498;355
2021.12_13-10-2022;Курская область;90_105_days;CoviVac;5;3;0;0;1;1;0;0;6;4;0;0;2886;680;119;50;1853;1190;379;305;4739;1870;498;355
2021.12_13-10-2022;Курская область;90_105_days;EpiVacCorona;1;1;0;0;2;2;1;0;3;3;1;0;2886;680;119;50;1853;1190;379;305;4739;1870;498;355
2021.12_13-10-2022;Курская область;90_105_days;SputnikLite;40;10;3;0;26;11;2;0;66;21;5;0;2886;680;119;50;1853;1190;379;305;4739;1870;498;355
2021.12_13-10-2022;Курская область;90_105_days;SputnikV;74;12;1;0;35;18;2;1;109;30;3;1;2886;680;119;50;1853;1190;379;305;4739;1870;498;355
2021.12_13-10-2022;Ленинградская область;105_165_days;AllVaccines;2074;152;22;6;577;158;35;23;2651;310;57;29;11720;1065;158;57;5536;2300;620;565;17256;3365;778;622
2021.12_13-10-2022;Ленинградская область;105_165_days;CoviVac;89;12;1;0;11;4;0;2;100;16;1;2;11720;1065;158;57;5536;2300;620;565;17256;3365;778;622
2021.12_13-10-2022;Ленинградская область;105_165_days;EpiVacCorona;78;10;0;0;45;13;3;1;123;23;3;1;11720;1065;158;57;5536;2300;620;565;17256;3365;778;622
2021.12_13-10-2022;Ленинградская область;105_165_days;SputnikLite;153;10;3;0;31;7;2;2;184;17;5;2;11720;1065;158;57;5536;2300;620;565;17256;3365;778;622
2021.12_13-10-2022;Ленинградская область;105_165_days;SputnikV;1754;120;18;6;490;134;30;18;2244;254;48;24;11720;1065;158;57;5536;2300;620;565;17256;3365;778;622
2021.12_13-10-2022;Ленинградская область;165_195_days;AllVaccines;344;38;8;1;231;74;16;14;575;112;24;15;11720;1065;158;57;5536;2300;620;565;17256;3365;778;622
2021.12_13-10-2022;Ленинградская область;165_195_days;CoviVac;10;3;0;0;0;0;0;0;10;3;0;0;11720;1065;158;57;5536;2300;620;565;17256;3365;778;622
2021.12_13-10-2022;Ленинградская область;165_195_days;EpiVacCorona;28;2;0;0;23;10;5;4;51;12;5;4;11720;1065;158;57;5536;2300;620;565;17256;3365;778;622
2021.12_13-10-2022;Ленинградская область;165_195_days;SputnikV;306;33;8;1;208;64;11;10;514;97;19;11;11720;1065;158;57;5536;2300;620;565;17256;3365;778;622
2021.12_13-10-2022;Ленинградская область;21_45_days;AllVaccines;447;43;8;1;189;50;9;6;636;93;17;7;11720;1065;158;57;5536;2300;620;565;17256;3365;778;622
2021.12_13-10-2022;Ленинградская область;21_45_days;CoviVac;13;2;1;0;5;0;0;0;18;2;1;0;11720;1065;158;57;5536;2300;620;565;17256;3365;778;622
2021.12_13-10-2022;Ленинградская область;21_45_days;EpiVacCorona;13;3;0;0;9;4;0;0;22;7;0;0;11720;1065;158;57;5536;2300;620;565;17256;3365;778;622
2021.12_13-10-2022;Ленинградская область;21_45_days;SputnikLite;144;8;2;0;85;19;5;3;229;27;7;3;11720;1065;158;57;5536;2300;620;565;17256;3365;778;622
2021.12_13-10-2022;Ленинградская область;21_45_days;SputnikV;277;30;5;1;90;27;4;3;367;57;9;4;11720;1065;158;57;5536;2300;620;565;17256;3365;778;622
2021.12_13-10-2022;Ленинградская область;45_75_days;AllVaccines;553;56;7;1;232;64;10;8;785;120;17;9;11720;1065;158;57;5536;2300;620;565;17256;3365;778;622
2021.12_13-10-2022;Ленинградская область;45_75_days;CoviVac;14;2;1;0;3;1;0;0;17;3;1;0;11720;1065;158;57;5536;2300;620;565;17256;3365;778;622
2021.12_13-10-2022;Ленинградская область;45_75_days;EpiVacCorona;6;0;0;0;1;1;0;0;7;1;0;0;11720;1065;158;57;5536;2300;620;565;17256;3365;778;622
2021.12_13-10-2022;Ленинградская область;45_75_days;SputnikLite;362;35;4;1;168;45;6;6;530;80;10;7;11720;1065;158;57;5536;2300;620;565;17256;3365;778;622
2021.12_13-10-2022;Ленинградская область;45_75_days;SputnikV;171;19;2;0;60;17;4;2;231;36;6;2;11720;1065;158;57;5536;2300;620;565;17256;3365;778;622
2021.12_13-10-2022;Ленинградская область;75_90_days;AllVaccines;186;25;3;0;68;26;3;2;254;51;6;2;11720;1065;158;57;5536;2300;620;565;17256;3365;778;622
2021.12_13-10-2022;Ленинградская область;75_90_days;CoviVac;9;1;0;0;2;1;0;0;11;2;0;0;11720;1065;158;57;5536;2300;620;565;17256;3365;778;622
2021.12_13-10-2022;Ленинградская область;75_90_days;EpiVacCorona;0;0;0;0;1;1;0;0;1;1;0;0;11720;1065;158;57;5536;2300;620;565;17256;3365;778;622
2021.12_13-10-2022;Ленинградская область;75_90_days;SputnikLite;53;9;1;0;35;8;1;1;88;17;2;1;11720;1065;158;57;5536;2300;620;565;17256;3365;778;622
2021.12_13-10-2022;Ленинградская область;75_90_days;SputnikV;124;15;2;0;30;16;2;1;154;31;4;1;11720;1065;158;57;5536;2300;620;565;17256;3365;778;622
2021.12_13-10-2022;Ленинградская область;90_105_days;AllVaccines;277;22;4;1;94;29;6;4;371;51;10;5;11720;1065;158;57;5536;2300;620;565;17256;3365;778;622
2021.12_13-10-2022;Ленинградская область;90_105_days;CoviVac;10;1;0;0;5;1;0;0;15;2;0;0;11720;1065;158;57;5536;2300;620;565;17256;3365;778;622
2021.12_13-10-2022;Ленинградская область;90_105_days;EpiVacCorona;1;0;0;0;0;0;0;0;1;0;0;0;11720;1065;158;57;5536;2300;620;565;17256;3365;778;622
2021.12_13-10-2022;Ленинградская область;90_105_days;SputnikLite;59;4;0;0;14;6;1;1;73;10;1;1;11720;1065;158;57;5536;2300;620;565;17256;3365;778;622
2021.12_13-10-2022;Ленинградская область;90_105_days;SputnikV;207;17;4;1;75;22;5;3;282;39;9;4;11720;1065;158;57;5536;2300;620;565;17256;3365;778;622
2021.12_13-10-2022;Липецкая область;105_165_days;AllVaccines;457;63;7;2;105;59;14;10;562;122;21;12;1327;295;43;18;1058;633;211;174;2385;928;254;192
2021.12_13-10-2022;Липецкая область;105_165_days;CoviVac;17;1;0;0;3;2;0;0;20;3;0;0;1327;295;43;18;1058;633;211;174;2385;928;254;192
2021.12_13-10-2022;Липецкая область;105_165_days;EpiVacCorona;7;3;0;0;3;3;0;0;10;6;0;0;1327;295;43;18;1058;633;211;174;2385;928;254;192
2021.12_13-10-2022;Липецкая область;105_165_days;SputnikLite;9;0;0;0;0;0;0;0;9;0;0;0;1327;295;43;18;1058;633;211;174;2385;928;254;192
2021.12_13-10-2022;Липецкая область;105_165_days;SputnikV;424;59;7;2;99;54;14;10;523;113;21;12;1327;295;43;18;1058;633;211;174;2385;928;254;192
2021.12_13-10-2022;Липецкая область;165_195_days;AllVaccines;69;10;1;0;33;14;1;1;102;24;2;1;1327;295;43;18;1058;633;211;174;2385;928;254;192
2021.12_13-10-2022;Липецкая область;165_195_days;CoviVac;10;1;0;0;0;0;0;0;10;1;0;0;1327;295;43;18;1058;633;211;174;2385;928;254;192
2021.12_13-10-2022;Липецкая область;165_195_days;EpiVacCorona;1;1;0;0;1;1;0;0;2;2;0;0;1327;295;43;18;1058;633;211;174;2385;928;254;192
2021.12_13-10-2022;Липецкая область;165_195_days;SputnikV;58;8;1;0;32;13;1;1;90;21;2;1;1327;295;43;18;1058;633;211;174;2385;928;254;192
2021.12_13-10-2022;Липецкая область;21_45_days;AllVaccines;142;23;3;2;56;22;6;4;198;45;9;6;1327;295;43;18;1058;633;211;174;2385;928;254;192
2021.12_13-10-2022;Липецкая область;21_45_days;CoviVac;1;1;0;0;0;0;0;0;1;1;0;0;1327;295;43;18;1058;633;211;174;2385;928;254;192
2021.12_13-10-2022;Липецкая область;21_45_days;EpiVacCorona;6;0;0;0;3;1;0;0;9;1;0;0;1327;295;43;18;1058;633;211;174;2385;928;254;192
2021.12_13-10-2022;Липецкая область;21_45_days;SputnikLite;30;5;0;0;21;9;1;1;51;14;1;1;1327;295;43;18;1058;633;211;174;2385;928;254;192
2021.12_13-10-2022;Липецкая область;21_45_days;SputnikV;105;17;3;2;32;12;5;3;137;29;8;5;1327;295;43;18;1058;633;211;174;2385;928;254;192
2021.12_13-10-2022;Липецкая область;45_75_days;AllVaccines;66;12;3;3;38;18;4;1;104;30;7;4;1327;295;43;18;1058;633;211;174;2385;928;254;192
2021.12_13-10-2022;Липецкая область;45_75_days;CoviVac;2;0;0;0;0;0;0;0;2;0;0;0;1327;295;43;18;1058;633;211;174;2385;928;254;192
2021.12_13-10-2022;Липецкая область;45_75_days;EpiVacCorona;3;0;0;0;0;0;0;0;3;0;0;0;1327;295;43;18;1058;633;211;174;2385;928;254;192
2021.12_13-10-2022;Липецкая область;45_75_days;SputnikLite;33;5;2;2;24;10;3;1;57;15;5;3;1327;295;43;18;1058;633;211;174;2385;928;254;192
2021.12_13-10-2022;Липецкая область;45_75_days;SputnikV;28;7;1;1;14;8;1;0;42;15;2;1;1327;295;43;18;1058;633;211;174;2385;928;254;192
2021.12_13-10-2022;Липецкая область;75_90_days;AllVaccines;32;7;0;0;14;6;1;1;46;13;1;1;1327;295;43;18;1058;633;211;174;2385;928;254;192
2021.12_13-10-2022;Липецкая область;75_90_days;CoviVac;2;0;0;0;0;0;0;0;2;0;0;0;1327;295;43;18;1058;633;211;174;2385;928;254;192
2021.12_13-10-2022;Липецкая область;75_90_days;SputnikLite;3;2;0;0;8;3;0;0;11;5;0;0;1327;295;43;18;1058;633;211;174;2385;928;254;192
2021.12_13-10-2022;Липецкая область;75_90_days;SputnikV;27;5;0;0;6;3;1;1;33;8;1;1;1327;295;43;18;1058;633;211;174;2385;928;254;192
2021.12_13-10-2022;Липецкая область;90_105_days;AllVaccines;57;9;0;0;17;8;1;1;74;17;1;1;1327;295;43;18;1058;633;211;174;2385;928;254;192
2021.12_13-10-2022;Липецкая область;90_105_days;CoviVac;2;0;0;0;0;0;0;0;2;0;0;0;1327;295;43;18;1058;633;211;174;2385;928;254;192
2021.12_13-10-2022;Липецкая область;90_105_days;EpiVacCorona;1;1;0;0;0;0;0;0;1;1;0;0;1327;295;43;18;1058;633;211;174;2385;928;254;192
2021.12_13-10-2022;Липецкая область;90_105_days;SputnikLite;10;0;0;0;9;5;1;1;19;5;1;1;1327;295;43;18;1058;633;211;174;2385;928;254;192
2021.12_13-10-2022;Липецкая область;90_105_days;SputnikV;44;8;0;0;8;3;0;0;52;11;0;0;1327;295;43;18;1058;633;211;174;2385;928;254;192
2021.12_13-10-2022;Магаданская область;105_165_days;AllVaccines;83;6;0;0;30;6;1;0;113;12;1;0;700;80;6;1;260;125;30;20;960;205;36;21
2021.12_13-10-2022;Магаданская область;105_165_days;CoviVac;8;1;0;0;0;0;0;0;8;1;0;0;700;80;6;1;260;125;30;20;960;205;36;21
2021.12_13-10-2022;Магаданская область;105_165_days;SputnikLite;23;1;0;0;6;0;0;0;29;1;0;0;700;80;6;1;260;125;30;20;960;205;36;21
2021.12_13-10-2022;Магаданская область;105_165_days;SputnikV;52;4;0;0;24;6;1;0;76;10;1;0;700;80;6;1;260;125;30;20;960;205;36;21
2021.12_13-10-2022;Магаданская область;165_195_days;AllVaccines;34;2;0;0;7;1;1;0;41;3;1;0;700;80;6;1;260;125;30;20;960;205;36;21
2021.12_13-10-2022;Магаданская область;165_195_days;CoviVac;3;0;0;0;0;0;0;0;3;0;0;0;700;80;6;1;260;125;30;20;960;205;36;21
2021.12_13-10-2022;Магаданская область;165_195_days;SputnikV;31;2;0;0;7;1;1;0;38;3;1;0;700;80;6;1;260;125;30;20;960;205;36;21
2021.12_13-10-2022;Магаданская область;21_45_days;AllVaccines;17;4;1;0;12;7;3;3;29;11;4;3;700;80;6;1;260;125;30;20;960;205;36;21
2021.12_13-10-2022;Магаданская область;21_45_days;CoviVac;3;1;0;0;1;0;0;0;4;1;0;0;700;80;6;1;260;125;30;20;960;205;36;21
2021.12_13-10-2022;Магаданская область;21_45_days;EpiVacCorona;2;0;0;0;3;3;0;0;5;3;0;0;700;80;6;1;260;125;30;20;960;205;36;21
2021.12_13-10-2022;Магаданская область;21_45_days;SputnikLite;10;2;0;0;5;4;3;3;15;6;3;3;700;80;6;1;260;125;30;20;960;205;36;21
2021.12_13-10-2022;Магаданская область;21_45_days;SputnikV;2;1;1;0;3;0;0;0;5;1;1;0;700;80;6;1;260;125;30;20;960;205;36;21
2021.12_13-10-2022;Магаданская область;45_75_days;AllVaccines;26;0;0;0;8;4;1;1;34;4;1;1;700;80;6;1;260;125;30;20;960;205;36;21
2021.12_13-10-2022;Магаданская область;45_75_days;SputnikLite;22;0;0;0;7;4;1;1;29;4;1;1;700;80;6;1;260;125;30;20;960;205;36;21
2021.12_13-10-2022;Магаданская область;45_75_days;SputnikV;4;0;0;0;1;0;0;0;5;0;0;0;700;80;6;1;260;125;30;20;960;205;36;21
2021.12_13-10-2022;Магаданская область;75_90_days;AllVaccines;8;0;0;0;2;0;0;0;10;0;0;0;700;80;6;1;260;125;30;20;960;205;36;21
2021.12_13-10-2022;Магаданская область;75_90_days;CoviVac;1;0;0;0;0;0;0;0;1;0;0;0;700;80;6;1;260;125;30;20;960;205;36;21
2021.12_13-10-2022;Магаданская область;75_90_days;SputnikLite;3;0;0;0;1;0;0;0;4;0;0;0;700;80;6;1;260;125;30;20;960;205;36;21
2021.12_13-10-2022;Магаданская область;75_90_days;SputnikV;4;0;0;0;1;0;0;0;5;0;0;0;700;80;6;1;260;125;30;20;960;205;36;21
2021.12_13-10-2022;Магаданская область;90_105_days;AllVaccines;20;2;0;0;4;3;1;0;24;5;1;0;700;80;6;1;260;125;30;20;960;205;36;21
2021.12_13-10-2022;Магаданская область;90_105_days;SputnikLite;6;2;0;0;2;1;1;0;8;3;1;0;700;80;6;1;260;125;30;20;960;205;36;21
2021.12_13-10-2022;Магаданская область;90_105_days;SputnikV;14;0;0;0;2;2;0;0;16;2;0;0;700;80;6;1;260;125;30;20;960;205;36;21
2021.12_13-10-2022;Московская область;105_165_days;AllVaccines;11637;901;232;37;2359;566;182;77;13996;1467;414;114;40414;4008;735;167;17522;6305;1598;1334;57936;10313;2333;1501
2021.12_13-10-2022;Московская область;105_165_days;CoviVac;223;26;2;0;58;11;5;1;281;37;7;1;40414;4008;735;167;17522;6305;1598;1334;57936;10313;2333;1501
2021.12_13-10-2022;Московская область;105_165_days;EpiVacCorona;237;23;7;1;85;36;15;6;322;59;22;7;40414;4008;735;167;17522;6305;1598;1334;57936;10313;2333;1501
2021.12_13-10-2022;Московская область;105_165_days;SputnikLite;110;11;3;0;54;10;1;2;164;21;4;2;40414;4008;735;167;17522;6305;1598;1334;57936;10313;2333;1501
2021.12_13-10-2022;Московская область;105_165_days;SputnikV;11067;841;220;36;2162;509;161;68;13229;1350;381;104;40414;4008;735;167;17522;6305;1598;1334;57936;10313;2333;1501
2021.12_13-10-2022;Московская область;165_195_days;AllVaccines;1310;114;31;3;694;218;72;28;2004;332;103;31;40414;4008;735;167;17522;6305;1598;1334;57936;10313;2333;1501
2021.12_13-10-2022;Московская область;165_195_days;CoviVac;78;7;3;0;42;11;5;3;120;18;8;3;40414;4008;735;167;17522;6305;1598;1334;57936;10313;2333;1501
2021.12_13-10-2022;Московская область;165_195_days;EpiVacCorona;106;12;2;0;135;57;27;11;241;69;29;11;40414;4008;735;167;17522;6305;1598;1334;57936;10313;2333;1501
2021.12_13-10-2022;Московская область;165_195_days;SputnikV;1126;95;26;3;517;150;40;14;1643;245;66;17;40414;4008;735;167;17522;6305;1598;1334;57936;10313;2333;1501
2021.12_13-10-2022;Московская область;21_45_days;AllVaccines;1104;89;23;3;638;156;47;25;1742;245;70;28;40414;4008;735;167;17522;6305;1598;1334;57936;10313;2333;1501
2021.12_13-10-2022;Московская область;21_45_days;CoviVac;36;3;0;0;12;5;0;0;48;8;0;0;40414;4008;735;167;17522;6305;1598;1334;57936;10313;2333;1501
2021.12_13-10-2022;Московская область;21_45_days;EpiVacCorona;27;7;2;1;34;17;4;3;61;24;6;4;40414;4008;735;167;17522;6305;1598;1334;57936;10313;2333;1501
2021.12_13-10-2022;Московская область;21_45_days;SputnikLite;241;10;1;0;245;50;12;6;486;60;13;6;40414;4008;735;167;17522;6305;1598;1334;57936;10313;2333;1501
2021.12_13-10-2022;Московская область;21_45_days;SputnikV;800;69;20;2;347;84;31;16;1147;153;51;18;40414;4008;735;167;17522;6305;1598;1334;57936;10313;2333;1501
2021.12_13-10-2022;Московская область;45_75_days;AllVaccines;887;86;19;8;488;135;44;18;1375;221;63;26;40414;4008;735;167;17522;6305;1598;1334;57936;10313;2333;1501
2021.12_13-10-2022;Московская область;45_75_days;CoviVac;36;4;2;0;13;6;2;0;49;10;4;0;40414;4008;735;167;17522;6305;1598;1334;57936;10313;2333;1501
2021.12_13-10-2022;Московская область;45_75_days;EpiVacCorona;9;0;0;0;12;5;5;3;21;5;5;3;40414;4008;735;167;17522;6305;1598;1334;57936;10313;2333;1501
2021.12_13-10-2022;Московская область;45_75_days;SputnikLite;271;22;1;1;286;61;18;5;557;83;19;6;40414;4008;735;167;17522;6305;1598;1334;57936;10313;2333;1501
2021.12_13-10-2022;Московская область;45_75_days;SputnikV;571;60;16;7;177;63;19;10;748;123;35;17;40414;4008;735;167;17522;6305;1598;1334;57936;10313;2333;1501
2021.12_13-10-2022;Московская область;75_90_days;AllVaccines;495;41;15;0;205;40;13;5;700;81;28;5;40414;4008;735;167;17522;6305;1598;1334;57936;10313;2333;1501
2021.12_13-10-2022;Московская область;75_90_days;CoviVac;18;1;0;0;8;3;1;0;26;4;1;0;40414;4008;735;167;17522;6305;1598;1334;57936;10313;2333;1501
2021.12_13-10-2022;Московская область;75_90_days;EpiVacCorona;6;2;1;0;8;2;0;0;14;4;1;0;40414;4008;735;167;17522;6305;1598;1334;57936;10313;2333;1501
2021.12_13-10-2022;Московская область;75_90_days;SputnikLite;55;2;0;0;67;8;2;2;122;10;2;2;40414;4008;735;167;17522;6305;1598;1334;57936;10313;2333;1501
2021.12_13-10-2022;Московская область;75_90_days;SputnikV;416;36;14;0;122;27;10;3;538;63;24;3;40414;4008;735;167;17522;6305;1598;1334;57936;10313;2333;1501
2021.12_13-10-2022;Московская область;90_105_days;AllVaccines;836;82;19;2;248;65;21;14;1084;147;40;16;40414;4008;735;167;17522;6305;1598;1334;57936;10313;2333;1501
2021.12_13-10-2022;Московская область;90_105_days;CoviVac;18;1;1;0;9;2;1;1;27;3;2;1;40414;4008;735;167;17522;6305;1598;1334;57936;10313;2333;1501
2021.12_13-10-2022;Московская область;90_105_days;EpiVacCorona;16;4;0;1;13;5;1;1;29;9;1;2;40414;4008;735;167;17522;6305;1598;1334;57936;10313;2333;1501
2021.12_13-10-2022;Московская область;90_105_days;SputnikLite;51;7;1;0;58;7;2;1;109;14;3;1;40414;4008;735;167;17522;6305;1598;1334;57936;10313;2333;1501
2021.12_13-10-2022;Московская область;90_105_days;SputnikV;751;70;17;1;168;51;17;11;919;121;34;12;40414;4008;735;167;17522;6305;1598;1334;57936;10313;2333;1501
2021.12_13-10-2022;Мурманская область;105_165_days;AllVaccines;576;60;4;0;126;47;11;5;702;107;15;5;3447;553;61;28;1668;898;279;205;5115;1451;340;233
2021.12_13-10-2022;Мурманская область;105_165_days;CoviVac;15;3;1;0;1;1;0;0;16;4;1;0;3447;553;61;28;1668;898;279;205;5115;1451;340;233
2021.12_13-10-2022;Мурманская область;105_165_days;EpiVacCorona;4;1;0;0;3;2;0;0;7;3;0;0;3447;553;61;28;1668;898;279;205;5115;1451;340;233
2021.12_13-10-2022;Мурманская область;105_165_days;SputnikLite;102;11;1;0;9;4;0;0;111;15;1;0;3447;553;61;28;1668;898;279;205;5115;1451;340;233
2021.12_13-10-2022;Мурманская область;105_165_days;SputnikV;455;45;2;0;113;40;11;5;568;85;13;5;3447;553;61;28;1668;898;279;205;5115;1451;340;233
2021.12_13-10-2022;Мурманская область;165_195_days;AllVaccines;131;17;0;0;85;26;5;3;216;43;5;3;3447;553;61;28;1668;898;279;205;5115;1451;340;233
2021.12_13-10-2022;Мурманская область;165_195_days;CoviVac;6;3;0;0;0;0;0;0;6;3;0;0;3447;553;61;28;1668;898;279;205;5115;1451;340;233
2021.12_13-10-2022;Мурманская область;165_195_days;EpiVacCorona;2;1;0;0;2;2;0;0;4;3;0;0;3447;553;61;28;1668;898;279;205;5115;1451;340;233
2021.12_13-10-2022;Мурманская область;165_195_days;SputnikV;123;13;0;0;83;24;5;3;206;37;5;3;3447;553;61;28;1668;898;279;205;5115;1451;340;233
2021.12_13-10-2022;Мурманская область;21_45_days;AllVaccines;151;15;2;1;49;13;4;2;200;28;6;3;3447;553;61;28;1668;898;279;205;5115;1451;340;233
2021.12_13-10-2022;Мурманская область;21_45_days;EpiVacCorona;4;1;0;0;2;0;0;0;6;1;0;0;3447;553;61;28;1668;898;279;205;5115;1451;340;233
2021.12_13-10-2022;Мурманская область;21_45_days;SputnikLite;120;14;2;1;31;9;3;2;151;23;5;3;3447;553;61;28;1668;898;279;205;5115;1451;340;233
2021.12_13-10-2022;Мурманская область;21_45_days;SputnikV;27;0;0;0;16;4;1;0;43;4;1;0;3447;553;61;28;1668;898;279;205;5115;1451;340;233
2021.12_13-10-2022;Мурманская область;45_75_days;AllVaccines;96;14;0;0;47;15;0;0;143;29;0;0;3447;553;61;28;1668;898;279;205;5115;1451;340;233
2021.12_13-10-2022;Мурманская область;45_75_days;CoviVac;1;0;0;0;0;0;0;0;1;0;0;0;3447;553;61;28;1668;898;279;205;5115;1451;340;233
2021.12_13-10-2022;Мурманская область;45_75_days;EpiVacCorona;1;0;0;0;1;0;0;0;2;0;0;0;3447;553;61;28;1668;898;279;205;5115;1451;340;233
2021.12_13-10-2022;Мурманская область;45_75_days;SputnikLite;56;9;0;0;35;14;0;0;91;23;0;0;3447;553;61;28;1668;898;279;205;5115;1451;340;233
2021.12_13-10-2022;Мурманская область;45_75_days;SputnikV;38;5;0;0;11;1;0;0;49;6;0;0;3447;553;61;28;1668;898;279;205;5115;1451;340;233
2021.12_13-10-2022;Мурманская область;75_90_days;AllVaccines;60;10;1;0;21;6;0;0;81;16;1;0;3447;553;61;28;1668;898;279;205;5115;1451;340;233
2021.12_13-10-2022;Мурманская область;75_90_days;EpiVacCorona;0;0;0;0;2;2;0;0;2;2;0;0;3447;553;61;28;1668;898;279;205;5115;1451;340;233
2021.12_13-10-2022;Мурманская область;75_90_days;SputnikLite;25;7;1;0;12;3;0;0;37;10;1;0;3447;553;61;28;1668;898;279;205;5115;1451;340;233
2021.12_13-10-2022;Мурманская область;75_90_days;SputnikV;35;3;0;0;7;1;0;0;42;4;0;0;3447;553;61;28;1668;898;279;205;5115;1451;340;233
2021.12_13-10-2022;Мурманская область;90_105_days;AllVaccines;78;8;2;0;23;9;2;2;101;17;4;2;3447;553;61;28;1668;898;279;205;5115;1451;340;233
2021.12_13-10-2022;Мурманская область;90_105_days;EpiVacCorona;1;0;0;0;0;0;0;0;1;0;0;0;3447;553;61;28;1668;898;279;205;5115;1451;340;233
2021.12_13-10-2022;Мурманская область;90_105_days;SputnikLite;38;1;1;0;10;5;2;2;48;6;3;2;3447;553;61;28;1668;898;279;205;5115;1451;340;233
2021.12_13-10-2022;Мурманская область;90_105_days;SputnikV;39;7;1;0;13;4;0;0;52;11;1;0;3447;553;61;28;1668;898;279;205;5115;1451;340;233
2021.12_13-10-2022;Ненецкий автономный округ;105_165_days;AllVaccines;36;7;1;0;5;2;2;0;41;9;3;0;258;38;9;0;61;29;11;4;319;67;20;4
2021.12_13-10-2022;Ненецкий автономный округ;105_165_days;CoviVac;9;3;0;0;1;1;1;0;10;4;1;0;258;38;9;0;61;29;11;4;319;67;20;4
2021.12_13-10-2022;Ненецкий автономный округ;105_165_days;EpiVacCorona;20;3;1;0;2;0;0;0;22;3;1;0;258;38;9;0;61;29;11;4;319;67;20;4
2021.12_13-10-2022;Ненецкий автономный округ;105_165_days;SputnikLite;0;0;0;0;1;0;0;0;1;0;0;0;258;38;9;0;61;29;11;4;319;67;20;4
2021.12_13-10-2022;Ненецкий автономный округ;105_165_days;SputnikV;7;1;0;0;1;1;1;0;8;2;1;0;258;38;9;0;61;29;11;4;319;67;20;4
2021.12_13-10-2022;Ненецкий автономный округ;165_195_days;AllVaccines;14;4;2;0;3;2;0;0;17;6;2;0;258;38;9;0;61;29;11;4;319;67;20;4
2021.12_13-10-2022;Ненецкий автономный округ;165_195_days;CoviVac;1;0;0;0;1;1;0;0;2;1;0;0;258;38;9;0;61;29;11;4;319;67;20;4
2021.12_13-10-2022;Ненецкий автономный округ;165_195_days;EpiVacCorona;11;4;2;0;1;1;0;0;12;5;2;0;258;38;9;0;61;29;11;4;319;67;20;4
2021.12_13-10-2022;Ненецкий автономный округ;165_195_days;SputnikV;2;0;0;0;1;0;0;0;3;0;0;0;258;38;9;0;61;29;11;4;319;67;20;4
2021.12_13-10-2022;Ненецкий автономный округ;21_45_days;AllVaccines;8;0;0;0;3;2;0;0;11;2;0;0;258;38;9;0;61;29;11;4;319;67;20;4
2021.12_13-10-2022;Ненецкий автономный округ;21_45_days;SputnikLite;5;0;0;0;2;2;0;0;7;2;0;0;258;38;9;0;61;29;11;4;319;67;20;4
2021.12_13-10-2022;Ненецкий автономный округ;21_45_days;SputnikV;3;0;0;0;1;0;0;0;4;0;0;0;258;38;9;0;61;29;11;4;319;67;20;4
2021.12_13-10-2022;Ненецкий автономный округ;45_75_days;AllVaccines;5;1;0;0;3;0;0;0;8;1;0;0;258;38;9;0;61;29;11;4;319;67;20;4
2021.12_13-10-2022;Ненецкий автономный округ;45_75_days;CoviVac;1;0;0;0;0;0;0;0;1;0;0;0;258;38;9;0;61;29;11;4;319;67;20;4
2021.12_13-10-2022;Ненецкий автономный округ;45_75_days;SputnikLite;4;1;0;0;3;0;0;0;7;1;0;0;258;38;9;0;61;29;11;4;319;67;20;4
2021.12_13-10-2022;Ненецкий автономный округ;75_90_days;AllVaccines;2;0;0;0;0;0;0;0;2;0;0;0;258;38;9;0;61;29;11;4;319;67;20;4
2021.12_13-10-2022;Ненецкий автономный округ;75_90_days;SputnikLite;1;0;0;0;0;0;0;0;1;0;0;0;258;38;9;0;61;29;11;4;319;67;20;4
2021.12_13-10-2022;Ненецкий автономный округ;75_90_days;SputnikV;1;0;0;0;0;0;0;0;1;0;0;0;258;38;9;0;61;29;11;4;319;67;20;4
2021.12_13-10-2022;Ненецкий автономный округ;90_105_days;AllVaccines;1;1;0;0;0;0;0;0;1;1;0;0;258;38;9;0;61;29;11;4;319;67;20;4
2021.12_13-10-2022;Ненецкий автономный округ;90_105_days;SputnikLite;1;1;0;0;0;0;0;0;1;1;0;0;258;38;9;0;61;29;11;4;319;67;20;4
2021.12_13-10-2022;Нижегородская область;105_165_days;AllVaccines;2624;280;40;5;574;225;31;17;3198;505;71;22;11915;1805;260;89;6733;3560;901;681;18648;5365;1161;770
2021.12_13-10-2022;Нижегородская область;105_165_days;CoviVac;153;21;3;0;27;8;0;0;180;29;3;0;11915;1805;260;89;6733;3560;901;681;18648;5365;1161;770
2021.12_13-10-2022;Нижегородская область;105_165_days;EpiVacCorona;124;27;4;1;44;22;4;3;168;49;8;4;11915;1805;260;89;6733;3560;901;681;18648;5365;1161;770
2021.12_13-10-2022;Нижегородская область;105_165_days;SputnikLite;455;44;4;1;61;28;5;1;516;72;9;2;11915;1805;260;89;6733;3560;901;681;18648;5365;1161;770
2021.12_13-10-2022;Нижегородская область;105_165_days;SputnikV;1892;188;29;3;442;167;22;13;2334;355;51;16;11915;1805;260;89;6733;3560;901;681;18648;5365;1161;770
2021.12_13-10-2022;Нижегородская область;165_195_days;AllVaccines;314;40;4;1;260;107;24;17;574;147;28;18;11915;1805;260;89;6733;3560;901;681;18648;5365;1161;770
2021.12_13-10-2022;Нижегородская область;165_195_days;CoviVac;20;2;0;0;9;2;2;0;29;4;2;0;11915;1805;260;89;6733;3560;901;681;18648;5365;1161;770
2021.12_13-10-2022;Нижегородская область;165_195_days;EpiVacCorona;27;11;2;0;35;22;8;7;62;33;10;7;11915;1805;260;89;6733;3560;901;681;18648;5365;1161;770
2021.12_13-10-2022;Нижегородская область;165_195_days;SputnikV;267;27;2;1;216;83;14;10;483;110;16;11;11915;1805;260;89;6733;3560;901;681;18648;5365;1161;770
2021.12_13-10-2022;Нижегородская область;21_45_days;AllVaccines;451;56;8;3;268;101;16;8;719;157;24;11;11915;1805;260;89;6733;3560;901;681;18648;5365;1161;770
2021.12_13-10-2022;Нижегородская область;21_45_days;CoviVac;5;1;0;0;1;1;0;0;6;2;0;0;11915;1805;260;89;6733;3560;901;681;18648;5365;1161;770
2021.12_13-10-2022;Нижегородская область;21_45_days;EpiVacCorona;11;1;0;0;8;5;2;1;19;6;2;1;11915;1805;260;89;6733;3560;901;681;18648;5365;1161;770
2021.12_13-10-2022;Нижегородская область;21_45_days;SputnikLite;130;22;3;1;134;48;7;5;264;70;10;6;11915;1805;260;89;6733;3560;901;681;18648;5365;1161;770
2021.12_13-10-2022;Нижегородская область;21_45_days;SputnikV;305;32;5;2;125;47;7;2;430;79;12;4;11915;1805;260;89;6733;3560;901;681;18648;5365;1161;770
2021.12_13-10-2022;Нижегородская область;45_75_days;AllVaccines;575;72;8;2;231;90;11;6;806;162;19;8;11915;1805;260;89;6733;3560;901;681;18648;5365;1161;770
2021.12_13-10-2022;Нижегородская область;45_75_days;CoviVac;8;3;1;0;7;3;1;1;15;6;2;1;11915;1805;260;89;6733;3560;901;681;18648;5365;1161;770
2021.12_13-10-2022;Нижегородская область;45_75_days;EpiVacCorona;8;0;0;0;6;4;1;1;14;4;1;1;11915;1805;260;89;6733;3560;901;681;18648;5365;1161;770
2021.12_13-10-2022;Нижегородская область;45_75_days;SputnikLite;422;50;4;1;160;59;5;1;582;109;9;2;11915;1805;260;89;6733;3560;901;681;18648;5365;1161;770
2021.12_13-10-2022;Нижегородская область;45_75_days;SputnikV;137;19;3;1;58;24;4;3;195;43;7;4;11915;1805;260;89;6733;3560;901;681;18648;5365;1161;770
2021.12_13-10-2022;Нижегородская область;75_90_days;AllVaccines;143;16;1;0;86;30;6;3;229;46;7;3;11915;1805;260;89;6733;3560;901;681;18648;5365;1161;770
2021.12_13-10-2022;Нижегородская область;75_90_days;CoviVac;8;0;0;0;4;3;0;0;12;3;0;0;11915;1805;260;89;6733;3560;901;681;18648;5365;1161;770
2021.12_13-10-2022;Нижегородская область;75_90_days;EpiVacCorona;5;0;0;0;4;3;2;1;9;3;2;1;11915;1805;260;89;6733;3560;901;681;18648;5365;1161;770
2021.12_13-10-2022;Нижегородская область;75_90_days;SputnikLite;58;10;1;0;34;9;1;1;92;19;2;1;11915;1805;260;89;6733;3560;901;681;18648;5365;1161;770
2021.12_13-10-2022;Нижегородская область;75_90_days;SputnikV;72;6;0;0;44;15;3;1;116;21;3;1;11915;1805;260;89;6733;3560;901;681;18648;5365;1161;770
2021.12_13-10-2022;Нижегородская область;90_105_days;AllVaccines;296;25;3;2;118;35;8;7;414;60;11;9;11915;1805;260;89;6733;3560;901;681;18648;5365;1161;770
2021.12_13-10-2022;Нижегородская область;90_105_days;CoviVac;17;1;0;0;5;1;0;0;22;2;0;0;11915;1805;260;89;6733;3560;901;681;18648;5365;1161;770
2021.12_13-10-2022;Нижегородская область;90_105_days;EpiVacCorona;4;0;0;0;3;0;0;0;7;0;0;0;11915;1805;260;89;6733;3560;901;681;18648;5365;1161;770
2021.12_13-10-2022;Нижегородская область;90_105_days;SputnikLite;110;12;2;1;51;12;4;3;161;24;6;4;11915;1805;260;89;6733;3560;901;681;18648;5365;1161;770
2021.12_13-10-2022;Нижегородская область;90_105_days;SputnikV;165;12;1;1;59;22;4;4;224;34;5;5;11915;1805;260;89;6733;3560;901;681;18648;5365;1161;770
2021.12_13-10-2022;Новгородская область;105_165_days;AllVaccines;488;69;3;1;151;52;4;6;639;121;7;7;2873;524;39;21;1705;926;191;191;4578;1450;230;212
2021.12_13-10-2022;Новгородская область;105_165_days;CoviVac;10;3;0;0;4;1;0;0;14;4;0;0;2873;524;39;21;1705;926;191;191;4578;1450;230;212
2021.12_13-10-2022;Новгородская область;105_165_days;EpiVacCorona;8;2;0;0;3;1;0;0;11;3;0;0;2873;524;39;21;1705;926;191;191;4578;1450;230;212
2021.12_13-10-2022;Новгородская область;105_165_days;SputnikLite;137;18;2;1;17;8;0;0;154;26;2;1;2873;524;39;21;1705;926;191;191;4578;1450;230;212
2021.12_13-10-2022;Новгородская область;105_165_days;SputnikV;333;46;1;0;127;42;4;6;460;88;5;6;2873;524;39;21;1705;926;191;191;4578;1450;230;212
2021.12_13-10-2022;Новгородская область;165_195_days;AllVaccines;70;7;1;1;79;27;3;3;149;34;4;4;2873;524;39;21;1705;926;191;191;4578;1450;230;212
2021.12_13-10-2022;Новгородская область;165_195_days;CoviVac;6;1;0;0;4;2;1;1;10;3;1;1;2873;524;39;21;1705;926;191;191;4578;1450;230;212
2021.12_13-10-2022;Новгородская область;165_195_days;EpiVacCorona;1;0;0;0;3;0;0;0;4;0;0;0;2873;524;39;21;1705;926;191;191;4578;1450;230;212
2021.12_13-10-2022;Новгородская область;165_195_days;SputnikV;63;6;1;1;72;25;2;2;135;31;3;3;2873;524;39;21;1705;926;191;191;4578;1450;230;212
2021.12_13-10-2022;Новгородская область;21_45_days;AllVaccines;94;15;5;1;50;19;3;2;144;34;8;3;2873;524;39;21;1705;926;191;191;4578;1450;230;212
2021.12_13-10-2022;Новгородская область;21_45_days;CoviVac;4;0;0;0;1;0;0;0;5;0;0;0;2873;524;39;21;1705;926;191;191;4578;1450;230;212
2021.12_13-10-2022;Новгородская область;21_45_days;EpiVacCorona;8;3;0;0;5;5;1;0;13;8;1;0;2873;524;39;21;1705;926;191;191;4578;1450;230;212
2021.12_13-10-2022;Новгородская область;21_45_days;SputnikLite;44;6;3;1;21;6;1;0;65;12;4;1;2873;524;39;21;1705;926;191;191;4578;1450;230;212
2021.12_13-10-2022;Новгородская область;21_45_days;SputnikV;38;6;2;0;23;8;1;2;61;14;3;2;2873;524;39;21;1705;926;191;191;4578;1450;230;212
2021.12_13-10-2022;Новгородская область;45_75_days;AllVaccines;136;28;2;1;60;15;2;0;196;43;4;1;2873;524;39;21;1705;926;191;191;4578;1450;230;212
2021.12_13-10-2022;Новгородская область;45_75_days;EpiVacCorona;0;0;0;0;2;1;1;0;2;1;1;0;2873;524;39;21;1705;926;191;191;4578;1450;230;212
2021.12_13-10-2022;Новгородская область;45_75_days;SputnikLite;125;24;2;1;49;11;0;0;174;35;2;1;2873;524;39;21;1705;926;191;191;4578;1450;230;212
2021.12_13-10-2022;Новгородская область;45_75_days;SputnikV;11;4;0;0;9;3;1;0;20;7;1;0;2873;524;39;21;1705;926;191;191;4578;1450;230;212
2021.12_13-10-2022;Новгородская область;75_90_days;AllVaccines;37;3;0;0;15;5;0;1;52;8;0;1;2873;524;39;21;1705;926;191;191;4578;1450;230;212
2021.12_13-10-2022;Новгородская область;75_90_days;CoviVac;1;0;0;0;0;0;0;0;1;0;0;0;2873;524;39;21;1705;926;191;191;4578;1450;230;212
2021.12_13-10-2022;Новгородская область;75_90_days;SputnikLite;23;2;0;0;11;4;0;1;34;6;0;1;2873;524;39;21;1705;926;191;191;4578;1450;230;212
2021.12_13-10-2022;Новгородская область;75_90_days;SputnikV;13;1;0;0;4;1;0;0;17;2;0;0;2873;524;39;21;1705;926;191;191;4578;1450;230;212
2021.12_13-10-2022;Новгородская область;90_105_days;AllVaccines;76;13;3;0;29;14;2;2;105;27;5;2;2873;524;39;21;1705;926;191;191;4578;1450;230;212
2021.12_13-10-2022;Новгородская область;90_105_days;CoviVac;1;1;0;0;0;0;0;0;1;1;0;0;2873;524;39;21;1705;926;191;191;4578;1450;230;212
2021.12_13-10-2022;Новгородская область;90_105_days;SputnikLite;49;6;1;0;14;8;1;1;63;14;2;1;2873;524;39;21;1705;926;191;191;4578;1450;230;212
2021.12_13-10-2022;Новгородская область;90_105_days;SputnikV;26;6;2;0;15;6;1;1;41;12;3;1;2873;524;39;21;1705;926;191;191;4578;1450;230;212
2021.12_13-10-2022;Новосибирская область;105_165_days;AllVaccines;1841;148;14;6;648;200;42;21;2489;348;56;27;17446;2094;307;133;8942;4187;1245;924;26388;6281;1552;1057
2021.12_13-10-2022;Новосибирская область;105_165_days;CoviVac;88;12;0;0;14;5;2;0;102;17;2;0;17446;2094;307;133;8942;4187;1245;924;26388;6281;1552;1057
2021.12_13-10-2022;Новосибирская область;105_165_days;EpiVacCorona;110;22;2;1;69;37;7;4;179;59;9;5;17446;2094;307;133;8942;4187;1245;924;26388;6281;1552;1057
2021.12_13-10-2022;Новосибирская область;105_165_days;SputnikLite;237;22;3;0;28;13;5;0;265;35;8;0;17446;2094;307;133;8942;4187;1245;924;26388;6281;1552;1057
2021.12_13-10-2022;Новосибирская область;105_165_days;SputnikV;1406;92;9;5;537;145;28;17;1943;237;37;22;17446;2094;307;133;8942;4187;1245;924;26388;6281;1552;1057
2021.12_13-10-2022;Новосибирская область;165_195_days;AllVaccines;577;68;15;2;472;182;38;26;1049;250;53;28;17446;2094;307;133;8942;4187;1245;924;26388;6281;1552;1057
2021.12_13-10-2022;Новосибирская область;165_195_days;CoviVac;23;6;1;0;13;4;0;0;36;10;1;0;17446;2094;307;133;8942;4187;1245;924;26388;6281;1552;1057
2021.12_13-10-2022;Новосибирская область;165_195_days;EpiVacCorona;175;42;9;2;153;80;18;11;328;122;27;13;17446;2094;307;133;8942;4187;1245;924;26388;6281;1552;1057
2021.12_13-10-2022;Новосибирская область;165_195_days;SputnikV;379;20;5;0;306;98;20;15;685;118;25;15;17446;2094;307;133;8942;4187;1245;924;26388;6281;1552;1057
2021.12_13-10-2022;Новосибирская область;21_45_days;AllVaccines;558;62;10;4;224;61;12;6;782;123;22;10;17446;2094;307;133;8942;4187;1245;924;26388;6281;1552;1057
2021.12_13-10-2022;Новосибирская область;21_45_days;CoviVac;14;3;1;0;1;0;0;0;15;3;1;0;17446;2094;307;133;8942;4187;1245;924;26388;6281;1552;1057
2021.12_13-10-2022;Новосибирская область;21_45_days;EpiVacCorona;45;10;3;2;16;6;2;1;61;16;5;3;17446;2094;307;133;8942;4187;1245;924;26388;6281;1552;1057
2021.12_13-10-2022;Новосибирская область;21_45_days;SputnikLite;137;14;1;0;77;23;4;3;214;37;5;3;17446;2094;307;133;8942;4187;1245;924;26388;6281;1552;1057
2021.12_13-10-2022;Новосибирская область;21_45_days;SputnikV;362;35;5;2;130;32;6;2;492;67;11;4;17446;2094;307;133;8942;4187;1245;924;26388;6281;1552;1057
2021.12_13-10-2022;Новосибирская область;45_75_days;AllVaccines;530;53;5;1;259;71;12;6;789;124;17;7;17446;2094;307;133;8942;4187;1245;924;26388;6281;1552;1057
2021.12_13-10-2022;Новосибирская область;45_75_days;CoviVac;27;7;0;0;4;2;0;0;31;9;0;0;17446;2094;307;133;8942;4187;1245;924;26388;6281;1552;1057
2021.12_13-10-2022;Новосибирская область;45_75_days;EpiVacCorona;10;1;0;0;7;5;2;1;17;6;2;1;17446;2094;307;133;8942;4187;1245;924;26388;6281;1552;1057
2021.12_13-10-2022;Новосибирская область;45_75_days;SputnikLite;347;28;4;1;181;41;7;4;528;69;11;5;17446;2094;307;133;8942;4187;1245;924;26388;6281;1552;1057
2021.12_13-10-2022;Новосибирская область;45_75_days;SputnikV;146;17;1;0;67;23;3;1;213;40;4;1;17446;2094;307;133;8942;4187;1245;924;26388;6281;1552;1057
2021.12_13-10-2022;Новосибирская область;75_90_days;AllVaccines;160;22;4;2;80;22;1;0;240;44;5;2;17446;2094;307;133;8942;4187;1245;924;26388;6281;1552;1057
2021.12_13-10-2022;Новосибирская область;75_90_days;CoviVac;15;1;0;0;1;1;0;0;16;2;0;0;17446;2094;307;133;8942;4187;1245;924;26388;6281;1552;1057
2021.12_13-10-2022;Новосибирская область;75_90_days;EpiVacCorona;5;3;1;1;7;2;0;0;12;5;1;1;17446;2094;307;133;8942;4187;1245;924;26388;6281;1552;1057
2021.12_13-10-2022;Новосибирская область;75_90_days;SputnikLite;63;9;1;0;41;11;1;0;104;20;2;0;17446;2094;307;133;8942;4187;1245;924;26388;6281;1552;1057
2021.12_13-10-2022;Новосибирская область;75_90_days;SputnikV;77;9;2;1;31;8;0;0;108;17;2;1;17446;2094;307;133;8942;4187;1245;924;26388;6281;1552;1057
2021.12_13-10-2022;Новосибирская область;90_105_days;AllVaccines;249;14;2;1;105;22;5;2;354;36;7;3;17446;2094;307;133;8942;4187;1245;924;26388;6281;1552;1057
2021.12_13-10-2022;Новосибирская область;90_105_days;CoviVac;12;0;0;0;1;1;1;0;13;1;1;0;17446;2094;307;133;8942;4187;1245;924;26388;6281;1552;1057
2021.12_13-10-2022;Новосибирская область;90_105_days;EpiVacCorona;12;2;1;0;4;0;0;0;16;2;1;0;17446;2094;307;133;8942;4187;1245;924;26388;6281;1552;1057
2021.12_13-10-2022;Новосибирская область;90_105_days;SputnikLite;67;6;0;0;46;10;2;1;113;16;2;1;17446;2094;307;133;8942;4187;1245;924;26388;6281;1552;1057
2021.12_13-10-2022;Новосибирская область;90_105_days;SputnikV;158;6;1;1;54;11;2;1;212;17;3;2;17446;2094;307;133;8942;4187;1245;924;26388;6281;1552;1057
2021.12_13-10-2022;Омская область;105_165_days;AllVaccines;1332;150;13;8;328;125;27;13;1660;275;40;21;6100;1076;172;73;4360;2391;786;582;10460;3467;958;655
2021.12_13-10-2022;Омская область;105_165_days;CoviVac;39;10;1;0;10;3;0;0;49;13;1;0;6100;1076;172;73;4360;2391;786;582;10460;3467;958;655
2021.12_13-10-2022;Омская область;105_165_days;EpiVacCorona;50;8;1;1;16;10;2;1;66;18;3;2;6100;1076;172;73;4360;2391;786;582;10460;3467;958;655
2021.12_13-10-2022;Омская область;105_165_days;SputnikLite;133;15;2;1;22;7;2;2;155;22;4;3;6100;1076;172;73;4360;2391;786;582;10460;3467;958;655
2021.12_13-10-2022;Омская область;105_165_days;SputnikV;1110;117;9;6;280;105;23;10;1390;222;32;16;6100;1076;172;73;4360;2391;786;582;10460;3467;958;655
2021.12_13-10-2022;Омская область;165_195_days;AllVaccines;231;40;5;1;148;73;19;10;379;113;24;11;6100;1076;172;73;4360;2391;786;582;10460;3467;958;655
2021.12_13-10-2022;Омская область;165_195_days;CoviVac;9;1;1;0;1;0;0;0;10;1;1;0;6100;1076;172;73;4360;2391;786;582;10460;3467;958;655
2021.12_13-10-2022;Омская область;165_195_days;EpiVacCorona;30;6;1;0;32;19;6;4;62;25;7;4;6100;1076;172;73;4360;2391;786;582;10460;3467;958;655
2021.12_13-10-2022;Омская область;165_195_days;SputnikLite;1;0;0;0;0;0;0;0;1;0;0;0;6100;1076;172;73;4360;2391;786;582;10460;3467;958;655
2021.12_13-10-2022;Омская область;165_195_days;SputnikV;191;33;3;1;115;54;13;6;306;87;16;7;6100;1076;172;73;4360;2391;786;582;10460;3467;958;655
2021.12_13-10-2022;Омская область;21_45_days;AllVaccines;190;28;6;0;119;59;13;9;309;87;19;9;6100;1076;172;73;4360;2391;786;582;10460;3467;958;655
2021.12_13-10-2022;Омская область;21_45_days;CoviVac;4;0;0;0;3;3;0;0;7;3;0;0;6100;1076;172;73;4360;2391;786;582;10460;3467;958;655
2021.12_13-10-2022;Омская область;21_45_days;EpiVacCorona;10;1;1;0;6;5;1;1;16;6;2;1;6100;1076;172;73;4360;2391;786;582;10460;3467;958;655
2021.12_13-10-2022;Омская область;21_45_days;SputnikLite;60;7;2;0;36;19;3;2;96;26;5;2;6100;1076;172;73;4360;2391;786;582;10460;3467;958;655
2021.12_13-10-2022;Омская область;21_45_days;SputnikV;116;20;3;0;74;32;9;6;190;52;12;6;6100;1076;172;73;4360;2391;786;582;10460;3467;958;655
2021.12_13-10-2022;Омская область;45_75_days;AllVaccines;164;27;2;2;99;31;9;6;263;58;11;8;6100;1076;172;73;4360;2391;786;582;10460;3467;958;655
2021.12_13-10-2022;Омская область;45_75_days;CoviVac;8;1;0;0;1;0;0;0;9;1;0;0;6100;1076;172;73;4360;2391;786;582;10460;3467;958;655
2021.12_13-10-2022;Омская область;45_75_days;EpiVacCorona;1;0;0;0;4;1;0;0;5;1;0;0;6100;1076;172;73;4360;2391;786;582;10460;3467;958;655
2021.12_13-10-2022;Омская область;45_75_days;SputnikLite;84;11;1;2;63;21;8;4;147;32;9;6;6100;1076;172;73;4360;2391;786;582;10460;3467;958;655
2021.12_13-10-2022;Омская область;45_75_days;SputnikV;71;15;1;0;31;9;1;2;102;24;2;2;6100;1076;172;73;4360;2391;786;582;10460;3467;958;655
2021.12_13-10-2022;Омская область;75_90_days;AllVaccines;80;13;0;0;41;19;5;3;121;32;5;3;6100;1076;172;73;4360;2391;786;582;10460;3467;958;655
2021.12_13-10-2022;Омская область;75_90_days;CoviVac;5;2;0;0;1;1;0;0;6;3;0;0;6100;1076;172;73;4360;2391;786;582;10460;3467;958;655
2021.12_13-10-2022;Омская область;75_90_days;EpiVacCorona;1;0;0;0;1;0;0;0;2;0;0;0;6100;1076;172;73;4360;2391;786;582;10460;3467;958;655
2021.12_13-10-2022;Омская область;75_90_days;SputnikLite;38;6;0;0;18;11;4;3;56;17;4;3;6100;1076;172;73;4360;2391;786;582;10460;3467;958;655
2021.12_13-10-2022;Омская область;75_90_days;SputnikV;36;5;0;0;21;7;1;0;57;12;1;0;6100;1076;172;73;4360;2391;786;582;10460;3467;958;655
2021.12_13-10-2022;Омская область;90_105_days;AllVaccines;192;21;3;2;66;23;9;4;258;44;12;6;6100;1076;172;73;4360;2391;786;582;10460;3467;958;655
2021.12_13-10-2022;Омская область;90_105_days;CoviVac;4;1;0;0;3;1;0;0;7;2;0;0;6100;1076;172;73;4360;2391;786;582;10460;3467;958;655
2021.12_13-10-2022;Омская область;90_105_days;EpiVacCorona;4;0;0;0;0;0;0;0;4;0;0;0;6100;1076;172;73;4360;2391;786;582;10460;3467;958;655
2021.12_13-10-2022;Омская область;90_105_days;SputnikLite;49;5;0;0;24;10;4;2;73;15;4;2;6100;1076;172;73;4360;2391;786;582;10460;3467;958;655
2021.12_13-10-2022;Омская область;90_105_days;SputnikV;135;15;3;2;39;12;5;2;174;27;8;4;6100;1076;172;73;4360;2391;786;582;10460;3467;958;655
2021.12_13-10-2022;Оренбургская область;105_165_days;AllVaccines;383;60;8;3;96;46;8;4;479;106;16;7;1703;434;75;18;1316;867;276;171;3019;1301;351;189
2021.12_13-10-2022;Оренбургская область;105_165_days;CoviVac;1;0;0;0;0;0;0;0;1;0;0;0;1703;434;75;18;1316;867;276;171;3019;1301;351;189
2021.12_13-10-2022;Оренбургская область;105_165_days;EpiVacCorona;1;0;0;0;0;0;0;0;1;0;0;0;1703;434;75;18;1316;867;276;171;3019;1301;351;189
2021.12_13-10-2022;Оренбургская область;105_165_days;SputnikLite;12;1;0;0;6;2;0;0;18;3;0;0;1703;434;75;18;1316;867;276;171;3019;1301;351;189
2021.12_13-10-2022;Оренбургская область;105_165_days;SputnikV;369;59;8;3;90;44;8;4;459;103;16;7;1703;434;75;18;1316;867;276;171;3019;1301;351;189
2021.12_13-10-2022;Оренбургская область;165_195_days;AllVaccines;64;13;2;0;50;34;8;6;114;47;10;6;1703;434;75;18;1316;867;276;171;3019;1301;351;189
2021.12_13-10-2022;Оренбургская область;165_195_days;CoviVac;0;0;0;0;2;2;0;0;2;2;0;0;1703;434;75;18;1316;867;276;171;3019;1301;351;189
2021.12_13-10-2022;Оренбургская область;165_195_days;EpiVacCorona;6;1;0;0;3;1;1;1;9;2;1;1;1703;434;75;18;1316;867;276;171;3019;1301;351;189
2021.12_13-10-2022;Оренбургская область;165_195_days;SputnikV;58;12;2;0;45;31;7;5;103;43;9;5;1703;434;75;18;1316;867;276;171;3019;1301;351;189
2021.12_13-10-2022;Оренбургская область;21_45_days;AllVaccines;120;14;2;0;51;23;4;0;171;37;6;0;1703;434;75;18;1316;867;276;171;3019;1301;351;189
2021.12_13-10-2022;Оренбургская область;21_45_days;CoviVac;9;2;0;0;0;0;0;0;9;2;0;0;1703;434;75;18;1316;867;276;171;3019;1301;351;189
2021.12_13-10-2022;Оренбургская область;21_45_days;EpiVacCorona;10;0;0;0;5;4;1;0;15;4;1;0;1703;434;75;18;1316;867;276;171;3019;1301;351;189
2021.12_13-10-2022;Оренбургская область;21_45_days;SputnikLite;18;3;1;0;25;9;1;0;43;12;2;0;1703;434;75;18;1316;867;276;171;3019;1301;351;189
2021.12_13-10-2022;Оренбургская область;21_45_days;SputnikV;83;9;1;0;21;10;2;0;104;19;3;0;1703;434;75;18;1316;867;276;171;3019;1301;351;189
2021.12_13-10-2022;Оренбургская область;45_75_days;AllVaccines;59;11;2;1;64;32;7;3;123;43;9;4;1703;434;75;18;1316;867;276;171;3019;1301;351;189
2021.12_13-10-2022;Оренбургская область;45_75_days;SputnikLite;32;4;0;0;36;12;2;0;68;16;2;0;1703;434;75;18;1316;867;276;171;3019;1301;351;189
2021.12_13-10-2022;Оренбургская область;45_75_days;SputnikV;27;7;2;1;28;20;5;3;55;27;7;4;1703;434;75;18;1316;867;276;171;3019;1301;351;189
2021.12_13-10-2022;Оренбургская область;75_90_days;AllVaccines;28;8;0;0;15;6;0;0;43;14;0;0;1703;434;75;18;1316;867;276;171;3019;1301;351;189
2021.12_13-10-2022;Оренбургская область;75_90_days;CoviVac;1;1;0;0;0;0;0;0;1;1;0;0;1703;434;75;18;1316;867;276;171;3019;1301;351;189
2021.12_13-10-2022;Оренбургская область;75_90_days;SputnikLite;3;1;0;0;7;1;0;0;10;2;0;0;1703;434;75;18;1316;867;276;171;3019;1301;351;189
2021.12_13-10-2022;Оренбургская область;75_90_days;SputnikV;24;6;0;0;8;5;0;0;32;11;0;0;1703;434;75;18;1316;867;276;171;3019;1301;351;189
2021.12_13-10-2022;Оренбургская область;90_105_days;AllVaccines;42;10;3;1;18;6;1;0;60;16;4;1;1703;434;75;18;1316;867;276;171;3019;1301;351;189
2021.12_13-10-2022;Оренбургская область;90_105_days;CoviVac;1;1;0;0;0;0;0;0;1;1;0;0;1703;434;75;18;1316;867;276;171;3019;1301;351;189
2021.12_13-10-2022;Оренбургская область;90_105_days;EpiVacCorona;3;1;1;1;1;1;0;0;4;2;1;1;1703;434;75;18;1316;867;276;171;3019;1301;351;189
2021.12_13-10-2022;Оренбургская область;90_105_days;SputnikLite;2;1;0;0;3;0;0;0;5;1;0;0;1703;434;75;18;1316;867;276;171;3019;1301;351;189
2021.12_13-10-2022;Оренбургская область;90_105_days;SputnikV;36;7;2;0;14;5;1;0;50;12;3;0;1703;434;75;18;1316;867;276;171;3019;1301;351;189
2021.12_13-10-2022;Орловская область;105_165_days;AllVaccines;813;119;22;3;212;92;36;14;1025;211;58;17;3580;650;167;40;2472;1419;672;372;6052;2069;839;412
2021.12_13-10-2022;Орловская область;105_165_days;EpiVacCorona;88;21;2;0;33;21;10;5;121;42;12;5;3580;650;167;40;2472;1419;672;372;6052;2069;839;412
2021.12_13-10-2022;Орловская область;105_165_days;SputnikLite;105;19;4;0;16;7;4;1;121;26;8;1;3580;650;167;40;2472;1419;672;372;6052;2069;839;412
2021.12_13-10-2022;Орловская область;105_165_days;SputnikV;620;79;16;3;163;64;22;8;783;143;38;11;3580;650;167;40;2472;1419;672;372;6052;2069;839;412
2021.12_13-10-2022;Орловская область;165_195_days;AllVaccines;91;10;3;1;78;40;13;7;169;50;16;8;3580;650;167;40;2472;1419;672;372;6052;2069;839;412
2021.12_13-10-2022;Орловская область;165_195_days;CoviVac;10;1;0;0;6;5;1;0;16;6;1;0;3580;650;167;40;2472;1419;672;372;6052;2069;839;412
2021.12_13-10-2022;Орловская область;165_195_days;EpiVacCorona;8;2;0;0;10;7;1;1;18;9;1;1;3580;650;167;40;2472;1419;672;372;6052;2069;839;412
2021.12_13-10-2022;Орловская область;165_195_days;SputnikV;73;7;3;1;62;28;11;6;135;35;14;7;3580;650;167;40;2472;1419;672;372;6052;2069;839;412
2021.12_13-10-2022;Орловская область;21_45_days;AllVaccines;128;21;4;0;78;32;16;7;206;53;20;7;3580;650;167;40;2472;1419;672;372;6052;2069;839;412
2021.12_13-10-2022;Орловская область;21_45_days;CoviVac;7;0;0;0;3;1;0;0;10;1;0;0;3580;650;167;40;2472;1419;672;372;6052;2069;839;412
2021.12_13-10-2022;Орловская область;21_45_days;EpiVacCorona;4;1;0;0;2;1;1;0;6;2;1;0;3580;650;167;40;2472;1419;672;372;6052;2069;839;412
2021.12_13-10-2022;Орловская область;21_45_days;SputnikLite;37;6;2;0;31;14;5;3;68;20;7;3;3580;650;167;40;2472;1419;672;372;6052;2069;839;412
2021.12_13-10-2022;Орловская область;21_45_days;SputnikV;80;14;2;0;42;16;10;4;122;30;12;4;3580;650;167;40;2472;1419;672;372;6052;2069;839;412
2021.12_13-10-2022;Орловская область;45_75_days;AllVaccines;206;30;8;1;93;43;14;8;299;73;22;9;3580;650;167;40;2472;1419;672;372;6052;2069;839;412
2021.12_13-10-2022;Орловская область;45_75_days;EpiVacCorona;2;0;0;0;0;0;0;0;2;0;0;0;3580;650;167;40;2472;1419;672;372;6052;2069;839;412
2021.12_13-10-2022;Орловская область;45_75_days;SputnikLite;174;26;8;1;73;32;9;5;247;58;17;6;3580;650;167;40;2472;1419;672;372;6052;2069;839;412
2021.12_13-10-2022;Орловская область;45_75_days;SputnikV;30;4;0;0;20;11;5;3;50;15;5;3;3580;650;167;40;2472;1419;672;372;6052;2069;839;412
2021.12_13-10-2022;Орловская область;75_90_days;AllVaccines;55;7;1;0;32;14;6;4;87;21;7;4;3580;650;167;40;2472;1419;672;372;6052;2069;839;412
2021.12_13-10-2022;Орловская область;75_90_days;EpiVacCorona;0;0;0;0;2;2;0;0;2;2;0;0;3580;650;167;40;2472;1419;672;372;6052;2069;839;412
2021.12_13-10-2022;Орловская область;75_90_days;SputnikLite;25;4;0;0;19;7;2;2;44;11;2;2;3580;650;167;40;2472;1419;672;372;6052;2069;839;412
2021.12_13-10-2022;Орловская область;75_90_days;SputnikV;30;3;1;0;11;5;4;2;41;8;5;2;3580;650;167;40;2472;1419;672;372;6052;2069;839;412
2021.12_13-10-2022;Орловская область;90_105_days;AllVaccines;107;16;2;0;53;22;7;4;160;38;9;4;3580;650;167;40;2472;1419;672;372;6052;2069;839;412
2021.12_13-10-2022;Орловская область;90_105_days;EpiVacCorona;7;3;1;0;0;0;0;0;7;3;1;0;3580;650;167;40;2472;1419;672;372;6052;2069;839;412
2021.12_13-10-2022;Орловская область;90_105_days;SputnikLite;36;4;0;0;23;12;4;2;59;16;4;2;3580;650;167;40;2472;1419;672;372;6052;2069;839;412
2021.12_13-10-2022;Орловская область;90_105_days;SputnikV;64;9;1;0;30;10;3;2;94;19;4;2;3580;650;167;40;2472;1419;672;372;6052;2069;839;412
2021.12_13-10-2022;Пензенская область;105_165_days;AllVaccines;783;104;12;5;263;122;27;22;1046;226;39;27;3512;568;62;31;2358;1375;316;267;5870;1943;378;298
2021.12_13-10-2022;Пензенская область;105_165_days;CoviVac;3;0;0;0;0;0;0;0;3;0;0;0;3512;568;62;31;2358;1375;316;267;5870;1943;378;298
2021.12_13-10-2022;Пензенская область;105_165_days;EpiVacCorona;44;12;0;0;14;8;3;2;58;20;3;2;3512;568;62;31;2358;1375;316;267;5870;1943;378;298
2021.12_13-10-2022;Пензенская область;105_165_days;SputnikLite;162;18;2;0;44;22;4;3;206;40;6;3;3512;568;62;31;2358;1375;316;267;5870;1943;378;298
2021.12_13-10-2022;Пензенская область;105_165_days;SputnikV;574;74;10;5;205;92;20;17;779;166;30;22;3512;568;62;31;2358;1375;316;267;5870;1943;378;298
2021.12_13-10-2022;Пензенская область;165_195_days;AllVaccines;91;12;1;1;112;64;7;4;203;76;8;5;3512;568;62;31;2358;1375;316;267;5870;1943;378;298
2021.12_13-10-2022;Пензенская область;165_195_days;CoviVac;4;1;0;0;0;0;0;0;4;1;0;0;3512;568;62;31;2358;1375;316;267;5870;1943;378;298
2021.12_13-10-2022;Пензенская область;165_195_days;EpiVacCorona;15;2;0;0;20;13;2;2;35;15;2;2;3512;568;62;31;2358;1375;316;267;5870;1943;378;298
2021.12_13-10-2022;Пензенская область;165_195_days;SputnikV;72;9;1;1;92;51;5;2;164;60;6;3;3512;568;62;31;2358;1375;316;267;5870;1943;378;298
2021.12_13-10-2022;Пензенская область;21_45_days;AllVaccines;324;45;3;1;138;62;11;10;462;107;14;11;3512;568;62;31;2358;1375;316;267;5870;1943;378;298
2021.12_13-10-2022;Пензенская область;21_45_days;CoviVac;4;1;0;0;2;2;0;0;6;3;0;0;3512;568;62;31;2358;1375;316;267;5870;1943;378;298
2021.12_13-10-2022;Пензенская область;21_45_days;EpiVacCorona;15;2;1;1;6;3;0;0;21;5;1;1;3512;568;62;31;2358;1375;316;267;5870;1943;378;298
2021.12_13-10-2022;Пензенская область;21_45_days;SputnikLite;14;0;0;0;11;3;1;1;25;3;1;1;3512;568;62;31;2358;1375;316;267;5870;1943;378;298
2021.12_13-10-2022;Пензенская область;21_45_days;SputnikV;291;42;2;0;119;54;10;9;410;96;12;9;3512;568;62;31;2358;1375;316;267;5870;1943;378;298
2021.12_13-10-2022;Пензенская область;45_75_days;AllVaccines;231;37;2;1;131;91;25;18;362;128;27;19;3512;568;62;31;2358;1375;316;267;5870;1943;378;298
2021.12_13-10-2022;Пензенская область;45_75_days;CoviVac;0;0;0;0;1;1;0;0;1;1;0;0;3512;568;62;31;2358;1375;316;267;5870;1943;378;298
2021.12_13-10-2022;Пензенская область;45_75_days;EpiVacCorona;6;0;0;0;0;0;0;0;6;0;0;0;3512;568;62;31;2358;1375;316;267;5870;1943;378;298
2021.12_13-10-2022;Пензенская область;45_75_days;SputnikLite;159;28;0;0;34;17;3;1;193;45;3;1;3512;568;62;31;2358;1375;316;267;5870;1943;378;298
2021.12_13-10-2022;Пензенская область;45_75_days;SputnikV;66;9;2;1;96;73;22;17;162;82;24;18;3512;568;62;31;2358;1375;316;267;5870;1943;378;298
2021.12_13-10-2022;Пензенская область;75_90_days;AllVaccines;107;17;1;1;100;60;18;17;207;77;19;18;3512;568;62;31;2358;1375;316;267;5870;1943;378;298
2021.12_13-10-2022;Пензенская область;75_90_days;CoviVac;3;0;0;0;0;0;0;0;3;0;0;0;3512;568;62;31;2358;1375;316;267;5870;1943;378;298
2021.12_13-10-2022;Пензенская область;75_90_days;SputnikLite;70;10;1;1;43;25;6;6;113;35;7;7;3512;568;62;31;2358;1375;316;267;5870;1943;378;298
2021.12_13-10-2022;Пензенская область;75_90_days;SputnikV;34;7;0;0;57;35;12;11;91;42;12;11;3512;568;62;31;2358;1375;316;267;5870;1943;378;298
2021.12_13-10-2022;Пензенская область;90_105_days;AllVaccines;169;26;1;0;83;42;7;7;252;68;8;7;3512;568;62;31;2358;1375;316;267;5870;1943;378;298
2021.12_13-10-2022;Пензенская область;90_105_days;CoviVac;2;0;0;0;0;0;0;0;2;0;0;0;3512;568;62;31;2358;1375;316;267;5870;1943;378;298
2021.12_13-10-2022;Пензенская область;90_105_days;EpiVacCorona;1;1;0;0;4;2;0;0;5;3;0;0;3512;568;62;31;2358;1375;316;267;5870;1943;378;298
2021.12_13-10-2022;Пензенская область;90_105_days;SputnikLite;100;16;1;0;38;20;3;3;138;36;4;3;3512;568;62;31;2358;1375;316;267;5870;1943;378;298
2021.12_13-10-2022;Пензенская область;90_105_days;SputnikV;66;9;0;0;41;20;4;4;107;29;4;4;3512;568;62;31;2358;1375;316;267;5870;1943;378;298
2021.12_13-10-2022;Пермский край;105_165_days;AllVaccines;1215;123;9;3;350;141;20;11;1565;264;29;14;7386;1039;115;56;4107;2300;601;466;11493;3339;716;522
2021.12_13-10-2022;Пермский край;105_165_days;CoviVac;41;7;0;0;6;4;0;0;47;11;0;0;7386;1039;115;56;4107;2300;601;466;11493;3339;716;522
2021.12_13-10-2022;Пермский край;105_165_days;EpiVacCorona;76;18;2;1;35;28;7;3;111;46;9;4;7386;1039;115;56;4107;2300;601;466;11493;3339;716;522
2021.12_13-10-2022;Пермский край;105_165_days;SputnikLite;145;17;1;1;21;10;1;0;166;27;2;1;7386;1039;115;56;4107;2300;601;466;11493;3339;716;522
2021.12_13-10-2022;Пермский край;105_165_days;SputnikV;953;81;6;1;288;99;12;8;1241;180;18;9;7386;1039;115;56;4107;2300;601;466;11493;3339;716;522
2021.12_13-10-2022;Пермский край;165_195_days;AllVaccines;259;44;2;0;218;127;23;13;477;171;25;13;7386;1039;115;56;4107;2300;601;466;11493;3339;716;522
2021.12_13-10-2022;Пермский край;165_195_days;CoviVac;17;6;0;0;2;0;0;0;19;6;0;0;7386;1039;115;56;4107;2300;601;466;11493;3339;716;522
2021.12_13-10-2022;Пермский край;165_195_days;EpiVacCorona;102;27;2;0;108;77;20;11;210;104;22;11;7386;1039;115;56;4107;2300;601;466;11493;3339;716;522
2021.12_13-10-2022;Пермский край;165_195_days;SputnikV;140;11;0;0;108;50;3;2;248;61;3;2;7386;1039;115;56;4107;2300;601;466;11493;3339;716;522
2021.12_13-10-2022;Пермский край;21_45_days;AllVaccines;243;33;3;0;152;57;7;6;395;90;10;6;7386;1039;115;56;4107;2300;601;466;11493;3339;716;522
2021.12_13-10-2022;Пермский край;21_45_days;CoviVac;3;0;0;0;5;2;0;0;8;2;0;0;7386;1039;115;56;4107;2300;601;466;11493;3339;716;522
2021.12_13-10-2022;Пермский край;21_45_days;EpiVacCorona;7;1;0;0;3;2;1;1;10;3;1;1;7386;1039;115;56;4107;2300;601;466;11493;3339;716;522
2021.12_13-10-2022;Пермский край;21_45_days;SputnikLite;50;5;1;0;53;23;2;2;103;28;3;2;7386;1039;115;56;4107;2300;601;466;11493;3339;716;522
2021.12_13-10-2022;Пермский край;21_45_days;SputnikV;183;27;2;0;91;30;4;3;274;57;6;3;7386;1039;115;56;4107;2300;601;466;11493;3339;716;522
2021.12_13-10-2022;Пермский край;45_75_days;AllVaccines;289;31;2;1;140;57;3;3;429;88;5;4;7386;1039;115;56;4107;2300;601;466;11493;3339;716;522
2021.12_13-10-2022;Пермский край;45_75_days;CoviVac;11;4;1;1;3;0;0;0;14;4;1;1;7386;1039;115;56;4107;2300;601;466;11493;3339;716;522
2021.12_13-10-2022;Пермский край;45_75_days;EpiVacCorona;3;0;0;0;2;1;0;0;5;1;0;0;7386;1039;115;56;4107;2300;601;466;11493;3339;716;522
2021.12_13-10-2022;Пермский край;45_75_days;SputnikLite;169;13;0;0;92;39;3;2;261;52;3;2;7386;1039;115;56;4107;2300;601;466;11493;3339;716;522
2021.12_13-10-2022;Пермский край;45_75_days;SputnikV;106;14;1;0;43;17;0;1;149;31;1;1;7386;1039;115;56;4107;2300;601;466;11493;3339;716;522
2021.12_13-10-2022;Пермский край;75_90_days;AllVaccines;128;11;2;1;58;26;2;0;186;37;4;1;7386;1039;115;56;4107;2300;601;466;11493;3339;716;522
2021.12_13-10-2022;Пермский край;75_90_days;CoviVac;7;1;0;0;1;0;0;0;8;1;0;0;7386;1039;115;56;4107;2300;601;466;11493;3339;716;522
2021.12_13-10-2022;Пермский край;75_90_days;EpiVacCorona;3;2;1;1;2;2;0;0;5;4;1;1;7386;1039;115;56;4107;2300;601;466;11493;3339;716;522
2021.12_13-10-2022;Пермский край;75_90_days;SputnikLite;36;2;0;0;31;14;2;0;67;16;2;0;7386;1039;115;56;4107;2300;601;466;11493;3339;716;522
2021.12_13-10-2022;Пермский край;75_90_days;SputnikV;82;6;1;0;24;10;0;0;106;16;1;0;7386;1039;115;56;4107;2300;601;466;11493;3339;716;522
2021.12_13-10-2022;Пермский край;90_105_days;AllVaccines;287;19;1;1;100;46;6;4;387;65;7;5;7386;1039;115;56;4107;2300;601;466;11493;3339;716;522
2021.12_13-10-2022;Пермский край;90_105_days;CoviVac;6;1;0;0;2;1;1;1;8;2;1;1;7386;1039;115;56;4107;2300;601;466;11493;3339;716;522
2021.12_13-10-2022;Пермский край;90_105_days;EpiVacCorona;12;0;0;0;6;6;1;1;18;6;1;1;7386;1039;115;56;4107;2300;601;466;11493;3339;716;522
2021.12_13-10-2022;Пермский край;90_105_days;SputnikLite;75;3;0;0;34;13;0;0;109;16;0;0;7386;1039;115;56;4107;2300;601;466;11493;3339;716;522
2021.12_13-10-2022;Пермский край;90_105_days;SputnikV;194;15;1;1;58;26;4;2;252;41;5;3;7386;1039;115;56;4107;2300;601;466;11493;3339;716;522
2021.12_13-10-2022;Приморский край;105_165_days;AllVaccines;1084;131;23;2;444;177;38;13;1528;308;61;15;9832;1647;321;70;6334;3501;1182;647;16166;5148;1503;717
2021.12_13-10-2022;Приморский край;105_165_days;CoviVac;19;2;1;0;1;1;0;0;20;3;1;0;9832;1647;321;70;6334;3501;1182;647;16166;5148;1503;717
2021.12_13-10-2022;Приморский край;105_165_days;EpiVacCorona;57;12;3;0;37;17;9;2;94;29;12;2;9832;1647;321;70;6334;3501;1182;647;16166;5148;1503;717
2021.12_13-10-2022;Приморский край;105_165_days;SputnikLite;51;3;1;0;12;5;1;0;63;8;2;0;9832;1647;321;70;6334;3501;1182;647;16166;5148;1503;717
2021.12_13-10-2022;Приморский край;105_165_days;SputnikV;957;114;18;2;394;154;28;11;1351;268;46;13;9832;1647;321;70;6334;3501;1182;647;16166;5148;1503;717
2021.12_13-10-2022;Приморский край;165_195_days;AllVaccines;378;55;10;3;285;141;38;12;663;196;48;15;9832;1647;321;70;6334;3501;1182;647;16166;5148;1503;717
2021.12_13-10-2022;Приморский край;165_195_days;CoviVac;11;1;1;0;3;3;2;0;14;4;3;0;9832;1647;321;70;6334;3501;1182;647;16166;5148;1503;717
2021.12_13-10-2022;Приморский край;165_195_days;EpiVacCorona;135;28;3;1;123;69;19;8;258;97;22;9;9832;1647;321;70;6334;3501;1182;647;16166;5148;1503;717
2021.12_13-10-2022;Приморский край;165_195_days;SputnikV;232;26;6;2;159;69;17;4;391;95;23;6;9832;1647;321;70;6334;3501;1182;647;16166;5148;1503;717
2021.12_13-10-2022;Приморский край;21_45_days;AllVaccines;585;93;14;1;224;86;19;9;809;179;33;10;9832;1647;321;70;6334;3501;1182;647;16166;5148;1503;717
2021.12_13-10-2022;Приморский край;21_45_days;CoviVac;24;3;1;1;2;0;0;0;26;3;1;1;9832;1647;321;70;6334;3501;1182;647;16166;5148;1503;717
2021.12_13-10-2022;Приморский край;21_45_days;EpiVacCorona;25;4;0;0;6;3;1;0;31;7;1;0;9832;1647;321;70;6334;3501;1182;647;16166;5148;1503;717
2021.12_13-10-2022;Приморский край;21_45_days;SputnikLite;105;16;3;0;81;26;7;3;186;42;10;3;9832;1647;321;70;6334;3501;1182;647;16166;5148;1503;717
2021.12_13-10-2022;Приморский край;21_45_days;SputnikV;431;70;10;0;135;57;11;6;566;127;21;6;9832;1647;321;70;6334;3501;1182;647;16166;5148;1503;717
2021.12_13-10-2022;Приморский край;45_75_days;AllVaccines;271;40;4;1;130;62;24;9;401;102;28;10;9832;1647;321;70;6334;3501;1182;647;16166;5148;1503;717
2021.12_13-10-2022;Приморский край;45_75_days;CoviVac;10;0;0;0;1;1;0;0;11;1;0;0;9832;1647;321;70;6334;3501;1182;647;16166;5148;1503;717
2021.12_13-10-2022;Приморский край;45_75_days;EpiVacCorona;11;4;0;0;6;3;2;0;17;7;2;0;9832;1647;321;70;6334;3501;1182;647;16166;5148;1503;717
2021.12_13-10-2022;Приморский край;45_75_days;SputnikLite;149;18;2;0;76;37;14;6;225;55;16;6;9832;1647;321;70;6334;3501;1182;647;16166;5148;1503;717
2021.12_13-10-2022;Приморский край;45_75_days;SputnikV;101;18;2;1;47;21;8;3;148;39;10;4;9832;1647;321;70;6334;3501;1182;647;16166;5148;1503;717
2021.12_13-10-2022;Приморский край;75_90_days;AllVaccines;99;10;1;0;39;14;6;1;138;24;7;1;9832;1647;321;70;6334;3501;1182;647;16166;5148;1503;717
2021.12_13-10-2022;Приморский край;75_90_days;CoviVac;4;1;1;0;1;1;1;0;5;2;2;0;9832;1647;321;70;6334;3501;1182;647;16166;5148;1503;717
2021.12_13-10-2022;Приморский край;75_90_days;EpiVacCorona;1;1;0;0;2;1;0;0;3;2;0;0;9832;1647;321;70;6334;3501;1182;647;16166;5148;1503;717
2021.12_13-10-2022;Приморский край;75_90_days;SputnikLite;34;5;0;0;17;4;1;0;51;9;1;0;9832;1647;321;70;6334;3501;1182;647;16166;5148;1503;717
2021.12_13-10-2022;Приморский край;75_90_days;SputnikV;60;3;0;0;19;8;4;1;79;11;4;1;9832;1647;321;70;6334;3501;1182;647;16166;5148;1503;717
2021.12_13-10-2022;Приморский край;90_105_days;AllVaccines;173;19;3;1;78;24;3;1;251;43;6;2;9832;1647;321;70;6334;3501;1182;647;16166;5148;1503;717
2021.12_13-10-2022;Приморский край;90_105_days;CoviVac;1;0;0;0;0;0;0;0;1;0;0;0;9832;1647;321;70;6334;3501;1182;647;16166;5148;1503;717
2021.12_13-10-2022;Приморский край;90_105_days;EpiVacCorona;11;1;0;0;3;2;1;0;14;3;1;0;9832;1647;321;70;6334;3501;1182;647;16166;5148;1503;717
2021.12_13-10-2022;Приморский край;90_105_days;SputnikLite;42;6;3;1;35;12;2;1;77;18;5;2;9832;1647;321;70;6334;3501;1182;647;16166;5148;1503;717
2021.12_13-10-2022;Приморский край;90_105_days;SputnikV;119;12;0;0;40;10;0;0;159;22;0;0;9832;1647;321;70;6334;3501;1182;647;16166;5148;1503;717
2021.12_13-10-2022;Псковская область;105_165_days;AllVaccines;628;65;5;3;190;51;4;3;818;116;9;6;3531;430;45;27;1949;909;208;214;5480;1339;253;241
2021.12_13-10-2022;Псковская область;105_165_days;CoviVac;14;4;0;0;3;0;0;0;17;4;0;0;3531;430;45;27;1949;909;208;214;5480;1339;253;241
2021.12_13-10-2022;Псковская область;105_165_days;EpiVacCorona;88;24;2;1;23;9;2;1;111;33;4;2;3531;430;45;27;1949;909;208;214;5480;1339;253;241
2021.12_13-10-2022;Псковская область;105_165_days;SputnikLite;12;0;0;0;4;1;0;0;16;1;0;0;3531;430;45;27;1949;909;208;214;5480;1339;253;241
2021.12_13-10-2022;Псковская область;105_165_days;SputnikV;514;37;3;2;160;41;2;2;674;78;5;4;3531;430;45;27;1949;909;208;214;5480;1339;253;241
2021.12_13-10-2022;Псковская область;165_195_days;AllVaccines;84;12;1;0;87;46;6;6;171;58;7;6;3531;430;45;27;1949;909;208;214;5480;1339;253;241
2021.12_13-10-2022;Псковская область;165_195_days;CoviVac;7;4;0;0;3;0;0;0;10;4;0;0;3531;430;45;27;1949;909;208;214;5480;1339;253;241
2021.12_13-10-2022;Псковская область;165_195_days;EpiVacCorona;11;2;0;0;14;11;2;1;25;13;2;1;3531;430;45;27;1949;909;208;214;5480;1339;253;241
2021.12_13-10-2022;Псковская область;165_195_days;SputnikV;66;6;1;0;70;35;4;5;136;41;5;5;3531;430;45;27;1949;909;208;214;5480;1339;253;241
2021.12_13-10-2022;Псковская область;21_45_days;AllVaccines;103;10;1;1;68;19;3;2;171;29;4;3;3531;430;45;27;1949;909;208;214;5480;1339;253;241
2021.12_13-10-2022;Псковская область;21_45_days;CoviVac;4;0;0;0;1;0;0;0;5;0;0;0;3531;430;45;27;1949;909;208;214;5480;1339;253;241
2021.12_13-10-2022;Псковская область;21_45_days;EpiVacCorona;7;1;0;0;3;1;0;0;10;2;0;0;3531;430;45;27;1949;909;208;214;5480;1339;253;241
2021.12_13-10-2022;Псковская область;21_45_days;SputnikLite;32;3;0;0;36;10;1;0;68;13;1;0;3531;430;45;27;1949;909;208;214;5480;1339;253;241
2021.12_13-10-2022;Псковская область;21_45_days;SputnikV;60;6;1;1;28;8;2;2;88;14;3;3;3531;430;45;27;1949;909;208;214;5480;1339;253;241
2021.12_13-10-2022;Псковская область;45_75_days;AllVaccines;123;11;0;0;67;21;5;3;190;32;5;3;3531;430;45;27;1949;909;208;214;5480;1339;253;241
2021.12_13-10-2022;Псковская область;45_75_days;EpiVacCorona;7;2;0;0;4;1;0;0;11;3;0;0;3531;430;45;27;1949;909;208;214;5480;1339;253;241
2021.12_13-10-2022;Псковская область;45_75_days;SputnikLite;62;5;0;0;40;15;5;3;102;20;5;3;3531;430;45;27;1949;909;208;214;5480;1339;253;241
2021.12_13-10-2022;Псковская область;45_75_days;SputnikV;54;4;0;0;23;5;0;0;77;9;0;0;3531;430;45;27;1949;909;208;214;5480;1339;253;241
2021.12_13-10-2022;Псковская область;75_90_days;AllVaccines;47;5;0;0;25;8;1;1;72;13;1;1;3531;430;45;27;1949;909;208;214;5480;1339;253;241
2021.12_13-10-2022;Псковская область;75_90_days;EpiVacCorona;5;1;0;0;2;2;0;0;7;3;0;0;3531;430;45;27;1949;909;208;214;5480;1339;253;241
2021.12_13-10-2022;Псковская область;75_90_days;SputnikLite;12;1;0;0;9;1;0;0;21;2;0;0;3531;430;45;27;1949;909;208;214;5480;1339;253;241
2021.12_13-10-2022;Псковская область;75_90_days;SputnikV;30;3;0;0;14;5;1;1;44;8;1;1;3531;430;45;27;1949;909;208;214;5480;1339;253;241
2021.12_13-10-2022;Псковская область;90_105_days;AllVaccines;91;7;2;1;37;12;3;3;128;19;5;4;3531;430;45;27;1949;909;208;214;5480;1339;253;241
2021.12_13-10-2022;Псковская область;90_105_days;EpiVacCorona;13;1;1;1;4;2;1;1;17;3;2;2;3531;430;45;27;1949;909;208;214;5480;1339;253;241
2021.12_13-10-2022;Псковская область;90_105_days;SputnikLite;14;2;0;0;9;5;0;0;23;7;0;0;3531;430;45;27;1949;909;208;214;5480;1339;253;241
2021.12_13-10-2022;Псковская область;90_105_days;SputnikV;64;4;1;0;24;5;2;2;88;9;3;2;3531;430;45;27;1949;909;208;214;5480;1339;253;241
2021.12_13-10-2022;РФ;105_165_days;AllVaccines;107677;10423;1525;342;27449;9414;2101;1036;135126;19837;3626;1378;539630;75608;12045;4032;291140;142049;44964;31835;830770;217657;57009;35867
2021.12_13-10-2022;РФ;105_165_days;CoviVac;2726;414;49;9;444;159;36;14;3170;573;85;23;539630;75608;12045;4032;291140;142049;44964;31835;830770;217657;57009;35867
2021.12_13-10-2022;РФ;105_165_days;EpiVacCorona;4201;766;118;20;1701;867;270;133;5902;1633;388;153;539630;75608;12045;4032;291140;142049;44964;31835;830770;217657;57009;35867
2021.12_13-10-2022;РФ;105_165_days;SputnikLite;10137;1047;119;19;1901;665;136;59;12038;1712;255;78;539630;75608;12045;4032;291140;142049;44964;31835;830770;217657;57009;35867
2021.12_13-10-2022;РФ;105_165_days;SputnikV;90613;8196;1239;294;23403;7723;1659;830;114016;15919;2898;1124;539630;75608;12045;4032;291140;142049;44964;31835;830770;217657;57009;35867
2021.12_13-10-2022;РФ;165_195_days;AllVaccines;20076;2447;358;80;12650;5156;1212;690;32726;7603;1570;770;539630;75608;12045;4032;291140;142049;44964;31835;830770;217657;57009;35867
2021.12_13-10-2022;РФ;165_195_days;CoviVac;1070;155;21;2;284;105;25;7;1354;260;46;9;539630;75608;12045;4032;291140;142049;44964;31835;830770;217657;57009;35867
2021.12_13-10-2022;РФ;165_195_days;EpiVacCorona;2720;525;89;17;2545;1344;430;259;5265;1869;519;276;539630;75608;12045;4032;291140;142049;44964;31835;830770;217657;57009;35867
2021.12_13-10-2022;РФ;165_195_days;SputnikLite;6;1;0;0;0;0;0;0;6;1;0;0;539630;75608;12045;4032;291140;142049;44964;31835;830770;217657;57009;35867
2021.12_13-10-2022;РФ;165_195_days;SputnikV;16280;1766;248;61;9821;3707;757;424;26101;5473;1005;485;539630;75608;12045;4032;291140;142049;44964;31835;830770;217657;57009;35867
2021.12_13-10-2022;РФ;21_45_days;AllVaccines;21190;2698;355;99;10931;3723;822;448;32121;6421;1177;547;539630;75608;12045;4032;291140;142049;44964;31835;830770;217657;57009;35867
2021.12_13-10-2022;РФ;21_45_days;CoviVac;645;98;11;2;183;72;12;5;828;170;23;7;539630;75608;12045;4032;291140;142049;44964;31835;830770;217657;57009;35867
2021.12_13-10-2022;РФ;21_45_days;EpiVacCorona;993;221;29;9;554;309;84;49;1547;530;113;58;539630;75608;12045;4032;291140;142049;44964;31835;830770;217657;57009;35867
2021.12_13-10-2022;РФ;21_45_days;SputnikLite;6863;782;101;28;4703;1508;294;166;11566;2290;395;194;539630;75608;12045;4032;291140;142049;44964;31835;830770;217657;57009;35867
2021.12_13-10-2022;РФ;21_45_days;SputnikV;12689;1597;214;60;5491;1834;432;228;18180;3431;646;288;539630;75608;12045;4032;291140;142049;44964;31835;830770;217657;57009;35867
2021.12_13-10-2022;РФ;45_75_days;AllVaccines;18834;2270;313;98;9429;3256;741;400;28263;5526;1054;498;539630;75608;12045;4032;291140;142049;44964;31835;830770;217657;57009;35867
2021.12_13-10-2022;РФ;45_75_days;CoviVac;453;63;12;2;144;54;18;6;597;117;30;8;539630;75608;12045;4032;291140;142049;44964;31835;830770;217657;57009;35867
2021.12_13-10-2022;РФ;45_75_days;EpiVacCorona;231;42;8;0;199;110;38;23;430;152;46;23;539630;75608;12045;4032;291140;142049;44964;31835;830770;217657;57009;35867
2021.12_13-10-2022;РФ;45_75_days;SputnikLite;11742;1382;170;54;6068;1951;395;190;17810;3333;565;244;539630;75608;12045;4032;291140;142049;44964;31835;830770;217657;57009;35867
2021.12_13-10-2022;РФ;45_75_days;SputnikV;6408;783;123;42;3018;1141;290;181;9426;1924;413;223;539630;75608;12045;4032;291140;142049;44964;31835;830770;217657;57009;35867
2021.12_13-10-2022;РФ;75_90_days;AllVaccines;7610;873;120;37;3722;1336;290;167;11332;2209;410;204;539630;75608;12045;4032;291140;142049;44964;31835;830770;217657;57009;35867
2021.12_13-10-2022;РФ;75_90_days;CoviVac;313;35;1;0;65;31;6;1;378;66;7;1;539630;75608;12045;4032;291140;142049;44964;31835;830770;217657;57009;35867
2021.12_13-10-2022;РФ;75_90_days;EpiVacCorona;143;27;9;5;94;55;12;8;237;82;21;13;539630;75608;12045;4032;291140;142049;44964;31835;830770;217657;57009;35867
2021.12_13-10-2022;РФ;75_90_days;SputnikLite;2607;303;33;10;1740;539;102;53;4347;842;135;63;539630;75608;12045;4032;291140;142049;44964;31835;830770;217657;57009;35867
2021.12_13-10-2022;РФ;75_90_days;SputnikV;4547;508;77;22;1823;711;170;105;6370;1219;247;127;539630;75608;12045;4032;291140;142049;44964;31835;830770;217657;57009;35867
2021.12_13-10-2022;РФ;90_105_days;AllVaccines;13789;1568;243;54;5194;1732;402;240;18983;3300;645;294;539630;75608;12045;4032;291140;142049;44964;31835;830770;217657;57009;35867
2021.12_13-10-2022;РФ;90_105_days;CoviVac;356;45;6;1;81;33;9;7;437;78;15;8;539630;75608;12045;4032;291140;142049;44964;31835;830770;217657;57009;35867
2021.12_13-10-2022;РФ;90_105_days;EpiVacCorona;366;80;20;4;171;93;28;17;537;173;48;21;539630;75608;12045;4032;291140;142049;44964;31835;830770;217657;57009;35867
2021.12_13-10-2022;РФ;90_105_days;SputnikLite;3938;446;52;16;1901;597;126;72;5839;1043;178;88;539630;75608;12045;4032;291140;142049;44964;31835;830770;217657;57009;35867
2021.12_13-10-2022;РФ;90_105_days;SputnikV;9129;997;165;33;3041;1009;239;144;12170;2006;404;177;539630;75608;12045;4032;291140;142049;44964;31835;830770;217657;57009;35867
2021.12_13-10-2022;Республика Адыгея;105_165_days;AllVaccines;522;70;5;2;163;78;11;7;685;148;16;9;2734;538;41;26;1571;887;230;183;4305;1425;271;209
2021.12_13-10-2022;Республика Адыгея;105_165_days;CoviVac;5;1;0;0;0;0;0;0;5;1;0;0;2734;538;41;26;1571;887;230;183;4305;1425;271;209
2021.12_13-10-2022;Республика Адыгея;105_165_days;EpiVacCorona;31;8;1;0;20;12;1;0;51;20;2;0;2734;538;41;26;1571;887;230;183;4305;1425;271;209
2021.12_13-10-2022;Республика Адыгея;105_165_days;SputnikLite;25;5;0;0;8;2;0;0;33;7;0;0;2734;538;41;26;1571;887;230;183;4305;1425;271;209
2021.12_13-10-2022;Республика Адыгея;105_165_days;SputnikV;461;56;4;2;135;64;10;7;596;120;14;9;2734;538;41;26;1571;887;230;183;4305;1425;271;209
2021.12_13-10-2022;Республика Адыгея;165_195_days;AllVaccines;118;22;1;0;55;23;4;2;173;45;5;2;2734;538;41;26;1571;887;230;183;4305;1425;271;209
2021.12_13-10-2022;Республика Адыгея;165_195_days;CoviVac;11;2;0;0;3;3;1;0;14;5;1;0;2734;538;41;26;1571;887;230;183;4305;1425;271;209
2021.12_13-10-2022;Республика Адыгея;165_195_days;EpiVacCorona;8;3;0;0;5;3;0;0;13;6;0;0;2734;538;41;26;1571;887;230;183;4305;1425;271;209
2021.12_13-10-2022;Республика Адыгея;165_195_days;SputnikV;99;17;1;0;47;17;3;2;146;34;4;2;2734;538;41;26;1571;887;230;183;4305;1425;271;209
2021.12_13-10-2022;Республика Адыгея;21_45_days;AllVaccines;118;18;1;1;70;33;7;6;188;51;8;7;2734;538;41;26;1571;887;230;183;4305;1425;271;209
2021.12_13-10-2022;Республика Адыгея;21_45_days;CoviVac;4;0;0;0;1;0;0;0;5;0;0;0;2734;538;41;26;1571;887;230;183;4305;1425;271;209
2021.12_13-10-2022;Республика Адыгея;21_45_days;EpiVacCorona;4;2;0;0;6;5;2;2;10;7;2;2;2734;538;41;26;1571;887;230;183;4305;1425;271;209
2021.12_13-10-2022;Республика Адыгея;21_45_days;SputnikLite;58;12;1;1;37;19;4;3;95;31;5;4;2734;538;41;26;1571;887;230;183;4305;1425;271;209
2021.12_13-10-2022;Республика Адыгея;21_45_days;SputnikV;52;4;0;0;26;9;1;1;78;13;1;1;2734;538;41;26;1571;887;230;183;4305;1425;271;209
2021.12_13-10-2022;Республика Адыгея;45_75_days;AllVaccines;158;33;1;1;77;26;5;3;235;59;6;4;2734;538;41;26;1571;887;230;183;4305;1425;271;209
2021.12_13-10-2022;Республика Адыгея;45_75_days;EpiVacCorona;2;2;0;0;1;1;0;0;3;3;0;0;2734;538;41;26;1571;887;230;183;4305;1425;271;209
2021.12_13-10-2022;Республика Адыгея;45_75_days;SputnikLite;133;24;1;1;54;20;4;2;187;44;5;3;2734;538;41;26;1571;887;230;183;4305;1425;271;209
2021.12_13-10-2022;Республика Адыгея;45_75_days;SputnikV;23;7;0;0;22;5;1;1;45;12;1;1;2734;538;41;26;1571;887;230;183;4305;1425;271;209
2021.12_13-10-2022;Республика Адыгея;75_90_days;AllVaccines;25;1;0;0;17;6;2;1;42;7;2;1;2734;538;41;26;1571;887;230;183;4305;1425;271;209
2021.12_13-10-2022;Республика Адыгея;75_90_days;EpiVacCorona;0;0;0;0;1;1;0;0;1;1;0;0;2734;538;41;26;1571;887;230;183;4305;1425;271;209
2021.12_13-10-2022;Республика Адыгея;75_90_days;SputnikLite;8;0;0;0;11;3;1;1;19;3;1;1;2734;538;41;26;1571;887;230;183;4305;1425;271;209
2021.12_13-10-2022;Республика Адыгея;75_90_days;SputnikV;17;1;0;0;5;2;1;0;22;3;1;0;2734;538;41;26;1571;887;230;183;4305;1425;271;209
2021.12_13-10-2022;Республика Адыгея;90_105_days;AllVaccines;67;13;1;1;30;11;3;2;97;24;4;3;2734;538;41;26;1571;887;230;183;4305;1425;271;209
2021.12_13-10-2022;Республика Адыгея;90_105_days;EpiVacCorona;2;2;0;0;1;1;0;0;3;3;0;0;2734;538;41;26;1571;887;230;183;4305;1425;271;209
2021.12_13-10-2022;Республика Адыгея;90_105_days;SputnikLite;11;3;1;1;13;3;1;0;24;6;2;1;2734;538;41;26;1571;887;230;183;4305;1425;271;209
2021.12_13-10-2022;Республика Адыгея;90_105_days;SputnikV;54;8;0;0;16;7;2;2;70;15;2;2;2734;538;41;26;1571;887;230;183;4305;1425;271;209
2021.12_13-10-2022;Республика Алтай;105_165_days;AllVaccines;121;18;1;0;35;15;1;0;156;33;2;0;780;161;13;4;349;209;41;15;1129;370;54;19
2021.12_13-10-2022;Республика Алтай;105_165_days;CoviVac;5;1;0;0;2;0;0;0;7;1;0;0;780;161;13;4;349;209;41;15;1129;370;54;19
2021.12_13-10-2022;Республика Алтай;105_165_days;EpiVacCorona;10;4;0;0;4;3;1;0;14;7;1;0;780;161;13;4;349;209;41;15;1129;370;54;19
2021.12_13-10-2022;Республика Алтай;105_165_days;SputnikLite;15;1;0;0;3;2;0;0;18;3;0;0;780;161;13;4;349;209;41;15;1129;370;54;19
2021.12_13-10-2022;Республика Алтай;105_165_days;SputnikV;91;12;1;0;26;10;0;0;117;22;1;0;780;161;13;4;349;209;41;15;1129;370;54;19
2021.12_13-10-2022;Республика Алтай;165_195_days;AllVaccines;40;8;0;0;13;5;0;0;53;13;0;0;780;161;13;4;349;209;41;15;1129;370;54;19
2021.12_13-10-2022;Республика Алтай;165_195_days;CoviVac;3;0;0;0;1;1;0;0;4;1;0;0;780;161;13;4;349;209;41;15;1129;370;54;19
2021.12_13-10-2022;Республика Алтай;165_195_days;EpiVacCorona;1;0;0;0;1;1;0;0;2;1;0;0;780;161;13;4;349;209;41;15;1129;370;54;19
2021.12_13-10-2022;Республика Алтай;165_195_days;SputnikV;36;8;0;0;11;3;0;0;47;11;0;0;780;161;13;4;349;209;41;15;1129;370;54;19
2021.12_13-10-2022;Республика Алтай;21_45_days;AllVaccines;32;3;0;0;26;10;0;0;58;13;0;0;780;161;13;4;349;209;41;15;1129;370;54;19
2021.12_13-10-2022;Республика Алтай;21_45_days;CoviVac;0;0;0;0;1;1;0;0;1;1;0;0;780;161;13;4;349;209;41;15;1129;370;54;19
2021.12_13-10-2022;Республика Алтай;21_45_days;EpiVacCorona;1;0;0;0;2;1;0;0;3;1;0;0;780;161;13;4;349;209;41;15;1129;370;54;19
2021.12_13-10-2022;Республика Алтай;21_45_days;SputnikLite;26;3;0;0;21;8;0;0;47;11;0;0;780;161;13;4;349;209;41;15;1129;370;54;19
2021.12_13-10-2022;Республика Алтай;21_45_days;SputnikV;5;0;0;0;2;0;0;0;7;0;0;0;780;161;13;4;349;209;41;15;1129;370;54;19
2021.12_13-10-2022;Республика Алтай;45_75_days;AllVaccines;28;2;0;0;19;12;1;0;47;14;1;0;780;161;13;4;349;209;41;15;1129;370;54;19
2021.12_13-10-2022;Республика Алтай;45_75_days;CoviVac;0;0;0;0;1;1;0;0;1;1;0;0;780;161;13;4;349;209;41;15;1129;370;54;19
2021.12_13-10-2022;Республика Алтай;45_75_days;SputnikLite;24;2;0;0;14;10;1;0;38;12;1;0;780;161;13;4;349;209;41;15;1129;370;54;19
2021.12_13-10-2022;Республика Алтай;45_75_days;SputnikV;4;0;0;0;4;1;0;0;8;1;0;0;780;161;13;4;349;209;41;15;1129;370;54;19
2021.12_13-10-2022;Республика Алтай;75_90_days;AllVaccines;13;1;1;1;5;2;0;0;18;3;1;1;780;161;13;4;349;209;41;15;1129;370;54;19
2021.12_13-10-2022;Республика Алтай;75_90_days;SputnikLite;6;1;1;1;4;1;0;0;10;2;1;1;780;161;13;4;349;209;41;15;1129;370;54;19
2021.12_13-10-2022;Республика Алтай;75_90_days;SputnikV;7;0;0;0;1;1;0;0;8;1;0;0;780;161;13;4;349;209;41;15;1129;370;54;19
2021.12_13-10-2022;Республика Алтай;90_105_days;AllVaccines;13;0;0;0;7;1;0;0;20;1;0;0;780;161;13;4;349;209;41;15;1129;370;54;19
2021.12_13-10-2022;Республика Алтай;90_105_days;CoviVac;1;0;0;0;0;0;0;0;1;0;0;0;780;161;13;4;349;209;41;15;1129;370;54;19
2021.12_13-10-2022;Республика Алтай;90_105_days;SputnikLite;6;0;0;0;4;0;0;0;10;0;0;0;780;161;13;4;349;209;41;15;1129;370;54;19
2021.12_13-10-2022;Республика Алтай;90_105_days;SputnikV;6;0;0;0;3;1;0;0;9;1;0;0;780;161;13;4;349;209;41;15;1129;370;54;19
2021.12_13-10-2022;Республика Башкортостан;105_165_days;AllVaccines;1035;77;16;2;152;44;26;4;1187;121;42;6;3291;320;121;21;1580;647;380;184;4871;967;501;205
2021.12_13-10-2022;Республика Башкортостан;105_165_days;CoviVac;26;4;0;0;5;1;0;0;31;5;0;0;3291;320;121;21;1580;647;380;184;4871;967;501;205
2021.12_13-10-2022;Республика Башкортостан;105_165_days;EpiVacCorona;15;2;0;0;7;5;5;1;22;7;5;1;3291;320;121;21;1580;647;380;184;4871;967;501;205
2021.12_13-10-2022;Республика Башкортостан;105_165_days;SputnikLite;84;4;1;0;21;3;2;0;105;7;3;0;3291;320;121;21;1580;647;380;184;4871;967;501;205
2021.12_13-10-2022;Республика Башкортостан;105_165_days;SputnikV;910;67;15;2;119;35;19;3;1029;102;34;5;3291;320;121;21;1580;647;380;184;4871;967;501;205
2021.12_13-10-2022;Республика Башкортостан;165_195_days;AllVaccines;168;17;3;0;57;17;7;2;225;34;10;2;3291;320;121;21;1580;647;380;184;4871;967;501;205
2021.12_13-10-2022;Республика Башкортостан;165_195_days;CoviVac;4;0;0;0;1;1;0;0;5;1;0;0;3291;320;121;21;1580;647;380;184;4871;967;501;205
2021.12_13-10-2022;Республика Башкортостан;165_195_days;EpiVacCorona;16;2;1;0;13;6;3;1;29;8;4;1;3291;320;121;21;1580;647;380;184;4871;967;501;205
2021.12_13-10-2022;Республика Башкортостан;165_195_days;SputnikV;148;15;2;0;43;10;4;1;191;25;6;1;3291;320;121;21;1580;647;380;184;4871;967;501;205
2021.12_13-10-2022;Республика Башкортостан;21_45_days;AllVaccines;310;26;10;4;91;30;14;6;401;56;24;10;3291;320;121;21;1580;647;380;184;4871;967;501;205
2021.12_13-10-2022;Республика Башкортостан;21_45_days;EpiVacCorona;15;1;0;0;3;3;1;0;18;4;1;0;3291;320;121;21;1580;647;380;184;4871;967;501;205
2021.12_13-10-2022;Республика Башкортостан;21_45_days;SputnikLite;30;4;1;1;15;4;1;1;45;8;2;2;3291;320;121;21;1580;647;380;184;4871;967;501;205
2021.12_13-10-2022;Республика Башкортостан;21_45_days;SputnikV;265;21;9;3;73;23;12;5;338;44;21;8;3291;320;121;21;1580;647;380;184;4871;967;501;205
2021.12_13-10-2022;Республика Башкортостан;45_75_days;AllVaccines;164;20;4;1;68;23;13;4;232;43;17;5;3291;320;121;21;1580;647;380;184;4871;967;501;205
2021.12_13-10-2022;Республика Башкортостан;45_75_days;CoviVac;0;0;0;0;2;1;1;1;2;1;1;1;3291;320;121;21;1580;647;380;184;4871;967;501;205
2021.12_13-10-2022;Республика Башкортостан;45_75_days;EpiVacCorona;2;0;0;0;2;1;1;0;4;1;1;0;3291;320;121;21;1580;647;380;184;4871;967;501;205
2021.12_13-10-2022;Республика Башкортостан;45_75_days;SputnikLite;61;4;0;0;30;8;4;2;91;12;4;2;3291;320;121;21;1580;647;380;184;4871;967;501;205
2021.12_13-10-2022;Республика Башкортостан;45_75_days;SputnikV;101;16;4;1;34;13;7;1;135;29;11;2;3291;320;121;21;1580;647;380;184;4871;967;501;205
2021.12_13-10-2022;Республика Башкортостан;75_90_days;AllVaccines;67;5;2;0;28;9;4;1;95;14;6;1;3291;320;121;21;1580;647;380;184;4871;967;501;205
2021.12_13-10-2022;Республика Башкортостан;75_90_days;CoviVac;1;1;0;0;1;1;1;0;2;2;1;0;3291;320;121;21;1580;647;380;184;4871;967;501;205
2021.12_13-10-2022;Республика Башкортостан;75_90_days;EpiVacCorona;3;0;0;0;0;0;0;0;3;0;0;0;3291;320;121;21;1580;647;380;184;4871;967;501;205
2021.12_13-10-2022;Республика Башкортостан;75_90_days;SputnikLite;23;1;1;0;10;2;0;0;33;3;1;0;3291;320;121;21;1580;647;380;184;4871;967;501;205
2021.12_13-10-2022;Республика Башкортостан;75_90_days;SputnikV;40;3;1;0;17;6;3;1;57;9;4;1;3291;320;121;21;1580;647;380;184;4871;967;501;205
2021.12_13-10-2022;Республика Башкортостан;90_105_days;AllVaccines;121;11;3;1;34;10;7;4;155;21;10;5;3291;320;121;21;1580;647;380;184;4871;967;501;205
2021.12_13-10-2022;Республика Башкортостан;90_105_days;CoviVac;4;1;0;0;1;1;1;0;5;2;1;0;3291;320;121;21;1580;647;380;184;4871;967;501;205
2021.12_13-10-2022;Республика Башкортостан;90_105_days;EpiVacCorona;0;0;0;0;1;0;0;0;1;0;0;0;3291;320;121;21;1580;647;380;184;4871;967;501;205
2021.12_13-10-2022;Республика Башкортостан;90_105_days;SputnikLite;30;3;0;0;16;4;2;1;46;7;2;1;3291;320;121;21;1580;647;380;184;4871;967;501;205
2021.12_13-10-2022;Республика Башкортостан;90_105_days;SputnikV;87;7;3;1;16;5;4;3;103;12;7;4;3291;320;121;21;1580;647;380;184;4871;967;501;205
2021.12_13-10-2022;Республика Бурятия;105_165_days;AllVaccines;1044;116;6;1;390;185;28;16;1434;301;34;17;5256;798;73;30;2644;1377;363;230;7900;2175;436;260
2021.12_13-10-2022;Республика Бурятия;105_165_days;CoviVac;7;2;0;0;4;3;0;0;11;5;0;0;5256;798;73;30;2644;1377;363;230;7900;2175;436;260
2021.12_13-10-2022;Республика Бурятия;105_165_days;EpiVacCorona;94;19;2;0;50;35;10;6;144;54;12;6;5256;798;73;30;2644;1377;363;230;7900;2175;436;260
2021.12_13-10-2022;Республика Бурятия;105_165_days;SputnikLite;141;13;1;0;36;14;3;1;177;27;4;1;5256;798;73;30;2644;1377;363;230;7900;2175;436;260
2021.12_13-10-2022;Республика Бурятия;105_165_days;SputnikV;802;82;3;1;300;133;15;9;1102;215;18;10;5256;798;73;30;2644;1377;363;230;7900;2175;436;260
2021.12_13-10-2022;Республика Бурятия;165_195_days;AllVaccines;448;67;9;2;246;116;14;5;694;183;23;7;5256;798;73;30;2644;1377;363;230;7900;2175;436;260
2021.12_13-10-2022;Республика Бурятия;165_195_days;CoviVac;6;2;2;1;4;4;0;0;10;6;2;1;5256;798;73;30;2644;1377;363;230;7900;2175;436;260
2021.12_13-10-2022;Республика Бурятия;165_195_days;EpiVacCorona;166;34;6;0;105;62;11;3;271;96;17;3;5256;798;73;30;2644;1377;363;230;7900;2175;436;260
2021.12_13-10-2022;Республика Бурятия;165_195_days;SputnikV;276;31;1;1;137;50;3;2;413;81;4;3;5256;798;73;30;2644;1377;363;230;7900;2175;436;260
2021.12_13-10-2022;Республика Бурятия;21_45_days;AllVaccines;204;27;1;1;102;41;7;5;306;68;8;6;5256;798;73;30;2644;1377;363;230;7900;2175;436;260
2021.12_13-10-2022;Республика Бурятия;21_45_days;CoviVac;0;0;0;0;2;1;1;1;2;1;1;1;5256;798;73;30;2644;1377;363;230;7900;2175;436;260
2021.12_13-10-2022;Республика Бурятия;21_45_days;EpiVacCorona;11;3;0;0;3;1;0;0;14;4;0;0;5256;798;73;30;2644;1377;363;230;7900;2175;436;260
2021.12_13-10-2022;Республика Бурятия;21_45_days;SputnikLite;87;13;1;1;52;17;2;2;139;30;3;3;5256;798;73;30;2644;1377;363;230;7900;2175;436;260
2021.12_13-10-2022;Республика Бурятия;21_45_days;SputnikV;106;11;0;0;45;22;4;2;151;33;4;2;5256;798;73;30;2644;1377;363;230;7900;2175;436;260
2021.12_13-10-2022;Республика Бурятия;45_75_days;AllVaccines;193;21;2;1;90;31;5;2;283;52;7;3;5256;798;73;30;2644;1377;363;230;7900;2175;436;260
2021.12_13-10-2022;Республика Бурятия;45_75_days;EpiVacCorona;0;0;0;0;2;1;0;0;2;1;0;0;5256;798;73;30;2644;1377;363;230;7900;2175;436;260
2021.12_13-10-2022;Республика Бурятия;45_75_days;SputnikLite;151;17;2;1;69;18;4;2;220;35;6;3;5256;798;73;30;2644;1377;363;230;7900;2175;436;260
2021.12_13-10-2022;Республика Бурятия;45_75_days;SputnikV;42;4;0;0;19;12;1;0;61;16;1;0;5256;798;73;30;2644;1377;363;230;7900;2175;436;260
2021.12_13-10-2022;Республика Бурятия;75_90_days;AllVaccines;109;9;0;0;38;13;2;1;147;22;2;1;5256;798;73;30;2644;1377;363;230;7900;2175;436;260
2021.12_13-10-2022;Республика Бурятия;75_90_days;SputnikLite;48;3;0;0;24;7;1;1;72;10;1;1;5256;798;73;30;2644;1377;363;230;7900;2175;436;260
2021.12_13-10-2022;Республика Бурятия;75_90_days;SputnikV;61;6;0;0;14;6;1;0;75;12;1;0;5256;798;73;30;2644;1377;363;230;7900;2175;436;260
2021.12_13-10-2022;Республика Бурятия;90_105_days;AllVaccines;181;14;2;0;75;30;5;4;256;44;7;4;5256;798;73;30;2644;1377;363;230;7900;2175;436;260
2021.12_13-10-2022;Республика Бурятия;90_105_days;CoviVac;1;1;0;0;0;0;0;0;1;1;0;0;5256;798;73;30;2644;1377;363;230;7900;2175;436;260
2021.12_13-10-2022;Республика Бурятия;90_105_days;EpiVacCorona;1;1;0;0;1;1;0;0;2;2;0;0;5256;798;73;30;2644;1377;363;230;7900;2175;436;260
2021.12_13-10-2022;Республика Бурятия;90_105_days;SputnikLite;80;6;0;0;39;20;4;3;119;26;4;3;5256;798;73;30;2644;1377;363;230;7900;2175;436;260
2021.12_13-10-2022;Республика Бурятия;90_105_days;SputnikV;99;6;2;0;35;9;1;1;134;15;3;1;5256;798;73;30;2644;1377;363;230;7900;2175;436;260
2021.12_13-10-2022;Республика Дагестан;105_165_days;AllVaccines;700;113;6;1;211;80;15;5;911;193;21;6;3954;1023;103;30;2101;1069;234;135;6055;2092;337;165
2021.12_13-10-2022;Республика Дагестан;105_165_days;CoviVac;13;1;0;0;3;3;2;1;16;4;2;1;3954;1023;103;30;2101;1069;234;135;6055;2092;337;165
2021.12_13-10-2022;Республика Дагестан;105_165_days;EpiVacCorona;31;4;0;0;10;3;1;0;41;7;1;0;3954;1023;103;30;2101;1069;234;135;6055;2092;337;165
2021.12_13-10-2022;Республика Дагестан;105_165_days;SputnikLite;118;19;1;0;25;8;2;0;143;27;3;0;3954;1023;103;30;2101;1069;234;135;6055;2092;337;165
2021.12_13-10-2022;Республика Дагестан;105_165_days;SputnikV;538;89;5;1;173;66;10;4;711;155;15;5;3954;1023;103;30;2101;1069;234;135;6055;2092;337;165
2021.12_13-10-2022;Республика Дагестан;165_195_days;AllVaccines;134;29;4;3;46;16;6;2;180;45;10;5;3954;1023;103;30;2101;1069;234;135;6055;2092;337;165
2021.12_13-10-2022;Республика Дагестан;165_195_days;CoviVac;15;3;1;1;4;2;1;0;19;5;2;1;3954;1023;103;30;2101;1069;234;135;6055;2092;337;165
2021.12_13-10-2022;Республика Дагестан;165_195_days;EpiVacCorona;25;6;1;1;7;4;1;1;32;10;2;2;3954;1023;103;30;2101;1069;234;135;6055;2092;337;165
2021.12_13-10-2022;Республика Дагестан;165_195_days;SputnikV;94;20;2;1;35;10;4;1;129;30;6;2;3954;1023;103;30;2101;1069;234;135;6055;2092;337;165
2021.12_13-10-2022;Республика Дагестан;21_45_days;AllVaccines;160;41;3;1;58;31;12;4;218;72;15;5;3954;1023;103;30;2101;1069;234;135;6055;2092;337;165
2021.12_13-10-2022;Республика Дагестан;21_45_days;CoviVac;4;4;0;0;1;1;0;0;5;5;0;0;3954;1023;103;30;2101;1069;234;135;6055;2092;337;165
2021.12_13-10-2022;Республика Дагестан;21_45_days;EpiVacCorona;11;2;0;0;4;2;1;1;15;4;1;1;3954;1023;103;30;2101;1069;234;135;6055;2092;337;165
2021.12_13-10-2022;Республика Дагестан;21_45_days;SputnikLite;39;15;2;0;16;8;2;1;55;23;4;1;3954;1023;103;30;2101;1069;234;135;6055;2092;337;165
2021.12_13-10-2022;Республика Дагестан;21_45_days;SputnikV;106;20;1;1;37;20;9;2;143;40;10;3;3954;1023;103;30;2101;1069;234;135;6055;2092;337;165
2021.12_13-10-2022;Республика Дагестан;45_75_days;AllVaccines;141;35;4;0;64;29;2;2;205;64;6;2;3954;1023;103;30;2101;1069;234;135;6055;2092;337;165
2021.12_13-10-2022;Республика Дагестан;45_75_days;SputnikLite;54;15;1;0;23;6;1;2;77;21;2;2;3954;1023;103;30;2101;1069;234;135;6055;2092;337;165
2021.12_13-10-2022;Республика Дагестан;45_75_days;SputnikV;87;20;3;0;41;23;1;0;128;43;4;0;3954;1023;103;30;2101;1069;234;135;6055;2092;337;165
2021.12_13-10-2022;Республика Дагестан;75_90_days;AllVaccines;101;17;0;0;42;24;6;2;143;41;6;2;3954;1023;103;30;2101;1069;234;135;6055;2092;337;165
2021.12_13-10-2022;Республика Дагестан;75_90_days;CoviVac;1;0;0;0;0;0;0;0;1;0;0;0;3954;1023;103;30;2101;1069;234;135;6055;2092;337;165
2021.12_13-10-2022;Республика Дагестан;75_90_days;SputnikLite;16;0;0;0;21;12;3;1;37;12;3;1;3954;1023;103;30;2101;1069;234;135;6055;2092;337;165
2021.12_13-10-2022;Республика Дагестан;75_90_days;SputnikV;84;17;0;0;21;12;3;1;105;29;3;1;3954;1023;103;30;2101;1069;234;135;6055;2092;337;165
2021.12_13-10-2022;Республика Дагестан;90_105_days;AllVaccines;178;43;7;2;59;32;5;4;237;75;12;6;3954;1023;103;30;2101;1069;234;135;6055;2092;337;165
2021.12_13-10-2022;Республика Дагестан;90_105_days;CoviVac;4;0;0;0;1;0;0;0;5;0;0;0;3954;1023;103;30;2101;1069;234;135;6055;2092;337;165
2021.12_13-10-2022;Республика Дагестан;90_105_days;EpiVacCorona;2;2;0;0;0;0;0;0;2;2;0;0;3954;1023;103;30;2101;1069;234;135;6055;2092;337;165
2021.12_13-10-2022;Республика Дагестан;90_105_days;SputnikLite;55;13;1;1;31;15;2;2;86;28;3;3;3954;1023;103;30;2101;1069;234;135;6055;2092;337;165
2021.12_13-10-2022;Республика Дагестан;90_105_days;SputnikV;117;28;6;1;27;17;3;2;144;45;9;3;3954;1023;103;30;2101;1069;234;135;6055;2092;337;165
2021.12_13-10-2022;Республика Ингушетия;105_165_days;AllVaccines;305;64;8;1;79;38;7;4;384;102;15;5;1252;220;21;7;489;236;63;37;1741;456;84;44
2021.12_13-10-2022;Республика Ингушетия;105_165_days;CoviVac;2;0;0;0;0;0;0;0;2;0;0;0;1252;220;21;7;489;236;63;37;1741;456;84;44
2021.12_13-10-2022;Республика Ингушетия;105_165_days;EpiVacCorona;38;12;2;0;16;7;0;0;54;19;2;0;1252;220;21;7;489;236;63;37;1741;456;84;44
2021.12_13-10-2022;Республика Ингушетия;105_165_days;SputnikLite;23;3;0;0;8;3;0;0;31;6;0;0;1252;220;21;7;489;236;63;37;1741;456;84;44
2021.12_13-10-2022;Республика Ингушетия;105_165_days;SputnikV;242;49;6;1;55;28;7;4;297;77;13;5;1252;220;21;7;489;236;63;37;1741;456;84;44
2021.12_13-10-2022;Республика Ингушетия;165_195_days;AllVaccines;85;8;0;0;21;10;3;3;106;18;3;3;1252;220;21;7;489;236;63;37;1741;456;84;44
2021.12_13-10-2022;Республика Ингушетия;165_195_days;CoviVac;1;0;0;0;0;0;0;0;1;0;0;0;1252;220;21;7;489;236;63;37;1741;456;84;44
2021.12_13-10-2022;Республика Ингушетия;165_195_days;SputnikV;84;8;0;0;21;10;3;3;105;18;3;3;1252;220;21;7;489;236;63;37;1741;456;84;44
2021.12_13-10-2022;Республика Ингушетия;21_45_days;AllVaccines;66;14;2;0;27;10;2;0;93;24;4;0;1252;220;21;7;489;236;63;37;1741;456;84;44
2021.12_13-10-2022;Республика Ингушетия;21_45_days;SputnikLite;38;10;1;0;20;7;1;0;58;17;2;0;1252;220;21;7;489;236;63;37;1741;456;84;44
2021.12_13-10-2022;Республика Ингушетия;21_45_days;SputnikV;28;4;1;0;7;3;1;0;35;7;2;0;1252;220;21;7;489;236;63;37;1741;456;84;44
2021.12_13-10-2022;Республика Ингушетия;45_75_days;AllVaccines;62;10;1;0;25;15;4;3;87;25;5;3;1252;220;21;7;489;236;63;37;1741;456;84;44
2021.12_13-10-2022;Республика Ингушетия;45_75_days;SputnikLite;31;8;1;0;11;7;2;1;42;15;3;1;1252;220;21;7;489;236;63;37;1741;456;84;44
2021.12_13-10-2022;Республика Ингушетия;45_75_days;SputnikV;31;2;0;0;14;8;2;2;45;10;2;2;1252;220;21;7;489;236;63;37;1741;456;84;44
2021.12_13-10-2022;Республика Ингушетия;75_90_days;AllVaccines;37;7;1;1;9;3;0;0;46;10;1;1;1252;220;21;7;489;236;63;37;1741;456;84;44
2021.12_13-10-2022;Республика Ингушетия;75_90_days;SputnikLite;17;3;1;1;3;2;0;0;20;5;1;1;1252;220;21;7;489;236;63;37;1741;456;84;44
2021.12_13-10-2022;Республика Ингушетия;75_90_days;SputnikV;20;4;0;0;6;1;0;0;26;5;0;0;1252;220;21;7;489;236;63;37;1741;456;84;44
2021.12_13-10-2022;Республика Ингушетия;90_105_days;AllVaccines;75;11;0;0;22;12;2;1;97;23;2;1;1252;220;21;7;489;236;63;37;1741;456;84;44
2021.12_13-10-2022;Республика Ингушетия;90_105_days;SputnikLite;17;3;0;0;4;2;0;0;21;5;0;0;1252;220;21;7;489;236;63;37;1741;456;84;44
2021.12_13-10-2022;Республика Ингушетия;90_105_days;SputnikV;58;8;0;0;18;10;2;1;76;18;2;1;1252;220;21;7;489;236;63;37;1741;456;84;44
2021.12_13-10-2022;Республика Калмыкия;105_165_days;AllVaccines;79;13;1;0;23;9;3;1;102;22;4;1;473;132;26;6;241;164;57;22;714;296;83;28
2021.12_13-10-2022;Республика Калмыкия;105_165_days;CoviVac;1;1;0;0;0;0;0;0;1;1;0;0;473;132;26;6;241;164;57;22;714;296;83;28
2021.12_13-10-2022;Республика Калмыкия;105_165_days;SputnikLite;17;3;1;0;5;3;0;0;22;6;1;0;473;132;26;6;241;164;57;22;714;296;83;28
2021.12_13-10-2022;Республика Калмыкия;105_165_days;SputnikV;61;9;0;0;18;6;3;1;79;15;3;1;473;132;26;6;241;164;57;22;714;296;83;28
2021.12_13-10-2022;Республика Калмыкия;165_195_days;AllVaccines;18;5;1;0;12;10;3;2;30;15;4;2;473;132;26;6;241;164;57;22;714;296;83;28
2021.12_13-10-2022;Республика Калмыкия;165_195_days;EpiVacCorona;0;0;0;0;3;3;2;1;3;3;2;1;473;132;26;6;241;164;57;22;714;296;83;28
2021.12_13-10-2022;Республика Калмыкия;165_195_days;SputnikV;18;5;1;0;9;7;1;1;27;12;2;1;473;132;26;6;241;164;57;22;714;296;83;28
2021.12_13-10-2022;Республика Калмыкия;21_45_days;AllVaccines;35;14;2;1;19;7;2;1;54;21;4;2;473;132;26;6;241;164;57;22;714;296;83;28
2021.12_13-10-2022;Республика Калмыкия;21_45_days;EpiVacCorona;3;2;1;0;1;1;1;1;4;3;2;1;473;132;26;6;241;164;57;22;714;296;83;28
2021.12_13-10-2022;Республика Калмыкия;21_45_days;SputnikLite;29;10;1;1;18;6;1;0;47;16;2;1;473;132;26;6;241;164;57;22;714;296;83;28
2021.12_13-10-2022;Республика Калмыкия;21_45_days;SputnikV;3;2;0;0;0;0;0;0;3;2;0;0;473;132;26;6;241;164;57;22;714;296;83;28
2021.12_13-10-2022;Республика Калмыкия;45_75_days;AllVaccines;39;7;1;0;12;6;0;0;51;13;1;0;473;132;26;6;241;164;57;22;714;296;83;28
2021.12_13-10-2022;Республика Калмыкия;45_75_days;CoviVac;1;0;0;0;0;0;0;0;1;0;0;0;473;132;26;6;241;164;57;22;714;296;83;28
2021.12_13-10-2022;Республика Калмыкия;45_75_days;SputnikLite;33;7;1;0;11;5;0;0;44;12;1;0;473;132;26;6;241;164;57;22;714;296;83;28
2021.12_13-10-2022;Республика Калмыкия;45_75_days;SputnikV;5;0;0;0;1;1;0;0;6;1;0;0;473;132;26;6;241;164;57;22;714;296;83;28
2021.12_13-10-2022;Республика Калмыкия;90_105_days;AllVaccines;7;2;0;0;2;2;0;0;9;4;0;0;473;132;26;6;241;164;57;22;714;296;83;28
2021.12_13-10-2022;Республика Калмыкия;90_105_days;SputnikLite;5;2;0;0;2;2;0;0;7;4;0;0;473;132;26;6;241;164;57;22;714;296;83;28
2021.12_13-10-2022;Республика Калмыкия;90_105_days;SputnikV;2;0;0;0;0;0;0;0;2;0;0;0;473;132;26;6;241;164;57;22;714;296;83;28
2021.12_13-10-2022;Республика Карелия;105_165_days;AllVaccines;890;77;6;0;208;89;6;5;1098;166;12;5;4861;753;59;36;2209;1223;259;256;7070;1976;318;292
2021.12_13-10-2022;Республика Карелия;105_165_days;CoviVac;16;2;0;0;3;1;0;0;19;3;0;0;4861;753;59;36;2209;1223;259;256;7070;1976;318;292
2021.12_13-10-2022;Республика Карелия;105_165_days;EpiVacCorona;8;2;0;0;4;3;1;1;12;5;1;1;4861;753;59;36;2209;1223;259;256;7070;1976;318;292
2021.12_13-10-2022;Республика Карелия;105_165_days;SputnikLite;172;16;1;0;32;13;1;1;204;29;2;1;4861;753;59;36;2209;1223;259;256;7070;1976;318;292
2021.12_13-10-2022;Республика Карелия;105_165_days;SputnikV;694;57;5;0;169;72;4;3;863;129;9;3;4861;753;59;36;2209;1223;259;256;7070;1976;318;292
2021.12_13-10-2022;Республика Карелия;165_195_days;AllVaccines;146;16;0;0;109;41;7;5;255;57;7;5;4861;753;59;36;2209;1223;259;256;7070;1976;318;292
2021.12_13-10-2022;Республика Карелия;165_195_days;CoviVac;12;1;0;0;7;1;1;1;19;2;1;1;4861;753;59;36;2209;1223;259;256;7070;1976;318;292
2021.12_13-10-2022;Республика Карелия;165_195_days;EpiVacCorona;10;1;0;0;10;8;3;2;20;9;3;2;4861;753;59;36;2209;1223;259;256;7070;1976;318;292
2021.12_13-10-2022;Республика Карелия;165_195_days;SputnikV;124;14;0;0;92;32;3;2;216;46;3;2;4861;753;59;36;2209;1223;259;256;7070;1976;318;292
2021.12_13-10-2022;Республика Карелия;21_45_days;AllVaccines;159;21;1;1;117;50;10;6;276;71;11;7;4861;753;59;36;2209;1223;259;256;7070;1976;318;292
2021.12_13-10-2022;Республика Карелия;21_45_days;CoviVac;10;3;0;0;2;0;0;0;12;3;0;0;4861;753;59;36;2209;1223;259;256;7070;1976;318;292
2021.12_13-10-2022;Республика Карелия;21_45_days;EpiVacCorona;7;1;0;0;5;4;1;0;12;5;1;0;4861;753;59;36;2209;1223;259;256;7070;1976;318;292
2021.12_13-10-2022;Республика Карелия;21_45_days;SputnikLite;96;12;1;1;78;31;7;5;174;43;8;6;4861;753;59;36;2209;1223;259;256;7070;1976;318;292
2021.12_13-10-2022;Республика Карелия;21_45_days;SputnikV;46;5;0;0;32;15;2;1;78;20;2;1;4861;753;59;36;2209;1223;259;256;7070;1976;318;292
2021.12_13-10-2022;Республика Карелия;45_75_days;AllVaccines;254;33;2;0;123;42;7;4;377;75;9;4;4861;753;59;36;2209;1223;259;256;7070;1976;318;292
2021.12_13-10-2022;Республика Карелия;45_75_days;CoviVac;0;0;0;0;1;1;0;0;1;1;0;0;4861;753;59;36;2209;1223;259;256;7070;1976;318;292
2021.12_13-10-2022;Республика Карелия;45_75_days;EpiVacCorona;3;2;1;0;3;2;1;1;6;4;2;1;4861;753;59;36;2209;1223;259;256;7070;1976;318;292
2021.12_13-10-2022;Республика Карелия;45_75_days;SputnikLite;212;24;0;0;88;28;6;3;300;52;6;3;4861;753;59;36;2209;1223;259;256;7070;1976;318;292
2021.12_13-10-2022;Республика Карелия;45_75_days;SputnikV;39;7;1;0;31;11;0;0;70;18;1;0;4861;753;59;36;2209;1223;259;256;7070;1976;318;292
2021.12_13-10-2022;Республика Карелия;75_90_days;AllVaccines;57;6;0;0;37;12;3;2;94;18;3;2;4861;753;59;36;2209;1223;259;256;7070;1976;318;292
2021.12_13-10-2022;Республика Карелия;75_90_days;EpiVacCorona;1;0;0;0;0;0;0;0;1;0;0;0;4861;753;59;36;2209;1223;259;256;7070;1976;318;292
2021.12_13-10-2022;Республика Карелия;75_90_days;SputnikLite;30;3;0;0;27;9;1;0;57;12;1;0;4861;753;59;36;2209;1223;259;256;7070;1976;318;292
2021.12_13-10-2022;Республика Карелия;75_90_days;SputnikV;26;3;0;0;10;3;2;2;36;6;2;2;4861;753;59;36;2209;1223;259;256;7070;1976;318;292
2021.12_13-10-2022;Республика Карелия;90_105_days;AllVaccines;139;18;1;0;59;25;4;4;198;43;5;4;4861;753;59;36;2209;1223;259;256;7070;1976;318;292
2021.12_13-10-2022;Республика Карелия;90_105_days;EpiVacCorona;1;0;0;0;0;0;0;0;1;0;0;0;4861;753;59;36;2209;1223;259;256;7070;1976;318;292
2021.12_13-10-2022;Республика Карелия;90_105_days;SputnikLite;76;10;1;0;25;12;3;2;101;22;4;2;4861;753;59;36;2209;1223;259;256;7070;1976;318;292
2021.12_13-10-2022;Республика Карелия;90_105_days;SputnikV;62;8;0;0;34;13;1;2;96;21;1;2;4861;753;59;36;2209;1223;259;256;7070;1976;318;292
2021.12_13-10-2022;Республика Коми;105_165_days;AllVaccines;636;98;2;1;188;85;8;3;824;183;10;4;3681;773;75;38;1928;1172;304;201;5609;1945;379;239
2021.12_13-10-2022;Республика Коми;105_165_days;CoviVac;22;6;0;0;10;5;1;1;32;11;1;1;3681;773;75;38;1928;1172;304;201;5609;1945;379;239
2021.12_13-10-2022;Республика Коми;105_165_days;EpiVacCorona;1;0;0;0;1;0;0;0;2;0;0;0;3681;773;75;38;1928;1172;304;201;5609;1945;379;239
2021.12_13-10-2022;Республика Коми;105_165_days;SputnikLite;126;19;0;0;20;9;0;0;146;28;0;0;3681;773;75;38;1928;1172;304;201;5609;1945;379;239
2021.12_13-10-2022;Республика Коми;105_165_days;SputnikV;487;73;2;1;157;71;7;2;644;144;9;3;3681;773;75;38;1928;1172;304;201;5609;1945;379;239
2021.12_13-10-2022;Республика Коми;165_195_days;AllVaccines;136;29;2;1;86;50;9;5;222;79;11;6;3681;773;75;38;1928;1172;304;201;5609;1945;379;239
2021.12_13-10-2022;Республика Коми;165_195_days;CoviVac;6;1;1;0;2;0;0;0;8;1;1;0;3681;773;75;38;1928;1172;304;201;5609;1945;379;239
2021.12_13-10-2022;Республика Коми;165_195_days;EpiVacCorona;5;1;0;0;10;10;4;1;15;11;4;1;3681;773;75;38;1928;1172;304;201;5609;1945;379;239
2021.12_13-10-2022;Республика Коми;165_195_days;SputnikV;125;27;1;1;74;40;5;4;199;67;6;5;3681;773;75;38;1928;1172;304;201;5609;1945;379;239
2021.12_13-10-2022;Республика Коми;21_45_days;AllVaccines;122;24;0;0;82;35;2;2;204;59;2;2;3681;773;75;38;1928;1172;304;201;5609;1945;379;239
2021.12_13-10-2022;Республика Коми;21_45_days;CoviVac;6;2;0;0;2;0;0;0;8;2;0;0;3681;773;75;38;1928;1172;304;201;5609;1945;379;239
2021.12_13-10-2022;Республика Коми;21_45_days;EpiVacCorona;5;2;0;0;0;0;0;0;5;2;0;0;3681;773;75;38;1928;1172;304;201;5609;1945;379;239
2021.12_13-10-2022;Республика Коми;21_45_days;SputnikLite;90;17;0;0;59;26;2;2;149;43;2;2;3681;773;75;38;1928;1172;304;201;5609;1945;379;239
2021.12_13-10-2022;Республика Коми;21_45_days;SputnikV;21;3;0;0;21;9;0;0;42;12;0;0;3681;773;75;38;1928;1172;304;201;5609;1945;379;239
2021.12_13-10-2022;Республика Коми;45_75_days;AllVaccines;99;20;2;0;62;31;1;1;161;51;3;1;3681;773;75;38;1928;1172;304;201;5609;1945;379;239
2021.12_13-10-2022;Республика Коми;45_75_days;SputnikLite;87;18;0;0;49;23;1;1;136;41;1;1;3681;773;75;38;1928;1172;304;201;5609;1945;379;239
2021.12_13-10-2022;Республика Коми;45_75_days;SputnikV;12;2;2;0;13;8;0;0;25;10;2;0;3681;773;75;38;1928;1172;304;201;5609;1945;379;239
2021.12_13-10-2022;Республика Коми;75_90_days;AllVaccines;41;4;1;0;15;8;0;0;56;12;1;0;3681;773;75;38;1928;1172;304;201;5609;1945;379;239
2021.12_13-10-2022;Республика Коми;75_90_days;SputnikLite;17;1;0;0;2;0;0;0;19;1;0;0;3681;773;75;38;1928;1172;304;201;5609;1945;379;239
2021.12_13-10-2022;Республика Коми;75_90_days;SputnikV;24;3;1;0;13;8;0;0;37;11;1;0;3681;773;75;38;1928;1172;304;201;5609;1945;379;239
2021.12_13-10-2022;Республика Коми;90_105_days;AllVaccines;106;9;1;0;29;12;1;1;135;21;2;1;3681;773;75;38;1928;1172;304;201;5609;1945;379;239
2021.12_13-10-2022;Республика Коми;90_105_days;CoviVac;1;0;0;0;0;0;0;0;1;0;0;0;3681;773;75;38;1928;1172;304;201;5609;1945;379;239
2021.12_13-10-2022;Республика Коми;90_105_days;SputnikLite;33;3;0;0;7;5;1;1;40;8;1;1;3681;773;75;38;1928;1172;304;201;5609;1945;379;239
2021.12_13-10-2022;Республика Коми;90_105_days;SputnikV;72;6;1;0;22;7;0;0;94;13;1;0;3681;773;75;38;1928;1172;304;201;5609;1945;379;239
2021.12_13-10-2022;Республика Крым;105_165_days;AllVaccines;393;61;7;0;154;72;17;6;547;133;24;6;3162;773;143;35;2149;1383;467;234;5311;2156;610;269
2021.12_13-10-2022;Республика Крым;105_165_days;CoviVac;17;3;0;0;2;2;0;0;19;5;0;0;3162;773;143;35;2149;1383;467;234;5311;2156;610;269
2021.12_13-10-2022;Республика Крым;105_165_days;EpiVacCorona;22;6;2;0;8;5;3;1;30;11;5;1;3162;773;143;35;2149;1383;467;234;5311;2156;610;269
2021.12_13-10-2022;Республика Крым;105_165_days;SputnikLite;3;0;0;0;3;1;1;0;6;1;1;0;3162;773;143;35;2149;1383;467;234;5311;2156;610;269
2021.12_13-10-2022;Республика Крым;105_165_days;SputnikV;351;52;5;0;141;64;13;5;492;116;18;5;3162;773;143;35;2149;1383;467;234;5311;2156;610;269
2021.12_13-10-2022;Республика Крым;165_195_days;AllVaccines;172;31;6;1;151;85;21;8;323;116;27;9;3162;773;143;35;2149;1383;467;234;5311;2156;610;269
2021.12_13-10-2022;Республика Крым;165_195_days;CoviVac;9;5;0;0;3;3;1;0;12;8;1;0;3162;773;143;35;2149;1383;467;234;5311;2156;610;269
2021.12_13-10-2022;Республика Крым;165_195_days;EpiVacCorona;19;7;2;1;18;10;3;2;37;17;5;3;3162;773;143;35;2149;1383;467;234;5311;2156;610;269
2021.12_13-10-2022;Республика Крым;165_195_days;SputnikV;144;19;4;0;130;72;17;6;274;91;21;6;3162;773;143;35;2149;1383;467;234;5311;2156;610;269
2021.12_13-10-2022;Республика Крым;21_45_days;AllVaccines;293;64;11;2;81;49;11;3;374;113;22;5;3162;773;143;35;2149;1383;467;234;5311;2156;610;269
2021.12_13-10-2022;Республика Крым;21_45_days;CoviVac;8;1;0;0;2;2;0;0;10;3;0;0;3162;773;143;35;2149;1383;467;234;5311;2156;610;269
2021.12_13-10-2022;Республика Крым;21_45_days;EpiVacCorona;16;5;1;0;4;4;1;0;20;9;2;0;3162;773;143;35;2149;1383;467;234;5311;2156;610;269
2021.12_13-10-2022;Республика Крым;21_45_days;SputnikLite;22;3;0;0;21;10;2;0;43;13;2;0;3162;773;143;35;2149;1383;467;234;5311;2156;610;269
2021.12_13-10-2022;Республика Крым;21_45_days;SputnikV;247;55;10;2;54;33;8;3;301;88;18;5;3162;773;143;35;2149;1383;467;234;5311;2156;610;269
2021.12_13-10-2022;Республика Крым;45_75_days;AllVaccines;113;31;9;3;47;16;6;3;160;47;15;6;3162;773;143;35;2149;1383;467;234;5311;2156;610;269
2021.12_13-10-2022;Республика Крым;45_75_days;CoviVac;3;0;0;0;3;1;0;0;6;1;0;0;3162;773;143;35;2149;1383;467;234;5311;2156;610;269
2021.12_13-10-2022;Республика Крым;45_75_days;EpiVacCorona;0;0;0;0;1;1;0;0;1;1;0;0;3162;773;143;35;2149;1383;467;234;5311;2156;610;269
2021.12_13-10-2022;Республика Крым;45_75_days;SputnikLite;46;12;3;1;24;8;4;2;70;20;7;3;3162;773;143;35;2149;1383;467;234;5311;2156;610;269
2021.12_13-10-2022;Республика Крым;45_75_days;SputnikV;64;19;6;2;19;6;2;1;83;25;8;3;3162;773;143;35;2149;1383;467;234;5311;2156;610;269
2021.12_13-10-2022;Республика Крым;75_90_days;AllVaccines;49;10;3;1;28;18;7;6;77;28;10;7;3162;773;143;35;2149;1383;467;234;5311;2156;610;269
2021.12_13-10-2022;Республика Крым;75_90_days;CoviVac;3;0;0;0;2;2;0;0;5;2;0;0;3162;773;143;35;2149;1383;467;234;5311;2156;610;269
2021.12_13-10-2022;Республика Крым;75_90_days;EpiVacCorona;2;1;1;1;1;1;1;1;3;2;2;2;3162;773;143;35;2149;1383;467;234;5311;2156;610;269
2021.12_13-10-2022;Республика Крым;75_90_days;SputnikLite;3;0;0;0;10;6;1;1;13;6;1;1;3162;773;143;35;2149;1383;467;234;5311;2156;610;269
2021.12_13-10-2022;Республика Крым;75_90_days;SputnikV;41;9;2;0;15;9;5;4;56;18;7;4;3162;773;143;35;2149;1383;467;234;5311;2156;610;269
2021.12_13-10-2022;Республика Крым;90_105_days;AllVaccines;57;6;0;0;25;14;4;0;82;20;4;0;3162;773;143;35;2149;1383;467;234;5311;2156;610;269
2021.12_13-10-2022;Республика Крым;90_105_days;CoviVac;3;1;0;0;0;0;0;0;3;1;0;0;3162;773;143;35;2149;1383;467;234;5311;2156;610;269
2021.12_13-10-2022;Республика Крым;90_105_days;EpiVacCorona;1;1;0;0;1;1;0;0;2;2;0;0;3162;773;143;35;2149;1383;467;234;5311;2156;610;269
2021.12_13-10-2022;Республика Крым;90_105_days;SputnikLite;4;0;0;0;9;3;0;0;13;3;0;0;3162;773;143;35;2149;1383;467;234;5311;2156;610;269
2021.12_13-10-2022;Республика Крым;90_105_days;SputnikV;49;4;0;0;15;10;4;0;64;14;4;0;3162;773;143;35;2149;1383;467;234;5311;2156;610;269
2021.12_13-10-2022;Республика Марий Эл;105_165_days;AllVaccines;268;42;5;0;68;29;7;0;336;71;12;0;1235;261;36;9;885;542;172;59;2120;803;208;68
2021.12_13-10-2022;Республика Марий Эл;105_165_days;CoviVac;2;0;0;0;0;0;0;0;2;0;0;0;1235;261;36;9;885;542;172;59;2120;803;208;68
2021.12_13-10-2022;Республика Марий Эл;105_165_days;EpiVacCorona;4;2;0;0;1;1;0;0;5;3;0;0;1235;261;36;9;885;542;172;59;2120;803;208;68
2021.12_13-10-2022;Республика Марий Эл;105_165_days;SputnikLite;84;16;2;0;11;5;4;0;95;21;6;0;1235;261;36;9;885;542;172;59;2120;803;208;68
2021.12_13-10-2022;Республика Марий Эл;105_165_days;SputnikV;178;24;3;0;56;23;3;0;234;47;6;0;1235;261;36;9;885;542;172;59;2120;803;208;68
2021.12_13-10-2022;Республика Марий Эл;165_195_days;AllVaccines;53;7;2;0;24;8;2;0;77;15;4;0;1235;261;36;9;885;542;172;59;2120;803;208;68
2021.12_13-10-2022;Республика Марий Эл;165_195_days;CoviVac;6;1;0;0;1;0;0;0;7;1;0;0;1235;261;36;9;885;542;172;59;2120;803;208;68
2021.12_13-10-2022;Республика Марий Эл;165_195_days;EpiVacCorona;3;2;1;0;1;1;1;0;4;3;2;0;1235;261;36;9;885;542;172;59;2120;803;208;68
2021.12_13-10-2022;Республика Марий Эл;165_195_days;SputnikV;44;4;1;0;22;7;1;0;66;11;2;0;1235;261;36;9;885;542;172;59;2120;803;208;68
2021.12_13-10-2022;Республика Марий Эл;21_45_days;AllVaccines;49;10;0;0;37;8;3;0;86;18;3;0;1235;261;36;9;885;542;172;59;2120;803;208;68
2021.12_13-10-2022;Республика Марий Эл;21_45_days;CoviVac;1;0;0;0;0;0;0;0;1;0;0;0;1235;261;36;9;885;542;172;59;2120;803;208;68
2021.12_13-10-2022;Республика Марий Эл;21_45_days;EpiVacCorona;4;1;0;0;4;2;0;0;8;3;0;0;1235;261;36;9;885;542;172;59;2120;803;208;68
2021.12_13-10-2022;Республика Марий Эл;21_45_days;SputnikLite;22;3;0;0;25;4;2;0;47;7;2;0;1235;261;36;9;885;542;172;59;2120;803;208;68
2021.12_13-10-2022;Республика Марий Эл;21_45_days;SputnikV;22;6;0;0;8;2;1;0;30;8;1;0;1235;261;36;9;885;542;172;59;2120;803;208;68
2021.12_13-10-2022;Республика Марий Эл;45_75_days;AllVaccines;86;16;3;0;25;16;4;0;111;32;7;0;1235;261;36;9;885;542;172;59;2120;803;208;68
2021.12_13-10-2022;Республика Марий Эл;45_75_days;EpiVacCorona;1;0;0;0;0;0;0;0;1;0;0;0;1235;261;36;9;885;542;172;59;2120;803;208;68
2021.12_13-10-2022;Республика Марий Эл;45_75_days;SputnikLite;80;16;3;0;20;12;4;0;100;28;7;0;1235;261;36;9;885;542;172;59;2120;803;208;68
2021.12_13-10-2022;Республика Марий Эл;45_75_days;SputnikV;5;0;0;0;5;4;0;0;10;4;0;0;1235;261;36;9;885;542;172;59;2120;803;208;68
2021.12_13-10-2022;Республика Марий Эл;75_90_days;AllVaccines;20;1;0;0;7;3;2;0;27;4;2;0;1235;261;36;9;885;542;172;59;2120;803;208;68
2021.12_13-10-2022;Республика Марий Эл;75_90_days;EpiVacCorona;1;0;0;0;0;0;0;0;1;0;0;0;1235;261;36;9;885;542;172;59;2120;803;208;68
2021.12_13-10-2022;Республика Марий Эл;75_90_days;SputnikLite;11;1;0;0;6;2;2;0;17;3;2;0;1235;261;36;9;885;542;172;59;2120;803;208;68
2021.12_13-10-2022;Республика Марий Эл;75_90_days;SputnikV;8;0;0;0;1;1;0;0;9;1;0;0;1235;261;36;9;885;542;172;59;2120;803;208;68
2021.12_13-10-2022;Республика Марий Эл;90_105_days;AllVaccines;39;3;2;0;16;2;1;1;55;5;3;1;1235;261;36;9;885;542;172;59;2120;803;208;68
2021.12_13-10-2022;Республика Марий Эл;90_105_days;EpiVacCorona;1;0;0;0;1;0;0;0;2;0;0;0;1235;261;36;9;885;542;172;59;2120;803;208;68
2021.12_13-10-2022;Республика Марий Эл;90_105_days;SputnikLite;23;2;1;0;6;2;1;1;29;4;2;1;1235;261;36;9;885;542;172;59;2120;803;208;68
2021.12_13-10-2022;Республика Марий Эл;90_105_days;SputnikV;15;1;1;0;9;0;0;0;24;1;1;0;1235;261;36;9;885;542;172;59;2120;803;208;68
2021.12_13-10-2022;Республика Мордовия;105_165_days;AllVaccines;529;97;15;4;90;49;11;6;619;146;26;10;1727;379;48;23;942;566;134;95;2669;945;182;118
2021.12_13-10-2022;Республика Мордовия;105_165_days;CoviVac;4;4;0;0;0;0;0;0;4;4;0;0;1727;379;48;23;942;566;134;95;2669;945;182;118
2021.12_13-10-2022;Республика Мордовия;105_165_days;EpiVacCorona;17;7;0;0;4;3;3;1;21;10;3;1;1727;379;48;23;942;566;134;95;2669;945;182;118
2021.12_13-10-2022;Республика Мордовия;105_165_days;SputnikLite;63;8;1;0;15;11;2;1;78;19;3;1;1727;379;48;23;942;566;134;95;2669;945;182;118
2021.12_13-10-2022;Республика Мордовия;105_165_days;SputnikV;445;78;14;4;71;35;6;4;516;113;20;8;1727;379;48;23;942;566;134;95;2669;945;182;118
2021.12_13-10-2022;Республика Мордовия;165_195_days;AllVaccines;98;24;4;0;54;22;4;1;152;46;8;1;1727;379;48;23;942;566;134;95;2669;945;182;118
2021.12_13-10-2022;Республика Мордовия;165_195_days;CoviVac;1;0;0;0;0;0;0;0;1;0;0;0;1727;379;48;23;942;566;134;95;2669;945;182;118
2021.12_13-10-2022;Республика Мордовия;165_195_days;EpiVacCorona;4;0;0;0;3;2;0;0;7;2;0;0;1727;379;48;23;942;566;134;95;2669;945;182;118
2021.12_13-10-2022;Республика Мордовия;165_195_days;SputnikV;93;24;4;0;51;20;4;1;144;44;8;1;1727;379;48;23;942;566;134;95;2669;945;182;118
2021.12_13-10-2022;Республика Мордовия;21_45_days;AllVaccines;134;19;2;2;53;20;2;2;187;39;4;4;1727;379;48;23;942;566;134;95;2669;945;182;118
2021.12_13-10-2022;Республика Мордовия;21_45_days;CoviVac;3;0;0;0;0;0;0;0;3;0;0;0;1727;379;48;23;942;566;134;95;2669;945;182;118
2021.12_13-10-2022;Республика Мордовия;21_45_days;EpiVacCorona;7;1;0;0;0;0;0;0;7;1;0;0;1727;379;48;23;942;566;134;95;2669;945;182;118
2021.12_13-10-2022;Республика Мордовия;21_45_days;SputnikLite;51;8;0;0;25;6;0;0;76;14;0;0;1727;379;48;23;942;566;134;95;2669;945;182;118
2021.12_13-10-2022;Республика Мордовия;21_45_days;SputnikV;73;10;2;2;28;14;2;2;101;24;4;4;1727;379;48;23;942;566;134;95;2669;945;182;118
2021.12_13-10-2022;Республика Мордовия;45_75_days;AllVaccines;141;21;3;2;64;28;5;6;205;49;8;8;1727;379;48;23;942;566;134;95;2669;945;182;118
2021.12_13-10-2022;Республика Мордовия;45_75_days;EpiVacCorona;1;1;0;0;0;0;0;0;1;1;0;0;1727;379;48;23;942;566;134;95;2669;945;182;118
2021.12_13-10-2022;Республика Мордовия;45_75_days;SputnikLite;101;14;2;2;46;17;3;2;147;31;5;4;1727;379;48;23;942;566;134;95;2669;945;182;118
2021.12_13-10-2022;Республика Мордовия;45_75_days;SputnikV;39;6;1;0;18;11;2;4;57;17;3;4;1727;379;48;23;942;566;134;95;2669;945;182;118
2021.12_13-10-2022;Республика Мордовия;75_90_days;AllVaccines;35;2;1;1;23;13;2;1;58;15;3;2;1727;379;48;23;942;566;134;95;2669;945;182;118
2021.12_13-10-2022;Республика Мордовия;75_90_days;SputnikLite;13;1;1;1;9;6;0;0;22;7;1;1;1727;379;48;23;942;566;134;95;2669;945;182;118
2021.12_13-10-2022;Республика Мордовия;75_90_days;SputnikV;22;1;0;0;14;7;2;1;36;8;2;1;1727;379;48;23;942;566;134;95;2669;945;182;118
2021.12_13-10-2022;Республика Мордовия;90_105_days;AllVaccines;65;14;1;0;34;14;5;5;99;28;6;5;1727;379;48;23;942;566;134;95;2669;945;182;118
2021.12_13-10-2022;Республика Мордовия;90_105_days;SputnikLite;30;4;1;0;14;4;2;1;44;8;3;1;1727;379;48;23;942;566;134;95;2669;945;182;118
2021.12_13-10-2022;Республика Мордовия;90_105_days;SputnikV;35;10;0;0;20;10;3;4;55;20;3;4;1727;379;48;23;942;566;134;95;2669;945;182;118
2021.12_13-10-2022;Республика Саха (Якутия);105_165_days;AllVaccines;661;120;17;2;112;61;17;5;773;181;34;7;3167;688;106;10;1316;865;310;84;4483;1553;416;94
2021.12_13-10-2022;Республика Саха (Якутия);105_165_days;CoviVac;1;0;0;0;0;0;0;0;1;0;0;0;3167;688;106;10;1316;865;310;84;4483;1553;416;94
2021.12_13-10-2022;Республика Саха (Якутия);105_165_days;EpiVacCorona;260;65;10;2;61;43;12;3;321;108;22;5;3167;688;106;10;1316;865;310;84;4483;1553;416;94
2021.12_13-10-2022;Республика Саха (Якутия);105_165_days;SputnikLite;181;23;2;0;17;4;0;0;198;27;2;0;3167;688;106;10;1316;865;310;84;4483;1553;416;94
2021.12_13-10-2022;Республика Саха (Якутия);105_165_days;SputnikV;219;32;5;0;34;14;5;2;253;46;10;2;3167;688;106;10;1316;865;310;84;4483;1553;416;94
2021.12_13-10-2022;Республика Саха (Якутия);165_195_days;AllVaccines;266;53;6;0;86;49;13;4;352;102;19;4;3167;688;106;10;1316;865;310;84;4483;1553;416;94
2021.12_13-10-2022;Республика Саха (Якутия);165_195_days;CoviVac;7;1;1;0;0;0;0;0;7;1;1;0;3167;688;106;10;1316;865;310;84;4483;1553;416;94
2021.12_13-10-2022;Республика Саха (Якутия);165_195_days;EpiVacCorona;50;14;2;0;29;17;2;2;79;31;4;2;3167;688;106;10;1316;865;310;84;4483;1553;416;94
2021.12_13-10-2022;Республика Саха (Якутия);165_195_days;SputnikV;209;38;3;0;57;32;11;2;266;70;14;2;3167;688;106;10;1316;865;310;84;4483;1553;416;94
2021.12_13-10-2022;Республика Саха (Якутия);21_45_days;AllVaccines;137;25;2;0;59;32;12;2;196;57;14;2;3167;688;106;10;1316;865;310;84;4483;1553;416;94
2021.12_13-10-2022;Республика Саха (Якутия);21_45_days;CoviVac;2;1;0;0;1;1;1;0;3;2;1;0;3167;688;106;10;1316;865;310;84;4483;1553;416;94
2021.12_13-10-2022;Республика Саха (Якутия);21_45_days;EpiVacCorona;3;1;0;0;5;5;2;1;8;6;2;1;3167;688;106;10;1316;865;310;84;4483;1553;416;94
2021.12_13-10-2022;Республика Саха (Якутия);21_45_days;SputnikLite;100;19;1;0;44;22;8;1;144;41;9;1;3167;688;106;10;1316;865;310;84;4483;1553;416;94
2021.12_13-10-2022;Республика Саха (Якутия);21_45_days;SputnikV;32;4;1;0;9;4;1;0;41;8;2;0;3167;688;106;10;1316;865;310;84;4483;1553;416;94
2021.12_13-10-2022;Республика Саха (Якутия);45_75_days;AllVaccines;125;12;3;2;52;23;6;2;177;35;9;4;3167;688;106;10;1316;865;310;84;4483;1553;416;94
2021.12_13-10-2022;Республика Саха (Якутия);45_75_days;EpiVacCorona;4;2;1;0;4;3;1;1;8;5;2;1;3167;688;106;10;1316;865;310;84;4483;1553;416;94
2021.12_13-10-2022;Республика Саха (Якутия);45_75_days;SputnikLite;92;8;2;2;44;20;5;1;136;28;7;3;3167;688;106;10;1316;865;310;84;4483;1553;416;94
2021.12_13-10-2022;Республика Саха (Якутия);45_75_days;SputnikV;29;2;0;0;4;0;0;0;33;2;0;0;3167;688;106;10;1316;865;310;84;4483;1553;416;94
2021.12_13-10-2022;Республика Саха (Якутия);75_90_days;AllVaccines;46;6;0;0;20;11;2;1;66;17;2;1;3167;688;106;10;1316;865;310;84;4483;1553;416;94
2021.12_13-10-2022;Республика Саха (Якутия);75_90_days;EpiVacCorona;3;0;0;0;1;1;0;0;4;1;0;0;3167;688;106;10;1316;865;310;84;4483;1553;416;94
2021.12_13-10-2022;Республика Саха (Якутия);75_90_days;SputnikLite;35;5;0;0;13;7;1;0;48;12;1;0;3167;688;106;10;1316;865;310;84;4483;1553;416;94
2021.12_13-10-2022;Республика Саха (Якутия);75_90_days;SputnikV;8;1;0;0;6;3;1;1;14;4;1;1;3167;688;106;10;1316;865;310;84;4483;1553;416;94
2021.12_13-10-2022;Республика Саха (Якутия);90_105_days;AllVaccines;87;9;0;0;17;8;1;0;104;17;1;0;3167;688;106;10;1316;865;310;84;4483;1553;416;94
2021.12_13-10-2022;Республика Саха (Якутия);90_105_days;EpiVacCorona;5;1;0;0;2;2;0;0;7;3;0;0;3167;688;106;10;1316;865;310;84;4483;1553;416;94
2021.12_13-10-2022;Республика Саха (Якутия);90_105_days;SputnikLite;52;5;0;0;12;4;1;0;64;9;1;0;3167;688;106;10;1316;865;310;84;4483;1553;416;94
2021.12_13-10-2022;Республика Саха (Якутия);90_105_days;SputnikV;30;3;0;0;3;2;0;0;33;5;0;0;3167;688;106;10;1316;865;310;84;4483;1553;416;94
2021.12_13-10-2022;Республика Северная Осетия - Алания;105_165_days;AllVaccines;347;36;0;0;84;27;10;8;431;63;10;8;2112;304;35;27;1223;520;154;175;3335;824;189;202
2021.12_13-10-2022;Республика Северная Осетия - Алания;105_165_days;CoviVac;0;0;0;0;1;0;0;0;1;0;0;0;2112;304;35;27;1223;520;154;175;3335;824;189;202
2021.12_13-10-2022;Республика Северная Осетия - Алания;105_165_days;SputnikLite;35;3;0;0;3;1;0;0;38;4;0;0;2112;304;35;27;1223;520;154;175;3335;824;189;202
2021.12_13-10-2022;Республика Северная Осетия - Алания;105_165_days;SputnikV;312;33;0;0;80;26;10;8;392;59;10;8;2112;304;35;27;1223;520;154;175;3335;824;189;202
2021.12_13-10-2022;Республика Северная Осетия - Алания;165_195_days;AllVaccines;68;13;2;1;27;8;1;1;95;21;3;2;2112;304;35;27;1223;520;154;175;3335;824;189;202
2021.12_13-10-2022;Республика Северная Осетия - Алания;165_195_days;CoviVac;4;1;0;0;2;0;0;0;6;1;0;0;2112;304;35;27;1223;520;154;175;3335;824;189;202
2021.12_13-10-2022;Республика Северная Осетия - Алания;165_195_days;EpiVacCorona;2;0;0;0;0;0;0;0;2;0;0;0;2112;304;35;27;1223;520;154;175;3335;824;189;202
2021.12_13-10-2022;Республика Северная Осетия - Алания;165_195_days;SputnikV;62;12;2;1;25;8;1;1;87;20;3;2;2112;304;35;27;1223;520;154;175;3335;824;189;202
2021.12_13-10-2022;Республика Северная Осетия - Алания;21_45_days;AllVaccines;79;12;2;1;25;11;3;2;104;23;5;3;2112;304;35;27;1223;520;154;175;3335;824;189;202
2021.12_13-10-2022;Республика Северная Осетия - Алания;21_45_days;CoviVac;1;0;0;0;0;0;0;0;1;0;0;0;2112;304;35;27;1223;520;154;175;3335;824;189;202
2021.12_13-10-2022;Республика Северная Осетия - Алания;21_45_days;SputnikLite;46;5;0;0;11;7;2;1;57;12;2;1;2112;304;35;27;1223;520;154;175;3335;824;189;202
2021.12_13-10-2022;Республика Северная Осетия - Алания;21_45_days;SputnikV;32;7;2;1;14;4;1;1;46;11;3;2;2112;304;35;27;1223;520;154;175;3335;824;189;202
2021.12_13-10-2022;Республика Северная Осетия - Алания;45_75_days;AllVaccines;45;6;0;1;21;9;1;0;66;15;1;1;2112;304;35;27;1223;520;154;175;3335;824;189;202
2021.12_13-10-2022;Республика Северная Осетия - Алания;45_75_days;EpiVacCorona;2;1;0;0;0;0;0;0;2;1;0;0;2112;304;35;27;1223;520;154;175;3335;824;189;202
2021.12_13-10-2022;Республика Северная Осетия - Алания;45_75_days;SputnikLite;26;1;0;0;14;4;0;0;40;5;0;0;2112;304;35;27;1223;520;154;175;3335;824;189;202
2021.12_13-10-2022;Республика Северная Осетия - Алания;45_75_days;SputnikV;17;4;0;1;7;5;1;0;24;9;1;1;2112;304;35;27;1223;520;154;175;3335;824;189;202
2021.12_13-10-2022;Республика Северная Осетия - Алания;75_90_days;AllVaccines;22;5;4;0;10;2;0;0;32;7;4;0;2112;304;35;27;1223;520;154;175;3335;824;189;202
2021.12_13-10-2022;Республика Северная Осетия - Алания;75_90_days;SputnikLite;6;1;0;0;6;2;0;0;12;3;0;0;2112;304;35;27;1223;520;154;175;3335;824;189;202
2021.12_13-10-2022;Республика Северная Осетия - Алания;75_90_days;SputnikV;16;4;4;0;4;0;0;0;20;4;4;0;2112;304;35;27;1223;520;154;175;3335;824;189;202
2021.12_13-10-2022;Республика Северная Осетия - Алания;90_105_days;AllVaccines;35;1;0;0;5;0;0;0;40;1;0;0;2112;304;35;27;1223;520;154;175;3335;824;189;202
2021.12_13-10-2022;Республика Северная Осетия - Алания;90_105_days;SputnikLite;10;0;0;0;2;0;0;0;12;0;0;0;2112;304;35;27;1223;520;154;175;3335;824;189;202
2021.12_13-10-2022;Республика Северная Осетия - Алания;90_105_days;SputnikV;25;1;0;0;3;0;0;0;28;1;0;0;2112;304;35;27;1223;520;154;175;3335;824;189;202
2021.12_13-10-2022;Республика Татарстан;105_165_days;AllVaccines;369;93;4;3;117;75;11;7;486;168;15;10;1896;728;56;29;1499;1118;321;238;3395;1846;377;267
2021.12_13-10-2022;Республика Татарстан;105_165_days;CoviVac;18;7;0;0;6;4;0;0;24;11;0;0;1896;728;56;29;1499;1118;321;238;3395;1846;377;267
2021.12_13-10-2022;Республика Татарстан;105_165_days;EpiVacCorona;10;6;1;1;17;14;2;0;27;20;3;1;1896;728;56;29;1499;1118;321;238;3395;1846;377;267
2021.12_13-10-2022;Республика Татарстан;105_165_days;SputnikLite;28;7;0;0;3;2;0;0;31;9;0;0;1896;728;56;29;1499;1118;321;238;3395;1846;377;267
2021.12_13-10-2022;Республика Татарстан;105_165_days;SputnikV;313;73;3;2;91;55;9;7;404;128;12;9;1896;728;56;29;1499;1118;321;238;3395;1846;377;267
2021.12_13-10-2022;Республика Татарстан;165_195_days;AllVaccines;102;22;1;0;50;35;6;4;152;57;7;4;1896;728;56;29;1499;1118;321;238;3395;1846;377;267
2021.12_13-10-2022;Республика Татарстан;165_195_days;CoviVac;1;1;0;0;0;0;0;0;1;1;0;0;1896;728;56;29;1499;1118;321;238;3395;1846;377;267
2021.12_13-10-2022;Республика Татарстан;165_195_days;EpiVacCorona;14;4;0;0;5;3;0;0;19;7;0;0;1896;728;56;29;1499;1118;321;238;3395;1846;377;267
2021.12_13-10-2022;Республика Татарстан;165_195_days;SputnikV;87;17;1;0;45;32;6;4;132;49;7;4;1896;728;56;29;1499;1118;321;238;3395;1846;377;267
2021.12_13-10-2022;Республика Татарстан;21_45_days;AllVaccines;227;89;4;1;126;81;27;17;353;170;31;18;1896;728;56;29;1499;1118;321;238;3395;1846;377;267
2021.12_13-10-2022;Республика Татарстан;21_45_days;CoviVac;2;1;0;0;1;1;0;0;3;2;0;0;1896;728;56;29;1499;1118;321;238;3395;1846;377;267
2021.12_13-10-2022;Республика Татарстан;21_45_days;EpiVacCorona;5;2;0;0;6;5;3;2;11;7;3;2;1896;728;56;29;1499;1118;321;238;3395;1846;377;267
2021.12_13-10-2022;Республика Татарстан;21_45_days;SputnikLite;24;9;0;0;28;11;3;3;52;20;3;3;1896;728;56;29;1499;1118;321;238;3395;1846;377;267
2021.12_13-10-2022;Республика Татарстан;21_45_days;SputnikV;196;77;4;1;91;64;21;12;287;141;25;13;1896;728;56;29;1499;1118;321;238;3395;1846;377;267
2021.12_13-10-2022;Республика Татарстан;45_75_days;AllVaccines;122;43;0;0;55;30;6;2;177;73;6;2;1896;728;56;29;1499;1118;321;238;3395;1846;377;267
2021.12_13-10-2022;Республика Татарстан;45_75_days;CoviVac;10;7;0;0;1;1;0;0;11;8;0;0;1896;728;56;29;1499;1118;321;238;3395;1846;377;267
2021.12_13-10-2022;Республика Татарстан;45_75_days;EpiVacCorona;0;0;0;0;5;5;1;1;5;5;1;1;1896;728;56;29;1499;1118;321;238;3395;1846;377;267
2021.12_13-10-2022;Республика Татарстан;45_75_days;SputnikLite;47;14;0;0;15;9;2;1;62;23;2;1;1896;728;56;29;1499;1118;321;238;3395;1846;377;267
2021.12_13-10-2022;Республика Татарстан;45_75_days;SputnikV;65;22;0;0;34;15;3;0;99;37;3;0;1896;728;56;29;1499;1118;321;238;3395;1846;377;267
2021.12_13-10-2022;Республика Татарстан;75_90_days;AllVaccines;25;5;0;0;16;10;2;2;41;15;2;2;1896;728;56;29;1499;1118;321;238;3395;1846;377;267
2021.12_13-10-2022;Республика Татарстан;75_90_days;CoviVac;2;0;0;0;2;0;0;0;4;0;0;0;1896;728;56;29;1499;1118;321;238;3395;1846;377;267
2021.12_13-10-2022;Республика Татарстан;75_90_days;SputnikLite;3;1;0;0;4;2;1;1;7;3;1;1;1896;728;56;29;1499;1118;321;238;3395;1846;377;267
2021.12_13-10-2022;Республика Татарстан;75_90_days;SputnikV;20;4;0;0;10;8;1;1;30;12;1;1;1896;728;56;29;1499;1118;321;238;3395;1846;377;267
2021.12_13-10-2022;Республика Татарстан;90_105_days;AllVaccines;71;27;0;0;21;8;2;2;92;35;2;2;1896;728;56;29;1499;1118;321;238;3395;1846;377;267
2021.12_13-10-2022;Республика Татарстан;90_105_days;CoviVac;6;2;0;0;0;0;0;0;6;2;0;0;1896;728;56;29;1499;1118;321;238;3395;1846;377;267
2021.12_13-10-2022;Республика Татарстан;90_105_days;EpiVacCorona;1;0;0;0;4;2;1;1;5;2;1;1;1896;728;56;29;1499;1118;321;238;3395;1846;377;267
2021.12_13-10-2022;Республика Татарстан;90_105_days;SputnikLite;11;4;0;0;3;1;1;0;14;5;1;0;1896;728;56;29;1499;1118;321;238;3395;1846;377;267
2021.12_13-10-2022;Республика Татарстан;90_105_days;SputnikV;53;21;0;0;14;5;0;1;67;26;0;1;1896;728;56;29;1499;1118;321;238;3395;1846;377;267
2021.12_13-10-2022;Республика Тыва;105_165_days;AllVaccines;132;35;8;0;19;13;4;0;151;48;12;0;552;204;46;2;134;99;49;11;686;303;95;13
2021.12_13-10-2022;Республика Тыва;105_165_days;CoviVac;7;3;1;0;0;0;0;0;7;3;1;0;552;204;46;2;134;99;49;11;686;303;95;13
2021.12_13-10-2022;Республика Тыва;105_165_days;EpiVacCorona;1;1;1;0;2;2;2;0;3;3;3;0;552;204;46;2;134;99;49;11;686;303;95;13
2021.12_13-10-2022;Республика Тыва;105_165_days;SputnikLite;38;6;2;0;2;1;0;0;40;7;2;0;552;204;46;2;134;99;49;11;686;303;95;13
2021.12_13-10-2022;Республика Тыва;105_165_days;SputnikV;86;25;4;0;15;10;2;0;101;35;6;0;552;204;46;2;134;99;49;11;686;303;95;13
2021.12_13-10-2022;Республика Тыва;165_195_days;AllVaccines;39;12;2;0;10;7;5;1;49;19;7;1;552;204;46;2;134;99;49;11;686;303;95;13
2021.12_13-10-2022;Республика Тыва;165_195_days;EpiVacCorona;4;3;1;0;2;2;2;1;6;5;3;1;552;204;46;2;134;99;49;11;686;303;95;13
2021.12_13-10-2022;Республика Тыва;165_195_days;SputnikV;35;9;1;0;8;5;3;0;43;14;4;0;552;204;46;2;134;99;49;11;686;303;95;13
2021.12_13-10-2022;Республика Тыва;21_45_days;AllVaccines;24;6;3;1;7;6;2;0;31;12;5;1;552;204;46;2;134;99;49;11;686;303;95;13
2021.12_13-10-2022;Республика Тыва;21_45_days;EpiVacCorona;1;1;1;0;0;0;0;0;1;1;1;0;552;204;46;2;134;99;49;11;686;303;95;13
2021.12_13-10-2022;Республика Тыва;21_45_days;SputnikLite;23;5;2;1;7;6;2;0;30;11;4;1;552;204;46;2;134;99;49;11;686;303;95;13
2021.12_13-10-2022;Республика Тыва;45_75_days;AllVaccines;33;10;4;1;20;13;5;1;53;23;9;2;552;204;46;2;134;99;49;11;686;303;95;13
2021.12_13-10-2022;Республика Тыва;45_75_days;SputnikLite;32;9;3;1;20;13;5;1;52;22;8;2;552;204;46;2;134;99;49;11;686;303;95;13
2021.12_13-10-2022;Республика Тыва;45_75_days;SputnikV;1;1;1;0;0;0;0;0;1;1;1;0;552;204;46;2;134;99;49;11;686;303;95;13
2021.12_13-10-2022;Республика Тыва;75_90_days;AllVaccines;4;1;0;0;2;0;0;0;6;1;0;0;552;204;46;2;134;99;49;11;686;303;95;13
2021.12_13-10-2022;Республика Тыва;75_90_days;SputnikLite;2;1;0;0;2;0;0;0;4;1;0;0;552;204;46;2;134;99;49;11;686;303;95;13
2021.12_13-10-2022;Республика Тыва;75_90_days;SputnikV;2;0;0;0;0;0;0;0;2;0;0;0;552;204;46;2;134;99;49;11;686;303;95;13
2021.12_13-10-2022;Республика Тыва;90_105_days;AllVaccines;6;2;1;0;2;2;0;0;8;4;1;0;552;204;46;2;134;99;49;11;686;303;95;13
2021.12_13-10-2022;Республика Тыва;90_105_days;SputnikLite;4;1;0;0;2;2;0;0;6;3;0;0;552;204;46;2;134;99;49;11;686;303;95;13
2021.12_13-10-2022;Республика Тыва;90_105_days;SputnikV;2;1;1;0;0;0;0;0;2;1;1;0;552;204;46;2;134;99;49;11;686;303;95;13
2021.12_13-10-2022;Республика Хакасия;105_165_days;AllVaccines;635;81;7;1;181;74;8;3;816;155;15;4;2940;549;54;14;1618;928;280;179;4558;1477;334;193
2021.12_13-10-2022;Республика Хакасия;105_165_days;CoviVac;22;8;2;0;4;3;0;0;26;11;2;0;2940;549;54;14;1618;928;280;179;4558;1477;334;193
2021.12_13-10-2022;Республика Хакасия;105_165_days;EpiVacCorona;12;2;0;0;4;4;1;1;16;6;1;1;2940;549;54;14;1618;928;280;179;4558;1477;334;193
2021.12_13-10-2022;Республика Хакасия;105_165_days;SputnikLite;31;5;1;0;12;3;0;0;43;8;1;0;2940;549;54;14;1618;928;280;179;4558;1477;334;193
2021.12_13-10-2022;Республика Хакасия;105_165_days;SputnikV;570;66;4;1;161;64;7;2;731;130;11;3;2940;549;54;14;1618;928;280;179;4558;1477;334;193
2021.12_13-10-2022;Республика Хакасия;165_195_days;AllVaccines;105;16;2;2;69;30;4;3;174;46;6;5;2940;549;54;14;1618;928;280;179;4558;1477;334;193
2021.12_13-10-2022;Республика Хакасия;165_195_days;CoviVac;9;1;0;0;0;0;0;0;9;1;0;0;2940;549;54;14;1618;928;280;179;4558;1477;334;193
2021.12_13-10-2022;Республика Хакасия;165_195_days;EpiVacCorona;3;3;1;1;3;2;1;1;6;5;2;2;2940;549;54;14;1618;928;280;179;4558;1477;334;193
2021.12_13-10-2022;Республика Хакасия;165_195_days;SputnikV;93;12;1;1;66;28;3;2;159;40;4;3;2940;549;54;14;1618;928;280;179;4558;1477;334;193
2021.12_13-10-2022;Республика Хакасия;21_45_days;AllVaccines;83;11;2;1;59;29;6;4;142;40;8;5;2940;549;54;14;1618;928;280;179;4558;1477;334;193
2021.12_13-10-2022;Республика Хакасия;21_45_days;CoviVac;2;0;0;0;3;2;0;0;5;2;0;0;2940;549;54;14;1618;928;280;179;4558;1477;334;193
2021.12_13-10-2022;Республика Хакасия;21_45_days;EpiVacCorona;3;1;0;0;1;1;0;0;4;2;0;0;2940;549;54;14;1618;928;280;179;4558;1477;334;193
2021.12_13-10-2022;Республика Хакасия;21_45_days;SputnikLite;46;8;2;1;35;17;4;3;81;25;6;4;2940;549;54;14;1618;928;280;179;4558;1477;334;193
2021.12_13-10-2022;Республика Хакасия;21_45_days;SputnikV;32;2;0;0;20;9;2;1;52;11;2;1;2940;549;54;14;1618;928;280;179;4558;1477;334;193
2021.12_13-10-2022;Республика Хакасия;45_75_days;AllVaccines;101;16;3;1;35;16;2;0;136;32;5;1;2940;549;54;14;1618;928;280;179;4558;1477;334;193
2021.12_13-10-2022;Республика Хакасия;45_75_days;CoviVac;1;0;0;0;2;0;0;0;3;0;0;0;2940;549;54;14;1618;928;280;179;4558;1477;334;193
2021.12_13-10-2022;Республика Хакасия;45_75_days;SputnikLite;77;10;2;1;25;11;1;0;102;21;3;1;2940;549;54;14;1618;928;280;179;4558;1477;334;193
2021.12_13-10-2022;Республика Хакасия;45_75_days;SputnikV;23;6;1;0;8;5;1;0;31;11;2;0;2940;549;54;14;1618;928;280;179;4558;1477;334;193
2021.12_13-10-2022;Республика Хакасия;75_90_days;AllVaccines;31;3;1;0;17;14;5;2;48;17;6;2;2940;549;54;14;1618;928;280;179;4558;1477;334;193
2021.12_13-10-2022;Республика Хакасия;75_90_days;CoviVac;1;0;0;0;0;0;0;0;1;0;0;0;2940;549;54;14;1618;928;280;179;4558;1477;334;193
2021.12_13-10-2022;Республика Хакасия;75_90_days;EpiVacCorona;0;0;0;0;2;2;0;0;2;2;0;0;2940;549;54;14;1618;928;280;179;4558;1477;334;193
2021.12_13-10-2022;Республика Хакасия;75_90_days;SputnikLite;5;1;0;0;6;5;2;0;11;6;2;0;2940;549;54;14;1618;928;280;179;4558;1477;334;193
2021.12_13-10-2022;Республика Хакасия;75_90_days;SputnikV;25;2;1;0;9;7;3;2;34;9;4;2;2940;549;54;14;1618;928;280;179;4558;1477;334;193
2021.12_13-10-2022;Республика Хакасия;90_105_days;AllVaccines;71;11;2;0;27;12;3;1;98;23;5;1;2940;549;54;14;1618;928;280;179;4558;1477;334;193
2021.12_13-10-2022;Республика Хакасия;90_105_days;CoviVac;2;0;0;0;1;1;0;0;3;1;0;0;2940;549;54;14;1618;928;280;179;4558;1477;334;193
2021.12_13-10-2022;Республика Хакасия;90_105_days;EpiVacCorona;1;0;0;0;0;0;0;0;1;0;0;0;2940;549;54;14;1618;928;280;179;4558;1477;334;193
2021.12_13-10-2022;Республика Хакасия;90_105_days;SputnikLite;22;3;0;0;10;4;0;0;32;7;0;0;2940;549;54;14;1618;928;280;179;4558;1477;334;193
2021.12_13-10-2022;Республика Хакасия;90_105_days;SputnikV;46;8;2;0;16;7;3;1;62;15;5;1;2940;549;54;14;1618;928;280;179;4558;1477;334;193
2021.12_13-10-2022;Ростовская область;105_165_days;AllVaccines;3813;428;104;11;952;369;113;40;4765;797;217;51;13574;2039;528;100;8097;4087;1592;909;21671;6126;2120;1009
2021.12_13-10-2022;Ростовская область;105_165_days;CoviVac;88;13;4;1;17;5;1;1;105;18;5;2;13574;2039;528;100;8097;4087;1592;909;21671;6126;2120;1009
2021.12_13-10-2022;Ростовская область;105_165_days;EpiVacCorona;176;32;11;1;83;36;15;6;259;68;26;7;13574;2039;528;100;8097;4087;1592;909;21671;6126;2120;1009
2021.12_13-10-2022;Ростовская область;105_165_days;SputnikLite;234;31;7;0;49;15;5;0;283;46;12;0;13574;2039;528;100;8097;4087;1592;909;21671;6126;2120;1009
2021.12_13-10-2022;Ростовская область;105_165_days;SputnikV;3315;352;82;9;803;313;92;33;4118;665;174;42;13574;2039;528;100;8097;4087;1592;909;21671;6126;2120;1009
2021.12_13-10-2022;Ростовская область;165_195_days;AllVaccines;624;85;21;2;478;193;60;31;1102;278;81;33;13574;2039;528;100;8097;4087;1592;909;21671;6126;2120;1009
2021.12_13-10-2022;Ростовская область;165_195_days;CoviVac;14;4;2;0;12;1;0;0;26;5;2;0;13574;2039;528;100;8097;4087;1592;909;21671;6126;2120;1009
2021.12_13-10-2022;Ростовская область;165_195_days;EpiVacCorona;152;28;9;1;146;75;20;11;298;103;29;12;13574;2039;528;100;8097;4087;1592;909;21671;6126;2120;1009
2021.12_13-10-2022;Ростовская область;165_195_days;SputnikV;458;53;10;1;320;117;40;20;778;170;50;21;13574;2039;528;100;8097;4087;1592;909;21671;6126;2120;1009
2021.12_13-10-2022;Ростовская область;21_45_days;AllVaccines;355;42;7;1;209;77;27;8;564;119;34;9;13574;2039;528;100;8097;4087;1592;909;21671;6126;2120;1009
2021.12_13-10-2022;Ростовская область;21_45_days;CoviVac;10;2;0;0;2;2;1;0;12;4;1;0;13574;2039;528;100;8097;4087;1592;909;21671;6126;2120;1009
2021.12_13-10-2022;Ростовская область;21_45_days;EpiVacCorona;8;1;1;0;7;5;3;2;15;6;4;2;13574;2039;528;100;8097;4087;1592;909;21671;6126;2120;1009
2021.12_13-10-2022;Ростовская область;21_45_days;SputnikLite;101;10;1;0;81;28;8;0;182;38;9;0;13574;2039;528;100;8097;4087;1592;909;21671;6126;2120;1009
2021.12_13-10-2022;Ростовская область;21_45_days;SputnikV;236;29;5;1;119;42;15;6;355;71;20;7;13574;2039;528;100;8097;4087;1592;909;21671;6126;2120;1009
2021.12_13-10-2022;Ростовская область;45_75_days;AllVaccines;385;41;11;3;243;96;38;19;628;137;49;22;13574;2039;528;100;8097;4087;1592;909;21671;6126;2120;1009
2021.12_13-10-2022;Ростовская область;45_75_days;CoviVac;13;3;1;0;7;4;3;1;20;7;4;1;13574;2039;528;100;8097;4087;1592;909;21671;6126;2120;1009
2021.12_13-10-2022;Ростовская область;45_75_days;EpiVacCorona;5;0;0;0;8;2;2;2;13;2;2;2;13574;2039;528;100;8097;4087;1592;909;21671;6126;2120;1009
2021.12_13-10-2022;Ростовская область;45_75_days;SputnikLite;189;15;4;1;134;40;12;5;323;55;16;6;13574;2039;528;100;8097;4087;1592;909;21671;6126;2120;1009
2021.12_13-10-2022;Ростовская область;45_75_days;SputnikV;178;23;6;2;94;50;21;11;272;73;27;13;13574;2039;528;100;8097;4087;1592;909;21671;6126;2120;1009
2021.12_13-10-2022;Ростовская область;75_90_days;AllVaccines;253;32;12;2;109;52;17;5;362;84;29;7;13574;2039;528;100;8097;4087;1592;909;21671;6126;2120;1009
2021.12_13-10-2022;Ростовская область;75_90_days;CoviVac;9;2;0;0;1;0;0;0;10;2;0;0;13574;2039;528;100;8097;4087;1592;909;21671;6126;2120;1009
2021.12_13-10-2022;Ростовская область;75_90_days;EpiVacCorona;13;2;2;1;3;0;0;0;16;2;2;1;13574;2039;528;100;8097;4087;1592;909;21671;6126;2120;1009
2021.12_13-10-2022;Ростовская область;75_90_days;SputnikLite;40;6;2;0;41;17;4;1;81;23;6;1;13574;2039;528;100;8097;4087;1592;909;21671;6126;2120;1009
2021.12_13-10-2022;Ростовская область;75_90_days;SputnikV;191;22;8;1;64;35;13;4;255;57;21;5;13574;2039;528;100;8097;4087;1592;909;21671;6126;2120;1009
2021.12_13-10-2022;Ростовская область;90_105_days;AllVaccines;651;92;29;4;184;59;25;5;835;151;54;9;13574;2039;528;100;8097;4087;1592;909;21671;6126;2120;1009
2021.12_13-10-2022;Ростовская область;90_105_days;CoviVac;7;2;0;0;3;1;0;0;10;3;0;0;13574;2039;528;100;8097;4087;1592;909;21671;6126;2120;1009
2021.12_13-10-2022;Ростовская область;90_105_days;EpiVacCorona;17;3;1;0;3;1;0;0;20;4;1;0;13574;2039;528;100;8097;4087;1592;909;21671;6126;2120;1009
2021.12_13-10-2022;Ростовская область;90_105_days;SputnikLite;78;11;4;0;44;15;7;2;122;26;11;2;13574;2039;528;100;8097;4087;1592;909;21671;6126;2120;1009
2021.12_13-10-2022;Ростовская область;90_105_days;SputnikV;549;76;24;4;134;42;18;3;683;118;42;7;13574;2039;528;100;8097;4087;1592;909;21671;6126;2120;1009
2021.12_13-10-2022;Рязанская область;105_165_days;AllVaccines;465;36;5;1;117;33;10;6;582;69;15;7;3193;391;73;34;1954;821;281;209;5147;1212;354;243
2021.12_13-10-2022;Рязанская область;105_165_days;CoviVac;5;1;1;0;0;0;0;0;5;1;1;0;3193;391;73;34;1954;821;281;209;5147;1212;354;243
2021.12_13-10-2022;Рязанская область;105_165_days;EpiVacCorona;11;0;0;0;2;1;0;0;13;1;0;0;3193;391;73;34;1954;821;281;209;5147;1212;354;243
2021.12_13-10-2022;Рязанская область;105_165_days;SputnikLite;25;4;1;0;6;1;0;0;31;5;1;0;3193;391;73;34;1954;821;281;209;5147;1212;354;243
2021.12_13-10-2022;Рязанская область;105_165_days;SputnikV;424;31;3;1;109;31;10;6;533;62;13;7;3193;391;73;34;1954;821;281;209;5147;1212;354;243
2021.12_13-10-2022;Рязанская область;165_195_days;AllVaccines;93;6;3;2;65;21;4;2;158;27;7;4;3193;391;73;34;1954;821;281;209;5147;1212;354;243
2021.12_13-10-2022;Рязанская область;165_195_days;CoviVac;3;0;0;0;3;2;0;0;6;2;0;0;3193;391;73;34;1954;821;281;209;5147;1212;354;243
2021.12_13-10-2022;Рязанская область;165_195_days;EpiVacCorona;10;0;0;0;8;4;2;2;18;4;2;2;3193;391;73;34;1954;821;281;209;5147;1212;354;243
2021.12_13-10-2022;Рязанская область;165_195_days;SputnikV;80;6;3;2;54;15;2;0;134;21;5;2;3193;391;73;34;1954;821;281;209;5147;1212;354;243
2021.12_13-10-2022;Рязанская область;21_45_days;AllVaccines;252;30;6;3;78;25;7;2;330;55;13;5;3193;391;73;34;1954;821;281;209;5147;1212;354;243
2021.12_13-10-2022;Рязанская область;21_45_days;CoviVac;11;0;0;0;0;0;0;0;11;0;0;0;3193;391;73;34;1954;821;281;209;5147;1212;354;243
2021.12_13-10-2022;Рязанская область;21_45_days;EpiVacCorona;25;5;1;1;12;3;0;0;37;8;1;1;3193;391;73;34;1954;821;281;209;5147;1212;354;243
2021.12_13-10-2022;Рязанская область;21_45_days;SputnikLite;9;0;0;0;15;4;1;0;24;4;1;0;3193;391;73;34;1954;821;281;209;5147;1212;354;243
2021.12_13-10-2022;Рязанская область;21_45_days;SputnikV;207;25;5;2;51;18;6;2;258;43;11;4;3193;391;73;34;1954;821;281;209;5147;1212;354;243
2021.12_13-10-2022;Рязанская область;45_75_days;AllVaccines;107;11;0;1;55;13;4;2;162;24;4;3;3193;391;73;34;1954;821;281;209;5147;1212;354;243
2021.12_13-10-2022;Рязанская область;45_75_days;CoviVac;2;0;0;0;0;0;0;0;2;0;0;0;3193;391;73;34;1954;821;281;209;5147;1212;354;243
2021.12_13-10-2022;Рязанская область;45_75_days;EpiVacCorona;5;1;0;0;2;2;0;0;7;3;0;0;3193;391;73;34;1954;821;281;209;5147;1212;354;243
2021.12_13-10-2022;Рязанская область;45_75_days;SputnikLite;68;6;0;0;33;6;1;0;101;12;1;0;3193;391;73;34;1954;821;281;209;5147;1212;354;243
2021.12_13-10-2022;Рязанская область;45_75_days;SputnikV;32;4;0;1;20;5;3;2;52;9;3;3;3193;391;73;34;1954;821;281;209;5147;1212;354;243
2021.12_13-10-2022;Рязанская область;75_90_days;AllVaccines;54;5;1;1;17;4;2;1;71;9;3;2;3193;391;73;34;1954;821;281;209;5147;1212;354;243
2021.12_13-10-2022;Рязанская область;75_90_days;SputnikLite;15;0;0;0;12;2;1;0;27;2;1;0;3193;391;73;34;1954;821;281;209;5147;1212;354;243
2021.12_13-10-2022;Рязанская область;75_90_days;SputnikV;39;5;1;1;5;2;1;1;44;7;2;2;3193;391;73;34;1954;821;281;209;5147;1212;354;243
2021.12_13-10-2022;Рязанская область;90_105_days;AllVaccines;80;10;1;0;34;9;2;0;114;19;3;0;3193;391;73;34;1954;821;281;209;5147;1212;354;243
2021.12_13-10-2022;Рязанская область;90_105_days;CoviVac;3;0;0;0;0;0;0;0;3;0;0;0;3193;391;73;34;1954;821;281;209;5147;1212;354;243
2021.12_13-10-2022;Рязанская область;90_105_days;EpiVacCorona;3;2;0;0;1;1;0;0;4;3;0;0;3193;391;73;34;1954;821;281;209;5147;1212;354;243
2021.12_13-10-2022;Рязанская область;90_105_days;SputnikLite;19;2;0;0;9;1;0;0;28;3;0;0;3193;391;73;34;1954;821;281;209;5147;1212;354;243
2021.12_13-10-2022;Рязанская область;90_105_days;SputnikV;55;6;1;0;24;7;2;0;79;13;3;0;3193;391;73;34;1954;821;281;209;5147;1212;354;243
2021.12_13-10-2022;Самарская область;105_165_days;AllVaccines;1741;254;22;8;414;199;34;19;2155;453;56;27;7608;1474;194;87;4655;2678;781;554;12263;4152;975;641
2021.12_13-10-2022;Самарская область;105_165_days;CoviVac;52;11;0;0;12;6;3;1;64;17;3;1;7608;1474;194;87;4655;2678;781;554;12263;4152;975;641
2021.12_13-10-2022;Самарская область;105_165_days;EpiVacCorona;81;18;3;1;26;15;4;3;107;33;7;4;7608;1474;194;87;4655;2678;781;554;12263;4152;975;641
2021.12_13-10-2022;Самарская область;105_165_days;SputnikLite;245;40;3;1;45;22;2;2;290;62;5;3;7608;1474;194;87;4655;2678;781;554;12263;4152;975;641
2021.12_13-10-2022;Самарская область;105_165_days;SputnikV;1363;185;16;6;331;156;25;13;1694;341;41;19;7608;1474;194;87;4655;2678;781;554;12263;4152;975;641
2021.12_13-10-2022;Самарская область;165_195_days;AllVaccines;327;68;1;0;220;128;32;18;547;196;33;18;7608;1474;194;87;4655;2678;781;554;12263;4152;975;641
2021.12_13-10-2022;Самарская область;165_195_days;CoviVac;7;2;0;0;1;0;0;0;8;2;0;0;7608;1474;194;87;4655;2678;781;554;12263;4152;975;641
2021.12_13-10-2022;Самарская область;165_195_days;EpiVacCorona;58;16;0;0;51;32;11;6;109;48;11;6;7608;1474;194;87;4655;2678;781;554;12263;4152;975;641
2021.12_13-10-2022;Самарская область;165_195_days;SputnikV;262;50;1;0;168;96;21;12;430;146;22;12;7608;1474;194;87;4655;2678;781;554;12263;4152;975;641
2021.12_13-10-2022;Самарская область;21_45_days;AllVaccines;380;63;9;3;196;79;17;14;576;142;26;17;7608;1474;194;87;4655;2678;781;554;12263;4152;975;641
2021.12_13-10-2022;Самарская область;21_45_days;CoviVac;1;0;0;0;1;1;1;1;2;1;1;1;7608;1474;194;87;4655;2678;781;554;12263;4152;975;641
2021.12_13-10-2022;Самарская область;21_45_days;EpiVacCorona;13;4;1;1;15;9;1;1;28;13;2;2;7608;1474;194;87;4655;2678;781;554;12263;4152;975;641
2021.12_13-10-2022;Самарская область;21_45_days;SputnikLite;57;9;0;0;53;17;3;3;110;26;3;3;7608;1474;194;87;4655;2678;781;554;12263;4152;975;641
2021.12_13-10-2022;Самарская область;21_45_days;SputnikV;309;50;8;2;127;52;12;9;436;102;20;11;7608;1474;194;87;4655;2678;781;554;12263;4152;975;641
2021.12_13-10-2022;Самарская область;45_75_days;AllVaccines;358;63;9;6;173;64;14;11;531;127;23;17;7608;1474;194;87;4655;2678;781;554;12263;4152;975;641
2021.12_13-10-2022;Самарская область;45_75_days;CoviVac;5;1;0;0;0;0;0;0;5;1;0;0;7608;1474;194;87;4655;2678;781;554;12263;4152;975;641
2021.12_13-10-2022;Самарская область;45_75_days;EpiVacCorona;1;1;0;0;7;4;2;2;8;5;2;2;7608;1474;194;87;4655;2678;781;554;12263;4152;975;641
2021.12_13-10-2022;Самарская область;45_75_days;SputnikLite;199;33;4;3;108;40;8;8;307;73;12;11;7608;1474;194;87;4655;2678;781;554;12263;4152;975;641
2021.12_13-10-2022;Самарская область;45_75_days;SputnikV;153;28;5;3;58;20;4;1;211;48;9;4;7608;1474;194;87;4655;2678;781;554;12263;4152;975;641
2021.12_13-10-2022;Самарская область;75_90_days;AllVaccines;125;21;3;1;60;29;6;4;185;50;9;5;7608;1474;194;87;4655;2678;781;554;12263;4152;975;641
2021.12_13-10-2022;Самарская область;75_90_days;CoviVac;1;0;0;0;1;1;0;0;2;1;0;0;7608;1474;194;87;4655;2678;781;554;12263;4152;975;641
2021.12_13-10-2022;Самарская область;75_90_days;EpiVacCorona;1;0;0;0;3;2;0;0;4;2;0;0;7608;1474;194;87;4655;2678;781;554;12263;4152;975;641
2021.12_13-10-2022;Самарская область;75_90_days;SputnikLite;50;10;1;1;23;12;3;2;73;22;4;3;7608;1474;194;87;4655;2678;781;554;12263;4152;975;641
2021.12_13-10-2022;Самарская область;75_90_days;SputnikV;73;11;2;0;33;14;3;2;106;25;5;2;7608;1474;194;87;4655;2678;781;554;12263;4152;975;641
2021.12_13-10-2022;Самарская область;90_105_days;AllVaccines;243;39;6;1;94;48;14;9;337;87;20;10;7608;1474;194;87;4655;2678;781;554;12263;4152;975;641
2021.12_13-10-2022;Самарская область;90_105_days;CoviVac;4;1;0;0;1;1;1;0;5;2;1;0;7608;1474;194;87;4655;2678;781;554;12263;4152;975;641
2021.12_13-10-2022;Самарская область;90_105_days;EpiVacCorona;4;1;0;0;2;2;2;2;6;3;2;2;7608;1474;194;87;4655;2678;781;554;12263;4152;975;641
2021.12_13-10-2022;Самарская область;90_105_days;SputnikLite;101;13;2;0;43;19;4;3;144;32;6;3;7608;1474;194;87;4655;2678;781;554;12263;4152;975;641
2021.12_13-10-2022;Самарская область;90_105_days;SputnikV;134;24;4;1;48;26;7;4;182;50;11;5;7608;1474;194;87;4655;2678;781;554;12263;4152;975;641
2021.12_13-10-2022;Саратовская область;105_165_days;AllVaccines;1093;113;24;3;279;116;31;15;1372;229;55;18;5794;964;269;65;3531;1781;785;473;9325;2745;1054;538
2021.12_13-10-2022;Саратовская область;105_165_days;CoviVac;20;4;0;0;2;0;0;0;22;4;0;0;5794;964;269;65;3531;1781;785;473;9325;2745;1054;538
2021.12_13-10-2022;Саратовская область;105_165_days;EpiVacCorona;16;5;1;0;7;5;2;2;23;10;3;2;5794;964;269;65;3531;1781;785;473;9325;2745;1054;538
2021.12_13-10-2022;Саратовская область;105_165_days;SputnikLite;94;18;2;0;23;10;1;0;117;28;3;0;5794;964;269;65;3531;1781;785;473;9325;2745;1054;538
2021.12_13-10-2022;Саратовская область;105_165_days;SputnikV;963;86;21;3;247;101;28;13;1210;187;49;16;5794;964;269;65;3531;1781;785;473;9325;2745;1054;538
2021.12_13-10-2022;Саратовская область;165_195_days;AllVaccines;250;26;5;3;178;66;24;12;428;92;29;15;5794;964;269;65;3531;1781;785;473;9325;2745;1054;538
2021.12_13-10-2022;Саратовская область;165_195_days;CoviVac;6;1;0;0;3;1;0;0;9;2;0;0;5794;964;269;65;3531;1781;785;473;9325;2745;1054;538
2021.12_13-10-2022;Саратовская область;165_195_days;EpiVacCorona;10;0;0;0;11;6;4;3;21;6;4;3;5794;964;269;65;3531;1781;785;473;9325;2745;1054;538
2021.12_13-10-2022;Саратовская область;165_195_days;SputnikV;234;25;5;3;164;59;20;9;398;84;25;12;5794;964;269;65;3531;1781;785;473;9325;2745;1054;538
2021.12_13-10-2022;Саратовская область;21_45_days;AllVaccines;315;35;5;3;145;48;13;8;460;83;18;11;5794;964;269;65;3531;1781;785;473;9325;2745;1054;538
2021.12_13-10-2022;Саратовская область;21_45_days;CoviVac;6;0;0;0;0;0;0;0;6;0;0;0;5794;964;269;65;3531;1781;785;473;9325;2745;1054;538
2021.12_13-10-2022;Саратовская область;21_45_days;EpiVacCorona;23;5;0;0;8;4;1;1;31;9;1;1;5794;964;269;65;3531;1781;785;473;9325;2745;1054;538
2021.12_13-10-2022;Саратовская область;21_45_days;SputnikLite;77;14;2;1;39;11;4;2;116;25;6;3;5794;964;269;65;3531;1781;785;473;9325;2745;1054;538
2021.12_13-10-2022;Саратовская область;21_45_days;SputnikV;209;16;3;2;98;33;8;5;307;49;11;7;5794;964;269;65;3531;1781;785;473;9325;2745;1054;538
2021.12_13-10-2022;Саратовская область;45_75_days;AllVaccines;265;41;15;1;107;34;7;3;372;75;22;4;5794;964;269;65;3531;1781;785;473;9325;2745;1054;538
2021.12_13-10-2022;Саратовская область;45_75_days;CoviVac;8;1;0;0;3;1;1;0;11;2;1;0;5794;964;269;65;3531;1781;785;473;9325;2745;1054;538
2021.12_13-10-2022;Саратовская область;45_75_days;EpiVacCorona;7;1;0;0;0;0;0;0;7;1;0;0;5794;964;269;65;3531;1781;785;473;9325;2745;1054;538
2021.12_13-10-2022;Саратовская область;45_75_days;SputnikLite;165;28;10;1;68;19;6;3;233;47;16;4;5794;964;269;65;3531;1781;785;473;9325;2745;1054;538
2021.12_13-10-2022;Саратовская область;45_75_days;SputnikV;85;11;5;0;36;14;0;0;121;25;5;0;5794;964;269;65;3531;1781;785;473;9325;2745;1054;538
2021.12_13-10-2022;Саратовская область;75_90_days;AllVaccines;109;17;3;1;38;10;2;2;147;27;5;3;5794;964;269;65;3531;1781;785;473;9325;2745;1054;538
2021.12_13-10-2022;Саратовская область;75_90_days;CoviVac;6;2;0;0;0;0;0;0;6;2;0;0;5794;964;269;65;3531;1781;785;473;9325;2745;1054;538
2021.12_13-10-2022;Саратовская область;75_90_days;EpiVacCorona;1;0;0;0;0;0;0;0;1;0;0;0;5794;964;269;65;3531;1781;785;473;9325;2745;1054;538
2021.12_13-10-2022;Саратовская область;75_90_days;SputnikLite;34;2;1;0;14;6;1;1;48;8;2;1;5794;964;269;65;3531;1781;785;473;9325;2745;1054;538
2021.12_13-10-2022;Саратовская область;75_90_days;SputnikV;68;13;2;1;24;4;1;1;92;17;3;2;5794;964;269;65;3531;1781;785;473;9325;2745;1054;538
2021.12_13-10-2022;Саратовская область;90_105_days;AllVaccines;142;20;3;1;67;19;4;3;209;39;7;4;5794;964;269;65;3531;1781;785;473;9325;2745;1054;538
2021.12_13-10-2022;Саратовская область;90_105_days;CoviVac;2;0;0;0;0;0;0;0;2;0;0;0;5794;964;269;65;3531;1781;785;473;9325;2745;1054;538
2021.12_13-10-2022;Саратовская область;90_105_days;EpiVacCorona;3;0;0;0;1;1;1;1;4;1;1;1;5794;964;269;65;3531;1781;785;473;9325;2745;1054;538
2021.12_13-10-2022;Саратовская область;90_105_days;SputnikLite;37;7;1;0;33;8;0;0;70;15;1;0;5794;964;269;65;3531;1781;785;473;9325;2745;1054;538
2021.12_13-10-2022;Саратовская область;90_105_days;SputnikV;100;13;2;1;33;10;3;2;133;23;5;3;5794;964;269;65;3531;1781;785;473;9325;2745;1054;538
2021.12_13-10-2022;Сахалинская область;105_165_days;AllVaccines;418;57;8;0;117;58;7;4;535;115;15;4;2472;451;48;16;1241;819;244;148;3713;1270;292;164
2021.12_13-10-2022;Сахалинская область;105_165_days;CoviVac;16;1;0;0;0;0;0;0;16;1;0;0;2472;451;48;16;1241;819;244;148;3713;1270;292;164
2021.12_13-10-2022;Сахалинская область;105_165_days;EpiVacCorona;2;0;0;0;2;2;1;1;4;2;1;1;2472;451;48;16;1241;819;244;148;3713;1270;292;164
2021.12_13-10-2022;Сахалинская область;105_165_days;SputnikLite;9;0;0;0;4;2;0;0;13;2;0;0;2472;451;48;16;1241;819;244;148;3713;1270;292;164
2021.12_13-10-2022;Сахалинская область;105_165_days;SputnikV;391;56;8;0;111;54;6;3;502;110;14;3;2472;451;48;16;1241;819;244;148;3713;1270;292;164
2021.12_13-10-2022;Сахалинская область;165_195_days;AllVaccines;89;18;2;0;43;26;8;1;132;44;10;1;2472;451;48;16;1241;819;244;148;3713;1270;292;164
2021.12_13-10-2022;Сахалинская область;165_195_days;CoviVac;10;3;0;0;2;2;0;0;12;5;0;0;2472;451;48;16;1241;819;244;148;3713;1270;292;164
2021.12_13-10-2022;Сахалинская область;165_195_days;EpiVacCorona;3;0;0;0;2;2;1;0;5;2;1;0;2472;451;48;16;1241;819;244;148;3713;1270;292;164
2021.12_13-10-2022;Сахалинская область;165_195_days;SputnikV;76;15;2;0;39;22;7;1;115;37;9;1;2472;451;48;16;1241;819;244;148;3713;1270;292;164
2021.12_13-10-2022;Сахалинская область;21_45_days;AllVaccines;69;7;0;0;58;33;5;3;127;40;5;3;2472;451;48;16;1241;819;244;148;3713;1270;292;164
2021.12_13-10-2022;Сахалинская область;21_45_days;EpiVacCorona;11;2;0;0;4;2;0;0;15;4;0;0;2472;451;48;16;1241;819;244;148;3713;1270;292;164
2021.12_13-10-2022;Сахалинская область;21_45_days;SputnikLite;34;4;0;0;41;21;3;2;75;25;3;2;2472;451;48;16;1241;819;244;148;3713;1270;292;164
2021.12_13-10-2022;Сахалинская область;21_45_days;SputnikV;24;1;0;0;13;10;2;1;37;11;2;1;2472;451;48;16;1241;819;244;148;3713;1270;292;164
2021.12_13-10-2022;Сахалинская область;45_75_days;AllVaccines;38;7;1;0;18;12;3;1;56;19;4;1;2472;451;48;16;1241;819;244;148;3713;1270;292;164
2021.12_13-10-2022;Сахалинская область;45_75_days;CoviVac;1;1;0;0;0;0;0;0;1;1;0;0;2472;451;48;16;1241;819;244;148;3713;1270;292;164
2021.12_13-10-2022;Сахалинская область;45_75_days;EpiVacCorona;1;0;0;0;1;1;1;0;2;1;1;0;2472;451;48;16;1241;819;244;148;3713;1270;292;164
2021.12_13-10-2022;Сахалинская область;45_75_days;SputnikLite;20;3;1;0;9;5;1;0;29;8;2;0;2472;451;48;16;1241;819;244;148;3713;1270;292;164
2021.12_13-10-2022;Сахалинская область;45_75_days;SputnikV;16;3;0;0;8;6;1;1;24;9;1;1;2472;451;48;16;1241;819;244;148;3713;1270;292;164
2021.12_13-10-2022;Сахалинская область;75_90_days;AllVaccines;22;4;0;0;2;2;2;1;24;6;2;1;2472;451;48;16;1241;819;244;148;3713;1270;292;164
2021.12_13-10-2022;Сахалинская область;75_90_days;EpiVacCorona;2;0;0;0;0;0;0;0;2;0;0;0;2472;451;48;16;1241;819;244;148;3713;1270;292;164
2021.12_13-10-2022;Сахалинская область;75_90_days;SputnikLite;4;0;0;0;1;1;1;0;5;1;1;0;2472;451;48;16;1241;819;244;148;3713;1270;292;164
2021.12_13-10-2022;Сахалинская область;75_90_days;SputnikV;16;4;0;0;1;1;1;1;17;5;1;1;2472;451;48;16;1241;819;244;148;3713;1270;292;164
2021.12_13-10-2022;Сахалинская область;90_105_days;AllVaccines;46;8;0;0;5;2;0;0;51;10;0;0;2472;451;48;16;1241;819;244;148;3713;1270;292;164
2021.12_13-10-2022;Сахалинская область;90_105_days;EpiVacCorona;1;0;0;0;0;0;0;0;1;0;0;0;2472;451;48;16;1241;819;244;148;3713;1270;292;164
2021.12_13-10-2022;Сахалинская область;90_105_days;SputnikLite;9;1;0;0;1;0;0;0;10;1;0;0;2472;451;48;16;1241;819;244;148;3713;1270;292;164
2021.12_13-10-2022;Сахалинская область;90_105_days;SputnikV;36;7;0;0;4;2;0;0;40;9;0;0;2472;451;48;16;1241;819;244;148;3713;1270;292;164
2021.12_13-10-2022;Свердловская область;105_165_days;AllVaccines;2230;199;10;5;672;220;15;17;2902;419;25;22;14884;2115;180;136;9046;4438;840;942;23930;6553;1020;1078
2021.12_13-10-2022;Свердловская область;105_165_days;CoviVac;48;9;2;0;6;2;0;0;54;11;2;0;14884;2115;180;136;9046;4438;840;942;23930;6553;1020;1078
2021.12_13-10-2022;Свердловская область;105_165_days;EpiVacCorona;137;24;1;0;50;21;4;4;187;45;5;4;14884;2115;180;136;9046;4438;840;942;23930;6553;1020;1078
2021.12_13-10-2022;Свердловская область;105_165_days;SputnikLite;451;40;3;1;76;26;1;1;527;66;4;2;14884;2115;180;136;9046;4438;840;942;23930;6553;1020;1078
2021.12_13-10-2022;Свердловская область;105_165_days;SputnikV;1594;126;4;4;540;171;10;12;2134;297;14;16;14884;2115;180;136;9046;4438;840;942;23930;6553;1020;1078
2021.12_13-10-2022;Свердловская область;165_195_days;AllVaccines;428;47;2;0;329;122;16;16;757;169;18;16;14884;2115;180;136;9046;4438;840;942;23930;6553;1020;1078
2021.12_13-10-2022;Свердловская область;165_195_days;CoviVac;38;9;1;0;11;3;1;0;49;12;2;0;14884;2115;180;136;9046;4438;840;942;23930;6553;1020;1078
2021.12_13-10-2022;Свердловская область;165_195_days;EpiVacCorona;70;9;0;0;74;29;3;6;144;38;3;6;14884;2115;180;136;9046;4438;840;942;23930;6553;1020;1078
2021.12_13-10-2022;Свердловская область;165_195_days;SputnikV;320;29;1;0;244;90;12;10;564;119;13;10;14884;2115;180;136;9046;4438;840;942;23930;6553;1020;1078
2021.12_13-10-2022;Свердловская область;21_45_days;AllVaccines;757;88;6;4;362;111;11;12;1119;199;17;16;14884;2115;180;136;9046;4438;840;942;23930;6553;1020;1078
2021.12_13-10-2022;Свердловская область;21_45_days;CoviVac;24;5;0;0;5;1;0;0;29;6;0;0;14884;2115;180;136;9046;4438;840;942;23930;6553;1020;1078
2021.12_13-10-2022;Свердловская область;21_45_days;EpiVacCorona;49;10;1;1;30;20;2;5;79;30;3;6;14884;2115;180;136;9046;4438;840;942;23930;6553;1020;1078
2021.12_13-10-2022;Свердловская область;21_45_days;SputnikLite;209;25;2;2;154;42;4;4;363;67;6;6;14884;2115;180;136;9046;4438;840;942;23930;6553;1020;1078
2021.12_13-10-2022;Свердловская область;21_45_days;SputnikV;475;48;3;1;173;48;5;3;648;96;8;4;14884;2115;180;136;9046;4438;840;942;23930;6553;1020;1078
2021.12_13-10-2022;Свердловская область;45_75_days;AllVaccines;843;108;10;7;287;77;9;6;1130;185;19;13;14884;2115;180;136;9046;4438;840;942;23930;6553;1020;1078
2021.12_13-10-2022;Свердловская область;45_75_days;CoviVac;23;2;0;0;11;3;1;1;34;5;1;1;14884;2115;180;136;9046;4438;840;942;23930;6553;1020;1078
2021.12_13-10-2022;Свердловская область;45_75_days;EpiVacCorona;11;4;0;0;4;1;0;0;15;5;0;0;14884;2115;180;136;9046;4438;840;942;23930;6553;1020;1078
2021.12_13-10-2022;Свердловская область;45_75_days;SputnikLite;563;77;10;7;184;52;6;4;747;129;16;11;14884;2115;180;136;9046;4438;840;942;23930;6553;1020;1078
2021.12_13-10-2022;Свердловская область;45_75_days;SputnikV;246;25;0;0;88;21;2;1;334;46;2;1;14884;2115;180;136;9046;4438;840;942;23930;6553;1020;1078
2021.12_13-10-2022;Свердловская область;75_90_days;AllVaccines;211;18;1;1;107;35;1;3;318;53;2;4;14884;2115;180;136;9046;4438;840;942;23930;6553;1020;1078
2021.12_13-10-2022;Свердловская область;75_90_days;CoviVac;1;0;0;0;3;0;0;0;4;0;0;0;14884;2115;180;136;9046;4438;840;942;23930;6553;1020;1078
2021.12_13-10-2022;Свердловская область;75_90_days;EpiVacCorona;5;0;0;0;2;1;0;0;7;1;0;0;14884;2115;180;136;9046;4438;840;942;23930;6553;1020;1078
2021.12_13-10-2022;Свердловская область;75_90_days;SputnikLite;87;10;0;0;32;9;0;1;119;19;0;1;14884;2115;180;136;9046;4438;840;942;23930;6553;1020;1078
2021.12_13-10-2022;Свердловская область;75_90_days;SputnikV;118;8;1;1;70;25;1;2;188;33;2;3;14884;2115;180;136;9046;4438;840;942;23930;6553;1020;1078
2021.12_13-10-2022;Свердловская область;90_105_days;AllVaccines;334;36;4;0;174;46;3;3;508;82;7;3;14884;2115;180;136;9046;4438;840;942;23930;6553;1020;1078
2021.12_13-10-2022;Свердловская область;90_105_days;CoviVac;3;1;0;0;0;0;0;0;3;1;0;0;14884;2115;180;136;9046;4438;840;942;23930;6553;1020;1078
2021.12_13-10-2022;Свердловская область;90_105_days;EpiVacCorona;10;3;0;0;7;2;0;0;17;5;0;0;14884;2115;180;136;9046;4438;840;942;23930;6553;1020;1078
2021.12_13-10-2022;Свердловская область;90_105_days;SputnikLite;149;17;3;0;64;16;1;1;213;33;4;1;14884;2115;180;136;9046;4438;840;942;23930;6553;1020;1078
2021.12_13-10-2022;Свердловская область;90_105_days;SputnikV;172;15;1;0;103;28;2;2;275;43;3;2;14884;2115;180;136;9046;4438;840;942;23930;6553;1020;1078
2021.12_13-10-2022;Смоленская область;105_165_days;AllVaccines;967;77;13;6;235;61;9;5;1202;138;22;11;4532;542;63;32;2522;1133;307;278;7054;1675;370;310
2021.12_13-10-2022;Смоленская область;105_165_days;CoviVac;19;3;1;0;2;0;0;0;21;3;1;0;4532;542;63;32;2522;1133;307;278;7054;1675;370;310
2021.12_13-10-2022;Смоленская область;105_165_days;EpiVacCorona;7;3;0;0;0;0;0;0;7;3;0;0;4532;542;63;32;2522;1133;307;278;7054;1675;370;310
2021.12_13-10-2022;Смоленская область;105_165_days;SputnikLite;66;6;2;0;15;6;0;0;81;12;2;0;4532;542;63;32;2522;1133;307;278;7054;1675;370;310
2021.12_13-10-2022;Смоленская область;105_165_days;SputnikV;875;65;10;6;218;55;9;5;1093;120;19;11;4532;542;63;32;2522;1133;307;278;7054;1675;370;310
2021.12_13-10-2022;Смоленская область;165_195_days;AllVaccines;118;7;1;0;76;17;4;2;194;24;5;2;4532;542;63;32;2522;1133;307;278;7054;1675;370;310
2021.12_13-10-2022;Смоленская область;165_195_days;CoviVac;12;0;0;0;1;1;0;0;13;1;0;0;4532;542;63;32;2522;1133;307;278;7054;1675;370;310
2021.12_13-10-2022;Смоленская область;165_195_days;EpiVacCorona;1;0;0;0;0;0;0;0;1;0;0;0;4532;542;63;32;2522;1133;307;278;7054;1675;370;310
2021.12_13-10-2022;Смоленская область;165_195_days;SputnikV;105;7;1;0;75;16;4;2;180;23;5;2;4532;542;63;32;2522;1133;307;278;7054;1675;370;310
2021.12_13-10-2022;Смоленская область;21_45_days;AllVaccines;176;15;1;0;85;23;1;2;261;38;2;2;4532;542;63;32;2522;1133;307;278;7054;1675;370;310
2021.12_13-10-2022;Смоленская область;21_45_days;EpiVacCorona;2;0;0;0;4;2;0;1;6;2;0;1;4532;542;63;32;2522;1133;307;278;7054;1675;370;310
2021.12_13-10-2022;Смоленская область;21_45_days;SputnikLite;63;4;0;0;50;13;1;1;113;17;1;1;4532;542;63;32;2522;1133;307;278;7054;1675;370;310
2021.12_13-10-2022;Смоленская область;21_45_days;SputnikV;111;11;1;0;31;8;0;0;142;19;1;0;4532;542;63;32;2522;1133;307;278;7054;1675;370;310
2021.12_13-10-2022;Смоленская область;45_75_days;AllVaccines;195;23;2;1;66;20;3;2;261;43;5;3;4532;542;63;32;2522;1133;307;278;7054;1675;370;310
2021.12_13-10-2022;Смоленская область;45_75_days;EpiVacCorona;0;0;0;0;1;0;0;0;1;0;0;0;4532;542;63;32;2522;1133;307;278;7054;1675;370;310
2021.12_13-10-2022;Смоленская область;45_75_days;SputnikLite;144;17;1;0;51;14;3;2;195;31;4;2;4532;542;63;32;2522;1133;307;278;7054;1675;370;310
2021.12_13-10-2022;Смоленская область;45_75_days;SputnikV;51;6;1;1;14;6;0;0;65;12;1;1;4532;542;63;32;2522;1133;307;278;7054;1675;370;310
2021.12_13-10-2022;Смоленская область;75_90_days;AllVaccines;67;7;0;0;25;7;0;1;92;14;0;1;4532;542;63;32;2522;1133;307;278;7054;1675;370;310
2021.12_13-10-2022;Смоленская область;75_90_days;EpiVacCorona;1;0;0;0;1;0;0;0;2;0;0;0;4532;542;63;32;2522;1133;307;278;7054;1675;370;310
2021.12_13-10-2022;Смоленская область;75_90_days;SputnikLite;15;2;0;0;11;3;0;1;26;5;0;1;4532;542;63;32;2522;1133;307;278;7054;1675;370;310
2021.12_13-10-2022;Смоленская область;75_90_days;SputnikV;51;5;0;0;13;4;0;0;64;9;0;0;4532;542;63;32;2522;1133;307;278;7054;1675;370;310
2021.12_13-10-2022;Смоленская область;90_105_days;AllVaccines;152;15;1;1;37;9;1;1;189;24;2;2;4532;542;63;32;2522;1133;307;278;7054;1675;370;310
2021.12_13-10-2022;Смоленская область;90_105_days;EpiVacCorona;6;2;0;0;1;1;0;0;7;3;0;0;4532;542;63;32;2522;1133;307;278;7054;1675;370;310
2021.12_13-10-2022;Смоленская область;90_105_days;SputnikLite;23;3;0;0;8;1;1;1;31;4;1;1;4532;542;63;32;2522;1133;307;278;7054;1675;370;310
2021.12_13-10-2022;Смоленская область;90_105_days;SputnikV;123;10;1;1;28;7;0;0;151;17;1;1;4532;542;63;32;2522;1133;307;278;7054;1675;370;310
2021.12_13-10-2022;Ставропольский край;105_165_days;AllVaccines;1891;241;28;11;509;197;37;26;2400;438;65;37;9755;1633;185;72;6099;2978;751;532;15854;4611;936;604
2021.12_13-10-2022;Ставропольский край;105_165_days;CoviVac;48;9;0;0;5;4;0;0;53;13;0;0;9755;1633;185;72;6099;2978;751;532;15854;4611;936;604
2021.12_13-10-2022;Ставропольский край;105_165_days;EpiVacCorona;58;9;0;0;37;18;6;8;95;27;6;8;9755;1633;185;72;6099;2978;751;532;15854;4611;936;604
2021.12_13-10-2022;Ставропольский край;105_165_days;SputnikLite;160;18;1;0;49;21;6;2;209;39;7;2;9755;1633;185;72;6099;2978;751;532;15854;4611;936;604
2021.12_13-10-2022;Ставропольский край;105_165_days;SputnikV;1625;205;27;11;418;154;25;16;2043;359;52;27;9755;1633;185;72;6099;2978;751;532;15854;4611;936;604
2021.12_13-10-2022;Ставропольский край;165_195_days;AllVaccines;414;61;6;2;244;108;21;16;658;169;27;18;9755;1633;185;72;6099;2978;751;532;15854;4611;936;604
2021.12_13-10-2022;Ставропольский край;165_195_days;CoviVac;7;2;0;0;2;2;0;0;9;4;0;0;9755;1633;185;72;6099;2978;751;532;15854;4611;936;604
2021.12_13-10-2022;Ставропольский край;165_195_days;EpiVacCorona;89;19;3;1;73;40;10;8;162;59;13;9;9755;1633;185;72;6099;2978;751;532;15854;4611;936;604
2021.12_13-10-2022;Ставропольский край;165_195_days;SputnikV;318;40;3;1;169;66;11;8;487;106;14;9;9755;1633;185;72;6099;2978;751;532;15854;4611;936;604
2021.12_13-10-2022;Ставропольский край;21_45_days;AllVaccines;526;75;6;0;196;79;9;1;722;154;15;1;9755;1633;185;72;6099;2978;751;532;15854;4611;936;604
2021.12_13-10-2022;Ставропольский край;21_45_days;CoviVac;16;1;0;0;3;2;0;0;19;3;0;0;9755;1633;185;72;6099;2978;751;532;15854;4611;936;604
2021.12_13-10-2022;Ставропольский край;21_45_days;EpiVacCorona;19;3;0;0;9;5;2;1;28;8;2;1;9755;1633;185;72;6099;2978;751;532;15854;4611;936;604
2021.12_13-10-2022;Ставропольский край;21_45_days;SputnikLite;123;14;2;0;67;25;2;0;190;39;4;0;9755;1633;185;72;6099;2978;751;532;15854;4611;936;604
2021.12_13-10-2022;Ставропольский край;21_45_days;SputnikV;368;57;4;0;117;47;5;0;485;104;9;0;9755;1633;185;72;6099;2978;751;532;15854;4611;936;604
2021.12_13-10-2022;Ставропольский край;45_75_days;AllVaccines;309;44;6;3;165;53;10;4;474;97;16;7;9755;1633;185;72;6099;2978;751;532;15854;4611;936;604
2021.12_13-10-2022;Ставропольский край;45_75_days;CoviVac;4;0;0;0;0;0;0;0;4;0;0;0;9755;1633;185;72;6099;2978;751;532;15854;4611;936;604
2021.12_13-10-2022;Ставропольский край;45_75_days;EpiVacCorona;2;0;0;0;3;2;1;0;5;2;1;0;9755;1633;185;72;6099;2978;751;532;15854;4611;936;604
2021.12_13-10-2022;Ставропольский край;45_75_days;SputnikLite;209;29;6;2;115;34;3;1;324;63;9;3;9755;1633;185;72;6099;2978;751;532;15854;4611;936;604
2021.12_13-10-2022;Ставропольский край;45_75_days;SputnikV;94;15;0;1;47;17;6;3;141;32;6;4;9755;1633;185;72;6099;2978;751;532;15854;4611;936;604
2021.12_13-10-2022;Ставропольский край;75_90_days;AllVaccines;124;13;2;1;54;13;1;2;178;26;3;3;9755;1633;185;72;6099;2978;751;532;15854;4611;936;604
2021.12_13-10-2022;Ставропольский край;75_90_days;CoviVac;5;1;0;0;1;0;0;0;6;1;0;0;9755;1633;185;72;6099;2978;751;532;15854;4611;936;604
2021.12_13-10-2022;Ставропольский край;75_90_days;EpiVacCorona;4;0;0;0;4;1;1;1;8;1;1;1;9755;1633;185;72;6099;2978;751;532;15854;4611;936;604
2021.12_13-10-2022;Ставропольский край;75_90_days;SputnikLite;44;6;1;1;27;5;0;0;71;11;1;1;9755;1633;185;72;6099;2978;751;532;15854;4611;936;604
2021.12_13-10-2022;Ставропольский край;75_90_days;SputnikV;71;6;1;0;22;7;0;1;93;13;1;1;9755;1633;185;72;6099;2978;751;532;15854;4611;936;604
2021.12_13-10-2022;Ставропольский край;90_105_days;AllVaccines;219;31;5;1;86;33;7;5;305;64;12;6;9755;1633;185;72;6099;2978;751;532;15854;4611;936;604
2021.12_13-10-2022;Ставропольский край;90_105_days;CoviVac;1;0;0;0;1;1;0;0;2;1;0;0;9755;1633;185;72;6099;2978;751;532;15854;4611;936;604
2021.12_13-10-2022;Ставропольский край;90_105_days;EpiVacCorona;4;0;0;0;0;0;0;0;4;0;0;0;9755;1633;185;72;6099;2978;751;532;15854;4611;936;604
2021.12_13-10-2022;Ставропольский край;90_105_days;SputnikLite;74;13;2;1;34;10;4;3;108;23;6;4;9755;1633;185;72;6099;2978;751;532;15854;4611;936;604
2021.12_13-10-2022;Ставропольский край;90_105_days;SputnikV;140;18;3;0;51;22;3;2;191;40;6;2;9755;1633;185;72;6099;2978;751;532;15854;4611;936;604
2021.12_13-10-2022;Тамбовская область;105_165_days;AllVaccines;1301;103;15;5;280;84;15;14;1581;187;30;19;5436;610;64;35;3229;1267;278;267;8665;1877;342;302
2021.12_13-10-2022;Тамбовская область;105_165_days;CoviVac;12;0;0;0;1;0;0;0;13;0;0;0;5436;610;64;35;3229;1267;278;267;8665;1877;342;302
2021.12_13-10-2022;Тамбовская область;105_165_days;EpiVacCorona;9;1;0;0;6;3;1;1;15;4;1;1;5436;610;64;35;3229;1267;278;267;8665;1877;342;302
2021.12_13-10-2022;Тамбовская область;105_165_days;SputnikLite;348;31;0;0;60;25;6;3;408;56;6;3;5436;610;64;35;3229;1267;278;267;8665;1877;342;302
2021.12_13-10-2022;Тамбовская область;105_165_days;SputnikV;932;71;15;5;213;56;8;10;1145;127;23;15;5436;610;64;35;3229;1267;278;267;8665;1877;342;302
2021.12_13-10-2022;Тамбовская область;165_195_days;AllVaccines;295;32;0;0;151;53;6;7;446;85;6;7;5436;610;64;35;3229;1267;278;267;8665;1877;342;302
2021.12_13-10-2022;Тамбовская область;165_195_days;CoviVac;7;0;0;0;2;0;0;0;9;0;0;0;5436;610;64;35;3229;1267;278;267;8665;1877;342;302
2021.12_13-10-2022;Тамбовская область;165_195_days;EpiVacCorona;14;2;0;0;17;10;3;2;31;12;3;2;5436;610;64;35;3229;1267;278;267;8665;1877;342;302
2021.12_13-10-2022;Тамбовская область;165_195_days;SputnikV;274;30;0;0;132;43;3;5;406;73;3;5;5436;610;64;35;3229;1267;278;267;8665;1877;342;302
2021.12_13-10-2022;Тамбовская область;21_45_days;AllVaccines;234;18;2;0;154;42;5;6;388;60;7;6;5436;610;64;35;3229;1267;278;267;8665;1877;342;302
2021.12_13-10-2022;Тамбовская область;21_45_days;CoviVac;10;0;0;0;4;2;0;0;14;2;0;0;5436;610;64;35;3229;1267;278;267;8665;1877;342;302
2021.12_13-10-2022;Тамбовская область;21_45_days;EpiVacCorona;3;1;0;0;2;2;0;0;5;3;0;0;5436;610;64;35;3229;1267;278;267;8665;1877;342;302
2021.12_13-10-2022;Тамбовская область;21_45_days;SputnikLite;138;12;1;0;65;20;2;3;203;32;3;3;5436;610;64;35;3229;1267;278;267;8665;1877;342;302
2021.12_13-10-2022;Тамбовская область;21_45_days;SputnikV;83;5;1;0;83;18;3;3;166;23;4;3;5436;610;64;35;3229;1267;278;267;8665;1877;342;302
2021.12_13-10-2022;Тамбовская область;45_75_days;AllVaccines;237;22;2;1;112;26;3;3;349;48;5;4;5436;610;64;35;3229;1267;278;267;8665;1877;342;302
2021.12_13-10-2022;Тамбовская область;45_75_days;CoviVac;1;0;0;0;0;0;0;0;1;0;0;0;5436;610;64;35;3229;1267;278;267;8665;1877;342;302
2021.12_13-10-2022;Тамбовская область;45_75_days;EpiVacCorona;3;1;0;0;1;1;0;0;4;2;0;0;5436;610;64;35;3229;1267;278;267;8665;1877;342;302
2021.12_13-10-2022;Тамбовская область;45_75_days;SputnikLite;198;18;1;0;74;14;1;2;272;32;2;2;5436;610;64;35;3229;1267;278;267;8665;1877;342;302
2021.12_13-10-2022;Тамбовская область;45_75_days;SputnikV;35;3;1;1;37;11;2;1;72;14;3;2;5436;610;64;35;3229;1267;278;267;8665;1877;342;302
2021.12_13-10-2022;Тамбовская область;75_90_days;AllVaccines;88;4;1;0;61;18;2;1;149;22;3;1;5436;610;64;35;3229;1267;278;267;8665;1877;342;302
2021.12_13-10-2022;Тамбовская область;75_90_days;EpiVacCorona;0;0;0;0;1;0;0;0;1;0;0;0;5436;610;64;35;3229;1267;278;267;8665;1877;342;302
2021.12_13-10-2022;Тамбовская область;75_90_days;SputnikLite;58;2;1;0;35;10;1;0;93;12;2;0;5436;610;64;35;3229;1267;278;267;8665;1877;342;302
2021.12_13-10-2022;Тамбовская область;75_90_days;SputnikV;30;2;0;0;25;8;1;1;55;10;1;1;5436;610;64;35;3229;1267;278;267;8665;1877;342;302
2021.12_13-10-2022;Тамбовская область;90_105_days;AllVaccines;184;23;4;4;122;36;5;8;306;59;9;12;5436;610;64;35;3229;1267;278;267;8665;1877;342;302
2021.12_13-10-2022;Тамбовская область;90_105_days;EpiVacCorona;1;0;0;0;0;0;0;0;1;0;0;0;5436;610;64;35;3229;1267;278;267;8665;1877;342;302
2021.12_13-10-2022;Тамбовская область;90_105_days;SputnikLite;111;17;2;4;57;12;2;4;168;29;4;8;5436;610;64;35;3229;1267;278;267;8665;1877;342;302
2021.12_13-10-2022;Тамбовская область;90_105_days;SputnikV;72;6;2;0;65;24;3;4;137;30;5;4;5436;610;64;35;3229;1267;278;267;8665;1877;342;302
2021.12_13-10-2022;Тверская область;105_165_days;AllVaccines;1477;109;8;5;431;132;17;9;1908;241;25;14;7867;1040;123;74;4250;2096;464;414;12117;3136;587;488
2021.12_13-10-2022;Тверская область;105_165_days;CoviVac;23;4;1;0;5;3;1;0;28;7;2;0;7867;1040;123;74;4250;2096;464;414;12117;3136;587;488
2021.12_13-10-2022;Тверская область;105_165_days;EpiVacCorona;39;8;0;0;15;7;2;2;54;15;2;2;7867;1040;123;74;4250;2096;464;414;12117;3136;587;488
2021.12_13-10-2022;Тверская область;105_165_days;SputnikLite;46;3;0;0;18;4;2;1;64;7;2;1;7867;1040;123;74;4250;2096;464;414;12117;3136;587;488
2021.12_13-10-2022;Тверская область;105_165_days;SputnikV;1369;94;7;5;393;118;12;6;1762;212;19;11;7867;1040;123;74;4250;2096;464;414;12117;3136;587;488
2021.12_13-10-2022;Тверская область;165_195_days;AllVaccines;170;17;2;1;142;49;6;3;312;66;8;4;7867;1040;123;74;4250;2096;464;414;12117;3136;587;488
2021.12_13-10-2022;Тверская область;165_195_days;CoviVac;13;3;0;0;1;0;0;0;14;3;0;0;7867;1040;123;74;4250;2096;464;414;12117;3136;587;488
2021.12_13-10-2022;Тверская область;165_195_days;EpiVacCorona;15;1;0;0;19;12;2;1;34;13;2;1;7867;1040;123;74;4250;2096;464;414;12117;3136;587;488
2021.12_13-10-2022;Тверская область;165_195_days;SputnikV;142;13;2;1;122;37;4;2;264;50;6;3;7867;1040;123;74;4250;2096;464;414;12117;3136;587;488
2021.12_13-10-2022;Тверская область;21_45_days;AllVaccines;284;40;1;0;161;58;11;8;445;98;12;8;7867;1040;123;74;4250;2096;464;414;12117;3136;587;488
2021.12_13-10-2022;Тверская область;21_45_days;CoviVac;11;1;0;0;2;2;1;1;13;3;1;1;7867;1040;123;74;4250;2096;464;414;12117;3136;587;488
2021.12_13-10-2022;Тверская область;21_45_days;EpiVacCorona;18;10;0;0;10;6;1;1;28;16;1;1;7867;1040;123;74;4250;2096;464;414;12117;3136;587;488
2021.12_13-10-2022;Тверская область;21_45_days;SputnikLite;119;14;1;0;82;30;4;4;201;44;5;4;7867;1040;123;74;4250;2096;464;414;12117;3136;587;488
2021.12_13-10-2022;Тверская область;21_45_days;SputnikV;136;15;0;0;67;20;5;2;203;35;5;2;7867;1040;123;74;4250;2096;464;414;12117;3136;587;488
2021.12_13-10-2022;Тверская область;45_75_days;AllVaccines;215;23;3;3;159;45;7;3;374;68;10;6;7867;1040;123;74;4250;2096;464;414;12117;3136;587;488
2021.12_13-10-2022;Тверская область;45_75_days;CoviVac;4;1;0;0;2;0;0;0;6;1;0;0;7867;1040;123;74;4250;2096;464;414;12117;3136;587;488
2021.12_13-10-2022;Тверская область;45_75_days;EpiVacCorona;5;1;1;0;4;1;0;0;9;2;1;0;7867;1040;123;74;4250;2096;464;414;12117;3136;587;488
2021.12_13-10-2022;Тверская область;45_75_days;SputnikLite;132;11;0;0;113;29;5;1;245;40;5;1;7867;1040;123;74;4250;2096;464;414;12117;3136;587;488
2021.12_13-10-2022;Тверская область;45_75_days;SputnikV;74;10;2;3;40;15;2;2;114;25;4;5;7867;1040;123;74;4250;2096;464;414;12117;3136;587;488
2021.12_13-10-2022;Тверская область;75_90_days;AllVaccines;71;6;0;1;48;16;1;2;119;22;1;3;7867;1040;123;74;4250;2096;464;414;12117;3136;587;488
2021.12_13-10-2022;Тверская область;75_90_days;CoviVac;1;0;0;0;1;0;0;0;2;0;0;0;7867;1040;123;74;4250;2096;464;414;12117;3136;587;488
2021.12_13-10-2022;Тверская область;75_90_days;EpiVacCorona;4;1;0;0;2;2;1;1;6;3;1;1;7867;1040;123;74;4250;2096;464;414;12117;3136;587;488
2021.12_13-10-2022;Тверская область;75_90_days;SputnikLite;17;2;0;0;23;5;0;1;40;7;0;1;7867;1040;123;74;4250;2096;464;414;12117;3136;587;488
2021.12_13-10-2022;Тверская область;75_90_days;SputnikV;49;3;0;1;22;9;0;0;71;12;0;1;7867;1040;123;74;4250;2096;464;414;12117;3136;587;488
2021.12_13-10-2022;Тверская область;90_105_days;AllVaccines;170;10;3;1;73;21;2;2;243;31;5;3;7867;1040;123;74;4250;2096;464;414;12117;3136;587;488
2021.12_13-10-2022;Тверская область;90_105_days;CoviVac;7;2;0;0;2;2;0;0;9;4;0;0;7867;1040;123;74;4250;2096;464;414;12117;3136;587;488
2021.12_13-10-2022;Тверская область;90_105_days;EpiVacCorona;4;2;1;0;0;0;0;0;4;2;1;0;7867;1040;123;74;4250;2096;464;414;12117;3136;587;488
2021.12_13-10-2022;Тверская область;90_105_days;SputnikLite;30;2;0;0;18;4;1;0;48;6;1;0;7867;1040;123;74;4250;2096;464;414;12117;3136;587;488
2021.12_13-10-2022;Тверская область;90_105_days;SputnikV;129;4;2;1;53;15;1;2;182;19;3;3;7867;1040;123;74;4250;2096;464;414;12117;3136;587;488
2021.12_13-10-2022;Томская область;105_165_days;AllVaccines;762;77;3;0;298;101;13;9;1060;178;16;9;5964;969;102;43;3134;1625;423;327;9098;2594;525;370
2021.12_13-10-2022;Томская область;105_165_days;CoviVac;14;2;0;0;2;0;0;0;16;2;0;0;5964;969;102;43;3134;1625;423;327;9098;2594;525;370
2021.12_13-10-2022;Томская область;105_165_days;EpiVacCorona;34;9;0;0;25;13;2;1;59;22;2;1;5964;969;102;43;3134;1625;423;327;9098;2594;525;370
2021.12_13-10-2022;Томская область;105_165_days;SputnikLite;43;4;0;0;4;1;0;0;47;5;0;0;5964;969;102;43;3134;1625;423;327;9098;2594;525;370
2021.12_13-10-2022;Томская область;105_165_days;SputnikV;671;62;3;0;267;87;11;8;938;149;14;8;5964;969;102;43;3134;1625;423;327;9098;2594;525;370
2021.12_13-10-2022;Томская область;165_195_days;AllVaccines;229;40;5;1;196;97;14;7;425;137;19;8;5964;969;102;43;3134;1625;423;327;9098;2594;525;370
2021.12_13-10-2022;Томская область;165_195_days;CoviVac;8;0;0;0;1;0;0;0;9;0;0;0;5964;969;102;43;3134;1625;423;327;9098;2594;525;370
2021.12_13-10-2022;Томская область;165_195_days;EpiVacCorona;93;27;4;1;91;56;10;6;184;83;14;7;5964;969;102;43;3134;1625;423;327;9098;2594;525;370
2021.12_13-10-2022;Томская область;165_195_days;SputnikV;128;13;1;0;104;41;4;1;232;54;5;1;5964;969;102;43;3134;1625;423;327;9098;2594;525;370
2021.12_13-10-2022;Томская область;21_45_days;AllVaccines;272;26;1;1;121;33;9;4;393;59;10;5;5964;969;102;43;3134;1625;423;327;9098;2594;525;370
2021.12_13-10-2022;Томская область;21_45_days;CoviVac;6;1;0;0;0;0;0;0;6;1;0;0;5964;969;102;43;3134;1625;423;327;9098;2594;525;370
2021.12_13-10-2022;Томская область;21_45_days;EpiVacCorona;13;2;0;0;4;3;1;1;17;5;1;1;5964;969;102;43;3134;1625;423;327;9098;2594;525;370
2021.12_13-10-2022;Томская область;21_45_days;SputnikLite;106;11;0;0;74;19;6;2;180;30;6;2;5964;969;102;43;3134;1625;423;327;9098;2594;525;370
2021.12_13-10-2022;Томская область;21_45_days;SputnikV;147;12;1;1;43;11;2;1;190;23;3;2;5964;969;102;43;3134;1625;423;327;9098;2594;525;370
2021.12_13-10-2022;Томская область;45_75_days;AllVaccines;150;12;2;0;91;31;5;5;241;43;7;5;5964;969;102;43;3134;1625;423;327;9098;2594;525;370
2021.12_13-10-2022;Томская область;45_75_days;EpiVacCorona;3;0;0;0;0;0;0;0;3;0;0;0;5964;969;102;43;3134;1625;423;327;9098;2594;525;370
2021.12_13-10-2022;Томская область;45_75_days;SputnikLite;98;9;2;0;70;23;4;4;168;32;6;4;5964;969;102;43;3134;1625;423;327;9098;2594;525;370
2021.12_13-10-2022;Томская область;45_75_days;SputnikV;49;3;0;0;21;8;1;1;70;11;1;1;5964;969;102;43;3134;1625;423;327;9098;2594;525;370
2021.12_13-10-2022;Томская область;75_90_days;AllVaccines;80;9;0;0;22;5;0;0;102;14;0;0;5964;969;102;43;3134;1625;423;327;9098;2594;525;370
2021.12_13-10-2022;Томская область;75_90_days;CoviVac;5;1;0;0;0;0;0;0;5;1;0;0;5964;969;102;43;3134;1625;423;327;9098;2594;525;370
2021.12_13-10-2022;Томская область;75_90_days;EpiVacCorona;1;0;0;0;1;1;0;0;2;1;0;0;5964;969;102;43;3134;1625;423;327;9098;2594;525;370
2021.12_13-10-2022;Томская область;75_90_days;SputnikLite;20;2;0;0;10;2;0;0;30;4;0;0;5964;969;102;43;3134;1625;423;327;9098;2594;525;370
2021.12_13-10-2022;Томская область;75_90_days;SputnikV;54;6;0;0;11;2;0;0;65;8;0;0;5964;969;102;43;3134;1625;423;327;9098;2594;525;370
2021.12_13-10-2022;Томская область;90_105_days;AllVaccines;78;7;1;0;43;13;2;1;121;20;3;1;5964;969;102;43;3134;1625;423;327;9098;2594;525;370
2021.12_13-10-2022;Томская область;90_105_days;EpiVacCorona;1;0;0;0;0;0;0;0;1;0;0;0;5964;969;102;43;3134;1625;423;327;9098;2594;525;370
2021.12_13-10-2022;Томская область;90_105_days;SputnikLite;22;3;0;0;18;6;1;0;40;9;1;0;5964;969;102;43;3134;1625;423;327;9098;2594;525;370
2021.12_13-10-2022;Томская область;90_105_days;SputnikV;55;4;1;0;25;7;1;1;80;11;2;1;5964;969;102;43;3134;1625;423;327;9098;2594;525;370
2021.12_13-10-2022;Тульская область;105_165_days;AllVaccines;2997;176;26;8;652;152;43;19;3649;328;69;27;9311;860;159;63;5344;2151;832;659;14655;3011;991;722
2021.12_13-10-2022;Тульская область;105_165_days;CoviVac;18;4;0;0;3;0;0;0;21;4;0;0;9311;860;159;63;5344;2151;832;659;14655;3011;991;722
2021.12_13-10-2022;Тульская область;105_165_days;EpiVacCorona;34;5;1;0;22;11;5;2;56;16;6;2;9311;860;159;63;5344;2151;832;659;14655;3011;991;722
2021.12_13-10-2022;Тульская область;105_165_days;SputnikLite;93;3;0;0;8;3;2;0;101;6;2;0;9311;860;159;63;5344;2151;832;659;14655;3011;991;722
2021.12_13-10-2022;Тульская область;105_165_days;SputnikV;2852;164;25;8;619;138;36;17;3471;302;61;25;9311;860;159;63;5344;2151;832;659;14655;3011;991;722
2021.12_13-10-2022;Тульская область;165_195_days;AllVaccines;430;31;3;2;172;46;11;11;602;77;14;13;9311;860;159;63;5344;2151;832;659;14655;3011;991;722
2021.12_13-10-2022;Тульская область;165_195_days;CoviVac;8;2;0;0;1;0;0;0;9;2;0;0;9311;860;159;63;5344;2151;832;659;14655;3011;991;722
2021.12_13-10-2022;Тульская область;165_195_days;EpiVacCorona;31;5;0;0;17;5;2;2;48;10;2;2;9311;860;159;63;5344;2151;832;659;14655;3011;991;722
2021.12_13-10-2022;Тульская область;165_195_days;SputnikLite;1;0;0;0;0;0;0;0;1;0;0;0;9311;860;159;63;5344;2151;832;659;14655;3011;991;722
2021.12_13-10-2022;Тульская область;165_195_days;SputnikV;390;24;3;2;154;41;9;9;544;65;12;11;9311;860;159;63;5344;2151;832;659;14655;3011;991;722
2021.12_13-10-2022;Тульская область;21_45_days;AllVaccines;347;29;4;2;215;47;12;7;562;76;16;9;9311;860;159;63;5344;2151;832;659;14655;3011;991;722
2021.12_13-10-2022;Тульская область;21_45_days;CoviVac;13;3;0;0;8;2;0;0;21;5;0;0;9311;860;159;63;5344;2151;832;659;14655;3011;991;722
2021.12_13-10-2022;Тульская область;21_45_days;EpiVacCorona;26;3;0;0;24;13;5;2;50;16;5;2;9311;860;159;63;5344;2151;832;659;14655;3011;991;722
2021.12_13-10-2022;Тульская область;21_45_days;SputnikLite;187;11;0;0;98;20;2;2;285;31;2;2;9311;860;159;63;5344;2151;832;659;14655;3011;991;722
2021.12_13-10-2022;Тульская область;21_45_days;SputnikV;121;12;4;2;85;12;5;3;206;24;9;5;9311;860;159;63;5344;2151;832;659;14655;3011;991;722
2021.12_13-10-2022;Тульская область;45_75_days;AllVaccines;216;14;2;1;138;37;11;11;354;51;13;12;9311;860;159;63;5344;2151;832;659;14655;3011;991;722
2021.12_13-10-2022;Тульская область;45_75_days;CoviVac;2;0;0;0;2;2;0;0;4;2;0;0;9311;860;159;63;5344;2151;832;659;14655;3011;991;722
2021.12_13-10-2022;Тульская область;45_75_days;EpiVacCorona;2;1;0;0;6;2;1;2;8;3;1;2;9311;860;159;63;5344;2151;832;659;14655;3011;991;722
2021.12_13-10-2022;Тульская область;45_75_days;SputnikLite;134;11;2;1;94;20;4;4;228;31;6;5;9311;860;159;63;5344;2151;832;659;14655;3011;991;722
2021.12_13-10-2022;Тульская область;45_75_days;SputnikV;78;2;0;0;36;13;6;5;114;15;6;5;9311;860;159;63;5344;2151;832;659;14655;3011;991;722
2021.12_13-10-2022;Тульская область;75_90_days;AllVaccines;101;5;3;1;57;14;4;3;158;19;7;4;9311;860;159;63;5344;2151;832;659;14655;3011;991;722
2021.12_13-10-2022;Тульская область;75_90_days;CoviVac;0;0;0;0;1;0;0;0;1;0;0;0;9311;860;159;63;5344;2151;832;659;14655;3011;991;722
2021.12_13-10-2022;Тульская область;75_90_days;EpiVacCorona;4;1;0;0;1;1;0;0;5;2;0;0;9311;860;159;63;5344;2151;832;659;14655;3011;991;722
2021.12_13-10-2022;Тульская область;75_90_days;SputnikLite;23;0;0;0;27;5;0;0;50;5;0;0;9311;860;159;63;5344;2151;832;659;14655;3011;991;722
2021.12_13-10-2022;Тульская область;75_90_days;SputnikV;74;4;3;1;28;8;4;3;102;12;7;4;9311;860;159;63;5344;2151;832;659;14655;3011;991;722
2021.12_13-10-2022;Тульская область;90_105_days;AllVaccines;229;15;2;3;78;23;2;1;307;38;4;4;9311;860;159;63;5344;2151;832;659;14655;3011;991;722
2021.12_13-10-2022;Тульская область;90_105_days;CoviVac;0;0;0;0;2;1;0;0;2;1;0;0;9311;860;159;63;5344;2151;832;659;14655;3011;991;722
2021.12_13-10-2022;Тульская область;90_105_days;EpiVacCorona;6;0;0;0;6;3;0;0;12;3;0;0;9311;860;159;63;5344;2151;832;659;14655;3011;991;722
2021.12_13-10-2022;Тульская область;90_105_days;SputnikLite;37;1;0;0;18;2;0;0;55;3;0;0;9311;860;159;63;5344;2151;832;659;14655;3011;991;722
2021.12_13-10-2022;Тульская область;90_105_days;SputnikV;186;14;2;3;52;17;2;1;238;31;4;4;9311;860;159;63;5344;2151;832;659;14655;3011;991;722
2021.12_13-10-2022;Тюменская область;105_165_days;AllVaccines;1558;224;19;1;402;214;36;17;1960;438;55;18;7133;1213;133;28;3297;2094;535;258;10430;3307;668;286
2021.12_13-10-2022;Тюменская область;105_165_days;CoviVac;5;0;0;0;0;0;0;0;5;0;0;0;7133;1213;133;28;3297;2094;535;258;10430;3307;668;286
2021.12_13-10-2022;Тюменская область;105_165_days;EpiVacCorona;113;27;3;0;47;36;6;1;160;63;9;1;7133;1213;133;28;3297;2094;535;258;10430;3307;668;286
2021.12_13-10-2022;Тюменская область;105_165_days;SputnikLite;193;32;4;0;58;36;5;2;251;68;9;2;7133;1213;133;28;3297;2094;535;258;10430;3307;668;286
2021.12_13-10-2022;Тюменская область;105_165_days;SputnikV;1247;165;12;1;297;142;25;14;1544;307;37;15;7133;1213;133;28;3297;2094;535;258;10430;3307;668;286
2021.12_13-10-2022;Тюменская область;165_195_days;AllVaccines;498;80;6;0;299;177;28;17;797;257;34;17;7133;1213;133;28;3297;2094;535;258;10430;3307;668;286
2021.12_13-10-2022;Тюменская область;165_195_days;CoviVac;3;0;0;0;3;2;0;0;6;2;0;0;7133;1213;133;28;3297;2094;535;258;10430;3307;668;286
2021.12_13-10-2022;Тюменская область;165_195_days;EpiVacCorona;52;16;1;0;41;29;7;5;93;45;8;5;7133;1213;133;28;3297;2094;535;258;10430;3307;668;286
2021.12_13-10-2022;Тюменская область;165_195_days;SputnikV;443;64;5;0;255;146;21;12;698;210;26;12;7133;1213;133;28;3297;2094;535;258;10430;3307;668;286
2021.12_13-10-2022;Тюменская область;21_45_days;AllVaccines;228;34;5;1;106;51;8;2;334;85;13;3;7133;1213;133;28;3297;2094;535;258;10430;3307;668;286
2021.12_13-10-2022;Тюменская область;21_45_days;CoviVac;8;1;0;0;0;0;0;0;8;1;0;0;7133;1213;133;28;3297;2094;535;258;10430;3307;668;286
2021.12_13-10-2022;Тюменская область;21_45_days;EpiVacCorona;4;0;0;0;2;1;1;1;6;1;1;1;7133;1213;133;28;3297;2094;535;258;10430;3307;668;286
2021.12_13-10-2022;Тюменская область;21_45_days;SputnikLite;97;21;2;0;62;29;5;0;159;50;7;0;7133;1213;133;28;3297;2094;535;258;10430;3307;668;286
2021.12_13-10-2022;Тюменская область;21_45_days;SputnikV;119;12;3;1;42;21;2;1;161;33;5;2;7133;1213;133;28;3297;2094;535;258;10430;3307;668;286
2021.12_13-10-2022;Тюменская область;45_75_days;AllVaccines;375;45;3;1;142;68;15;3;517;113;18;4;7133;1213;133;28;3297;2094;535;258;10430;3307;668;286
2021.12_13-10-2022;Тюменская область;45_75_days;CoviVac;4;1;0;0;0;0;0;0;4;1;0;0;7133;1213;133;28;3297;2094;535;258;10430;3307;668;286
2021.12_13-10-2022;Тюменская область;45_75_days;EpiVacCorona;2;0;0;0;3;3;1;1;5;3;1;1;7133;1213;133;28;3297;2094;535;258;10430;3307;668;286
2021.12_13-10-2022;Тюменская область;45_75_days;SputnikLite;315;35;3;1;118;54;12;2;433;89;15;3;7133;1213;133;28;3297;2094;535;258;10430;3307;668;286
2021.12_13-10-2022;Тюменская область;45_75_days;SputnikV;54;9;0;0;21;11;2;0;75;20;2;0;7133;1213;133;28;3297;2094;535;258;10430;3307;668;286
2021.12_13-10-2022;Тюменская область;75_90_days;AllVaccines;77;12;2;0;30;17;4;2;107;29;6;2;7133;1213;133;28;3297;2094;535;258;10430;3307;668;286
2021.12_13-10-2022;Тюменская область;75_90_days;CoviVac;1;0;0;0;0;0;0;0;1;0;0;0;7133;1213;133;28;3297;2094;535;258;10430;3307;668;286
2021.12_13-10-2022;Тюменская область;75_90_days;EpiVacCorona;5;2;1;0;1;1;1;1;6;3;2;1;7133;1213;133;28;3297;2094;535;258;10430;3307;668;286
2021.12_13-10-2022;Тюменская область;75_90_days;SputnikLite;33;5;0;0;13;7;2;0;46;12;2;0;7133;1213;133;28;3297;2094;535;258;10430;3307;668;286
2021.12_13-10-2022;Тюменская область;75_90_days;SputnikV;38;5;1;0;16;9;1;1;54;14;2;1;7133;1213;133;28;3297;2094;535;258;10430;3307;668;286
2021.12_13-10-2022;Тюменская область;90_105_days;AllVaccines;122;12;3;0;65;34;4;5;187;46;7;5;7133;1213;133;28;3297;2094;535;258;10430;3307;668;286
2021.12_13-10-2022;Тюменская область;90_105_days;CoviVac;0;0;0;0;1;1;0;0;1;1;0;0;7133;1213;133;28;3297;2094;535;258;10430;3307;668;286
2021.12_13-10-2022;Тюменская область;90_105_days;EpiVacCorona;1;1;0;0;0;0;0;0;1;1;0;0;7133;1213;133;28;3297;2094;535;258;10430;3307;668;286
2021.12_13-10-2022;Тюменская область;90_105_days;SputnikLite;51;5;1;0;28;12;2;2;79;17;3;2;7133;1213;133;28;3297;2094;535;258;10430;3307;668;286
2021.12_13-10-2022;Тюменская область;90_105_days;SputnikV;70;6;2;0;36;21;2;3;106;27;4;3;7133;1213;133;28;3297;2094;535;258;10430;3307;668;286
2021.12_13-10-2022;Удмуртская Республика;105_165_days;AllVaccines;368;46;1;0;145;57;6;2;513;103;7;2;2130;353;34;5;1253;700;198;105;3383;1053;232;110
2021.12_13-10-2022;Удмуртская Республика;105_165_days;CoviVac;2;0;0;0;1;0;0;0;3;0;0;0;2130;353;34;5;1253;700;198;105;3383;1053;232;110
2021.12_13-10-2022;Удмуртская Республика;105_165_days;EpiVacCorona;19;6;0;0;10;7;1;0;29;13;1;0;2130;353;34;5;1253;700;198;105;3383;1053;232;110
2021.12_13-10-2022;Удмуртская Республика;105_165_days;SputnikLite;51;8;1;0;5;2;1;0;56;10;2;0;2130;353;34;5;1253;700;198;105;3383;1053;232;110
2021.12_13-10-2022;Удмуртская Республика;105_165_days;SputnikV;296;32;0;0;129;48;4;2;425;80;4;2;2130;353;34;5;1253;700;198;105;3383;1053;232;110
2021.12_13-10-2022;Удмуртская Республика;165_195_days;AllVaccines;55;7;0;0;84;32;9;6;139;39;9;6;2130;353;34;5;1253;700;198;105;3383;1053;232;110
2021.12_13-10-2022;Удмуртская Республика;165_195_days;CoviVac;1;0;0;0;0;0;0;0;1;0;0;0;2130;353;34;5;1253;700;198;105;3383;1053;232;110
2021.12_13-10-2022;Удмуртская Республика;165_195_days;EpiVacCorona;32;5;0;0;51;27;8;5;83;32;8;5;2130;353;34;5;1253;700;198;105;3383;1053;232;110
2021.12_13-10-2022;Удмуртская Республика;165_195_days;SputnikV;22;2;0;0;33;5;1;1;55;7;1;1;2130;353;34;5;1253;700;198;105;3383;1053;232;110
2021.12_13-10-2022;Удмуртская Республика;21_45_days;AllVaccines;92;8;0;0;48;19;4;1;140;27;4;1;2130;353;34;5;1253;700;198;105;3383;1053;232;110
2021.12_13-10-2022;Удмуртская Республика;21_45_days;CoviVac;1;0;0;0;0;0;0;0;1;0;0;0;2130;353;34;5;1253;700;198;105;3383;1053;232;110
2021.12_13-10-2022;Удмуртская Республика;21_45_days;EpiVacCorona;6;2;0;0;2;1;0;0;8;3;0;0;2130;353;34;5;1253;700;198;105;3383;1053;232;110
2021.12_13-10-2022;Удмуртская Республика;21_45_days;SputnikLite;18;0;0;0;21;7;2;1;39;7;2;1;2130;353;34;5;1253;700;198;105;3383;1053;232;110
2021.12_13-10-2022;Удмуртская Республика;21_45_days;SputnikV;67;6;0;0;25;11;2;0;92;17;2;0;2130;353;34;5;1253;700;198;105;3383;1053;232;110
2021.12_13-10-2022;Удмуртская Республика;45_75_days;AllVaccines;103;14;2;0;47;25;4;1;150;39;6;1;2130;353;34;5;1253;700;198;105;3383;1053;232;110
2021.12_13-10-2022;Удмуртская Республика;45_75_days;EpiVacCorona;5;1;0;0;9;7;2;0;14;8;2;0;2130;353;34;5;1253;700;198;105;3383;1053;232;110
2021.12_13-10-2022;Удмуртская Республика;45_75_days;SputnikLite;83;10;2;0;28;14;1;0;111;24;3;0;2130;353;34;5;1253;700;198;105;3383;1053;232;110
2021.12_13-10-2022;Удмуртская Республика;45_75_days;SputnikV;15;3;0;0;10;4;1;1;25;7;1;1;2130;353;34;5;1253;700;198;105;3383;1053;232;110
2021.12_13-10-2022;Удмуртская Республика;75_90_days;AllVaccines;21;3;0;0;15;8;0;0;36;11;0;0;2130;353;34;5;1253;700;198;105;3383;1053;232;110
2021.12_13-10-2022;Удмуртская Республика;75_90_days;EpiVacCorona;4;3;0;0;2;2;0;0;6;5;0;0;2130;353;34;5;1253;700;198;105;3383;1053;232;110
2021.12_13-10-2022;Удмуртская Республика;75_90_days;SputnikLite;8;0;0;0;8;3;0;0;16;3;0;0;2130;353;34;5;1253;700;198;105;3383;1053;232;110
2021.12_13-10-2022;Удмуртская Республика;75_90_days;SputnikV;9;0;0;0;5;3;0;0;14;3;0;0;2130;353;34;5;1253;700;198;105;3383;1053;232;110
2021.12_13-10-2022;Удмуртская Республика;90_105_days;AllVaccines;44;3;0;0;24;10;0;0;68;13;0;0;2130;353;34;5;1253;700;198;105;3383;1053;232;110
2021.12_13-10-2022;Удмуртская Республика;90_105_days;EpiVacCorona;11;0;0;0;7;5;0;0;18;5;0;0;2130;353;34;5;1253;700;198;105;3383;1053;232;110
2021.12_13-10-2022;Удмуртская Республика;90_105_days;SputnikLite;20;3;0;0;6;1;0;0;26;4;0;0;2130;353;34;5;1253;700;198;105;3383;1053;232;110
2021.12_13-10-2022;Удмуртская Республика;90_105_days;SputnikV;13;0;0;0;11;4;0;0;24;4;0;0;2130;353;34;5;1253;700;198;105;3383;1053;232;110
2021.12_13-10-2022;Ульяновская область;105_165_days;AllVaccines;639;60;6;4;148;45;3;3;787;105;9;7;3442;482;46;31;2319;1058;201;231;5761;1540;247;262
2021.12_13-10-2022;Ульяновская область;105_165_days;CoviVac;2;0;0;0;0;0;0;0;2;0;0;0;3442;482;46;31;2319;1058;201;231;5761;1540;247;262
2021.12_13-10-2022;Ульяновская область;105_165_days;EpiVacCorona;28;4;0;0;7;5;1;0;35;9;1;0;3442;482;46;31;2319;1058;201;231;5761;1540;247;262
2021.12_13-10-2022;Ульяновская область;105_165_days;SputnikLite;61;12;1;1;16;4;0;0;77;16;1;1;3442;482;46;31;2319;1058;201;231;5761;1540;247;262
2021.12_13-10-2022;Ульяновская область;105_165_days;SputnikV;548;44;5;3;125;36;2;3;673;80;7;6;3442;482;46;31;2319;1058;201;231;5761;1540;247;262
2021.12_13-10-2022;Ульяновская область;165_195_days;AllVaccines;164;10;1;0;105;30;4;4;269;40;5;4;3442;482;46;31;2319;1058;201;231;5761;1540;247;262
2021.12_13-10-2022;Ульяновская область;165_195_days;CoviVac;2;0;0;0;0;0;0;0;2;0;0;0;3442;482;46;31;2319;1058;201;231;5761;1540;247;262
2021.12_13-10-2022;Ульяновская область;165_195_days;EpiVacCorona;23;2;1;0;21;6;1;1;44;8;2;1;3442;482;46;31;2319;1058;201;231;5761;1540;247;262
2021.12_13-10-2022;Ульяновская область;165_195_days;SputnikV;139;8;0;0;84;24;3;3;223;32;3;3;3442;482;46;31;2319;1058;201;231;5761;1540;247;262
2021.12_13-10-2022;Ульяновская область;21_45_days;AllVaccines;144;21;0;0;122;41;7;6;266;62;7;6;3442;482;46;31;2319;1058;201;231;5761;1540;247;262
2021.12_13-10-2022;Ульяновская область;21_45_days;CoviVac;13;1;0;0;2;0;0;0;15;1;0;0;3442;482;46;31;2319;1058;201;231;5761;1540;247;262
2021.12_13-10-2022;Ульяновская область;21_45_days;EpiVacCorona;13;5;0;0;3;3;2;1;16;8;2;1;3442;482;46;31;2319;1058;201;231;5761;1540;247;262
2021.12_13-10-2022;Ульяновская область;21_45_days;SputnikLite;27;2;0;0;50;17;0;2;77;19;0;2;3442;482;46;31;2319;1058;201;231;5761;1540;247;262
2021.12_13-10-2022;Ульяновская область;21_45_days;SputnikV;91;13;0;0;67;21;5;3;158;34;5;3;3442;482;46;31;2319;1058;201;231;5761;1540;247;262
2021.12_13-10-2022;Ульяновская область;45_75_days;AllVaccines;135;16;1;0;82;18;1;3;217;34;2;3;3442;482;46;31;2319;1058;201;231;5761;1540;247;262
2021.12_13-10-2022;Ульяновская область;45_75_days;EpiVacCorona;0;0;0;0;3;1;0;1;3;1;0;1;3442;482;46;31;2319;1058;201;231;5761;1540;247;262
2021.12_13-10-2022;Ульяновская область;45_75_days;SputnikLite;102;12;1;0;57;9;0;0;159;21;1;0;3442;482;46;31;2319;1058;201;231;5761;1540;247;262
2021.12_13-10-2022;Ульяновская область;45_75_days;SputnikV;33;4;0;0;22;8;1;2;55;12;1;2;3442;482;46;31;2319;1058;201;231;5761;1540;247;262
2021.12_13-10-2022;Ульяновская область;75_90_days;AllVaccines;56;7;0;0;44;20;3;3;100;27;3;3;3442;482;46;31;2319;1058;201;231;5761;1540;247;262
2021.12_13-10-2022;Ульяновская область;75_90_days;SputnikLite;28;4;0;0;29;12;1;1;57;16;1;1;3442;482;46;31;2319;1058;201;231;5761;1540;247;262
2021.12_13-10-2022;Ульяновская область;75_90_days;SputnikV;28;3;0;0;15;8;2;2;43;11;2;2;3442;482;46;31;2319;1058;201;231;5761;1540;247;262
2021.12_13-10-2022;Ульяновская область;90_105_days;AllVaccines;101;16;0;1;34;11;3;2;135;27;3;3;3442;482;46;31;2319;1058;201;231;5761;1540;247;262
2021.12_13-10-2022;Ульяновская область;90_105_days;EpiVacCorona;4;1;0;0;0;0;0;0;4;1;0;0;3442;482;46;31;2319;1058;201;231;5761;1540;247;262
2021.12_13-10-2022;Ульяновская область;90_105_days;SputnikLite;37;7;0;0;10;3;1;0;47;10;1;0;3442;482;46;31;2319;1058;201;231;5761;1540;247;262
2021.12_13-10-2022;Ульяновская область;90_105_days;SputnikV;60;8;0;1;24;8;2;2;84;16;2;3;3442;482;46;31;2319;1058;201;231;5761;1540;247;262
2021.12_13-10-2022;Хабаровский край;105_165_days;AllVaccines;1841;131;7;3;492;156;16;12;2333;287;23;15;12457;1420;117;67;6117;2972;551;518;18574;4392;668;585
2021.12_13-10-2022;Хабаровский край;105_165_days;CoviVac;9;0;0;0;2;1;0;0;11;1;0;0;12457;1420;117;67;6117;2972;551;518;18574;4392;668;585
2021.12_13-10-2022;Хабаровский край;105_165_days;EpiVacCorona;5;1;0;0;4;3;0;0;9;4;0;0;12457;1420;117;67;6117;2972;551;518;18574;4392;668;585
2021.12_13-10-2022;Хабаровский край;105_165_days;SputnikLite;252;19;0;0;55;15;3;2;307;34;3;2;12457;1420;117;67;6117;2972;551;518;18574;4392;668;585
2021.12_13-10-2022;Хабаровский край;105_165_days;SputnikV;1575;111;7;3;431;137;13;10;2006;248;20;13;12457;1420;117;67;6117;2972;551;518;18574;4392;668;585
2021.12_13-10-2022;Хабаровский край;165_195_days;AllVaccines;349;34;3;2;171;63;6;6;520;97;9;8;12457;1420;117;67;6117;2972;551;518;18574;4392;668;585
2021.12_13-10-2022;Хабаровский край;165_195_days;CoviVac;1;0;0;0;1;1;0;0;2;1;0;0;12457;1420;117;67;6117;2972;551;518;18574;4392;668;585
2021.12_13-10-2022;Хабаровский край;165_195_days;EpiVacCorona;6;2;1;0;7;5;2;2;13;7;3;2;12457;1420;117;67;6117;2972;551;518;18574;4392;668;585
2021.12_13-10-2022;Хабаровский край;165_195_days;SputnikV;342;32;2;2;163;57;4;4;505;89;6;6;12457;1420;117;67;6117;2972;551;518;18574;4392;668;585
2021.12_13-10-2022;Хабаровский край;21_45_days;AllVaccines;314;30;2;0;140;40;4;4;454;70;6;4;12457;1420;117;67;6117;2972;551;518;18574;4392;668;585
2021.12_13-10-2022;Хабаровский край;21_45_days;CoviVac;10;3;0;0;0;0;0;0;10;3;0;0;12457;1420;117;67;6117;2972;551;518;18574;4392;668;585
2021.12_13-10-2022;Хабаровский край;21_45_days;EpiVacCorona;3;1;0;0;1;1;0;0;4;2;0;0;12457;1420;117;67;6117;2972;551;518;18574;4392;668;585
2021.12_13-10-2022;Хабаровский край;21_45_days;SputnikLite;191;17;2;0;97;30;2;1;288;47;4;1;12457;1420;117;67;6117;2972;551;518;18574;4392;668;585
2021.12_13-10-2022;Хабаровский край;21_45_days;SputnikV;110;9;0;0;42;9;2;3;152;18;2;3;12457;1420;117;67;6117;2972;551;518;18574;4392;668;585
2021.12_13-10-2022;Хабаровский край;45_75_days;AllVaccines;245;13;1;1;164;53;4;3;409;66;5;4;12457;1420;117;67;6117;2972;551;518;18574;4392;668;585
2021.12_13-10-2022;Хабаровский край;45_75_days;SputnikLite;164;8;0;0;108;31;2;2;272;39;2;2;12457;1420;117;67;6117;2972;551;518;18574;4392;668;585
2021.12_13-10-2022;Хабаровский край;45_75_days;SputnikV;81;5;1;1;56;22;2;1;137;27;3;2;12457;1420;117;67;6117;2972;551;518;18574;4392;668;585
2021.12_13-10-2022;Хабаровский край;75_90_days;AllVaccines;119;13;3;2;57;18;1;0;176;31;4;2;12457;1420;117;67;6117;2972;551;518;18574;4392;668;585
2021.12_13-10-2022;Хабаровский край;75_90_days;SputnikLite;48;7;2;1;31;9;1;0;79;16;3;1;12457;1420;117;67;6117;2972;551;518;18574;4392;668;585
2021.12_13-10-2022;Хабаровский край;75_90_days;SputnikV;71;6;1;1;26;9;0;0;97;15;1;1;12457;1420;117;67;6117;2972;551;518;18574;4392;668;585
2021.12_13-10-2022;Хабаровский край;90_105_days;AllVaccines;235;19;2;1;102;29;4;3;337;48;6;4;12457;1420;117;67;6117;2972;551;518;18574;4392;668;585
2021.12_13-10-2022;Хабаровский край;90_105_days;CoviVac;3;1;0;0;0;0;0;0;3;1;0;0;12457;1420;117;67;6117;2972;551;518;18574;4392;668;585
2021.12_13-10-2022;Хабаровский край;90_105_days;SputnikLite;79;8;2;1;41;10;1;1;120;18;3;2;12457;1420;117;67;6117;2972;551;518;18574;4392;668;585
2021.12_13-10-2022;Хабаровский край;90_105_days;SputnikV;153;10;0;0;61;19;3;2;214;29;3;2;12457;1420;117;67;6117;2972;551;518;18574;4392;668;585
2021.12_13-10-2022;Ханты-Мансийский автономный округ - Югра;105_165_days;AllVaccines;1233;123;10;2;221;82;10;6;1454;205;20;8;5804;852;79;32;2159;1147;255;155;7963;1999;334;187
2021.12_13-10-2022;Ханты-Мансийский автономный округ - Югра;105_165_days;CoviVac;11;3;0;0;3;1;1;0;14;4;1;0;5804;852;79;32;2159;1147;255;155;7963;1999;334;187
2021.12_13-10-2022;Ханты-Мансийский автономный округ - Югра;105_165_days;EpiVacCorona;60;11;2;0;14;6;1;1;74;17;3;1;5804;852;79;32;2159;1147;255;155;7963;1999;334;187
2021.12_13-10-2022;Ханты-Мансийский автономный округ - Югра;105_165_days;SputnikLite;72;6;1;1;6;2;0;0;78;8;1;1;5804;852;79;32;2159;1147;255;155;7963;1999;334;187
2021.12_13-10-2022;Ханты-Мансийский автономный округ - Югра;105_165_days;SputnikV;1090;103;7;1;198;73;8;5;1288;176;15;6;5804;852;79;32;2159;1147;255;155;7963;1999;334;187
2021.12_13-10-2022;Ханты-Мансийский автономный округ - Югра;165_195_days;AllVaccines;482;51;8;1;131;46;6;4;613;97;14;5;5804;852;79;32;2159;1147;255;155;7963;1999;334;187
2021.12_13-10-2022;Ханты-Мансийский автономный округ - Югра;165_195_days;CoviVac;2;0;0;0;1;0;0;0;3;0;0;0;5804;852;79;32;2159;1147;255;155;7963;1999;334;187
2021.12_13-10-2022;Ханты-Мансийский автономный округ - Югра;165_195_days;EpiVacCorona;0;0;0;0;3;1;0;0;3;1;0;0;5804;852;79;32;2159;1147;255;155;7963;1999;334;187
2021.12_13-10-2022;Ханты-Мансийский автономный округ - Югра;165_195_days;SputnikV;480;51;8;1;127;45;6;4;607;96;14;5;5804;852;79;32;2159;1147;255;155;7963;1999;334;187
2021.12_13-10-2022;Ханты-Мансийский автономный округ - Югра;21_45_days;AllVaccines;335;31;2;0;111;40;6;2;446;71;8;2;5804;852;79;32;2159;1147;255;155;7963;1999;334;187
2021.12_13-10-2022;Ханты-Мансийский автономный округ - Югра;21_45_days;CoviVac;10;3;0;0;2;2;0;0;12;5;0;0;5804;852;79;32;2159;1147;255;155;7963;1999;334;187
2021.12_13-10-2022;Ханты-Мансийский автономный округ - Югра;21_45_days;EpiVacCorona;4;0;0;0;1;0;0;0;5;0;0;0;5804;852;79;32;2159;1147;255;155;7963;1999;334;187
2021.12_13-10-2022;Ханты-Мансийский автономный округ - Югра;21_45_days;SputnikLite;76;5;0;0;35;12;2;0;111;17;2;0;5804;852;79;32;2159;1147;255;155;7963;1999;334;187
2021.12_13-10-2022;Ханты-Мансийский автономный округ - Югра;21_45_days;SputnikV;245;23;2;0;73;26;4;2;318;49;6;2;5804;852;79;32;2159;1147;255;155;7963;1999;334;187
2021.12_13-10-2022;Ханты-Мансийский автономный округ - Югра;45_75_days;AllVaccines;297;31;4;2;81;39;3;1;378;70;7;3;5804;852;79;32;2159;1147;255;155;7963;1999;334;187
2021.12_13-10-2022;Ханты-Мансийский автономный округ - Югра;45_75_days;CoviVac;6;0;0;0;2;1;0;0;8;1;0;0;5804;852;79;32;2159;1147;255;155;7963;1999;334;187
2021.12_13-10-2022;Ханты-Мансийский автономный округ - Югра;45_75_days;EpiVacCorona;3;0;0;0;0;0;0;0;3;0;0;0;5804;852;79;32;2159;1147;255;155;7963;1999;334;187
2021.12_13-10-2022;Ханты-Мансийский автономный округ - Югра;45_75_days;SputnikLite;198;23;3;2;58;29;3;1;256;52;6;3;5804;852;79;32;2159;1147;255;155;7963;1999;334;187
2021.12_13-10-2022;Ханты-Мансийский автономный округ - Югра;45_75_days;SputnikV;90;8;1;0;21;9;0;0;111;17;1;0;5804;852;79;32;2159;1147;255;155;7963;1999;334;187
2021.12_13-10-2022;Ханты-Мансийский автономный округ - Югра;75_90_days;AllVaccines;105;8;1;0;24;11;1;0;129;19;2;0;5804;852;79;32;2159;1147;255;155;7963;1999;334;187
2021.12_13-10-2022;Ханты-Мансийский автономный округ - Югра;75_90_days;EpiVacCorona;3;0;0;0;0;0;0;0;3;0;0;0;5804;852;79;32;2159;1147;255;155;7963;1999;334;187
2021.12_13-10-2022;Ханты-Мансийский автономный округ - Югра;75_90_days;SputnikLite;59;4;1;0;11;7;1;0;70;11;2;0;5804;852;79;32;2159;1147;255;155;7963;1999;334;187
2021.12_13-10-2022;Ханты-Мансийский автономный округ - Югра;75_90_days;SputnikV;43;4;0;0;13;4;0;0;56;8;0;0;5804;852;79;32;2159;1147;255;155;7963;1999;334;187
2021.12_13-10-2022;Ханты-Мансийский автономный округ - Югра;90_105_days;AllVaccines;157;11;1;1;38;14;3;3;195;25;4;4;5804;852;79;32;2159;1147;255;155;7963;1999;334;187
2021.12_13-10-2022;Ханты-Мансийский автономный округ - Югра;90_105_days;EpiVacCorona;4;0;0;0;1;1;0;0;5;1;0;0;5804;852;79;32;2159;1147;255;155;7963;1999;334;187
2021.12_13-10-2022;Ханты-Мансийский автономный округ - Югра;90_105_days;SputnikLite;55;2;0;0;12;3;1;1;67;5;1;1;5804;852;79;32;2159;1147;255;155;7963;1999;334;187
2021.12_13-10-2022;Ханты-Мансийский автономный округ - Югра;90_105_days;SputnikV;98;9;1;1;25;10;2;2;123;19;3;3;5804;852;79;32;2159;1147;255;155;7963;1999;334;187
2021.12_13-10-2022;Челябинская область;105_165_days;AllVaccines;686;107;13;6;227;119;17;9;913;226;30;15;4557;936;87;43;3117;1987;479;410;7674;2923;566;453
2021.12_13-10-2022;Челябинская область;105_165_days;CoviVac;13;5;0;0;3;1;0;0;16;6;0;0;4557;936;87;43;3117;1987;479;410;7674;2923;566;453
2021.12_13-10-2022;Челябинская область;105_165_days;EpiVacCorona;33;12;2;0;22;14;4;1;55;26;6;1;4557;936;87;43;3117;1987;479;410;7674;2923;566;453
2021.12_13-10-2022;Челябинская область;105_165_days;SputnikLite;98;11;2;0;16;8;0;0;114;19;2;0;4557;936;87;43;3117;1987;479;410;7674;2923;566;453
2021.12_13-10-2022;Челябинская область;105_165_days;SputnikV;542;79;9;6;186;96;13;8;728;175;22;14;4557;936;87;43;3117;1987;479;410;7674;2923;566;453
2021.12_13-10-2022;Челябинская область;165_195_days;AllVaccines;144;17;2;1;123;67;7;4;267;84;9;5;4557;936;87;43;3117;1987;479;410;7674;2923;566;453
2021.12_13-10-2022;Челябинская область;165_195_days;CoviVac;2;0;0;0;6;4;0;0;8;4;0;0;4557;936;87;43;3117;1987;479;410;7674;2923;566;453
2021.12_13-10-2022;Челябинская область;165_195_days;EpiVacCorona;26;3;0;0;21;15;4;2;47;18;4;2;4557;936;87;43;3117;1987;479;410;7674;2923;566;453
2021.12_13-10-2022;Челябинская область;165_195_days;SputnikV;116;14;2;1;96;48;3;2;212;62;5;3;4557;936;87;43;3117;1987;479;410;7674;2923;566;453
2021.12_13-10-2022;Челябинская область;21_45_days;AllVaccines;324;54;2;0;115;59;3;4;439;113;5;4;4557;936;87;43;3117;1987;479;410;7674;2923;566;453
2021.12_13-10-2022;Челябинская область;21_45_days;CoviVac;8;3;0;0;2;1;1;1;10;4;1;1;4557;936;87;43;3117;1987;479;410;7674;2923;566;453
2021.12_13-10-2022;Челябинская область;21_45_days;EpiVacCorona;14;2;0;0;12;8;0;0;26;10;0;0;4557;936;87;43;3117;1987;479;410;7674;2923;566;453
2021.12_13-10-2022;Челябинская область;21_45_days;SputnikLite;62;3;0;0;27;12;0;1;89;15;0;1;4557;936;87;43;3117;1987;479;410;7674;2923;566;453
2021.12_13-10-2022;Челябинская область;21_45_days;SputnikV;240;46;2;0;74;38;2;2;314;84;4;2;4557;936;87;43;3117;1987;479;410;7674;2923;566;453
2021.12_13-10-2022;Челябинская область;45_75_days;AllVaccines;225;32;6;0;94;58;15;12;319;90;21;12;4557;936;87;43;3117;1987;479;410;7674;2923;566;453
2021.12_13-10-2022;Челябинская область;45_75_days;CoviVac;6;1;0;0;2;2;1;0;8;3;1;0;4557;936;87;43;3117;1987;479;410;7674;2923;566;453
2021.12_13-10-2022;Челябинская область;45_75_days;EpiVacCorona;2;0;0;0;1;1;0;0;3;1;0;0;4557;936;87;43;3117;1987;479;410;7674;2923;566;453
2021.12_13-10-2022;Челябинская область;45_75_days;SputnikLite;136;20;3;0;59;32;7;6;195;52;10;6;4557;936;87;43;3117;1987;479;410;7674;2923;566;453
2021.12_13-10-2022;Челябинская область;45_75_days;SputnikV;81;11;3;0;32;23;7;6;113;34;10;6;4557;936;87;43;3117;1987;479;410;7674;2923;566;453
2021.12_13-10-2022;Челябинская область;75_90_days;AllVaccines;63;13;1;0;39;15;4;1;102;28;5;1;4557;936;87;43;3117;1987;479;410;7674;2923;566;453
2021.12_13-10-2022;Челябинская область;75_90_days;CoviVac;6;1;0;0;1;0;0;0;7;1;0;0;4557;936;87;43;3117;1987;479;410;7674;2923;566;453
2021.12_13-10-2022;Челябинская область;75_90_days;EpiVacCorona;1;0;0;0;0;0;0;0;1;0;0;0;4557;936;87;43;3117;1987;479;410;7674;2923;566;453
2021.12_13-10-2022;Челябинская область;75_90_days;SputnikLite;26;8;1;0;20;6;1;1;46;14;2;1;4557;936;87;43;3117;1987;479;410;7674;2923;566;453
2021.12_13-10-2022;Челябинская область;75_90_days;SputnikV;30;4;0;0;18;9;3;0;48;13;3;0;4557;936;87;43;3117;1987;479;410;7674;2923;566;453
2021.12_13-10-2022;Челябинская область;90_105_days;AllVaccines;99;13;0;0;58;20;2;2;157;33;2;2;4557;936;87;43;3117;1987;479;410;7674;2923;566;453
2021.12_13-10-2022;Челябинская область;90_105_days;CoviVac;3;1;0;0;2;1;0;1;5;2;0;1;4557;936;87;43;3117;1987;479;410;7674;2923;566;453
2021.12_13-10-2022;Челябинская область;90_105_days;EpiVacCorona;4;1;0;0;4;2;0;0;8;3;0;0;4557;936;87;43;3117;1987;479;410;7674;2923;566;453
2021.12_13-10-2022;Челябинская область;90_105_days;SputnikLite;39;3;0;0;28;9;0;0;67;12;0;0;4557;936;87;43;3117;1987;479;410;7674;2923;566;453
2021.12_13-10-2022;Челябинская область;90_105_days;SputnikV;53;8;0;0;24;8;2;1;77;16;2;1;4557;936;87;43;3117;1987;479;410;7674;2923;566;453
2021.12_13-10-2022;Чеченская Республика;105_165_days;AllVaccines;462;108;24;6;181;90;36;15;643;198;60;21;1122;283;64;16;525;282;136;89;1647;565;200;105
2021.12_13-10-2022;Чеченская Республика;105_165_days;CoviVac;1;0;0;0;2;2;2;0;3;2;2;0;1122;283;64;16;525;282;136;89;1647;565;200;105
2021.12_13-10-2022;Чеченская Республика;105_165_days;EpiVacCorona;13;3;0;0;3;1;1;1;16;4;1;1;1122;283;64;16;525;282;136;89;1647;565;200;105
2021.12_13-10-2022;Чеченская Республика;105_165_days;SputnikV;448;105;24;6;176;87;33;14;624;192;57;20;1122;283;64;16;525;282;136;89;1647;565;200;105
2021.12_13-10-2022;Чеченская Республика;165_195_days;AllVaccines;83;13;4;1;29;13;5;5;112;26;9;6;1122;283;64;16;525;282;136;89;1647;565;200;105
2021.12_13-10-2022;Чеченская Республика;165_195_days;CoviVac;2;1;0;0;1;0;0;0;3;1;0;0;1122;283;64;16;525;282;136;89;1647;565;200;105
2021.12_13-10-2022;Чеченская Республика;165_195_days;EpiVacCorona;3;0;0;0;1;1;1;1;4;1;1;1;1122;283;64;16;525;282;136;89;1647;565;200;105
2021.12_13-10-2022;Чеченская Республика;165_195_days;SputnikV;78;12;4;1;27;12;4;4;105;24;8;5;1122;283;64;16;525;282;136;89;1647;565;200;105
2021.12_13-10-2022;Чеченская Республика;21_45_days;AllVaccines;22;8;2;2;11;5;3;1;33;13;5;3;1122;283;64;16;525;282;136;89;1647;565;200;105
2021.12_13-10-2022;Чеченская Республика;21_45_days;CoviVac;1;0;0;0;0;0;0;0;1;0;0;0;1122;283;64;16;525;282;136;89;1647;565;200;105
2021.12_13-10-2022;Чеченская Республика;21_45_days;EpiVacCorona;2;0;0;0;0;0;0;0;2;0;0;0;1122;283;64;16;525;282;136;89;1647;565;200;105
2021.12_13-10-2022;Чеченская Республика;21_45_days;SputnikLite;2;1;0;0;3;2;1;0;5;3;1;0;1122;283;64;16;525;282;136;89;1647;565;200;105
2021.12_13-10-2022;Чеченская Республика;21_45_days;SputnikV;17;7;2;2;8;3;2;1;25;10;4;3;1122;283;64;16;525;282;136;89;1647;565;200;105
2021.12_13-10-2022;Чеченская Республика;45_75_days;AllVaccines;56;8;0;0;20;9;5;4;76;17;5;4;1122;283;64;16;525;282;136;89;1647;565;200;105
2021.12_13-10-2022;Чеченская Республика;45_75_days;CoviVac;1;0;0;0;0;0;0;0;1;0;0;0;1122;283;64;16;525;282;136;89;1647;565;200;105
2021.12_13-10-2022;Чеченская Республика;45_75_days;EpiVacCorona;2;0;0;0;1;1;0;0;3;1;0;0;1122;283;64;16;525;282;136;89;1647;565;200;105
2021.12_13-10-2022;Чеченская Республика;45_75_days;SputnikLite;12;2;0;0;1;0;0;0;13;2;0;0;1122;283;64;16;525;282;136;89;1647;565;200;105
2021.12_13-10-2022;Чеченская Республика;45_75_days;SputnikV;41;6;0;0;18;8;5;4;59;14;5;4;1122;283;64;16;525;282;136;89;1647;565;200;105
2021.12_13-10-2022;Чеченская Республика;75_90_days;AllVaccines;25;7;1;0;9;7;4;2;34;14;5;2;1122;283;64;16;525;282;136;89;1647;565;200;105
2021.12_13-10-2022;Чеченская Республика;75_90_days;CoviVac;2;0;0;0;0;0;0;0;2;0;0;0;1122;283;64;16;525;282;136;89;1647;565;200;105
2021.12_13-10-2022;Чеченская Республика;75_90_days;SputnikLite;3;2;0;0;0;0;0;0;3;2;0;0;1122;283;64;16;525;282;136;89;1647;565;200;105
2021.12_13-10-2022;Чеченская Республика;75_90_days;SputnikV;20;5;1;0;9;7;4;2;29;12;5;2;1122;283;64;16;525;282;136;89;1647;565;200;105
2021.12_13-10-2022;Чеченская Республика;90_105_days;AllVaccines;26;5;1;0;7;1;2;2;33;6;3;2;1122;283;64;16;525;282;136;89;1647;565;200;105
2021.12_13-10-2022;Чеченская Республика;90_105_days;SputnikV;26;5;1;0;7;1;2;2;33;6;3;2;1122;283;64;16;525;282;136;89;1647;565;200;105
2021.12_13-10-2022;Чувашская Республика;105_165_days;AllVaccines;285;42;7;2;77;39;8;2;362;81;15;4;1409;382;54;16;997;725;221;99;2406;1107;275;115
2021.12_13-10-2022;Чувашская Республика;105_165_days;CoviVac;3;0;0;0;0;0;0;0;3;0;0;0;1409;382;54;16;997;725;221;99;2406;1107;275;115
2021.12_13-10-2022;Чувашская Республика;105_165_days;EpiVacCorona;28;5;0;0;3;2;0;0;31;7;0;0;1409;382;54;16;997;725;221;99;2406;1107;275;115
2021.12_13-10-2022;Чувашская Республика;105_165_days;SputnikLite;26;2;1;0;3;1;0;0;29;3;1;0;1409;382;54;16;997;725;221;99;2406;1107;275;115
2021.12_13-10-2022;Чувашская Республика;105_165_days;SputnikV;228;35;6;2;71;36;8;2;299;71;14;4;1409;382;54;16;997;725;221;99;2406;1107;275;115
2021.12_13-10-2022;Чувашская Республика;165_195_days;AllVaccines;39;6;0;0;62;40;7;2;101;46;7;2;1409;382;54;16;997;725;221;99;2406;1107;275;115
2021.12_13-10-2022;Чувашская Республика;165_195_days;CoviVac;1;0;0;0;1;1;0;0;2;1;0;0;1409;382;54;16;997;725;221;99;2406;1107;275;115
2021.12_13-10-2022;Чувашская Республика;165_195_days;EpiVacCorona;3;0;0;0;5;5;2;0;8;5;2;0;1409;382;54;16;997;725;221;99;2406;1107;275;115
2021.12_13-10-2022;Чувашская Республика;165_195_days;SputnikV;35;6;0;0;56;34;5;2;91;40;5;2;1409;382;54;16;997;725;221;99;2406;1107;275;115
2021.12_13-10-2022;Чувашская Республика;21_45_days;AllVaccines;73;12;1;0;32;19;1;1;105;31;2;1;1409;382;54;16;997;725;221;99;2406;1107;275;115
2021.12_13-10-2022;Чувашская Республика;21_45_days;CoviVac;5;0;0;0;0;0;0;0;5;0;0;0;1409;382;54;16;997;725;221;99;2406;1107;275;115
2021.12_13-10-2022;Чувашская Республика;21_45_days;EpiVacCorona;4;1;0;0;1;1;0;0;5;2;0;0;1409;382;54;16;997;725;221;99;2406;1107;275;115
2021.12_13-10-2022;Чувашская Республика;21_45_days;SputnikLite;9;3;1;0;11;5;1;1;20;8;2;1;1409;382;54;16;997;725;221;99;2406;1107;275;115
2021.12_13-10-2022;Чувашская Республика;21_45_days;SputnikV;55;8;0;0;20;13;0;0;75;21;0;0;1409;382;54;16;997;725;221;99;2406;1107;275;115
2021.12_13-10-2022;Чувашская Республика;45_75_days;AllVaccines;91;26;2;1;35;22;4;3;126;48;6;4;1409;382;54;16;997;725;221;99;2406;1107;275;115
2021.12_13-10-2022;Чувашская Республика;45_75_days;CoviVac;1;0;0;0;1;1;1;0;2;1;1;0;1409;382;54;16;997;725;221;99;2406;1107;275;115
2021.12_13-10-2022;Чувашская Республика;45_75_days;SputnikLite;71;20;2;1;24;13;3;3;95;33;5;4;1409;382;54;16;997;725;221;99;2406;1107;275;115
2021.12_13-10-2022;Чувашская Республика;45_75_days;SputnikV;19;6;0;0;10;8;0;0;29;14;0;0;1409;382;54;16;997;725;221;99;2406;1107;275;115
2021.12_13-10-2022;Чувашская Республика;75_90_days;AllVaccines;22;8;1;0;20;16;0;0;42;24;1;0;1409;382;54;16;997;725;221;99;2406;1107;275;115
2021.12_13-10-2022;Чувашская Республика;75_90_days;CoviVac;0;0;0;0;2;2;0;0;2;2;0;0;1409;382;54;16;997;725;221;99;2406;1107;275;115
2021.12_13-10-2022;Чувашская Республика;75_90_days;SputnikLite;8;3;1;0;11;8;0;0;19;11;1;0;1409;382;54;16;997;725;221;99;2406;1107;275;115
2021.12_13-10-2022;Чувашская Республика;75_90_days;SputnikV;14;5;0;0;7;6;0;0;21;11;0;0;1409;382;54;16;997;725;221;99;2406;1107;275;115
2021.12_13-10-2022;Чувашская Республика;90_105_days;AllVaccines;36;6;0;0;28;17;3;2;64;23;3;2;1409;382;54;16;997;725;221;99;2406;1107;275;115
2021.12_13-10-2022;Чувашская Республика;90_105_days;CoviVac;0;0;0;0;1;0;0;0;1;0;0;0;1409;382;54;16;997;725;221;99;2406;1107;275;115
2021.12_13-10-2022;Чувашская Республика;90_105_days;EpiVacCorona;1;0;0;0;1;1;0;0;2;1;0;0;1409;382;54;16;997;725;221;99;2406;1107;275;115
2021.12_13-10-2022;Чувашская Республика;90_105_days;SputnikLite;15;1;0;0;17;11;1;1;32;12;1;1;1409;382;54;16;997;725;221;99;2406;1107;275;115
2021.12_13-10-2022;Чувашская Республика;90_105_days;SputnikV;20;5;0;0;9;5;2;1;29;10;2;1;1409;382;54;16;997;725;221;99;2406;1107;275;115
2021.12_13-10-2022;Чукотский автономный округ;105_165_days;AllVaccines;18;2;0;0;1;1;0;0;19;3;0;0;82;20;1;0;9;5;0;0;91;25;1;0
2021.12_13-10-2022;Чукотский автономный округ;105_165_days;CoviVac;5;2;0;0;0;0;0;0;5;2;0;0;82;20;1;0;9;5;0;0;91;25;1;0
2021.12_13-10-2022;Чукотский автономный округ;105_165_days;SputnikLite;2;0;0;0;1;1;0;0;3;1;0;0;82;20;1;0;9;5;0;0;91;25;1;0
2021.12_13-10-2022;Чукотский автономный округ;105_165_days;SputnikV;11;0;0;0;0;0;0;0;11;0;0;0;82;20;1;0;9;5;0;0;91;25;1;0
2021.12_13-10-2022;Чукотский автономный округ;165_195_days;AllVaccines;4;1;0;0;0;0;0;0;4;1;0;0;82;20;1;0;9;5;0;0;91;25;1;0
2021.12_13-10-2022;Чукотский автономный округ;165_195_days;CoviVac;1;0;0;0;0;0;0;0;1;0;0;0;82;20;1;0;9;5;0;0;91;25;1;0
2021.12_13-10-2022;Чукотский автономный округ;165_195_days;EpiVacCorona;1;1;0;0;0;0;0;0;1;1;0;0;82;20;1;0;9;5;0;0;91;25;1;0
2021.12_13-10-2022;Чукотский автономный округ;165_195_days;SputnikV;2;0;0;0;0;0;0;0;2;0;0;0;82;20;1;0;9;5;0;0;91;25;1;0
2021.12_13-10-2022;Чукотский автономный округ;21_45_days;AllVaccines;4;1;1;0;0;0;0;0;4;1;1;0;82;20;1;0;9;5;0;0;91;25;1;0
2021.12_13-10-2022;Чукотский автономный округ;21_45_days;CoviVac;1;0;0;0;0;0;0;0;1;0;0;0;82;20;1;0;9;5;0;0;91;25;1;0
2021.12_13-10-2022;Чукотский автономный округ;21_45_days;SputnikLite;3;1;1;0;0;0;0;0;3;1;1;0;82;20;1;0;9;5;0;0;91;25;1;0
2021.12_13-10-2022;Чукотский автономный округ;45_75_days;AllVaccines;9;1;0;0;0;0;0;0;9;1;0;0;82;20;1;0;9;5;0;0;91;25;1;0
2021.12_13-10-2022;Чукотский автономный округ;45_75_days;SputnikLite;9;1;0;0;0;0;0;0;9;1;0;0;82;20;1;0;9;5;0;0;91;25;1;0
2021.12_13-10-2022;Чукотский автономный округ;75_90_days;AllVaccines;3;0;0;0;0;0;0;0;3;0;0;0;82;20;1;0;9;5;0;0;91;25;1;0
2021.12_13-10-2022;Чукотский автономный округ;75_90_days;CoviVac;1;0;0;0;0;0;0;0;1;0;0;0;82;20;1;0;9;5;0;0;91;25;1;0
2021.12_13-10-2022;Чукотский автономный округ;75_90_days;SputnikLite;2;0;0;0;0;0;0;0;2;0;0;0;82;20;1;0;9;5;0;0;91;25;1;0
2021.12_13-10-2022;Ямало-Ненецкий автономный округ;105_165_days;AllVaccines;290;32;4;3;26;15;1;0;316;47;5;3;1947;356;50;7;364;228;63;29;2311;584;113;36
2021.12_13-10-2022;Ямало-Ненецкий автономный округ;105_165_days;CoviVac;4;2;0;0;1;1;0;0;5;3;0;0;1947;356;50;7;364;228;63;29;2311;584;113;36
2021.12_13-10-2022;Ямало-Ненецкий автономный округ;105_165_days;EpiVacCorona;3;0;0;0;0;0;0;0;3;0;0;0;1947;356;50;7;364;228;63;29;2311;584;113;36
2021.12_13-10-2022;Ямало-Ненецкий автономный округ;105_165_days;SputnikLite;52;5;1;1;4;3;0;0;56;8;1;1;1947;356;50;7;364;228;63;29;2311;584;113;36
2021.12_13-10-2022;Ямало-Ненецкий автономный округ;105_165_days;SputnikV;231;25;3;2;21;11;1;0;252;36;4;2;1947;356;50;7;364;228;63;29;2311;584;113;36
2021.12_13-10-2022;Ямало-Ненецкий автономный округ;165_195_days;AllVaccines;86;12;3;1;16;9;2;0;102;21;5;1;1947;356;50;7;364;228;63;29;2311;584;113;36
2021.12_13-10-2022;Ямало-Ненецкий автономный округ;165_195_days;CoviVac;1;1;0;0;1;1;0;0;2;2;0;0;1947;356;50;7;364;228;63;29;2311;584;113;36
2021.12_13-10-2022;Ямало-Ненецкий автономный округ;165_195_days;EpiVacCorona;9;2;1;0;2;2;0;0;11;4;1;0;1947;356;50;7;364;228;63;29;2311;584;113;36
2021.12_13-10-2022;Ямало-Ненецкий автономный округ;165_195_days;SputnikV;76;9;2;1;13;6;2;0;89;15;4;1;1947;356;50;7;364;228;63;29;2311;584;113;36
2021.12_13-10-2022;Ямало-Ненецкий автономный округ;21_45_days;AllVaccines;113;16;3;0;13;8;0;0;126;24;3;0;1947;356;50;7;364;228;63;29;2311;584;113;36
2021.12_13-10-2022;Ямало-Ненецкий автономный округ;21_45_days;CoviVac;2;0;0;0;0;0;0;0;2;0;0;0;1947;356;50;7;364;228;63;29;2311;584;113;36
2021.12_13-10-2022;Ямало-Ненецкий автономный округ;21_45_days;SputnikLite;60;12;2;0;10;6;0;0;70;18;2;0;1947;356;50;7;364;228;63;29;2311;584;113;36
2021.12_13-10-2022;Ямало-Ненецкий автономный округ;21_45_days;SputnikV;51;4;1;0;3;2;0;0;54;6;1;0;1947;356;50;7;364;228;63;29;2311;584;113;36
2021.12_13-10-2022;Ямало-Ненецкий автономный округ;45_75_days;AllVaccines;87;13;1;0;13;5;0;0;100;18;1;0;1947;356;50;7;364;228;63;29;2311;584;113;36
2021.12_13-10-2022;Ямало-Ненецкий автономный округ;45_75_days;EpiVacCorona;1;0;0;0;0;0;0;0;1;0;0;0;1947;356;50;7;364;228;63;29;2311;584;113;36
2021.12_13-10-2022;Ямало-Ненецкий автономный округ;45_75_days;SputnikLite;70;11;1;0;12;5;0;0;82;16;1;0;1947;356;50;7;364;228;63;29;2311;584;113;36
2021.12_13-10-2022;Ямало-Ненецкий автономный округ;45_75_days;SputnikV;16;2;0;0;1;0;0;0;17;2;0;0;1947;356;50;7;364;228;63;29;2311;584;113;36
2021.12_13-10-2022;Ямало-Ненецкий автономный округ;75_90_days;AllVaccines;24;3;1;0;1;1;1;0;25;4;2;0;1947;356;50;7;364;228;63;29;2311;584;113;36
2021.12_13-10-2022;Ямало-Ненецкий автономный округ;75_90_days;SputnikLite;19;3;1;0;0;0;0;0;19;3;1;0;1947;356;50;7;364;228;63;29;2311;584;113;36
2021.12_13-10-2022;Ямало-Ненецкий автономный округ;75_90_days;SputnikV;5;0;0;0;1;1;1;0;6;1;1;0;1947;356;50;7;364;228;63;29;2311;584;113;36
2021.12_13-10-2022;Ямало-Ненецкий автономный округ;90_105_days;AllVaccines;42;6;1;0;6;3;2;0;48;9;3;0;1947;356;50;7;364;228;63;29;2311;584;113;36
2021.12_13-10-2022;Ямало-Ненецкий автономный округ;90_105_days;SputnikLite;30;3;0;0;6;3;2;0;36;6;2;0;1947;356;50;7;364;228;63;29;2311;584;113;36
2021.12_13-10-2022;Ямало-Ненецкий автономный округ;90_105_days;SputnikV;12;3;1;0;0;0;0;0;12;3;1;0;1947;356;50;7;364;228;63;29;2311;584;113;36
2021.12_13-10-2022;Ярославская область;105_165_days;AllVaccines;855;64;8;0;225;63;18;7;1080;127;26;7;5102;614;107;36;2993;1458;514;352;8095;2072;621;388
2021.12_13-10-2022;Ярославская область;105_165_days;CoviVac;9;2;0;0;0;0;0;0;9;2;0;0;5102;614;107;36;2993;1458;514;352;8095;2072;621;388
2021.12_13-10-2022;Ярославская область;105_165_days;EpiVacCorona;46;9;3;0;15;10;2;0;61;19;5;0;5102;614;107;36;2993;1458;514;352;8095;2072;621;388
2021.12_13-10-2022;Ярославская область;105_165_days;SputnikLite;168;10;0;0;34;8;3;1;202;18;3;1;5102;614;107;36;2993;1458;514;352;8095;2072;621;388
2021.12_13-10-2022;Ярославская область;105_165_days;SputnikV;632;43;5;0;176;45;13;6;808;88;18;6;5102;614;107;36;2993;1458;514;352;8095;2072;621;388
2021.12_13-10-2022;Ярославская область;165_195_days;AllVaccines;160;16;1;1;98;46;11;6;258;62;12;7;5102;614;107;36;2993;1458;514;352;8095;2072;621;388
2021.12_13-10-2022;Ярославская область;165_195_days;CoviVac;19;3;0;0;9;5;1;0;28;8;1;0;5102;614;107;36;2993;1458;514;352;8095;2072;621;388
2021.12_13-10-2022;Ярославская область;165_195_days;EpiVacCorona;17;1;0;0;18;12;3;2;35;13;3;2;5102;614;107;36;2993;1458;514;352;8095;2072;621;388
2021.12_13-10-2022;Ярославская область;165_195_days;SputnikV;124;12;1;1;71;29;7;4;195;41;8;5;5102;614;107;36;2993;1458;514;352;8095;2072;621;388
2021.12_13-10-2022;Ярославская область;21_45_days;AllVaccines;174;15;3;0;124;35;8;3;298;50;11;3;5102;614;107;36;2993;1458;514;352;8095;2072;621;388
2021.12_13-10-2022;Ярославская область;21_45_days;CoviVac;1;0;0;0;0;0;0;0;1;0;0;0;5102;614;107;36;2993;1458;514;352;8095;2072;621;388
2021.12_13-10-2022;Ярославская область;21_45_days;EpiVacCorona;5;1;0;0;4;1;0;0;9;2;0;0;5102;614;107;36;2993;1458;514;352;8095;2072;621;388
2021.12_13-10-2022;Ярославская область;21_45_days;SputnikLite;92;9;3;0;70;15;5;2;162;24;8;2;5102;614;107;36;2993;1458;514;352;8095;2072;621;388
2021.12_13-10-2022;Ярославская область;21_45_days;SputnikV;76;5;0;0;50;19;3;1;126;24;3;1;5102;614;107;36;2993;1458;514;352;8095;2072;621;388
2021.12_13-10-2022;Ярославская область;45_75_days;AllVaccines;193;26;6;3;85;21;5;2;278;47;11;5;5102;614;107;36;2993;1458;514;352;8095;2072;621;388
2021.12_13-10-2022;Ярославская область;45_75_days;EpiVacCorona;2;1;1;0;2;0;0;0;4;1;1;0;5102;614;107;36;2993;1458;514;352;8095;2072;621;388
2021.12_13-10-2022;Ярославская область;45_75_days;SputnikLite;134;17;4;2;50;9;2;1;184;26;6;3;5102;614;107;36;2993;1458;514;352;8095;2072;621;388
2021.12_13-10-2022;Ярославская область;45_75_days;SputnikV;57;8;1;1;33;12;3;1;90;20;4;2;5102;614;107;36;2993;1458;514;352;8095;2072;621;388
2021.12_13-10-2022;Ярославская область;75_90_days;AllVaccines;68;5;1;0;34;10;2;2;102;15;3;2;5102;614;107;36;2993;1458;514;352;8095;2072;621;388
2021.12_13-10-2022;Ярославская область;75_90_days;EpiVacCorona;0;0;0;0;1;1;0;0;1;1;0;0;5102;614;107;36;2993;1458;514;352;8095;2072;621;388
2021.12_13-10-2022;Ярославская область;75_90_days;SputnikLite;31;2;0;0;18;4;1;1;49;6;1;1;5102;614;107;36;2993;1458;514;352;8095;2072;621;388
2021.12_13-10-2022;Ярославская область;75_90_days;SputnikV;37;3;1;0;15;5;1;1;52;8;2;1;5102;614;107;36;2993;1458;514;352;8095;2072;621;388
2021.12_13-10-2022;Ярославская область;90_105_days;AllVaccines;133;19;3;0;55;18;6;1;188;37;9;1;5102;614;107;36;2993;1458;514;352;8095;2072;621;388
2021.12_13-10-2022;Ярославская область;90_105_days;EpiVacCorona;3;2;0;0;1;0;0;0;4;2;0;0;5102;614;107;36;2993;1458;514;352;8095;2072;621;388
2021.12_13-10-2022;Ярославская область;90_105_days;SputnikLite;64;6;0;0;22;6;1;1;86;12;1;1;5102;614;107;36;2993;1458;514;352;8095;2072;621;388
2021.12_13-10-2022;Ярославская область;90_105_days;SputnikV;66;11;3;0;32;12;5;0;98;23;8;0;5102;614;107;36;2993;1458;514;352;8095;2072;621;388
2021.12_13-10-2022;г. Москва;105_165_days;AllVaccines;11353;304;155;30;2474;316;209;89;13827;620;364;119;46317;2197;1397;346;23371;5714;4697;3187;69688;7911;6094;3533
2021.12_13-10-2022;г. Москва;105_165_days;CoviVac;609;41;7;3;62;12;5;1;671;53;12;4;46317;2197;1397;346;23371;5714;4697;3187;69688;7911;6094;3533
2021.12_13-10-2022;г. Москва;105_165_days;EpiVacCorona;612;37;20;3;212;51;39;19;824;88;59;22;46317;2197;1397;346;23371;5714;4697;3187;69688;7911;6094;3533
2021.12_13-10-2022;г. Москва;105_165_days;SputnikLite;304;11;2;0;125;13;9;5;429;24;11;5;46317;2197;1397;346;23371;5714;4697;3187;69688;7911;6094;3533
2021.12_13-10-2022;г. Москва;105_165_days;SputnikV;9828;215;126;24;2075;240;156;64;11903;455;282;88;46317;2197;1397;346;23371;5714;4697;3187;69688;7911;6094;3533
2021.12_13-10-2022;г. Москва;165_195_days;AllVaccines;1651;69;36;8;942;162;129;71;2593;231;165;79;46317;2197;1397;346;23371;5714;4697;3187;69688;7911;6094;3533
2021.12_13-10-2022;г. Москва;165_195_days;CoviVac;162;9;3;0;19;2;1;0;181;11;4;0;46317;2197;1397;346;23371;5714;4697;3187;69688;7911;6094;3533
2021.12_13-10-2022;г. Москва;165_195_days;EpiVacCorona;378;33;17;4;369;95;72;42;747;128;89;46;46317;2197;1397;346;23371;5714;4697;3187;69688;7911;6094;3533
2021.12_13-10-2022;г. Москва;165_195_days;SputnikLite;4;1;0;0;0;0;0;0;4;1;0;0;46317;2197;1397;346;23371;5714;4697;3187;69688;7911;6094;3533
2021.12_13-10-2022;г. Москва;165_195_days;SputnikV;1107;26;16;4;554;65;56;29;1661;91;72;33;46317;2197;1397;346;23371;5714;4697;3187;69688;7911;6094;3533
2021.12_13-10-2022;г. Москва;21_45_days;AllVaccines;900;35;12;4;963;96;68;37;1863;131;80;41;46317;2197;1397;346;23371;5714;4697;3187;69688;7911;6094;3533
2021.12_13-10-2022;г. Москва;21_45_days;CoviVac;73;5;3;0;31;6;2;1;104;11;5;1;46317;2197;1397;346;23371;5714;4697;3187;69688;7911;6094;3533
2021.12_13-10-2022;г. Москва;21_45_days;EpiVacCorona;12;0;0;0;11;4;3;3;23;4;3;3;46317;2197;1397;346;23371;5714;4697;3187;69688;7911;6094;3533
2021.12_13-10-2022;г. Москва;21_45_days;SputnikLite;322;9;3;1;395;38;20;15;717;47;23;16;46317;2197;1397;346;23371;5714;4697;3187;69688;7911;6094;3533
2021.12_13-10-2022;г. Москва;21_45_days;SputnikV;493;21;6;3;526;48;43;18;1019;69;49;21;46317;2197;1397;346;23371;5714;4697;3187;69688;7911;6094;3533
2021.12_13-10-2022;г. Москва;45_75_days;AllVaccines;786;22;13;1;773;81;56;32;1559;103;69;33;46317;2197;1397;346;23371;5714;4697;3187;69688;7911;6094;3533
2021.12_13-10-2022;г. Москва;45_75_days;CoviVac;56;3;1;0;21;4;4;1;77;7;5;1;46317;2197;1397;346;23371;5714;4697;3187;69688;7911;6094;3533
2021.12_13-10-2022;г. Москва;45_75_days;EpiVacCorona;8;0;1;0;11;1;1;1;19;1;2;1;46317;2197;1397;346;23371;5714;4697;3187;69688;7911;6094;3533
2021.12_13-10-2022;г. Москва;45_75_days;SputnikLite;329;6;2;0;425;35;21;11;754;41;23;11;46317;2197;1397;346;23371;5714;4697;3187;69688;7911;6094;3533
2021.12_13-10-2022;г. Москва;45_75_days;SputnikV;393;13;9;1;316;41;30;19;709;54;39;20;46317;2197;1397;346;23371;5714;4697;3187;69688;7911;6094;3533
2021.12_13-10-2022;г. Москва;75_90_days;AllVaccines;435;10;2;1;364;34;26;9;799;44;28;10;46317;2197;1397;346;23371;5714;4697;3187;69688;7911;6094;3533
2021.12_13-10-2022;г. Москва;75_90_days;CoviVac;45;2;0;0;6;0;1;0;51;2;1;0;46317;2197;1397;346;23371;5714;4697;3187;69688;7911;6094;3533
2021.12_13-10-2022;г. Москва;75_90_days;EpiVacCorona;2;0;0;0;7;2;2;1;9;2;2;1;46317;2197;1397;346;23371;5714;4697;3187;69688;7911;6094;3533
2021.12_13-10-2022;г. Москва;75_90_days;SputnikLite;87;1;0;0;193;17;15;4;280;18;15;4;46317;2197;1397;346;23371;5714;4697;3187;69688;7911;6094;3533
2021.12_13-10-2022;г. Москва;75_90_days;SputnikV;301;7;2;1;158;15;8;4;459;22;10;5;46317;2197;1397;346;23371;5714;4697;3187;69688;7911;6094;3533
2021.12_13-10-2022;г. Москва;90_105_days;AllVaccines;611;17;13;0;368;32;22;10;979;49;35;10;46317;2197;1397;346;23371;5714;4697;3187;69688;7911;6094;3533
2021.12_13-10-2022;г. Москва;90_105_days;CoviVac;66;4;3;0;10;2;1;0;76;6;4;0;46317;2197;1397;346;23371;5714;4697;3187;69688;7911;6094;3533
2021.12_13-10-2022;г. Москва;90_105_days;EpiVacCorona;12;1;0;0;7;1;2;2;19;2;2;2;46317;2197;1397;346;23371;5714;4697;3187;69688;7911;6094;3533
2021.12_13-10-2022;г. Москва;90_105_days;SputnikLite;60;0;1;0;134;8;4;2;194;8;5;2;46317;2197;1397;346;23371;5714;4697;3187;69688;7911;6094;3533
2021.12_13-10-2022;г. Москва;90_105_days;SputnikV;473;12;9;0;217;21;15;6;690;33;24;6;46317;2197;1397;346;23371;5714;4697;3187;69688;7911;6094;3533
2021.12_13-10-2022;г. Санкт-Петербург;105_165_days;AllVaccines;5995;410;45;11;1299;302;74;37;7294;712;119;48;39634;4667;648;260;17597;7509;2705;2016;57231;12176;3353;2276
2021.12_13-10-2022;г. Санкт-Петербург;105_165_days;CoviVac;278;38;6;0;24;5;2;2;302;43;8;2;39634;4667;648;260;17597;7509;2705;2016;57231;12176;3353;2276
2021.12_13-10-2022;г. Санкт-Петербург;105_165_days;EpiVacCorona;61;9;1;0;30;13;5;3;91;22;6;3;39634;4667;648;260;17597;7509;2705;2016;57231;12176;3353;2276
2021.12_13-10-2022;г. Санкт-Петербург;105_165_days;SputnikLite;1212;83;8;1;98;22;5;4;1310;105;13;5;39634;4667;648;260;17597;7509;2705;2016;57231;12176;3353;2276
2021.12_13-10-2022;г. Санкт-Петербург;105_165_days;SputnikV;4444;280;30;10;1147;262;62;28;5591;542;92;38;39634;4667;648;260;17597;7509;2705;2016;57231;12176;3353;2276
2021.12_13-10-2022;г. Санкт-Петербург;165_195_days;AllVaccines;1205;94;10;2;590;175;48;34;1795;269;58;36;39634;4667;648;260;17597;7509;2705;2016;57231;12176;3353;2276
2021.12_13-10-2022;г. Санкт-Петербург;165_195_days;CoviVac;210;24;2;0;21;4;0;0;231;28;2;0;39634;4667;648;260;17597;7509;2705;2016;57231;12176;3353;2276
2021.12_13-10-2022;г. Санкт-Петербург;165_195_days;EpiVacCorona;116;18;2;0;128;67;20;14;244;85;22;14;39634;4667;648;260;17597;7509;2705;2016;57231;12176;3353;2276
2021.12_13-10-2022;г. Санкт-Петербург;165_195_days;SputnikV;879;52;6;2;441;104;28;20;1320;156;34;22;39634;4667;648;260;17597;7509;2705;2016;57231;12176;3353;2276
2021.12_13-10-2022;г. Санкт-Петербург;21_45_days;AllVaccines;1251;96;14;5;660;185;32;23;1911;281;46;28;39634;4667;648;260;17597;7509;2705;2016;57231;12176;3353;2276
2021.12_13-10-2022;г. Санкт-Петербург;21_45_days;CoviVac;50;1;0;0;2;0;0;0;52;1;0;0;39634;4667;648;260;17597;7509;2705;2016;57231;12176;3353;2276
2021.12_13-10-2022;г. Санкт-Петербург;21_45_days;EpiVacCorona;30;5;1;0;16;6;3;2;46;11;4;2;39634;4667;648;260;17597;7509;2705;2016;57231;12176;3353;2276
2021.12_13-10-2022;г. Санкт-Петербург;21_45_days;SputnikLite;448;29;5;4;302;91;13;8;750;120;18;12;39634;4667;648;260;17597;7509;2705;2016;57231;12176;3353;2276
2021.12_13-10-2022;г. Санкт-Петербург;21_45_days;SputnikV;723;61;8;1;340;88;16;13;1063;149;24;14;39634;4667;648;260;17597;7509;2705;2016;57231;12176;3353;2276
2021.12_13-10-2022;г. Санкт-Петербург;45_75_days;AllVaccines;1402;118;16;4;551;132;42;26;1953;250;58;30;39634;4667;648;260;17597;7509;2705;2016;57231;12176;3353;2276
2021.12_13-10-2022;г. Санкт-Петербург;45_75_days;CoviVac;81;5;0;0;11;1;0;0;92;6;0;0;39634;4667;648;260;17597;7509;2705;2016;57231;12176;3353;2276
2021.12_13-10-2022;г. Санкт-Петербург;45_75_days;EpiVacCorona;1;0;0;0;2;0;0;0;3;0;0;0;39634;4667;648;260;17597;7509;2705;2016;57231;12176;3353;2276
2021.12_13-10-2022;г. Санкт-Петербург;45_75_days;SputnikLite;832;72;9;1;342;84;26;13;1174;156;35;14;39634;4667;648;260;17597;7509;2705;2016;57231;12176;3353;2276
2021.12_13-10-2022;г. Санкт-Петербург;45_75_days;SputnikV;488;41;7;3;196;47;16;13;684;88;23;16;39634;4667;648;260;17597;7509;2705;2016;57231;12176;3353;2276
2021.12_13-10-2022;г. Санкт-Петербург;75_90_days;AllVaccines;704;58;5;2;236;55;10;7;940;113;15;9;39634;4667;648;260;17597;7509;2705;2016;57231;12176;3353;2276
2021.12_13-10-2022;г. Санкт-Петербург;75_90_days;CoviVac;76;5;0;0;7;3;0;0;83;8;0;0;39634;4667;648;260;17597;7509;2705;2016;57231;12176;3353;2276
2021.12_13-10-2022;г. Санкт-Петербург;75_90_days;EpiVacCorona;2;0;0;0;4;2;0;0;6;2;0;0;39634;4667;648;260;17597;7509;2705;2016;57231;12176;3353;2276
2021.12_13-10-2022;г. Санкт-Петербург;75_90_days;SputnikLite;320;25;2;1;122;24;5;4;442;49;7;5;39634;4667;648;260;17597;7509;2705;2016;57231;12176;3353;2276
2021.12_13-10-2022;г. Санкт-Петербург;75_90_days;SputnikV;306;28;3;1;103;26;5;3;409;54;8;4;39634;4667;648;260;17597;7509;2705;2016;57231;12176;3353;2276
2021.12_13-10-2022;г. Санкт-Петербург;90_105_days;AllVaccines;954;75;3;1;327;73;15;7;1281;148;18;8;39634;4667;648;260;17597;7509;2705;2016;57231;12176;3353;2276
2021.12_13-10-2022;г. Санкт-Петербург;90_105_days;CoviVac;70;9;0;1;1;1;0;0;71;10;0;1;39634;4667;648;260;17597;7509;2705;2016;57231;12176;3353;2276
2021.12_13-10-2022;г. Санкт-Петербург;90_105_days;EpiVacCorona;9;0;0;0;6;3;2;1;15;3;2;1;39634;4667;648;260;17597;7509;2705;2016;57231;12176;3353;2276
2021.12_13-10-2022;г. Санкт-Петербург;90_105_days;SputnikLite;425;36;1;0;140;37;6;2;565;73;7;2;39634;4667;648;260;17597;7509;2705;2016;57231;12176;3353;2276
2021.12_13-10-2022;г. Санкт-Петербург;90_105_days;SputnikV;450;30;2;0;180;32;7;4;630;62;9;4;39634;4667;648;260;17597;7509;2705;2016;57231;12176;3353;2276
2021.12_13-10-2022;г. Севастополь;105_165_days;AllVaccines;231;19;0;0;104;39;5;5;335;58;5;5;1925;341;31;17;976;476;121;103;2901;817;152;120
2021.12_13-10-2022;г. Севастополь;105_165_days;CoviVac;7;3;0;0;3;2;0;0;10;5;0;0;1925;341;31;17;976;476;121;103;2901;817;152;120
2021.12_13-10-2022;г. Севастополь;105_165_days;EpiVacCorona;15;1;0;0;13;6;0;0;28;7;0;0;1925;341;31;17;976;476;121;103;2901;817;152;120
2021.12_13-10-2022;г. Севастополь;105_165_days;SputnikLite;7;0;0;0;1;0;0;0;8;0;0;0;1925;341;31;17;976;476;121;103;2901;817;152;120
2021.12_13-10-2022;г. Севастополь;105_165_days;SputnikV;202;15;0;0;87;31;5;5;289;46;5;5;1925;341;31;17;976;476;121;103;2901;817;152;120
2021.12_13-10-2022;г. Севастополь;165_195_days;AllVaccines;61;7;1;1;46;19;4;2;107;26;5;3;1925;341;31;17;976;476;121;103;2901;817;152;120
2021.12_13-10-2022;г. Севастополь;165_195_days;CoviVac;6;0;0;0;1;0;0;0;7;0;0;0;1925;341;31;17;976;476;121;103;2901;817;152;120
2021.12_13-10-2022;г. Севастополь;165_195_days;EpiVacCorona;7;2;1;1;8;5;0;0;15;7;1;1;1925;341;31;17;976;476;121;103;2901;817;152;120
2021.12_13-10-2022;г. Севастополь;165_195_days;SputnikV;48;5;0;0;37;14;4;2;85;19;4;2;1925;341;31;17;976;476;121;103;2901;817;152;120
2021.12_13-10-2022;г. Севастополь;21_45_days;AllVaccines;111;16;1;0;63;23;3;2;174;39;4;2;1925;341;31;17;976;476;121;103;2901;817;152;120
2021.12_13-10-2022;г. Севастополь;21_45_days;CoviVac;2;1;0;0;2;1;0;0;4;2;0;0;1925;341;31;17;976;476;121;103;2901;817;152;120
2021.12_13-10-2022;г. Севастополь;21_45_days;EpiVacCorona;7;1;0;0;3;2;0;0;10;3;0;0;1925;341;31;17;976;476;121;103;2901;817;152;120
2021.12_13-10-2022;г. Севастополь;21_45_days;SputnikLite;26;3;1;0;31;13;3;2;57;16;4;2;1925;341;31;17;976;476;121;103;2901;817;152;120
2021.12_13-10-2022;г. Севастополь;21_45_days;SputnikV;76;11;0;0;27;7;0;0;103;18;0;0;1925;341;31;17;976;476;121;103;2901;817;152;120
2021.12_13-10-2022;г. Севастополь;45_75_days;AllVaccines;87;12;1;0;38;12;1;1;125;24;2;1;1925;341;31;17;976;476;121;103;2901;817;152;120
2021.12_13-10-2022;г. Севастополь;45_75_days;CoviVac;0;0;0;0;1;0;0;0;1;0;0;0;1925;341;31;17;976;476;121;103;2901;817;152;120
2021.12_13-10-2022;г. Севастополь;45_75_days;EpiVacCorona;2;1;0;0;0;0;0;0;2;1;0;0;1925;341;31;17;976;476;121;103;2901;817;152;120
2021.12_13-10-2022;г. Севастополь;45_75_days;SputnikLite;47;5;1;0;24;8;1;1;71;13;2;1;1925;341;31;17;976;476;121;103;2901;817;152;120
2021.12_13-10-2022;г. Севастополь;45_75_days;SputnikV;38;6;0;0;13;4;0;0;51;10;0;0;1925;341;31;17;976;476;121;103;2901;817;152;120
2021.12_13-10-2022;г. Севастополь;75_90_days;AllVaccines;13;2;0;0;11;2;0;0;24;4;0;0;1925;341;31;17;976;476;121;103;2901;817;152;120
2021.12_13-10-2022;г. Севастополь;75_90_days;EpiVacCorona;1;0;0;0;0;0;0;0;1;0;0;0;1925;341;31;17;976;476;121;103;2901;817;152;120
2021.12_13-10-2022;г. Севастополь;75_90_days;SputnikLite;2;1;0;0;7;1;0;0;9;2;0;0;1925;341;31;17;976;476;121;103;2901;817;152;120
2021.12_13-10-2022;г. Севастополь;75_90_days;SputnikV;10;1;0;0;4;1;0;0;14;2;0;0;1925;341;31;17;976;476;121;103;2901;817;152;120
2021.12_13-10-2022;г. Севастополь;90_105_days;AllVaccines;29;4;0;0;10;3;2;2;39;7;2;2;1925;341;31;17;976;476;121;103;2901;817;152;120
2021.12_13-10-2022;г. Севастополь;90_105_days;EpiVacCorona;1;0;0;0;2;1;0;0;3;1;0;0;1925;341;31;17;976;476;121;103;2901;817;152;120
2021.12_13-10-2022;г. Севастополь;90_105_days;SputnikLite;5;1;0;0;3;0;0;0;8;1;0;0;1925;341;31;17;976;476;121;103;2901;817;152;120
2021.12_13-10-2022;г. Севастополь;90_105_days;SputnikV;23;3;0;0;5;2;2;2;28;5;2;2;1925;341;31;17;976;476;121;103;2901;817;152;120
2022.01_13-10-2022;Алтайский край;105_165_days;AllVaccines;4957;187;16;0;783;126;23;7;5740;313;39;7;22628;1510;231;67;6992;2393;859;449;29620;3903;1090;516
2022.01_13-10-2022;Алтайский край;105_165_days;CoviVac;99;2;1;0;6;3;0;0;105;5;1;0;22628;1510;231;67;6992;2393;859;449;29620;3903;1090;516
2022.01_13-10-2022;Алтайский край;105_165_days;EpiVacCorona;127;9;1;0;27;9;1;0;154;18;2;0;22628;1510;231;67;6992;2393;859;449;29620;3903;1090;516
2022.01_13-10-2022;Алтайский край;105_165_days;SputnikLite;1509;58;5;0;230;28;6;3;1739;86;11;3;22628;1510;231;67;6992;2393;859;449;29620;3903;1090;516
2022.01_13-10-2022;Алтайский край;105_165_days;SputnikV;3222;118;9;0;520;86;16;4;3742;204;25;4;22628;1510;231;67;6992;2393;859;449;29620;3903;1090;516
2022.01_13-10-2022;Алтайский край;165_195_days;AllVaccines;2397;96;9;2;457;94;22;5;2854;190;31;7;22628;1510;231;67;6992;2393;859;449;29620;3903;1090;516
2022.01_13-10-2022;Алтайский край;165_195_days;CoviVac;8;1;0;0;2;1;1;0;10;2;1;0;22628;1510;231;67;6992;2393;859;449;29620;3903;1090;516
2022.01_13-10-2022;Алтайский край;165_195_days;EpiVacCorona;37;0;0;0;6;2;2;1;43;2;2;1;22628;1510;231;67;6992;2393;859;449;29620;3903;1090;516
2022.01_13-10-2022;Алтайский край;165_195_days;SputnikLite;34;1;0;0;5;0;0;0;39;1;0;0;22628;1510;231;67;6992;2393;859;449;29620;3903;1090;516
2022.01_13-10-2022;Алтайский край;165_195_days;SputnikV;2318;94;9;2;444;91;19;4;2762;185;28;6;22628;1510;231;67;6992;2393;859;449;29620;3903;1090;516
2022.01_13-10-2022;Алтайский край;21_45_days;AllVaccines;1298;82;8;0;459;101;23;10;1757;183;31;10;22628;1510;231;67;6992;2393;859;449;29620;3903;1090;516
2022.01_13-10-2022;Алтайский край;21_45_days;CoviVac;35;2;0;0;5;1;1;1;40;3;1;1;22628;1510;231;67;6992;2393;859;449;29620;3903;1090;516
2022.01_13-10-2022;Алтайский край;21_45_days;EpiVacCorona;69;8;1;0;20;8;2;1;89;16;3;1;22628;1510;231;67;6992;2393;859;449;29620;3903;1090;516
2022.01_13-10-2022;Алтайский край;21_45_days;SputnikLite;375;26;2;0;181;39;8;2;556;65;10;2;22628;1510;231;67;6992;2393;859;449;29620;3903;1090;516
2022.01_13-10-2022;Алтайский край;21_45_days;SputnikV;819;46;5;0;253;53;12;6;1072;99;17;6;22628;1510;231;67;6992;2393;859;449;29620;3903;1090;516
2022.01_13-10-2022;Алтайский край;45_75_days;AllVaccines;1508;82;11;2;541;105;25;11;2049;187;36;13;22628;1510;231;67;6992;2393;859;449;29620;3903;1090;516
2022.01_13-10-2022;Алтайский край;45_75_days;CoviVac;48;2;0;0;7;0;0;0;55;2;0;0;22628;1510;231;67;6992;2393;859;449;29620;3903;1090;516
2022.01_13-10-2022;Алтайский край;45_75_days;EpiVacCorona;167;16;1;0;53;12;4;2;220;28;5;2;22628;1510;231;67;6992;2393;859;449;29620;3903;1090;516
2022.01_13-10-2022;Алтайский край;45_75_days;SputnikLite;597;34;6;1;194;30;6;2;791;64;12;3;22628;1510;231;67;6992;2393;859;449;29620;3903;1090;516
2022.01_13-10-2022;Алтайский край;45_75_days;SputnikV;696;30;4;1;287;63;15;7;983;93;19;8;22628;1510;231;67;6992;2393;859;449;29620;3903;1090;516
2022.01_13-10-2022;Алтайский край;75_90_days;AllVaccines;521;22;2;0;178;33;9;3;699;55;11;3;22628;1510;231;67;6992;2393;859;449;29620;3903;1090;516
2022.01_13-10-2022;Алтайский край;75_90_days;CoviVac;2;0;0;0;0;0;0;0;2;0;0;0;22628;1510;231;67;6992;2393;859;449;29620;3903;1090;516
2022.01_13-10-2022;Алтайский край;75_90_days;EpiVacCorona;5;0;0;0;2;1;0;0;7;1;0;0;22628;1510;231;67;6992;2393;859;449;29620;3903;1090;516
2022.01_13-10-2022;Алтайский край;75_90_days;SputnikLite;405;16;0;0;129;26;7;3;534;42;7;3;22628;1510;231;67;6992;2393;859;449;29620;3903;1090;516
2022.01_13-10-2022;Алтайский край;75_90_days;SputnikV;109;6;2;0;47;6;2;0;156;12;4;0;22628;1510;231;67;6992;2393;859;449;29620;3903;1090;516
2022.01_13-10-2022;Алтайский край;90_105_days;AllVaccines;254;7;1;0;109;20;6;1;363;27;7;1;22628;1510;231;67;6992;2393;859;449;29620;3903;1090;516
2022.01_13-10-2022;Алтайский край;90_105_days;CoviVac;5;0;0;0;0;0;0;0;5;0;0;0;22628;1510;231;67;6992;2393;859;449;29620;3903;1090;516
2022.01_13-10-2022;Алтайский край;90_105_days;EpiVacCorona;1;0;0;0;1;1;0;0;2;1;0;0;22628;1510;231;67;6992;2393;859;449;29620;3903;1090;516
2022.01_13-10-2022;Алтайский край;90_105_days;SputnikLite;137;4;1;0;63;7;1;1;200;11;2;1;22628;1510;231;67;6992;2393;859;449;29620;3903;1090;516
2022.01_13-10-2022;Алтайский край;90_105_days;SputnikV;111;3;0;0;45;12;5;0;156;15;5;0;22628;1510;231;67;6992;2393;859;449;29620;3903;1090;516
2022.01_13-10-2022;Амурская область;105_165_days;AllVaccines;703;57;4;1;136;42;6;2;839;99;10;3;3433;475;65;13;1252;644;242;133;4685;1119;307;146
2022.01_13-10-2022;Амурская область;105_165_days;CoviVac;4;0;0;0;1;1;0;0;5;1;0;0;3433;475;65;13;1252;644;242;133;4685;1119;307;146
2022.01_13-10-2022;Амурская область;105_165_days;EpiVacCorona;21;1;0;0;9;3;0;0;30;4;0;0;3433;475;65;13;1252;644;242;133;4685;1119;307;146
2022.01_13-10-2022;Амурская область;105_165_days;SputnikLite;150;22;3;1;54;18;3;1;204;40;6;2;3433;475;65;13;1252;644;242;133;4685;1119;307;146
2022.01_13-10-2022;Амурская область;105_165_days;SputnikV;528;34;1;0;72;20;3;1;600;54;4;1;3433;475;65;13;1252;644;242;133;4685;1119;307;146
2022.01_13-10-2022;Амурская область;165_195_days;AllVaccines;443;41;1;0;75;28;3;3;518;69;4;3;3433;475;65;13;1252;644;242;133;4685;1119;307;146
2022.01_13-10-2022;Амурская область;165_195_days;CoviVac;8;1;0;0;0;0;0;0;8;1;0;0;3433;475;65;13;1252;644;242;133;4685;1119;307;146
2022.01_13-10-2022;Амурская область;165_195_days;EpiVacCorona;4;2;1;0;2;1;0;0;6;3;1;0;3433;475;65;13;1252;644;242;133;4685;1119;307;146
2022.01_13-10-2022;Амурская область;165_195_days;SputnikLite;1;0;0;0;0;0;0;0;1;0;0;0;3433;475;65;13;1252;644;242;133;4685;1119;307;146
2022.01_13-10-2022;Амурская область;165_195_days;SputnikV;430;38;0;0;73;27;3;3;503;65;3;3;3433;475;65;13;1252;644;242;133;4685;1119;307;146
2022.01_13-10-2022;Амурская область;21_45_days;AllVaccines;173;19;3;0;68;22;7;2;241;41;10;2;3433;475;65;13;1252;644;242;133;4685;1119;307;146
2022.01_13-10-2022;Амурская область;21_45_days;CoviVac;1;0;0;0;3;1;0;0;4;1;0;0;3433;475;65;13;1252;644;242;133;4685;1119;307;146
2022.01_13-10-2022;Амурская область;21_45_days;EpiVacCorona;14;2;0;0;7;5;2;0;21;7;2;0;3433;475;65;13;1252;644;242;133;4685;1119;307;146
2022.01_13-10-2022;Амурская область;21_45_days;SputnikLite;41;4;1;0;28;7;3;1;69;11;4;1;3433;475;65;13;1252;644;242;133;4685;1119;307;146
2022.01_13-10-2022;Амурская область;21_45_days;SputnikV;117;13;2;0;30;9;2;1;147;22;4;1;3433;475;65;13;1252;644;242;133;4685;1119;307;146
2022.01_13-10-2022;Амурская область;45_75_days;AllVaccines;252;25;2;0;112;45;15;5;364;70;17;5;3433;475;65;13;1252;644;242;133;4685;1119;307;146
2022.01_13-10-2022;Амурская область;45_75_days;CoviVac;10;2;0;0;2;1;0;0;12;3;0;0;3433;475;65;13;1252;644;242;133;4685;1119;307;146
2022.01_13-10-2022;Амурская область;45_75_days;EpiVacCorona;31;8;1;0;22;16;6;3;53;24;7;3;3433;475;65;13;1252;644;242;133;4685;1119;307;146
2022.01_13-10-2022;Амурская область;45_75_days;SputnikLite;88;8;1;0;51;18;6;2;139;26;7;2;3433;475;65;13;1252;644;242;133;4685;1119;307;146
2022.01_13-10-2022;Амурская область;45_75_days;SputnikV;123;7;0;0;37;10;3;0;160;17;3;0;3433;475;65;13;1252;644;242;133;4685;1119;307;146
2022.01_13-10-2022;Амурская область;75_90_days;AllVaccines;83;5;1;1;19;8;2;1;102;13;3;2;3433;475;65;13;1252;644;242;133;4685;1119;307;146
2022.01_13-10-2022;Амурская область;75_90_days;CoviVac;2;0;0;0;0;0;0;0;2;0;0;0;3433;475;65;13;1252;644;242;133;4685;1119;307;146
2022.01_13-10-2022;Амурская область;75_90_days;EpiVacCorona;4;0;0;0;0;0;0;0;4;0;0;0;3433;475;65;13;1252;644;242;133;4685;1119;307;146
2022.01_13-10-2022;Амурская область;75_90_days;SputnikLite;52;3;0;0;16;5;1;1;68;8;1;1;3433;475;65;13;1252;644;242;133;4685;1119;307;146
2022.01_13-10-2022;Амурская область;75_90_days;SputnikV;25;2;1;1;3;3;1;0;28;5;2;1;3433;475;65;13;1252;644;242;133;4685;1119;307;146
2022.01_13-10-2022;Амурская область;90_105_days;AllVaccines;69;7;0;0;13;2;0;0;82;9;0;0;3433;475;65;13;1252;644;242;133;4685;1119;307;146
2022.01_13-10-2022;Амурская область;90_105_days;CoviVac;2;0;0;0;1;0;0;0;3;0;0;0;3433;475;65;13;1252;644;242;133;4685;1119;307;146
2022.01_13-10-2022;Амурская область;90_105_days;EpiVacCorona;1;0;0;0;0;0;0;0;1;0;0;0;3433;475;65;13;1252;644;242;133;4685;1119;307;146
2022.01_13-10-2022;Амурская область;90_105_days;SputnikLite;36;4;0;0;10;2;0;0;46;6;0;0;3433;475;65;13;1252;644;242;133;4685;1119;307;146
2022.01_13-10-2022;Амурская область;90_105_days;SputnikV;30;3;0;0;2;0;0;0;32;3;0;0;3433;475;65;13;1252;644;242;133;4685;1119;307;146
2022.01_13-10-2022;Архангельская область;105_165_days;AllVaccines;3706;144;7;2;702;99;10;6;4408;243;17;8;18430;944;77;21;5589;1547;381;288;24019;2491;458;309
2022.01_13-10-2022;Архангельская область;105_165_days;CoviVac;33;2;0;0;9;0;0;0;42;2;0;0;18430;944;77;21;5589;1547;381;288;24019;2491;458;309
2022.01_13-10-2022;Архангельская область;105_165_days;EpiVacCorona;125;5;1;0;29;3;0;1;154;8;1;1;18430;944;77;21;5589;1547;381;288;24019;2491;458;309
2022.01_13-10-2022;Архангельская область;105_165_days;SputnikLite;904;49;2;0;167;24;3;1;1071;73;5;1;18430;944;77;21;5589;1547;381;288;24019;2491;458;309
2022.01_13-10-2022;Архангельская область;105_165_days;SputnikV;2644;88;4;2;497;72;7;4;3141;160;11;6;18430;944;77;21;5589;1547;381;288;24019;2491;458;309
2022.01_13-10-2022;Архангельская область;165_195_days;AllVaccines;1640;63;3;0;329;47;5;4;1969;110;8;4;18430;944;77;21;5589;1547;381;288;24019;2491;458;309
2022.01_13-10-2022;Архангельская область;165_195_days;CoviVac;34;2;0;0;1;0;0;0;35;2;0;0;18430;944;77;21;5589;1547;381;288;24019;2491;458;309
2022.01_13-10-2022;Архангельская область;165_195_days;EpiVacCorona;57;4;1;0;2;0;0;0;59;4;1;0;18430;944;77;21;5589;1547;381;288;24019;2491;458;309
2022.01_13-10-2022;Архангельская область;165_195_days;SputnikLite;98;11;1;0;7;1;0;0;105;12;1;0;18430;944;77;21;5589;1547;381;288;24019;2491;458;309
2022.01_13-10-2022;Архангельская область;165_195_days;SputnikV;1451;46;1;0;319;46;5;4;1770;92;6;4;18430;944;77;21;5589;1547;381;288;24019;2491;458;309
2022.01_13-10-2022;Архангельская область;21_45_days;AllVaccines;877;38;1;0;436;86;9;4;1313;124;10;4;18430;944;77;21;5589;1547;381;288;24019;2491;458;309
2022.01_13-10-2022;Архангельская область;21_45_days;CoviVac;39;3;0;0;3;0;0;0;42;3;0;0;18430;944;77;21;5589;1547;381;288;24019;2491;458;309
2022.01_13-10-2022;Архангельская область;21_45_days;EpiVacCorona;70;2;0;0;17;4;0;0;87;6;0;0;18430;944;77;21;5589;1547;381;288;24019;2491;458;309
2022.01_13-10-2022;Архангельская область;21_45_days;SputnikLite;282;9;0;0;162;29;2;0;444;38;2;0;18430;944;77;21;5589;1547;381;288;24019;2491;458;309
2022.01_13-10-2022;Архангельская область;21_45_days;SputnikV;486;24;1;0;254;53;7;4;740;77;8;4;18430;944;77;21;5589;1547;381;288;24019;2491;458;309
2022.01_13-10-2022;Архангельская область;45_75_days;AllVaccines;1083;45;5;0;437;97;14;9;1520;142;19;9;18430;944;77;21;5589;1547;381;288;24019;2491;458;309
2022.01_13-10-2022;Архангельская область;45_75_days;CoviVac;38;2;0;0;7;3;1;1;45;5;1;1;18430;944;77;21;5589;1547;381;288;24019;2491;458;309
2022.01_13-10-2022;Архангельская область;45_75_days;EpiVacCorona;95;9;0;0;35;15;0;0;130;24;0;0;18430;944;77;21;5589;1547;381;288;24019;2491;458;309
2022.01_13-10-2022;Архангельская область;45_75_days;SputnikLite;387;15;2;0;173;36;7;4;560;51;9;4;18430;944;77;21;5589;1547;381;288;24019;2491;458;309
2022.01_13-10-2022;Архангельская область;45_75_days;SputnikV;563;19;3;0;222;43;6;4;785;62;9;4;18430;944;77;21;5589;1547;381;288;24019;2491;458;309
2022.01_13-10-2022;Архангельская область;75_90_days;AllVaccines;675;37;2;1;190;43;8;3;865;80;10;4;18430;944;77;21;5589;1547;381;288;24019;2491;458;309
2022.01_13-10-2022;Архангельская область;75_90_days;CoviVac;7;1;0;0;4;1;0;0;11;2;0;0;18430;944;77;21;5589;1547;381;288;24019;2491;458;309
2022.01_13-10-2022;Архангельская область;75_90_days;EpiVacCorona;6;0;0;0;2;1;1;1;8;1;1;1;18430;944;77;21;5589;1547;381;288;24019;2491;458;309
2022.01_13-10-2022;Архангельская область;75_90_days;SputnikLite;545;31;2;1;134;33;5;1;679;64;7;2;18430;944;77;21;5589;1547;381;288;24019;2491;458;309
2022.01_13-10-2022;Архангельская область;75_90_days;SputnikV;117;5;0;0;50;8;2;1;167;13;2;1;18430;944;77;21;5589;1547;381;288;24019;2491;458;309
2022.01_13-10-2022;Архангельская область;90_105_days;AllVaccines;398;15;1;0;126;23;2;2;524;38;3;2;18430;944;77;21;5589;1547;381;288;24019;2491;458;309
2022.01_13-10-2022;Архангельская область;90_105_days;CoviVac;1;0;0;0;0;0;0;0;1;0;0;0;18430;944;77;21;5589;1547;381;288;24019;2491;458;309
2022.01_13-10-2022;Архангельская область;90_105_days;EpiVacCorona;5;0;0;0;1;0;0;0;6;0;0;0;18430;944;77;21;5589;1547;381;288;24019;2491;458;309
2022.01_13-10-2022;Архангельская область;90_105_days;SputnikLite;285;8;0;0;98;16;2;2;383;24;2;2;18430;944;77;21;5589;1547;381;288;24019;2491;458;309
2022.01_13-10-2022;Архангельская область;90_105_days;SputnikV;107;7;1;0;27;7;0;0;134;14;1;0;18430;944;77;21;5589;1547;381;288;24019;2491;458;309
2022.01_13-10-2022;Астраханская область;105_165_days;AllVaccines;3548;137;7;1;688;68;13;6;4236;205;20;7;18521;1071;103;24;6175;1243;326;181;24696;2314;429;205
2022.01_13-10-2022;Астраханская область;105_165_days;CoviVac;26;0;0;0;12;1;0;0;38;1;0;0;18521;1071;103;24;6175;1243;326;181;24696;2314;429;205
2022.01_13-10-2022;Астраханская область;105_165_days;EpiVacCorona;48;2;0;0;27;3;0;0;75;5;0;0;18521;1071;103;24;6175;1243;326;181;24696;2314;429;205
2022.01_13-10-2022;Астраханская область;105_165_days;SputnikLite;576;29;2;1;137;14;5;1;713;43;7;2;18521;1071;103;24;6175;1243;326;181;24696;2314;429;205
2022.01_13-10-2022;Астраханская область;105_165_days;SputnikV;2898;106;5;0;512;50;8;5;3410;156;13;5;18521;1071;103;24;6175;1243;326;181;24696;2314;429;205
2022.01_13-10-2022;Астраханская область;165_195_days;AllVaccines;3166;114;11;1;514;73;8;4;3680;187;19;5;18521;1071;103;24;6175;1243;326;181;24696;2314;429;205
2022.01_13-10-2022;Астраханская область;165_195_days;CoviVac;17;1;0;0;1;0;0;0;18;1;0;0;18521;1071;103;24;6175;1243;326;181;24696;2314;429;205
2022.01_13-10-2022;Астраханская область;165_195_days;EpiVacCorona;168;3;0;0;33;7;2;2;201;10;2;2;18521;1071;103;24;6175;1243;326;181;24696;2314;429;205
2022.01_13-10-2022;Астраханская область;165_195_days;SputnikLite;10;0;0;0;1;0;0;0;11;0;0;0;18521;1071;103;24;6175;1243;326;181;24696;2314;429;205
2022.01_13-10-2022;Астраханская область;165_195_days;SputnikV;2971;110;11;1;479;66;6;2;3450;176;17;3;18521;1071;103;24;6175;1243;326;181;24696;2314;429;205
2022.01_13-10-2022;Астраханская область;21_45_days;AllVaccines;1248;49;1;0;355;39;9;3;1603;88;10;3;18521;1071;103;24;6175;1243;326;181;24696;2314;429;205
2022.01_13-10-2022;Астраханская область;21_45_days;CoviVac;31;1;0;0;10;1;0;0;41;2;0;0;18521;1071;103;24;6175;1243;326;181;24696;2314;429;205
2022.01_13-10-2022;Астраханская область;21_45_days;EpiVacCorona;98;8;0;0;39;12;2;1;137;20;2;1;18521;1071;103;24;6175;1243;326;181;24696;2314;429;205
2022.01_13-10-2022;Астраханская область;21_45_days;SputnikLite;488;12;1;0;133;10;2;0;621;22;3;0;18521;1071;103;24;6175;1243;326;181;24696;2314;429;205
2022.01_13-10-2022;Астраханская область;21_45_days;SputnikV;631;28;0;0;173;16;5;2;804;44;5;2;18521;1071;103;24;6175;1243;326;181;24696;2314;429;205
2022.01_13-10-2022;Астраханская область;45_75_days;AllVaccines;1661;70;1;0;478;67;11;2;2139;137;12;2;18521;1071;103;24;6175;1243;326;181;24696;2314;429;205
2022.01_13-10-2022;Астраханская область;45_75_days;CoviVac;23;0;0;0;15;2;2;1;38;2;2;1;18521;1071;103;24;6175;1243;326;181;24696;2314;429;205
2022.01_13-10-2022;Астраханская область;45_75_days;EpiVacCorona;97;4;1;0;22;8;2;0;119;12;3;0;18521;1071;103;24;6175;1243;326;181;24696;2314;429;205
2022.01_13-10-2022;Астраханская область;45_75_days;SputnikLite;648;24;0;0;219;34;2;1;867;58;2;1;18521;1071;103;24;6175;1243;326;181;24696;2314;429;205
2022.01_13-10-2022;Астраханская область;45_75_days;SputnikV;893;42;0;0;222;23;5;0;1115;65;5;0;18521;1071;103;24;6175;1243;326;181;24696;2314;429;205
2022.01_13-10-2022;Астраханская область;75_90_days;AllVaccines;644;26;2;0;209;23;3;2;853;49;5;2;18521;1071;103;24;6175;1243;326;181;24696;2314;429;205
2022.01_13-10-2022;Астраханская область;75_90_days;CoviVac;5;0;0;0;5;1;0;0;10;1;0;0;18521;1071;103;24;6175;1243;326;181;24696;2314;429;205
2022.01_13-10-2022;Астраханская область;75_90_days;EpiVacCorona;10;0;0;0;8;2;1;1;18;2;1;1;18521;1071;103;24;6175;1243;326;181;24696;2314;429;205
2022.01_13-10-2022;Астраханская область;75_90_days;SputnikLite;488;18;2;0;152;16;1;0;640;34;3;0;18521;1071;103;24;6175;1243;326;181;24696;2314;429;205
2022.01_13-10-2022;Астраханская область;75_90_days;SputnikV;141;8;0;0;44;4;1;1;185;12;1;1;18521;1071;103;24;6175;1243;326;181;24696;2314;429;205
2022.01_13-10-2022;Астраханская область;90_105_days;AllVaccines;303;9;0;0;96;17;3;3;399;26;3;3;18521;1071;103;24;6175;1243;326;181;24696;2314;429;205
2022.01_13-10-2022;Астраханская область;90_105_days;CoviVac;5;0;0;0;1;0;0;0;6;0;0;0;18521;1071;103;24;6175;1243;326;181;24696;2314;429;205
2022.01_13-10-2022;Астраханская область;90_105_days;EpiVacCorona;3;0;0;0;2;0;0;0;5;0;0;0;18521;1071;103;24;6175;1243;326;181;24696;2314;429;205
2022.01_13-10-2022;Астраханская область;90_105_days;SputnikLite;156;5;0;0;60;14;0;0;216;19;0;0;18521;1071;103;24;6175;1243;326;181;24696;2314;429;205
2022.01_13-10-2022;Астраханская область;90_105_days;SputnikV;139;4;0;0;33;3;3;3;172;7;3;3;18521;1071;103;24;6175;1243;326;181;24696;2314;429;205
2022.01_13-10-2022;Белгородская область;105_165_days;AllVaccines;1948;63;12;2;380;54;14;6;2328;117;26;8;8636;429;53;22;3137;718;178;153;11773;1147;231;175
2022.01_13-10-2022;Белгородская область;105_165_days;CoviVac;64;0;0;0;11;1;0;0;75;1;0;0;8636;429;53;22;3137;718;178;153;11773;1147;231;175
2022.01_13-10-2022;Белгородская область;105_165_days;EpiVacCorona;57;3;0;0;12;0;0;0;69;3;0;0;8636;429;53;22;3137;718;178;153;11773;1147;231;175
2022.01_13-10-2022;Белгородская область;105_165_days;SputnikLite;355;8;3;2;119;10;3;1;474;18;6;3;8636;429;53;22;3137;718;178;153;11773;1147;231;175
2022.01_13-10-2022;Белгородская область;105_165_days;SputnikV;1472;52;9;0;238;43;11;5;1710;95;20;5;8636;429;53;22;3137;718;178;153;11773;1147;231;175
2022.01_13-10-2022;Белгородская область;165_195_days;AllVaccines;2085;87;7;2;301;55;12;7;2386;142;19;9;8636;429;53;22;3137;718;178;153;11773;1147;231;175
2022.01_13-10-2022;Белгородская область;165_195_days;CoviVac;7;0;0;0;0;0;0;0;7;0;0;0;8636;429;53;22;3137;718;178;153;11773;1147;231;175
2022.01_13-10-2022;Белгородская область;165_195_days;EpiVacCorona;196;5;2;2;52;8;1;2;248;13;3;4;8636;429;53;22;3137;718;178;153;11773;1147;231;175
2022.01_13-10-2022;Белгородская область;165_195_days;SputnikLite;16;0;0;0;0;0;0;0;16;0;0;0;8636;429;53;22;3137;718;178;153;11773;1147;231;175
2022.01_13-10-2022;Белгородская область;165_195_days;SputnikV;1866;82;5;0;249;47;11;5;2115;129;16;5;8636;429;53;22;3137;718;178;153;11773;1147;231;175
2022.01_13-10-2022;Белгородская область;21_45_days;AllVaccines;730;36;4;0;241;42;11;6;971;78;15;6;8636;429;53;22;3137;718;178;153;11773;1147;231;175
2022.01_13-10-2022;Белгородская область;21_45_days;CoviVac;9;0;0;0;3;1;1;0;12;1;1;0;8636;429;53;22;3137;718;178;153;11773;1147;231;175
2022.01_13-10-2022;Белгородская область;21_45_days;EpiVacCorona;3;0;0;0;2;1;0;0;5;1;0;0;8636;429;53;22;3137;718;178;153;11773;1147;231;175
2022.01_13-10-2022;Белгородская область;21_45_days;SputnikLite;287;14;2;0;110;18;7;4;397;32;9;4;8636;429;53;22;3137;718;178;153;11773;1147;231;175
2022.01_13-10-2022;Белгородская область;21_45_days;SputnikV;431;22;2;0;126;22;3;2;557;44;5;2;8636;429;53;22;3137;718;178;153;11773;1147;231;175
2022.01_13-10-2022;Белгородская область;45_75_days;AllVaccines;804;30;2;2;362;57;9;8;1166;87;11;10;8636;429;53;22;3137;718;178;153;11773;1147;231;175
2022.01_13-10-2022;Белгородская область;45_75_days;CoviVac;25;1;0;0;7;2;0;0;32;3;0;0;8636;429;53;22;3137;718;178;153;11773;1147;231;175
2022.01_13-10-2022;Белгородская область;45_75_days;EpiVacCorona;12;2;0;0;11;3;1;0;23;5;1;0;8636;429;53;22;3137;718;178;153;11773;1147;231;175
2022.01_13-10-2022;Белгородская область;45_75_days;SputnikLite;372;8;1;1;180;24;4;3;552;32;5;4;8636;429;53;22;3137;718;178;153;11773;1147;231;175
2022.01_13-10-2022;Белгородская область;45_75_days;SputnikV;395;19;1;1;164;28;4;5;559;47;5;6;8636;429;53;22;3137;718;178;153;11773;1147;231;175
2022.01_13-10-2022;Белгородская область;75_90_days;AllVaccines;346;10;2;0;144;26;6;1;490;36;8;1;8636;429;53;22;3137;718;178;153;11773;1147;231;175
2022.01_13-10-2022;Белгородская область;75_90_days;CoviVac;9;0;0;0;3;0;0;0;12;0;0;0;8636;429;53;22;3137;718;178;153;11773;1147;231;175
2022.01_13-10-2022;Белгородская область;75_90_days;EpiVacCorona;3;0;0;0;2;0;0;0;5;0;0;0;8636;429;53;22;3137;718;178;153;11773;1147;231;175
2022.01_13-10-2022;Белгородская область;75_90_days;SputnikLite;260;8;2;0;117;23;5;1;377;31;7;1;8636;429;53;22;3137;718;178;153;11773;1147;231;175
2022.01_13-10-2022;Белгородская область;75_90_days;SputnikV;74;2;0;0;22;3;1;0;96;5;1;0;8636;429;53;22;3137;718;178;153;11773;1147;231;175
2022.01_13-10-2022;Белгородская область;90_105_days;AllVaccines;196;7;1;0;82;11;4;3;278;18;5;3;8636;429;53;22;3137;718;178;153;11773;1147;231;175
2022.01_13-10-2022;Белгородская область;90_105_days;CoviVac;8;0;0;0;1;1;0;0;9;1;0;0;8636;429;53;22;3137;718;178;153;11773;1147;231;175
2022.01_13-10-2022;Белгородская область;90_105_days;EpiVacCorona;3;0;0;0;2;0;0;0;5;0;0;0;8636;429;53;22;3137;718;178;153;11773;1147;231;175
2022.01_13-10-2022;Белгородская область;90_105_days;SputnikLite;103;5;0;0;55;7;3;1;158;12;3;1;8636;429;53;22;3137;718;178;153;11773;1147;231;175
2022.01_13-10-2022;Белгородская область;90_105_days;SputnikV;82;2;1;0;24;3;1;2;106;5;2;2;8636;429;53;22;3137;718;178;153;11773;1147;231;175
2022.01_13-10-2022;Брянская область;105_165_days;AllVaccines;1706;53;3;2;366;52;8;6;2072;105;11;8;9680;522;57;30;3448;1081;239;211;13128;1603;296;241
2022.01_13-10-2022;Брянская область;105_165_days;CoviVac;29;2;0;0;6;0;0;0;35;2;0;0;9680;522;57;30;3448;1081;239;211;13128;1603;296;241
2022.01_13-10-2022;Брянская область;105_165_days;EpiVacCorona;22;1;0;0;13;8;3;2;35;9;3;2;9680;522;57;30;3448;1081;239;211;13128;1603;296;241
2022.01_13-10-2022;Брянская область;105_165_days;SputnikLite;443;10;2;1;99;12;1;0;542;22;3;1;9680;522;57;30;3448;1081;239;211;13128;1603;296;241
2022.01_13-10-2022;Брянская область;105_165_days;SputnikV;1212;40;1;1;248;32;4;4;1460;72;5;5;9680;522;57;30;3448;1081;239;211;13128;1603;296;241
2022.01_13-10-2022;Брянская область;165_195_days;AllVaccines;1441;46;4;2;317;49;5;4;1758;95;9;6;9680;522;57;30;3448;1081;239;211;13128;1603;296;241
2022.01_13-10-2022;Брянская область;165_195_days;CoviVac;19;1;0;0;4;1;0;0;23;2;0;0;9680;522;57;30;3448;1081;239;211;13128;1603;296;241
2022.01_13-10-2022;Брянская область;165_195_days;EpiVacCorona;1;0;0;0;0;0;0;0;1;0;0;0;9680;522;57;30;3448;1081;239;211;13128;1603;296;241
2022.01_13-10-2022;Брянская область;165_195_days;SputnikV;1421;45;4;2;313;48;5;4;1734;93;9;6;9680;522;57;30;3448;1081;239;211;13128;1603;296;241
2022.01_13-10-2022;Брянская область;21_45_days;AllVaccines;490;23;2;1;211;31;5;4;701;54;7;5;9680;522;57;30;3448;1081;239;211;13128;1603;296;241
2022.01_13-10-2022;Брянская область;21_45_days;CoviVac;25;1;0;0;8;1;0;0;33;2;0;0;9680;522;57;30;3448;1081;239;211;13128;1603;296;241
2022.01_13-10-2022;Брянская область;21_45_days;EpiVacCorona;53;6;1;0;17;5;1;1;70;11;2;1;9680;522;57;30;3448;1081;239;211;13128;1603;296;241
2022.01_13-10-2022;Брянская область;21_45_days;SputnikLite;118;5;1;1;77;6;0;0;195;11;1;1;9680;522;57;30;3448;1081;239;211;13128;1603;296;241
2022.01_13-10-2022;Брянская область;21_45_days;SputnikV;294;11;0;0;109;19;4;3;403;30;4;3;9680;522;57;30;3448;1081;239;211;13128;1603;296;241
2022.01_13-10-2022;Брянская область;45_75_days;AllVaccines;595;18;3;1;267;45;5;5;862;63;8;6;9680;522;57;30;3448;1081;239;211;13128;1603;296;241
2022.01_13-10-2022;Брянская область;45_75_days;CoviVac;32;1;0;0;12;0;0;0;44;1;0;0;9680;522;57;30;3448;1081;239;211;13128;1603;296;241
2022.01_13-10-2022;Брянская область;45_75_days;EpiVacCorona;67;4;1;0;23;8;2;2;90;12;3;2;9680;522;57;30;3448;1081;239;211;13128;1603;296;241
2022.01_13-10-2022;Брянская область;45_75_days;SputnikLite;174;4;1;0;96;15;0;0;270;19;1;0;9680;522;57;30;3448;1081;239;211;13128;1603;296;241
2022.01_13-10-2022;Брянская область;45_75_days;SputnikV;322;9;1;1;136;22;3;3;458;31;4;4;9680;522;57;30;3448;1081;239;211;13128;1603;296;241
2022.01_13-10-2022;Брянская область;75_90_days;AllVaccines;308;15;1;0;106;20;1;2;414;35;2;2;9680;522;57;30;3448;1081;239;211;13128;1603;296;241
2022.01_13-10-2022;Брянская область;75_90_days;CoviVac;3;1;0;0;1;1;0;0;4;2;0;0;9680;522;57;30;3448;1081;239;211;13128;1603;296;241
2022.01_13-10-2022;Брянская область;75_90_days;EpiVacCorona;1;0;0;0;0;0;0;0;1;0;0;0;9680;522;57;30;3448;1081;239;211;13128;1603;296;241
2022.01_13-10-2022;Брянская область;75_90_days;SputnikLite;159;5;0;0;74;16;1;2;233;21;1;2;9680;522;57;30;3448;1081;239;211;13128;1603;296;241
2022.01_13-10-2022;Брянская область;75_90_days;SputnikV;145;9;1;0;31;3;0;0;176;12;1;0;9680;522;57;30;3448;1081;239;211;13128;1603;296;241
2022.01_13-10-2022;Брянская область;90_105_days;AllVaccines;246;11;1;1;76;12;3;2;322;23;4;3;9680;522;57;30;3448;1081;239;211;13128;1603;296;241
2022.01_13-10-2022;Брянская область;90_105_days;CoviVac;6;0;0;0;1;0;0;0;7;0;0;0;9680;522;57;30;3448;1081;239;211;13128;1603;296;241
2022.01_13-10-2022;Брянская область;90_105_days;EpiVacCorona;1;0;0;0;0;0;0;0;1;0;0;0;9680;522;57;30;3448;1081;239;211;13128;1603;296;241
2022.01_13-10-2022;Брянская область;90_105_days;SputnikLite;147;10;1;1;61;8;2;2;208;18;3;3;9680;522;57;30;3448;1081;239;211;13128;1603;296;241
2022.01_13-10-2022;Брянская область;90_105_days;SputnikV;92;1;0;0;14;4;1;0;106;5;1;0;9680;522;57;30;3448;1081;239;211;13128;1603;296;241
2022.01_13-10-2022;Владимирская область;105_165_days;AllVaccines;4036;79;12;3;886;79;15;4;4922;158;27;7;21511;741;85;20;7494;1582;458;290;29005;2323;543;310
2022.01_13-10-2022;Владимирская область;105_165_days;CoviVac;80;1;0;0;13;2;0;0;93;3;0;0;21511;741;85;20;7494;1582;458;290;29005;2323;543;310
2022.01_13-10-2022;Владимирская область;105_165_days;EpiVacCorona;95;4;2;1;29;3;1;0;124;7;3;1;21511;741;85;20;7494;1582;458;290;29005;2323;543;310
2022.01_13-10-2022;Владимирская область;105_165_days;SputnikLite;1557;32;7;2;355;37;5;0;1912;69;12;2;21511;741;85;20;7494;1582;458;290;29005;2323;543;310
2022.01_13-10-2022;Владимирская область;105_165_days;SputnikV;2304;42;3;0;489;37;9;4;2793;79;12;4;21511;741;85;20;7494;1582;458;290;29005;2323;543;310
2022.01_13-10-2022;Владимирская область;165_195_days;AllVaccines;1745;37;4;0;368;40;8;2;2113;77;12;2;21511;741;85;20;7494;1582;458;290;29005;2323;543;310
2022.01_13-10-2022;Владимирская область;165_195_days;CoviVac;46;1;0;0;17;3;1;0;63;4;1;0;21511;741;85;20;7494;1582;458;290;29005;2323;543;310
2022.01_13-10-2022;Владимирская область;165_195_days;EpiVacCorona;14;0;0;0;6;1;0;0;20;1;0;0;21511;741;85;20;7494;1582;458;290;29005;2323;543;310
2022.01_13-10-2022;Владимирская область;165_195_days;SputnikLite;21;1;0;0;3;0;0;0;24;1;0;0;21511;741;85;20;7494;1582;458;290;29005;2323;543;310
2022.01_13-10-2022;Владимирская область;165_195_days;SputnikV;1664;35;4;0;342;36;7;2;2006;71;11;2;21511;741;85;20;7494;1582;458;290;29005;2323;543;310
2022.01_13-10-2022;Владимирская область;21_45_days;AllVaccines;1193;40;3;0;475;81;14;8;1668;121;17;8;21511;741;85;20;7494;1582;458;290;29005;2323;543;310
2022.01_13-10-2022;Владимирская область;21_45_days;CoviVac;33;1;0;0;10;1;0;0;43;2;0;0;21511;741;85;20;7494;1582;458;290;29005;2323;543;310
2022.01_13-10-2022;Владимирская область;21_45_days;EpiVacCorona;114;10;0;0;63;15;6;4;177;25;6;4;21511;741;85;20;7494;1582;458;290;29005;2323;543;310
2022.01_13-10-2022;Владимирская область;21_45_days;SputnikLite;318;11;1;0;184;32;5;1;502;43;6;1;21511;741;85;20;7494;1582;458;290;29005;2323;543;310
2022.01_13-10-2022;Владимирская область;21_45_days;SputnikV;728;18;2;0;218;33;3;3;946;51;5;3;21511;741;85;20;7494;1582;458;290;29005;2323;543;310
2022.01_13-10-2022;Владимирская область;45_75_days;AllVaccines;1728;38;6;2;648;84;9;8;2376;122;15;10;21511;741;85;20;7494;1582;458;290;29005;2323;543;310
2022.01_13-10-2022;Владимирская область;45_75_days;CoviVac;76;0;0;0;16;5;0;0;92;5;0;0;21511;741;85;20;7494;1582;458;290;29005;2323;543;310
2022.01_13-10-2022;Владимирская область;45_75_days;EpiVacCorona;97;4;0;0;35;6;1;2;132;10;1;2;21511;741;85;20;7494;1582;458;290;29005;2323;543;310
2022.01_13-10-2022;Владимирская область;45_75_days;SputnikLite;816;20;5;1;322;40;4;3;1138;60;9;4;21511;741;85;20;7494;1582;458;290;29005;2323;543;310
2022.01_13-10-2022;Владимирская область;45_75_days;SputnikV;739;14;1;1;275;33;4;3;1014;47;5;4;21511;741;85;20;7494;1582;458;290;29005;2323;543;310
2022.01_13-10-2022;Владимирская область;75_90_days;AllVaccines;502;19;2;0;227;26;2;2;729;45;4;2;21511;741;85;20;7494;1582;458;290;29005;2323;543;310
2022.01_13-10-2022;Владимирская область;75_90_days;CoviVac;1;0;0;0;1;0;0;0;2;0;0;0;21511;741;85;20;7494;1582;458;290;29005;2323;543;310
2022.01_13-10-2022;Владимирская область;75_90_days;EpiVacCorona;10;0;0;0;4;0;0;0;14;0;0;0;21511;741;85;20;7494;1582;458;290;29005;2323;543;310
2022.01_13-10-2022;Владимирская область;75_90_days;SputnikLite;365;9;1;0;170;16;1;1;535;25;2;1;21511;741;85;20;7494;1582;458;290;29005;2323;543;310
2022.01_13-10-2022;Владимирская область;75_90_days;SputnikV;126;10;1;0;52;10;1;1;178;20;2;1;21511;741;85;20;7494;1582;458;290;29005;2323;543;310
2022.01_13-10-2022;Владимирская область;90_105_days;AllVaccines;316;9;2;0;136;15;0;0;452;24;2;0;21511;741;85;20;7494;1582;458;290;29005;2323;543;310
2022.01_13-10-2022;Владимирская область;90_105_days;CoviVac;0;0;0;0;1;0;0;0;1;0;0;0;21511;741;85;20;7494;1582;458;290;29005;2323;543;310
2022.01_13-10-2022;Владимирская область;90_105_days;EpiVacCorona;4;0;0;0;1;0;0;0;5;0;0;0;21511;741;85;20;7494;1582;458;290;29005;2323;543;310
2022.01_13-10-2022;Владимирская область;90_105_days;SputnikLite;173;6;1;0;91;12;0;0;264;18;1;0;21511;741;85;20;7494;1582;458;290;29005;2323;543;310
2022.01_13-10-2022;Владимирская область;90_105_days;SputnikV;139;3;1;0;43;3;0;0;182;6;1;0;21511;741;85;20;7494;1582;458;290;29005;2323;543;310
2022.01_13-10-2022;Волгоградская область;105_165_days;AllVaccines;7346;274;22;2;1146;176;44;13;8492;450;66;15;26898;1502;193;42;7399;2064;669;288;34297;3566;862;330
2022.01_13-10-2022;Волгоградская область;105_165_days;CoviVac;247;9;1;0;19;2;0;0;266;11;1;0;26898;1502;193;42;7399;2064;669;288;34297;3566;862;330
2022.01_13-10-2022;Волгоградская область;105_165_days;EpiVacCorona;171;8;0;0;40;9;4;0;211;17;4;0;26898;1502;193;42;7399;2064;669;288;34297;3566;862;330
2022.01_13-10-2022;Волгоградская область;105_165_days;SputnikLite;1992;70;10;1;409;67;19;8;2401;137;29;9;26898;1502;193;42;7399;2064;669;288;34297;3566;862;330
2022.01_13-10-2022;Волгоградская область;105_165_days;SputnikV;4936;187;11;1;678;98;21;5;5614;285;32;6;26898;1502;193;42;7399;2064;669;288;34297;3566;862;330
2022.01_13-10-2022;Волгоградская область;165_195_days;AllVaccines;4716;178;14;2;677;116;26;9;5393;294;40;11;26898;1502;193;42;7399;2064;669;288;34297;3566;862;330
2022.01_13-10-2022;Волгоградская область;165_195_days;CoviVac;325;14;1;0;30;0;0;0;355;14;1;0;26898;1502;193;42;7399;2064;669;288;34297;3566;862;330
2022.01_13-10-2022;Волгоградская область;165_195_days;EpiVacCorona;112;10;1;0;26;12;5;4;138;22;6;4;26898;1502;193;42;7399;2064;669;288;34297;3566;862;330
2022.01_13-10-2022;Волгоградская область;165_195_days;SputnikLite;45;0;0;0;4;0;0;0;49;0;0;0;26898;1502;193;42;7399;2064;669;288;34297;3566;862;330
2022.01_13-10-2022;Волгоградская область;165_195_days;SputnikV;4234;154;12;2;617;104;21;5;4851;258;33;7;26898;1502;193;42;7399;2064;669;288;34297;3566;862;330
2022.01_13-10-2022;Волгоградская область;21_45_days;AllVaccines;1829;88;10;0;598;133;32;14;2427;221;42;14;26898;1502;193;42;7399;2064;669;288;34297;3566;862;330
2022.01_13-10-2022;Волгоградская область;21_45_days;CoviVac;34;0;0;0;4;1;0;0;38;1;0;0;26898;1502;193;42;7399;2064;669;288;34297;3566;862;330
2022.01_13-10-2022;Волгоградская область;21_45_days;EpiVacCorona;27;1;0;0;4;1;0;0;31;2;0;0;26898;1502;193;42;7399;2064;669;288;34297;3566;862;330
2022.01_13-10-2022;Волгоградская область;21_45_days;SputnikLite;700;28;1;0;237;49;17;9;937;77;18;9;26898;1502;193;42;7399;2064;669;288;34297;3566;862;330
2022.01_13-10-2022;Волгоградская область;21_45_days;SputnikV;1068;59;9;0;353;82;15;5;1421;141;24;5;26898;1502;193;42;7399;2064;669;288;34297;3566;862;330
2022.01_13-10-2022;Волгоградская область;45_75_days;AllVaccines;2230;110;21;4;712;157;36;13;2942;267;57;17;26898;1502;193;42;7399;2064;669;288;34297;3566;862;330
2022.01_13-10-2022;Волгоградская область;45_75_days;CoviVac;23;1;0;0;3;2;1;0;26;3;1;0;26898;1502;193;42;7399;2064;669;288;34297;3566;862;330
2022.01_13-10-2022;Волгоградская область;45_75_days;EpiVacCorona;59;10;2;1;13;3;1;1;72;13;3;2;26898;1502;193;42;7399;2064;669;288;34297;3566;862;330
2022.01_13-10-2022;Волгоградская область;45_75_days;SputnikLite;596;21;2;0;220;39;10;3;816;60;12;3;26898;1502;193;42;7399;2064;669;288;34297;3566;862;330
2022.01_13-10-2022;Волгоградская область;45_75_days;SputnikV;1552;78;17;3;476;113;24;9;2028;191;41;12;26898;1502;193;42;7399;2064;669;288;34297;3566;862;330
2022.01_13-10-2022;Волгоградская область;75_90_days;AllVaccines;670;29;5;1;240;52;12;3;910;81;17;4;26898;1502;193;42;7399;2064;669;288;34297;3566;862;330
2022.01_13-10-2022;Волгоградская область;75_90_days;CoviVac;6;1;0;0;3;0;0;0;9;1;0;0;26898;1502;193;42;7399;2064;669;288;34297;3566;862;330
2022.01_13-10-2022;Волгоградская область;75_90_days;EpiVacCorona;14;0;0;0;3;1;0;0;17;1;0;0;26898;1502;193;42;7399;2064;669;288;34297;3566;862;330
2022.01_13-10-2022;Волгоградская область;75_90_days;SputnikLite;446;20;3;0;164;40;9;1;610;60;12;1;26898;1502;193;42;7399;2064;669;288;34297;3566;862;330
2022.01_13-10-2022;Волгоградская область;75_90_days;SputnikV;204;8;2;1;70;11;3;2;274;19;5;3;26898;1502;193;42;7399;2064;669;288;34297;3566;862;330
2022.01_13-10-2022;Волгоградская область;90_105_days;AllVaccines;488;22;1;0;195;40;11;5;683;62;12;5;26898;1502;193;42;7399;2064;669;288;34297;3566;862;330
2022.01_13-10-2022;Волгоградская область;90_105_days;CoviVac;17;1;0;0;2;0;0;0;19;1;0;0;26898;1502;193;42;7399;2064;669;288;34297;3566;862;330
2022.01_13-10-2022;Волгоградская область;90_105_days;EpiVacCorona;3;0;0;0;2;0;0;0;5;0;0;0;26898;1502;193;42;7399;2064;669;288;34297;3566;862;330
2022.01_13-10-2022;Волгоградская область;90_105_days;SputnikLite;280;11;1;0;128;25;8;5;408;36;9;5;26898;1502;193;42;7399;2064;669;288;34297;3566;862;330
2022.01_13-10-2022;Волгоградская область;90_105_days;SputnikV;188;10;0;0;63;15;3;0;251;25;3;0;26898;1502;193;42;7399;2064;669;288;34297;3566;862;330
2022.01_13-10-2022;Вологодская область;105_165_days;AllVaccines;2274;76;10;1;372;68;9;4;2646;144;19;5;14872;721;84;29;4233;1104;343;202;19105;1825;427;231
2022.01_13-10-2022;Вологодская область;105_165_days;CoviVac;30;0;0;0;4;0;0;0;34;0;0;0;14872;721;84;29;4233;1104;343;202;19105;1825;427;231
2022.01_13-10-2022;Вологодская область;105_165_days;EpiVacCorona;12;1;0;0;6;2;0;0;18;3;0;0;14872;721;84;29;4233;1104;343;202;19105;1825;427;231
2022.01_13-10-2022;Вологодская область;105_165_days;SputnikLite;1122;40;6;1;139;24;2;0;1261;64;8;1;14872;721;84;29;4233;1104;343;202;19105;1825;427;231
2022.01_13-10-2022;Вологодская область;105_165_days;SputnikV;1110;35;4;0;223;42;7;4;1333;77;11;4;14872;721;84;29;4233;1104;343;202;19105;1825;427;231
2022.01_13-10-2022;Вологодская область;165_195_days;AllVaccines;1160;37;4;1;216;30;2;2;1376;67;6;3;14872;721;84;29;4233;1104;343;202;19105;1825;427;231
2022.01_13-10-2022;Вологодская область;165_195_days;CoviVac;4;0;0;0;3;0;0;0;7;0;0;0;14872;721;84;29;4233;1104;343;202;19105;1825;427;231
2022.01_13-10-2022;Вологодская область;165_195_days;SputnikLite;66;3;0;0;2;0;0;0;68;3;0;0;14872;721;84;29;4233;1104;343;202;19105;1825;427;231
2022.01_13-10-2022;Вологодская область;165_195_days;SputnikV;1090;34;4;1;211;30;2;2;1301;64;6;3;14872;721;84;29;4233;1104;343;202;19105;1825;427;231
2022.01_13-10-2022;Вологодская область;21_45_days;AllVaccines;1001;36;1;1;301;63;9;4;1302;99;10;5;14872;721;84;29;4233;1104;343;202;19105;1825;427;231
2022.01_13-10-2022;Вологодская область;21_45_days;CoviVac;42;0;0;0;9;1;0;0;51;1;0;0;14872;721;84;29;4233;1104;343;202;19105;1825;427;231
2022.01_13-10-2022;Вологодская область;21_45_days;EpiVacCorona;71;3;0;0;13;3;1;0;84;6;1;0;14872;721;84;29;4233;1104;343;202;19105;1825;427;231
2022.01_13-10-2022;Вологодская область;21_45_days;SputnikLite;181;8;0;0;109;19;4;1;290;27;4;1;14872;721;84;29;4233;1104;343;202;19105;1825;427;231
2022.01_13-10-2022;Вологодская область;21_45_days;SputnikV;707;25;1;1;170;40;4;3;877;65;5;4;14872;721;84;29;4233;1104;343;202;19105;1825;427;231
2022.01_13-10-2022;Вологодская область;45_75_days;AllVaccines;853;40;2;0;329;66;16;10;1182;106;18;10;14872;721;84;29;4233;1104;343;202;19105;1825;427;231
2022.01_13-10-2022;Вологодская область;45_75_days;CoviVac;63;3;0;0;9;3;0;0;72;6;0;0;14872;721;84;29;4233;1104;343;202;19105;1825;427;231
2022.01_13-10-2022;Вологодская область;45_75_days;EpiVacCorona;45;6;0;0;24;5;4;3;69;11;4;3;14872;721;84;29;4233;1104;343;202;19105;1825;427;231
2022.01_13-10-2022;Вологодская область;45_75_days;SputnikLite;241;9;1;0;85;10;1;1;326;19;2;1;14872;721;84;29;4233;1104;343;202;19105;1825;427;231
2022.01_13-10-2022;Вологодская область;45_75_days;SputnikV;504;22;1;0;211;48;11;6;715;70;12;6;14872;721;84;29;4233;1104;343;202;19105;1825;427;231
2022.01_13-10-2022;Вологодская область;75_90_days;AllVaccines;498;20;1;0;144;19;4;4;642;39;5;4;14872;721;84;29;4233;1104;343;202;19105;1825;427;231
2022.01_13-10-2022;Вологодская область;75_90_days;CoviVac;1;0;0;0;0;0;0;0;1;0;0;0;14872;721;84;29;4233;1104;343;202;19105;1825;427;231
2022.01_13-10-2022;Вологодская область;75_90_days;EpiVacCorona;4;0;0;0;1;0;0;0;5;0;0;0;14872;721;84;29;4233;1104;343;202;19105;1825;427;231
2022.01_13-10-2022;Вологодская область;75_90_days;SputnikLite;414;18;1;0;98;14;2;2;512;32;3;2;14872;721;84;29;4233;1104;343;202;19105;1825;427;231
2022.01_13-10-2022;Вологодская область;75_90_days;SputnikV;79;2;0;0;45;5;2;2;124;7;2;2;14872;721;84;29;4233;1104;343;202;19105;1825;427;231
2022.01_13-10-2022;Вологодская область;90_105_days;AllVaccines;439;13;0;0;95;13;2;1;534;26;2;1;14872;721;84;29;4233;1104;343;202;19105;1825;427;231
2022.01_13-10-2022;Вологодская область;90_105_days;SputnikLite;400;13;0;0;75;12;1;1;475;25;1;1;14872;721;84;29;4233;1104;343;202;19105;1825;427;231
2022.01_13-10-2022;Вологодская область;90_105_days;SputnikV;39;0;0;0;20;1;1;0;59;1;1;0;14872;721;84;29;4233;1104;343;202;19105;1825;427;231
2022.01_13-10-2022;Воронежская область;105_165_days;AllVaccines;4768;137;14;3;1117;171;23;14;5885;308;37;17;25866;1205;121;45;8134;1916;393;284;34000;3121;514;329
2022.01_13-10-2022;Воронежская область;105_165_days;CoviVac;144;3;0;0;32;6;2;0;176;9;2;0;25866;1205;121;45;8134;1916;393;284;34000;3121;514;329
2022.01_13-10-2022;Воронежская область;105_165_days;EpiVacCorona;139;3;1;0;43;5;3;3;182;8;4;3;25866;1205;121;45;8134;1916;393;284;34000;3121;514;329
2022.01_13-10-2022;Воронежская область;105_165_days;SputnikLite;1320;41;3;0;429;64;6;2;1749;105;9;2;25866;1205;121;45;8134;1916;393;284;34000;3121;514;329
2022.01_13-10-2022;Воронежская область;105_165_days;SputnikV;3165;90;10;3;613;96;12;9;3778;186;22;12;25866;1205;121;45;8134;1916;393;284;34000;3121;514;329
2022.01_13-10-2022;Воронежская область;165_195_days;AllVaccines;2939;72;7;2;497;73;5;3;3436;145;12;5;25866;1205;121;45;8134;1916;393;284;34000;3121;514;329
2022.01_13-10-2022;Воронежская область;165_195_days;CoviVac;90;6;0;0;18;3;0;0;108;9;0;0;25866;1205;121;45;8134;1916;393;284;34000;3121;514;329
2022.01_13-10-2022;Воронежская область;165_195_days;EpiVacCorona;41;1;0;0;12;5;1;1;53;6;1;1;25866;1205;121;45;8134;1916;393;284;34000;3121;514;329
2022.01_13-10-2022;Воронежская область;165_195_days;SputnikLite;28;0;0;0;6;2;0;0;34;2;0;0;25866;1205;121;45;8134;1916;393;284;34000;3121;514;329
2022.01_13-10-2022;Воронежская область;165_195_days;SputnikV;2780;65;7;2;461;63;4;2;3241;128;11;4;25866;1205;121;45;8134;1916;393;284;34000;3121;514;329
2022.01_13-10-2022;Воронежская область;21_45_days;AllVaccines;1695;52;7;3;537;83;16;5;2232;135;23;8;25866;1205;121;45;8134;1916;393;284;34000;3121;514;329
2022.01_13-10-2022;Воронежская область;21_45_days;CoviVac;15;0;0;0;3;0;0;0;18;0;0;0;25866;1205;121;45;8134;1916;393;284;34000;3121;514;329
2022.01_13-10-2022;Воронежская область;21_45_days;EpiVacCorona;96;2;0;0;32;10;2;1;128;12;2;1;25866;1205;121;45;8134;1916;393;284;34000;3121;514;329
2022.01_13-10-2022;Воронежская область;21_45_days;SputnikLite;420;10;2;1;179;24;4;0;599;34;6;1;25866;1205;121;45;8134;1916;393;284;34000;3121;514;329
2022.01_13-10-2022;Воронежская область;21_45_days;SputnikV;1164;40;5;2;323;49;10;4;1487;89;15;6;25866;1205;121;45;8134;1916;393;284;34000;3121;514;329
2022.01_13-10-2022;Воронежская область;45_75_days;AllVaccines;3307;111;6;4;890;124;11;8;4197;235;17;12;25866;1205;121;45;8134;1916;393;284;34000;3121;514;329
2022.01_13-10-2022;Воронежская область;45_75_days;CoviVac;49;1;0;0;13;2;1;1;62;3;1;1;25866;1205;121;45;8134;1916;393;284;34000;3121;514;329
2022.01_13-10-2022;Воронежская область;45_75_days;EpiVacCorona;130;8;1;1;48;12;1;1;178;20;2;2;25866;1205;121;45;8134;1916;393;284;34000;3121;514;329
2022.01_13-10-2022;Воронежская область;45_75_days;SputnikLite;556;13;1;0;294;25;1;1;850;38;2;1;25866;1205;121;45;8134;1916;393;284;34000;3121;514;329
2022.01_13-10-2022;Воронежская область;45_75_days;SputnikV;2572;89;4;3;535;85;8;5;3107;174;12;8;25866;1205;121;45;8134;1916;393;284;34000;3121;514;329
2022.01_13-10-2022;Воронежская область;75_90_days;AllVaccines;1109;44;4;1;341;50;6;4;1450;94;10;5;25866;1205;121;45;8134;1916;393;284;34000;3121;514;329
2022.01_13-10-2022;Воронежская область;75_90_days;CoviVac;23;1;0;0;5;1;1;1;28;2;1;1;25866;1205;121;45;8134;1916;393;284;34000;3121;514;329
2022.01_13-10-2022;Воронежская область;75_90_days;EpiVacCorona;20;0;0;0;7;1;0;0;27;1;0;0;25866;1205;121;45;8134;1916;393;284;34000;3121;514;329
2022.01_13-10-2022;Воронежская область;75_90_days;SputnikLite;743;34;3;1;241;32;4;2;984;66;7;3;25866;1205;121;45;8134;1916;393;284;34000;3121;514;329
2022.01_13-10-2022;Воронежская область;75_90_days;SputnikV;323;9;1;0;88;16;1;1;411;25;2;1;25866;1205;121;45;8134;1916;393;284;34000;3121;514;329
2022.01_13-10-2022;Воронежская область;90_105_days;AllVaccines;850;20;2;0;273;44;9;6;1123;64;11;6;25866;1205;121;45;8134;1916;393;284;34000;3121;514;329
2022.01_13-10-2022;Воронежская область;90_105_days;CoviVac;26;1;0;0;2;0;0;0;28;1;0;0;25866;1205;121;45;8134;1916;393;284;34000;3121;514;329
2022.01_13-10-2022;Воронежская область;90_105_days;EpiVacCorona;8;0;0;0;2;0;0;0;10;0;0;0;25866;1205;121;45;8134;1916;393;284;34000;3121;514;329
2022.01_13-10-2022;Воронежская область;90_105_days;SputnikLite;595;14;2;0;202;28;6;3;797;42;8;3;25866;1205;121;45;8134;1916;393;284;34000;3121;514;329
2022.01_13-10-2022;Воронежская область;90_105_days;SputnikV;221;5;0;0;67;16;3;3;288;21;3;3;25866;1205;121;45;8134;1916;393;284;34000;3121;514;329
2022.01_13-10-2022;Еврейская автономная область;105_165_days;AllVaccines;56;22;0;0;7;3;0;0;63;25;0;0;364;67;5;4;251;157;36;44;615;224;41;48
2022.01_13-10-2022;Еврейская автономная область;105_165_days;EpiVacCorona;5;2;0;0;1;1;0;0;6;3;0;0;364;67;5;4;251;157;36;44;615;224;41;48
2022.01_13-10-2022;Еврейская автономная область;105_165_days;SputnikV;51;20;0;0;6;2;0;0;57;22;0;0;364;67;5;4;251;157;36;44;615;224;41;48
2022.01_13-10-2022;Еврейская автономная область;165_195_days;AllVaccines;46;6;1;0;22;13;2;3;68;19;3;3;364;67;5;4;251;157;36;44;615;224;41;48
2022.01_13-10-2022;Еврейская автономная область;165_195_days;CoviVac;4;0;0;0;0;0;0;0;4;0;0;0;364;67;5;4;251;157;36;44;615;224;41;48
2022.01_13-10-2022;Еврейская автономная область;165_195_days;EpiVacCorona;14;0;0;0;12;7;2;3;26;7;2;3;364;67;5;4;251;157;36;44;615;224;41;48
2022.01_13-10-2022;Еврейская автономная область;165_195_days;SputnikV;28;6;1;0;10;6;0;0;38;12;1;0;364;67;5;4;251;157;36;44;615;224;41;48
2022.01_13-10-2022;Еврейская автономная область;21_45_days;AllVaccines;35;7;0;0;6;3;0;0;41;10;0;0;364;67;5;4;251;157;36;44;615;224;41;48
2022.01_13-10-2022;Еврейская автономная область;21_45_days;CoviVac;1;0;0;0;0;0;0;0;1;0;0;0;364;67;5;4;251;157;36;44;615;224;41;48
2022.01_13-10-2022;Еврейская автономная область;21_45_days;EpiVacCorona;2;0;0;0;0;0;0;0;2;0;0;0;364;67;5;4;251;157;36;44;615;224;41;48
2022.01_13-10-2022;Еврейская автономная область;21_45_days;SputnikLite;10;3;0;0;2;2;0;0;12;5;0;0;364;67;5;4;251;157;36;44;615;224;41;48
2022.01_13-10-2022;Еврейская автономная область;21_45_days;SputnikV;22;4;0;0;4;1;0;0;26;5;0;0;364;67;5;4;251;157;36;44;615;224;41;48
2022.01_13-10-2022;Еврейская автономная область;45_75_days;AllVaccines;25;7;0;0;11;6;1;0;36;13;1;0;364;67;5;4;251;157;36;44;615;224;41;48
2022.01_13-10-2022;Еврейская автономная область;45_75_days;EpiVacCorona;5;1;0;0;2;1;0;0;7;2;0;0;364;67;5;4;251;157;36;44;615;224;41;48
2022.01_13-10-2022;Еврейская автономная область;45_75_days;SputnikLite;10;1;0;0;5;2;0;0;15;3;0;0;364;67;5;4;251;157;36;44;615;224;41;48
2022.01_13-10-2022;Еврейская автономная область;45_75_days;SputnikV;10;5;0;0;4;3;1;0;14;8;1;0;364;67;5;4;251;157;36;44;615;224;41;48
2022.01_13-10-2022;Еврейская автономная область;75_90_days;AllVaccines;2;0;0;0;2;0;0;0;4;0;0;0;364;67;5;4;251;157;36;44;615;224;41;48
2022.01_13-10-2022;Еврейская автономная область;75_90_days;SputnikLite;2;0;0;0;1;0;0;0;3;0;0;0;364;67;5;4;251;157;36;44;615;224;41;48
2022.01_13-10-2022;Еврейская автономная область;75_90_days;SputnikV;0;0;0;0;1;0;0;0;1;0;0;0;364;67;5;4;251;157;36;44;615;224;41;48
2022.01_13-10-2022;Еврейская автономная область;90_105_days;AllVaccines;0;0;0;0;4;3;0;0;4;3;0;0;364;67;5;4;251;157;36;44;615;224;41;48
2022.01_13-10-2022;Еврейская автономная область;90_105_days;SputnikLite;0;0;0;0;2;1;0;0;2;1;0;0;364;67;5;4;251;157;36;44;615;224;41;48
2022.01_13-10-2022;Еврейская автономная область;90_105_days;SputnikV;0;0;0;0;2;2;0;0;2;2;0;0;364;67;5;4;251;157;36;44;615;224;41;48
2022.01_13-10-2022;Забайкальский край;105_165_days;AllVaccines;1074;146;8;2;172;59;7;4;1246;205;15;6;5181;814;57;15;1471;720;183;107;6652;1534;240;122
2022.01_13-10-2022;Забайкальский край;105_165_days;CoviVac;10;1;0;0;1;0;0;0;11;1;0;0;5181;814;57;15;1471;720;183;107;6652;1534;240;122
2022.01_13-10-2022;Забайкальский край;105_165_days;EpiVacCorona;17;2;0;0;4;2;0;0;21;4;0;0;5181;814;57;15;1471;720;183;107;6652;1534;240;122
2022.01_13-10-2022;Забайкальский край;105_165_days;SputnikLite;376;53;3;1;62;20;1;0;438;73;4;1;5181;814;57;15;1471;720;183;107;6652;1534;240;122
2022.01_13-10-2022;Забайкальский край;105_165_days;SputnikV;671;90;5;1;105;37;6;4;776;127;11;5;5181;814;57;15;1471;720;183;107;6652;1534;240;122
2022.01_13-10-2022;Забайкальский край;165_195_days;AllVaccines;614;83;3;0;93;31;3;2;707;114;6;2;5181;814;57;15;1471;720;183;107;6652;1534;240;122
2022.01_13-10-2022;Забайкальский край;165_195_days;CoviVac;23;2;0;0;1;0;0;0;24;2;0;0;5181;814;57;15;1471;720;183;107;6652;1534;240;122
2022.01_13-10-2022;Забайкальский край;165_195_days;EpiVacCorona;3;2;0;0;4;1;0;0;7;3;0;0;5181;814;57;15;1471;720;183;107;6652;1534;240;122
2022.01_13-10-2022;Забайкальский край;165_195_days;SputnikLite;31;6;0;0;1;1;0;0;32;7;0;0;5181;814;57;15;1471;720;183;107;6652;1534;240;122
2022.01_13-10-2022;Забайкальский край;165_195_days;SputnikV;557;73;3;0;87;29;3;2;644;102;6;2;5181;814;57;15;1471;720;183;107;6652;1534;240;122
2022.01_13-10-2022;Забайкальский край;21_45_days;AllVaccines;427;51;1;0;111;39;8;5;538;90;9;5;5181;814;57;15;1471;720;183;107;6652;1534;240;122
2022.01_13-10-2022;Забайкальский край;21_45_days;CoviVac;6;0;0;0;1;1;1;0;7;1;1;0;5181;814;57;15;1471;720;183;107;6652;1534;240;122
2022.01_13-10-2022;Забайкальский край;21_45_days;EpiVacCorona;42;5;0;0;10;5;1;1;52;10;1;1;5181;814;57;15;1471;720;183;107;6652;1534;240;122
2022.01_13-10-2022;Забайкальский край;21_45_days;SputnikLite;158;19;0;0;36;11;2;1;194;30;2;1;5181;814;57;15;1471;720;183;107;6652;1534;240;122
2022.01_13-10-2022;Забайкальский край;21_45_days;SputnikV;221;27;1;0;64;22;4;3;285;49;5;3;5181;814;57;15;1471;720;183;107;6652;1534;240;122
2022.01_13-10-2022;Забайкальский край;45_75_days;AllVaccines;477;43;0;0;150;45;2;1;627;88;2;1;5181;814;57;15;1471;720;183;107;6652;1534;240;122
2022.01_13-10-2022;Забайкальский край;45_75_days;CoviVac;7;1;0;0;1;0;0;0;8;1;0;0;5181;814;57;15;1471;720;183;107;6652;1534;240;122
2022.01_13-10-2022;Забайкальский край;45_75_days;EpiVacCorona;21;2;0;0;7;4;1;1;28;6;1;1;5181;814;57;15;1471;720;183;107;6652;1534;240;122
2022.01_13-10-2022;Забайкальский край;45_75_days;SputnikLite;188;16;0;0;62;17;0;0;250;33;0;0;5181;814;57;15;1471;720;183;107;6652;1534;240;122
2022.01_13-10-2022;Забайкальский край;45_75_days;SputnikV;261;24;0;0;80;24;1;0;341;48;1;0;5181;814;57;15;1471;720;183;107;6652;1534;240;122
2022.01_13-10-2022;Забайкальский край;75_90_days;AllVaccines;236;29;1;1;88;42;5;3;324;71;6;4;5181;814;57;15;1471;720;183;107;6652;1534;240;122
2022.01_13-10-2022;Забайкальский край;75_90_days;CoviVac;2;0;0;0;0;0;0;0;2;0;0;0;5181;814;57;15;1471;720;183;107;6652;1534;240;122
2022.01_13-10-2022;Забайкальский край;75_90_days;EpiVacCorona;0;0;0;0;1;1;0;0;1;1;0;0;5181;814;57;15;1471;720;183;107;6652;1534;240;122
2022.01_13-10-2022;Забайкальский край;75_90_days;SputnikLite;206;28;0;0;80;37;5;3;286;65;5;3;5181;814;57;15;1471;720;183;107;6652;1534;240;122
2022.01_13-10-2022;Забайкальский край;75_90_days;SputnikV;28;1;1;1;7;4;0;0;35;5;1;1;5181;814;57;15;1471;720;183;107;6652;1534;240;122
2022.01_13-10-2022;Забайкальский край;90_105_days;AllVaccines;92;8;0;0;37;17;1;0;129;25;1;0;5181;814;57;15;1471;720;183;107;6652;1534;240;122
2022.01_13-10-2022;Забайкальский край;90_105_days;EpiVacCorona;1;1;0;0;0;0;0;0;1;1;0;0;5181;814;57;15;1471;720;183;107;6652;1534;240;122
2022.01_13-10-2022;Забайкальский край;90_105_days;SputnikLite;74;6;0;0;35;15;1;0;109;21;1;0;5181;814;57;15;1471;720;183;107;6652;1534;240;122
2022.01_13-10-2022;Забайкальский край;90_105_days;SputnikV;17;1;0;0;2;2;0;0;19;3;0;0;5181;814;57;15;1471;720;183;107;6652;1534;240;122
2022.01_13-10-2022;Ивановская область;105_165_days;AllVaccines;2171;36;2;0;516;41;5;5;2687;77;7;5;15361;487;51;34;6366;1158;233;233;21727;1645;284;267
2022.01_13-10-2022;Ивановская область;105_165_days;CoviVac;32;0;0;0;0;0;0;0;32;0;0;0;15361;487;51;34;6366;1158;233;233;21727;1645;284;267
2022.01_13-10-2022;Ивановская область;105_165_days;EpiVacCorona;16;0;0;0;13;2;0;0;29;2;0;0;15361;487;51;34;6366;1158;233;233;21727;1645;284;267
2022.01_13-10-2022;Ивановская область;105_165_days;SputnikLite;460;7;0;0;167;12;1;1;627;19;1;1;15361;487;51;34;6366;1158;233;233;21727;1645;284;267
2022.01_13-10-2022;Ивановская область;105_165_days;SputnikV;1663;29;2;0;336;27;4;4;1999;56;6;4;15361;487;51;34;6366;1158;233;233;21727;1645;284;267
2022.01_13-10-2022;Ивановская область;165_195_days;AllVaccines;2426;57;4;3;373;41;6;5;2799;98;10;8;15361;487;51;34;6366;1158;233;233;21727;1645;284;267
2022.01_13-10-2022;Ивановская область;165_195_days;CoviVac;91;2;0;0;11;0;0;0;102;2;0;0;15361;487;51;34;6366;1158;233;233;21727;1645;284;267
2022.01_13-10-2022;Ивановская область;165_195_days;EpiVacCorona;4;0;0;0;4;1;0;0;8;1;0;0;15361;487;51;34;6366;1158;233;233;21727;1645;284;267
2022.01_13-10-2022;Ивановская область;165_195_days;SputnikLite;25;1;0;0;2;0;0;0;27;1;0;0;15361;487;51;34;6366;1158;233;233;21727;1645;284;267
2022.01_13-10-2022;Ивановская область;165_195_days;SputnikV;2306;54;4;3;356;40;6;5;2662;94;10;8;15361;487;51;34;6366;1158;233;233;21727;1645;284;267
2022.01_13-10-2022;Ивановская область;21_45_days;AllVaccines;475;16;1;0;309;29;3;2;784;45;4;2;15361;487;51;34;6366;1158;233;233;21727;1645;284;267
2022.01_13-10-2022;Ивановская область;21_45_days;CoviVac;15;0;0;0;1;0;0;0;16;0;0;0;15361;487;51;34;6366;1158;233;233;21727;1645;284;267
2022.01_13-10-2022;Ивановская область;21_45_days;EpiVacCorona;35;5;0;0;21;3;0;0;56;8;0;0;15361;487;51;34;6366;1158;233;233;21727;1645;284;267
2022.01_13-10-2022;Ивановская область;21_45_days;SputnikLite;192;8;0;0;108;7;1;0;300;15;1;0;15361;487;51;34;6366;1158;233;233;21727;1645;284;267
2022.01_13-10-2022;Ивановская область;21_45_days;SputnikV;233;3;1;0;179;19;2;2;412;22;3;2;15361;487;51;34;6366;1158;233;233;21727;1645;284;267
2022.01_13-10-2022;Ивановская область;45_75_days;AllVaccines;774;20;1;1;534;44;3;3;1308;64;4;4;15361;487;51;34;6366;1158;233;233;21727;1645;284;267
2022.01_13-10-2022;Ивановская область;45_75_days;CoviVac;20;3;0;0;5;0;0;0;25;3;0;0;15361;487;51;34;6366;1158;233;233;21727;1645;284;267
2022.01_13-10-2022;Ивановская область;45_75_days;EpiVacCorona;21;2;0;0;13;1;0;0;34;3;0;0;15361;487;51;34;6366;1158;233;233;21727;1645;284;267
2022.01_13-10-2022;Ивановская область;45_75_days;SputnikLite;398;9;0;0;256;13;1;1;654;22;1;1;15361;487;51;34;6366;1158;233;233;21727;1645;284;267
2022.01_13-10-2022;Ивановская область;45_75_days;SputnikV;335;6;1;1;260;30;2;2;595;36;3;3;15361;487;51;34;6366;1158;233;233;21727;1645;284;267
2022.01_13-10-2022;Ивановская область;75_90_days;AllVaccines;408;15;0;0;211;18;2;3;619;33;2;3;15361;487;51;34;6366;1158;233;233;21727;1645;284;267
2022.01_13-10-2022;Ивановская область;75_90_days;CoviVac;3;0;0;0;1;0;0;0;4;0;0;0;15361;487;51;34;6366;1158;233;233;21727;1645;284;267
2022.01_13-10-2022;Ивановская область;75_90_days;EpiVacCorona;4;0;0;0;8;0;0;0;12;0;0;0;15361;487;51;34;6366;1158;233;233;21727;1645;284;267
2022.01_13-10-2022;Ивановская область;75_90_days;SputnikLite;305;6;0;0;152;10;2;3;457;16;2;3;15361;487;51;34;6366;1158;233;233;21727;1645;284;267
2022.01_13-10-2022;Ивановская область;75_90_days;SputnikV;96;9;0;0;50;8;0;0;146;17;0;0;15361;487;51;34;6366;1158;233;233;21727;1645;284;267
2022.01_13-10-2022;Ивановская область;90_105_days;AllVaccines;194;1;0;0;107;8;0;0;301;9;0;0;15361;487;51;34;6366;1158;233;233;21727;1645;284;267
2022.01_13-10-2022;Ивановская область;90_105_days;CoviVac;2;0;0;0;0;0;0;0;2;0;0;0;15361;487;51;34;6366;1158;233;233;21727;1645;284;267
2022.01_13-10-2022;Ивановская область;90_105_days;SputnikLite;121;1;0;0;80;3;0;0;201;4;0;0;15361;487;51;34;6366;1158;233;233;21727;1645;284;267
2022.01_13-10-2022;Ивановская область;90_105_days;SputnikV;71;0;0;0;27;5;0;0;98;5;0;0;15361;487;51;34;6366;1158;233;233;21727;1645;284;267
2022.01_13-10-2022;Иркутская область;105_165_days;AllVaccines;4112;196;17;1;821;219;22;4;4933;415;39;5;29669;2070;183;64;7882;2943;591;438;37551;5013;774;502
2022.01_13-10-2022;Иркутская область;105_165_days;CoviVac;135;9;1;0;29;13;1;1;164;22;2;1;29669;2070;183;64;7882;2943;591;438;37551;5013;774;502
2022.01_13-10-2022;Иркутская область;105_165_days;EpiVacCorona;198;10;0;0;32;12;1;0;230;22;1;0;29669;2070;183;64;7882;2943;591;438;37551;5013;774;502
2022.01_13-10-2022;Иркутская область;105_165_days;SputnikLite;688;43;3;0;258;66;3;2;946;109;6;2;29669;2070;183;64;7882;2943;591;438;37551;5013;774;502
2022.01_13-10-2022;Иркутская область;105_165_days;SputnikV;3091;134;13;1;502;128;17;1;3593;262;30;2;29669;2070;183;64;7882;2943;591;438;37551;5013;774;502
2022.01_13-10-2022;Иркутская область;165_195_days;AllVaccines;2887;131;10;1;548;138;21;8;3435;269;31;9;29669;2070;183;64;7882;2943;591;438;37551;5013;774;502
2022.01_13-10-2022;Иркутская область;165_195_days;CoviVac;32;1;1;0;8;1;0;0;40;2;1;0;29669;2070;183;64;7882;2943;591;438;37551;5013;774;502
2022.01_13-10-2022;Иркутская область;165_195_days;EpiVacCorona;66;6;2;0;19;8;3;1;85;14;5;1;29669;2070;183;64;7882;2943;591;438;37551;5013;774;502
2022.01_13-10-2022;Иркутская область;165_195_days;SputnikLite;16;2;0;0;5;2;0;0;21;4;0;0;29669;2070;183;64;7882;2943;591;438;37551;5013;774;502
2022.01_13-10-2022;Иркутская область;165_195_days;SputnikV;2773;122;7;1;516;127;18;7;3289;249;25;8;29669;2070;183;64;7882;2943;591;438;37551;5013;774;502
2022.01_13-10-2022;Иркутская область;21_45_days;AllVaccines;2983;145;8;3;610;152;14;6;3593;297;22;9;29669;2070;183;64;7882;2943;591;438;37551;5013;774;502
2022.01_13-10-2022;Иркутская область;21_45_days;CoviVac;43;2;0;0;11;4;1;0;54;6;1;0;29669;2070;183;64;7882;2943;591;438;37551;5013;774;502
2022.01_13-10-2022;Иркутская область;21_45_days;EpiVacCorona;80;9;0;0;22;7;1;0;102;16;1;0;29669;2070;183;64;7882;2943;591;438;37551;5013;774;502
2022.01_13-10-2022;Иркутская область;21_45_days;SputnikLite;699;33;1;0;277;68;4;2;976;101;5;2;29669;2070;183;64;7882;2943;591;438;37551;5013;774;502
2022.01_13-10-2022;Иркутская область;21_45_days;SputnikV;2161;101;7;3;300;73;8;4;2461;174;15;7;29669;2070;183;64;7882;2943;591;438;37551;5013;774;502
2022.01_13-10-2022;Иркутская область;45_75_days;AllVaccines;3089;150;16;4;716;180;26;12;3805;330;42;16;29669;2070;183;64;7882;2943;591;438;37551;5013;774;502
2022.01_13-10-2022;Иркутская область;45_75_days;CoviVac;105;5;0;0;15;4;0;0;120;9;0;0;29669;2070;183;64;7882;2943;591;438;37551;5013;774;502
2022.01_13-10-2022;Иркутская область;45_75_days;EpiVacCorona;85;6;1;0;24;11;3;1;109;17;4;1;29669;2070;183;64;7882;2943;591;438;37551;5013;774;502
2022.01_13-10-2022;Иркутская область;45_75_days;SputnikLite;787;40;4;0;333;86;10;5;1120;126;14;5;29669;2070;183;64;7882;2943;591;438;37551;5013;774;502
2022.01_13-10-2022;Иркутская область;45_75_days;SputnikV;2112;99;11;4;344;79;13;6;2456;178;24;10;29669;2070;183;64;7882;2943;591;438;37551;5013;774;502
2022.01_13-10-2022;Иркутская область;75_90_days;AllVaccines;838;39;3;0;286;83;13;6;1124;122;16;6;29669;2070;183;64;7882;2943;591;438;37551;5013;774;502
2022.01_13-10-2022;Иркутская область;75_90_days;CoviVac;20;3;0;0;2;1;0;0;22;4;0;0;29669;2070;183;64;7882;2943;591;438;37551;5013;774;502
2022.01_13-10-2022;Иркутская область;75_90_days;EpiVacCorona;13;1;1;0;8;3;1;1;21;4;2;1;29669;2070;183;64;7882;2943;591;438;37551;5013;774;502
2022.01_13-10-2022;Иркутская область;75_90_days;SputnikLite;538;18;0;0;220;56;5;3;758;74;5;3;29669;2070;183;64;7882;2943;591;438;37551;5013;774;502
2022.01_13-10-2022;Иркутская область;75_90_days;SputnikV;267;17;2;0;56;23;7;2;323;40;9;2;29669;2070;183;64;7882;2943;591;438;37551;5013;774;502
2022.01_13-10-2022;Иркутская область;90_105_days;AllVaccines;489;25;3;1;186;51;6;3;675;76;9;4;29669;2070;183;64;7882;2943;591;438;37551;5013;774;502
2022.01_13-10-2022;Иркутская область;90_105_days;CoviVac;9;2;1;1;5;3;0;0;14;5;1;1;29669;2070;183;64;7882;2943;591;438;37551;5013;774;502
2022.01_13-10-2022;Иркутская область;90_105_days;EpiVacCorona;8;0;0;0;3;2;0;0;11;2;0;0;29669;2070;183;64;7882;2943;591;438;37551;5013;774;502
2022.01_13-10-2022;Иркутская область;90_105_days;SputnikLite;255;11;1;0;123;27;2;2;378;38;3;2;29669;2070;183;64;7882;2943;591;438;37551;5013;774;502
2022.01_13-10-2022;Иркутская область;90_105_days;SputnikV;217;12;1;0;55;19;4;1;272;31;5;1;29669;2070;183;64;7882;2943;591;438;37551;5013;774;502
2022.01_13-10-2022;Кабардино-Балкарская Республика;105_165_days;AllVaccines;1628;54;16;2;397;51;24;6;2025;105;40;8;7817;494;138;11;3008;712;345;88;10825;1206;483;99
2022.01_13-10-2022;Кабардино-Балкарская Республика;105_165_days;CoviVac;11;0;0;0;2;1;0;0;13;1;0;0;7817;494;138;11;3008;712;345;88;10825;1206;483;99
2022.01_13-10-2022;Кабардино-Балкарская Республика;105_165_days;EpiVacCorona;31;3;2;0;11;3;1;1;42;6;3;1;7817;494;138;11;3008;712;345;88;10825;1206;483;99
2022.01_13-10-2022;Кабардино-Балкарская Республика;105_165_days;SputnikLite;394;13;2;0;90;9;3;1;484;22;5;1;7817;494;138;11;3008;712;345;88;10825;1206;483;99
2022.01_13-10-2022;Кабардино-Балкарская Республика;105_165_days;SputnikV;1192;38;12;2;294;38;20;4;1486;76;32;6;7817;494;138;11;3008;712;345;88;10825;1206;483;99
2022.01_13-10-2022;Кабардино-Балкарская Республика;165_195_days;AllVaccines;919;31;7;0;261;48;18;1;1180;79;25;1;7817;494;138;11;3008;712;345;88;10825;1206;483;99
2022.01_13-10-2022;Кабардино-Балкарская Республика;165_195_days;CoviVac;24;4;1;0;3;1;0;0;27;5;1;0;7817;494;138;11;3008;712;345;88;10825;1206;483;99
2022.01_13-10-2022;Кабардино-Балкарская Республика;165_195_days;EpiVacCorona;17;1;0;0;13;3;2;0;30;4;2;0;7817;494;138;11;3008;712;345;88;10825;1206;483;99
2022.01_13-10-2022;Кабардино-Балкарская Республика;165_195_days;SputnikLite;49;1;1;0;10;1;0;0;59;2;1;0;7817;494;138;11;3008;712;345;88;10825;1206;483;99
2022.01_13-10-2022;Кабардино-Балкарская Республика;165_195_days;SputnikV;829;25;5;0;235;43;16;1;1064;68;21;1;7817;494;138;11;3008;712;345;88;10825;1206;483;99
2022.01_13-10-2022;Кабардино-Балкарская Республика;21_45_days;AllVaccines;267;20;7;0;80;15;9;0;347;35;16;0;7817;494;138;11;3008;712;345;88;10825;1206;483;99
2022.01_13-10-2022;Кабардино-Балкарская Республика;21_45_days;CoviVac;5;0;0;0;1;0;0;0;6;0;0;0;7817;494;138;11;3008;712;345;88;10825;1206;483;99
2022.01_13-10-2022;Кабардино-Балкарская Республика;21_45_days;EpiVacCorona;8;1;1;0;5;3;2;0;13;4;3;0;7817;494;138;11;3008;712;345;88;10825;1206;483;99
2022.01_13-10-2022;Кабардино-Балкарская Республика;21_45_days;SputnikLite;124;8;2;0;30;5;4;0;154;13;6;0;7817;494;138;11;3008;712;345;88;10825;1206;483;99
2022.01_13-10-2022;Кабардино-Балкарская Республика;21_45_days;SputnikV;130;11;4;0;44;7;3;0;174;18;7;0;7817;494;138;11;3008;712;345;88;10825;1206;483;99
2022.01_13-10-2022;Кабардино-Балкарская Республика;45_75_days;AllVaccines;569;29;7;1;158;29;11;1;727;58;18;2;7817;494;138;11;3008;712;345;88;10825;1206;483;99
2022.01_13-10-2022;Кабардино-Балкарская Республика;45_75_days;CoviVac;4;0;0;0;3;1;1;0;7;1;1;0;7817;494;138;11;3008;712;345;88;10825;1206;483;99
2022.01_13-10-2022;Кабардино-Балкарская Республика;45_75_days;EpiVacCorona;10;0;0;0;8;3;0;0;18;3;0;0;7817;494;138;11;3008;712;345;88;10825;1206;483;99
2022.01_13-10-2022;Кабардино-Балкарская Республика;45_75_days;SputnikLite;333;20;5;1;79;9;4;0;412;29;9;1;7817;494;138;11;3008;712;345;88;10825;1206;483;99
2022.01_13-10-2022;Кабардино-Балкарская Республика;45_75_days;SputnikV;222;9;2;0;68;16;6;1;290;25;8;1;7817;494;138;11;3008;712;345;88;10825;1206;483;99
2022.01_13-10-2022;Кабардино-Балкарская Республика;75_90_days;AllVaccines;262;8;2;0;75;6;2;0;337;14;4;0;7817;494;138;11;3008;712;345;88;10825;1206;483;99
2022.01_13-10-2022;Кабардино-Балкарская Республика;75_90_days;CoviVac;2;0;0;0;2;0;0;0;4;0;0;0;7817;494;138;11;3008;712;345;88;10825;1206;483;99
2022.01_13-10-2022;Кабардино-Балкарская Республика;75_90_days;EpiVacCorona;2;0;0;0;0;0;0;0;2;0;0;0;7817;494;138;11;3008;712;345;88;10825;1206;483;99
2022.01_13-10-2022;Кабардино-Балкарская Республика;75_90_days;SputnikLite;217;7;1;0;55;4;2;0;272;11;3;0;7817;494;138;11;3008;712;345;88;10825;1206;483;99
2022.01_13-10-2022;Кабардино-Балкарская Республика;75_90_days;SputnikV;41;1;1;0;18;2;0;0;59;3;1;0;7817;494;138;11;3008;712;345;88;10825;1206;483;99
2022.01_13-10-2022;Кабардино-Балкарская Республика;90_105_days;AllVaccines;134;5;2;0;59;8;1;0;193;13;3;0;7817;494;138;11;3008;712;345;88;10825;1206;483;99
2022.01_13-10-2022;Кабардино-Балкарская Республика;90_105_days;CoviVac;1;0;0;0;1;0;0;0;2;0;0;0;7817;494;138;11;3008;712;345;88;10825;1206;483;99
2022.01_13-10-2022;Кабардино-Балкарская Республика;90_105_days;EpiVacCorona;1;0;0;0;2;2;0;0;3;2;0;0;7817;494;138;11;3008;712;345;88;10825;1206;483;99
2022.01_13-10-2022;Кабардино-Балкарская Республика;90_105_days;SputnikLite;98;4;1;0;39;5;1;0;137;9;2;0;7817;494;138;11;3008;712;345;88;10825;1206;483;99
2022.01_13-10-2022;Кабардино-Балкарская Республика;90_105_days;SputnikV;34;1;1;0;17;1;0;0;51;2;1;0;7817;494;138;11;3008;712;345;88;10825;1206;483;99
2022.01_13-10-2022;Калининградская область;105_165_days;AllVaccines;4127;183;7;1;747;128;13;6;4874;311;20;7;21903;1221;59;17;5897;1732;333;236;27800;2953;392;253
2022.01_13-10-2022;Калининградская область;105_165_days;CoviVac;52;3;0;0;5;1;0;0;57;4;0;0;21903;1221;59;17;5897;1732;333;236;27800;2953;392;253
2022.01_13-10-2022;Калининградская область;105_165_days;EpiVacCorona;415;21;0;0;85;21;1;1;500;42;1;1;21903;1221;59;17;5897;1732;333;236;27800;2953;392;253
2022.01_13-10-2022;Калининградская область;105_165_days;SputnikLite;1290;67;3;0;216;41;6;3;1506;108;9;3;21903;1221;59;17;5897;1732;333;236;27800;2953;392;253
2022.01_13-10-2022;Калининградская область;105_165_days;SputnikV;2370;92;4;1;441;65;6;2;2811;157;10;3;21903;1221;59;17;5897;1732;333;236;27800;2953;392;253
2022.01_13-10-2022;Калининградская область;165_195_days;AllVaccines;2489;119;2;0;460;88;6;5;2949;207;8;5;21903;1221;59;17;5897;1732;333;236;27800;2953;392;253
2022.01_13-10-2022;Калининградская область;165_195_days;CoviVac;30;2;0;0;5;1;0;0;35;3;0;0;21903;1221;59;17;5897;1732;333;236;27800;2953;392;253
2022.01_13-10-2022;Калининградская область;165_195_days;EpiVacCorona;22;1;0;0;5;2;0;0;27;3;0;0;21903;1221;59;17;5897;1732;333;236;27800;2953;392;253
2022.01_13-10-2022;Калининградская область;165_195_days;SputnikLite;4;0;0;0;0;0;0;0;4;0;0;0;21903;1221;59;17;5897;1732;333;236;27800;2953;392;253
2022.01_13-10-2022;Калининградская область;165_195_days;SputnikV;2433;116;2;0;450;85;6;5;2883;201;8;5;21903;1221;59;17;5897;1732;333;236;27800;2953;392;253
2022.01_13-10-2022;Калининградская область;21_45_days;AllVaccines;1185;43;2;1;417;90;8;5;1602;133;10;6;21903;1221;59;17;5897;1732;333;236;27800;2953;392;253
2022.01_13-10-2022;Калининградская область;21_45_days;CoviVac;38;2;0;0;11;2;1;0;49;4;1;0;21903;1221;59;17;5897;1732;333;236;27800;2953;392;253
2022.01_13-10-2022;Калининградская область;21_45_days;EpiVacCorona;28;2;0;0;3;0;0;0;31;2;0;0;21903;1221;59;17;5897;1732;333;236;27800;2953;392;253
2022.01_13-10-2022;Калининградская область;21_45_days;SputnikLite;242;8;0;0;176;34;3;2;418;42;3;2;21903;1221;59;17;5897;1732;333;236;27800;2953;392;253
2022.01_13-10-2022;Калининградская область;21_45_days;SputnikV;877;31;2;1;227;54;4;3;1104;85;6;4;21903;1221;59;17;5897;1732;333;236;27800;2953;392;253
2022.01_13-10-2022;Калининградская область;45_75_days;AllVaccines;1763;83;2;0;573;126;13;5;2336;209;15;5;21903;1221;59;17;5897;1732;333;236;27800;2953;392;253
2022.01_13-10-2022;Калининградская область;45_75_days;CoviVac;32;0;0;0;6;1;0;0;38;1;0;0;21903;1221;59;17;5897;1732;333;236;27800;2953;392;253
2022.01_13-10-2022;Калининградская область;45_75_days;EpiVacCorona;89;9;0;0;26;15;2;1;115;24;2;1;21903;1221;59;17;5897;1732;333;236;27800;2953;392;253
2022.01_13-10-2022;Калининградская область;45_75_days;SputnikLite;396;20;2;0;211;36;4;1;607;56;6;1;21903;1221;59;17;5897;1732;333;236;27800;2953;392;253
2022.01_13-10-2022;Калининградская область;45_75_days;SputnikV;1246;54;0;0;330;74;7;3;1576;128;7;3;21903;1221;59;17;5897;1732;333;236;27800;2953;392;253
2022.01_13-10-2022;Калининградская область;75_90_days;AllVaccines;674;28;0;0;184;34;1;0;858;62;1;0;21903;1221;59;17;5897;1732;333;236;27800;2953;392;253
2022.01_13-10-2022;Калининградская область;75_90_days;CoviVac;7;0;0;0;2;0;0;0;9;0;0;0;21903;1221;59;17;5897;1732;333;236;27800;2953;392;253
2022.01_13-10-2022;Калининградская область;75_90_days;EpiVacCorona;4;0;0;0;5;0;0;0;9;0;0;0;21903;1221;59;17;5897;1732;333;236;27800;2953;392;253
2022.01_13-10-2022;Калининградская область;75_90_days;SputnikLite;422;10;0;0;107;22;1;0;529;32;1;0;21903;1221;59;17;5897;1732;333;236;27800;2953;392;253
2022.01_13-10-2022;Калининградская область;75_90_days;SputnikV;241;18;0;0;70;12;0;0;311;30;0;0;21903;1221;59;17;5897;1732;333;236;27800;2953;392;253
2022.01_13-10-2022;Калининградская область;90_105_days;AllVaccines;703;33;0;0;170;35;4;1;873;68;4;1;21903;1221;59;17;5897;1732;333;236;27800;2953;392;253
2022.01_13-10-2022;Калининградская область;90_105_days;CoviVac;1;0;0;0;0;0;0;0;1;0;0;0;21903;1221;59;17;5897;1732;333;236;27800;2953;392;253
2022.01_13-10-2022;Калининградская область;90_105_days;EpiVacCorona;9;0;0;0;2;1;0;0;11;1;0;0;21903;1221;59;17;5897;1732;333;236;27800;2953;392;253
2022.01_13-10-2022;Калининградская область;90_105_days;SputnikLite;543;29;0;0;124;27;3;1;667;56;3;1;21903;1221;59;17;5897;1732;333;236;27800;2953;392;253
2022.01_13-10-2022;Калининградская область;90_105_days;SputnikV;150;4;0;0;44;7;1;0;194;11;1;0;21903;1221;59;17;5897;1732;333;236;27800;2953;392;253
2022.01_13-10-2022;Калужская область;105_165_days;AllVaccines;1789;51;4;2;449;63;13;9;2238;114;17;11;11260;558;54;26;4030;1103;270;210;15290;1661;324;236
2022.01_13-10-2022;Калужская область;105_165_days;CoviVac;20;1;0;0;3;0;0;0;23;1;0;0;11260;558;54;26;4030;1103;270;210;15290;1661;324;236
2022.01_13-10-2022;Калужская область;105_165_days;EpiVacCorona;95;2;0;0;22;5;2;2;117;7;2;2;11260;558;54;26;4030;1103;270;210;15290;1661;324;236
2022.01_13-10-2022;Калужская область;105_165_days;SputnikLite;409;16;1;1;133;16;3;3;542;32;4;4;11260;558;54;26;4030;1103;270;210;15290;1661;324;236
2022.01_13-10-2022;Калужская область;105_165_days;SputnikV;1265;32;3;1;291;42;8;4;1556;74;11;5;11260;558;54;26;4030;1103;270;210;15290;1661;324;236
2022.01_13-10-2022;Калужская область;165_195_days;AllVaccines;1791;48;3;2;355;50;12;7;2146;98;15;9;11260;558;54;26;4030;1103;270;210;15290;1661;324;236
2022.01_13-10-2022;Калужская область;165_195_days;CoviVac;26;2;0;0;4;1;1;1;30;3;1;1;11260;558;54;26;4030;1103;270;210;15290;1661;324;236
2022.01_13-10-2022;Калужская область;165_195_days;EpiVacCorona;27;0;0;0;9;0;0;0;36;0;0;0;11260;558;54;26;4030;1103;270;210;15290;1661;324;236
2022.01_13-10-2022;Калужская область;165_195_days;SputnikLite;15;0;0;0;3;0;0;0;18;0;0;0;11260;558;54;26;4030;1103;270;210;15290;1661;324;236
2022.01_13-10-2022;Калужская область;165_195_days;SputnikV;1723;46;3;2;339;49;11;6;2062;95;14;8;11260;558;54;26;4030;1103;270;210;15290;1661;324;236
2022.01_13-10-2022;Калужская область;21_45_days;AllVaccines;925;34;1;0;309;53;8;6;1234;87;9;6;11260;558;54;26;4030;1103;270;210;15290;1661;324;236
2022.01_13-10-2022;Калужская область;21_45_days;CoviVac;10;0;0;0;3;1;0;0;13;1;0;0;11260;558;54;26;4030;1103;270;210;15290;1661;324;236
2022.01_13-10-2022;Калужская область;21_45_days;EpiVacCorona;61;5;0;0;23;8;1;0;84;13;1;0;11260;558;54;26;4030;1103;270;210;15290;1661;324;236
2022.01_13-10-2022;Калужская область;21_45_days;SputnikLite;165;4;0;0;112;19;3;2;277;23;3;2;11260;558;54;26;4030;1103;270;210;15290;1661;324;236
2022.01_13-10-2022;Калужская область;21_45_days;SputnikV;689;25;1;0;171;25;4;4;860;50;5;4;11260;558;54;26;4030;1103;270;210;15290;1661;324;236
2022.01_13-10-2022;Калужская область;45_75_days;AllVaccines;1257;48;3;1;331;72;8;8;1588;120;11;9;11260;558;54;26;4030;1103;270;210;15290;1661;324;236
2022.01_13-10-2022;Калужская область;45_75_days;CoviVac;72;2;0;0;15;4;1;1;87;6;1;1;11260;558;54;26;4030;1103;270;210;15290;1661;324;236
2022.01_13-10-2022;Калужская область;45_75_days;EpiVacCorona;63;4;0;0;18;6;0;0;81;10;0;0;11260;558;54;26;4030;1103;270;210;15290;1661;324;236
2022.01_13-10-2022;Калужская область;45_75_days;SputnikLite;191;6;0;0;83;12;1;1;274;18;1;1;11260;558;54;26;4030;1103;270;210;15290;1661;324;236
2022.01_13-10-2022;Калужская область;45_75_days;SputnikV;931;36;3;1;215;50;6;6;1146;86;9;7;11260;558;54;26;4030;1103;270;210;15290;1661;324;236
2022.01_13-10-2022;Калужская область;75_90_days;AllVaccines;521;16;2;2;170;20;3;2;691;36;5;4;11260;558;54;26;4030;1103;270;210;15290;1661;324;236
2022.01_13-10-2022;Калужская область;75_90_days;CoviVac;6;0;0;0;0;0;0;0;6;0;0;0;11260;558;54;26;4030;1103;270;210;15290;1661;324;236
2022.01_13-10-2022;Калужская область;75_90_days;EpiVacCorona;7;0;0;0;2;0;0;0;9;0;0;0;11260;558;54;26;4030;1103;270;210;15290;1661;324;236
2022.01_13-10-2022;Калужская область;75_90_days;SputnikLite;430;16;2;2;145;15;3;2;575;31;5;4;11260;558;54;26;4030;1103;270;210;15290;1661;324;236
2022.01_13-10-2022;Калужская область;75_90_days;SputnikV;78;0;0;0;23;5;0;0;101;5;0;0;11260;558;54;26;4030;1103;270;210;15290;1661;324;236
2022.01_13-10-2022;Калужская область;90_105_days;AllVaccines;180;2;0;0;76;7;3;2;256;9;3;2;11260;558;54;26;4030;1103;270;210;15290;1661;324;236
2022.01_13-10-2022;Калужская область;90_105_days;CoviVac;1;0;0;0;0;0;0;0;1;0;0;0;11260;558;54;26;4030;1103;270;210;15290;1661;324;236
2022.01_13-10-2022;Калужская область;90_105_days;EpiVacCorona;10;0;0;0;2;1;1;1;12;1;1;1;11260;558;54;26;4030;1103;270;210;15290;1661;324;236
2022.01_13-10-2022;Калужская область;90_105_days;SputnikLite;93;1;0;0;52;5;2;1;145;6;2;1;11260;558;54;26;4030;1103;270;210;15290;1661;324;236
2022.01_13-10-2022;Калужская область;90_105_days;SputnikV;76;1;0;0;22;1;0;0;98;2;0;0;11260;558;54;26;4030;1103;270;210;15290;1661;324;236
2022.01_13-10-2022;Камчатский край;105_165_days;AllVaccines;530;22;3;2;87;11;0;0;617;33;3;2;3483;202;24;10;870;227;44;30;4353;429;68;40
2022.01_13-10-2022;Камчатский край;105_165_days;CoviVac;2;0;0;0;1;0;0;0;3;0;0;0;3483;202;24;10;870;227;44;30;4353;429;68;40
2022.01_13-10-2022;Камчатский край;105_165_days;EpiVacCorona;24;1;1;1;3;0;0;0;27;1;1;1;3483;202;24;10;870;227;44;30;4353;429;68;40
2022.01_13-10-2022;Камчатский край;105_165_days;SputnikLite;150;9;0;0;29;3;0;0;179;12;0;0;3483;202;24;10;870;227;44;30;4353;429;68;40
2022.01_13-10-2022;Камчатский край;105_165_days;SputnikV;354;12;2;1;54;8;0;0;408;20;2;1;3483;202;24;10;870;227;44;30;4353;429;68;40
2022.01_13-10-2022;Камчатский край;165_195_days;AllVaccines;259;8;0;0;52;7;1;1;311;15;1;1;3483;202;24;10;870;227;44;30;4353;429;68;40
2022.01_13-10-2022;Камчатский край;165_195_days;CoviVac;4;0;0;0;0;0;0;0;4;0;0;0;3483;202;24;10;870;227;44;30;4353;429;68;40
2022.01_13-10-2022;Камчатский край;165_195_days;EpiVacCorona;9;1;0;0;1;0;0;0;10;1;0;0;3483;202;24;10;870;227;44;30;4353;429;68;40
2022.01_13-10-2022;Камчатский край;165_195_days;SputnikV;246;7;0;0;51;7;1;1;297;14;1;1;3483;202;24;10;870;227;44;30;4353;429;68;40
2022.01_13-10-2022;Камчатский край;21_45_days;AllVaccines;188;10;1;0;41;10;3;2;229;20;4;2;3483;202;24;10;870;227;44;30;4353;429;68;40
2022.01_13-10-2022;Камчатский край;21_45_days;CoviVac;2;0;0;0;0;0;0;0;2;0;0;0;3483;202;24;10;870;227;44;30;4353;429;68;40
2022.01_13-10-2022;Камчатский край;21_45_days;EpiVacCorona;5;0;0;0;5;2;1;1;10;2;1;1;3483;202;24;10;870;227;44;30;4353;429;68;40
2022.01_13-10-2022;Камчатский край;21_45_days;SputnikLite;63;3;1;0;16;4;1;1;79;7;2;1;3483;202;24;10;870;227;44;30;4353;429;68;40
2022.01_13-10-2022;Камчатский край;21_45_days;SputnikV;118;7;0;0;20;4;1;0;138;11;1;0;3483;202;24;10;870;227;44;30;4353;429;68;40
2022.01_13-10-2022;Камчатский край;45_75_days;AllVaccines;244;13;0;0;77;14;1;0;321;27;1;0;3483;202;24;10;870;227;44;30;4353;429;68;40
2022.01_13-10-2022;Камчатский край;45_75_days;CoviVac;1;0;0;0;1;0;0;0;2;0;0;0;3483;202;24;10;870;227;44;30;4353;429;68;40
2022.01_13-10-2022;Камчатский край;45_75_days;EpiVacCorona;16;0;0;0;5;1;0;0;21;1;0;0;3483;202;24;10;870;227;44;30;4353;429;68;40
2022.01_13-10-2022;Камчатский край;45_75_days;SputnikLite;128;8;0;0;49;10;1;0;177;18;1;0;3483;202;24;10;870;227;44;30;4353;429;68;40
2022.01_13-10-2022;Камчатский край;45_75_days;SputnikV;99;5;0;0;22;3;0;0;121;8;0;0;3483;202;24;10;870;227;44;30;4353;429;68;40
2022.01_13-10-2022;Камчатский край;75_90_days;AllVaccines;70;3;0;0;31;2;0;0;101;5;0;0;3483;202;24;10;870;227;44;30;4353;429;68;40
2022.01_13-10-2022;Камчатский край;75_90_days;EpiVacCorona;1;0;0;0;1;0;0;0;2;0;0;0;3483;202;24;10;870;227;44;30;4353;429;68;40
2022.01_13-10-2022;Камчатский край;75_90_days;SputnikLite;55;2;0;0;24;2;0;0;79;4;0;0;3483;202;24;10;870;227;44;30;4353;429;68;40
2022.01_13-10-2022;Камчатский край;75_90_days;SputnikV;14;1;0;0;6;0;0;0;20;1;0;0;3483;202;24;10;870;227;44;30;4353;429;68;40
2022.01_13-10-2022;Камчатский край;90_105_days;AllVaccines;61;1;0;0;14;2;1;1;75;3;1;1;3483;202;24;10;870;227;44;30;4353;429;68;40
2022.01_13-10-2022;Камчатский край;90_105_days;EpiVacCorona;2;0;0;0;1;0;0;0;3;0;0;0;3483;202;24;10;870;227;44;30;4353;429;68;40
2022.01_13-10-2022;Камчатский край;90_105_days;SputnikLite;31;0;0;0;9;1;1;1;40;1;1;1;3483;202;24;10;870;227;44;30;4353;429;68;40
2022.01_13-10-2022;Камчатский край;90_105_days;SputnikV;28;1;0;0;4;1;0;0;32;2;0;0;3483;202;24;10;870;227;44;30;4353;429;68;40
2022.01_13-10-2022;Карачаево-Черкесская Республика;105_165_days;AllVaccines;1118;47;2;0;248;37;8;4;1366;84;10;4;6074;297;39;11;2471;525;132;85;8545;822;171;96
2022.01_13-10-2022;Карачаево-Черкесская Республика;105_165_days;CoviVac;21;0;0;0;5;0;1;0;26;0;1;0;6074;297;39;11;2471;525;132;85;8545;822;171;96
2022.01_13-10-2022;Карачаево-Черкесская Республика;105_165_days;EpiVacCorona;47;4;0;0;7;2;0;0;54;6;0;0;6074;297;39;11;2471;525;132;85;8545;822;171;96
2022.01_13-10-2022;Карачаево-Черкесская Республика;105_165_days;SputnikLite;355;15;1;0;93;10;1;1;448;25;2;1;6074;297;39;11;2471;525;132;85;8545;822;171;96
2022.01_13-10-2022;Карачаево-Черкесская Республика;105_165_days;SputnikV;695;28;1;0;143;25;6;3;838;53;7;3;6074;297;39;11;2471;525;132;85;8545;822;171;96
2022.01_13-10-2022;Карачаево-Черкесская Республика;165_195_days;AllVaccines;747;19;3;1;144;16;2;2;891;35;5;3;6074;297;39;11;2471;525;132;85;8545;822;171;96
2022.01_13-10-2022;Карачаево-Черкесская Республика;165_195_days;CoviVac;69;1;1;1;14;1;0;0;83;2;1;1;6074;297;39;11;2471;525;132;85;8545;822;171;96
2022.01_13-10-2022;Карачаево-Черкесская Республика;165_195_days;EpiVacCorona;54;1;0;0;11;3;2;2;65;4;2;2;6074;297;39;11;2471;525;132;85;8545;822;171;96
2022.01_13-10-2022;Карачаево-Черкесская Республика;165_195_days;SputnikLite;4;0;0;0;4;0;0;0;8;0;0;0;6074;297;39;11;2471;525;132;85;8545;822;171;96
2022.01_13-10-2022;Карачаево-Черкесская Республика;165_195_days;SputnikV;620;17;2;0;115;12;0;0;735;29;2;0;6074;297;39;11;2471;525;132;85;8545;822;171;96
2022.01_13-10-2022;Карачаево-Черкесская Республика;21_45_days;AllVaccines;295;18;0;0;107;17;2;2;402;35;2;2;6074;297;39;11;2471;525;132;85;8545;822;171;96
2022.01_13-10-2022;Карачаево-Черкесская Республика;21_45_days;CoviVac;4;0;0;0;0;0;0;0;4;0;0;0;6074;297;39;11;2471;525;132;85;8545;822;171;96
2022.01_13-10-2022;Карачаево-Черкесская Республика;21_45_days;EpiVacCorona;2;0;0;0;1;0;0;0;3;0;0;0;6074;297;39;11;2471;525;132;85;8545;822;171;96
2022.01_13-10-2022;Карачаево-Черкесская Республика;21_45_days;SputnikLite;189;11;0;0;72;12;1;1;261;23;1;1;6074;297;39;11;2471;525;132;85;8545;822;171;96
2022.01_13-10-2022;Карачаево-Черкесская Республика;21_45_days;SputnikV;100;7;0;0;34;5;1;1;134;12;1;1;6074;297;39;11;2471;525;132;85;8545;822;171;96
2022.01_13-10-2022;Карачаево-Черкесская Республика;45_75_days;AllVaccines;385;9;1;0;162;30;7;2;547;39;8;2;6074;297;39;11;2471;525;132;85;8545;822;171;96
2022.01_13-10-2022;Карачаево-Черкесская Республика;45_75_days;CoviVac;0;0;0;0;2;0;0;0;2;0;0;0;6074;297;39;11;2471;525;132;85;8545;822;171;96
2022.01_13-10-2022;Карачаево-Черкесская Республика;45_75_days;EpiVacCorona;1;0;0;0;2;0;0;0;3;0;0;0;6074;297;39;11;2471;525;132;85;8545;822;171;96
2022.01_13-10-2022;Карачаево-Черкесская Республика;45_75_days;SputnikLite;292;3;0;0;99;17;4;1;391;20;4;1;6074;297;39;11;2471;525;132;85;8545;822;171;96
2022.01_13-10-2022;Карачаево-Черкесская Республика;45_75_days;SputnikV;92;6;1;0;59;13;3;1;151;19;4;1;6074;297;39;11;2471;525;132;85;8545;822;171;96
2022.01_13-10-2022;Карачаево-Черкесская Республика;75_90_days;AllVaccines;126;3;1;1;53;9;0;0;179;12;1;1;6074;297;39;11;2471;525;132;85;8545;822;171;96
2022.01_13-10-2022;Карачаево-Черкесская Республика;75_90_days;EpiVacCorona;2;0;0;0;0;0;0;0;2;0;0;0;6074;297;39;11;2471;525;132;85;8545;822;171;96
2022.01_13-10-2022;Карачаево-Черкесская Республика;75_90_days;SputnikLite;85;1;0;0;28;2;0;0;113;3;0;0;6074;297;39;11;2471;525;132;85;8545;822;171;96
2022.01_13-10-2022;Карачаево-Черкесская Республика;75_90_days;SputnikV;39;2;1;1;25;7;0;0;64;9;1;1;6074;297;39;11;2471;525;132;85;8545;822;171;96
2022.01_13-10-2022;Карачаево-Черкесская Республика;90_105_days;AllVaccines;67;5;0;0;27;4;1;1;94;9;1;1;6074;297;39;11;2471;525;132;85;8545;822;171;96
2022.01_13-10-2022;Карачаево-Черкесская Республика;90_105_days;EpiVacCorona;1;1;0;0;0;0;0;0;1;1;0;0;6074;297;39;11;2471;525;132;85;8545;822;171;96
2022.01_13-10-2022;Карачаево-Черкесская Республика;90_105_days;SputnikLite;34;1;0;0;18;2;1;1;52;3;1;1;6074;297;39;11;2471;525;132;85;8545;822;171;96
2022.01_13-10-2022;Карачаево-Черкесская Республика;90_105_days;SputnikV;32;3;0;0;9;2;0;0;41;5;0;0;6074;297;39;11;2471;525;132;85;8545;822;171;96
2022.01_13-10-2022;Кемеровская область;105_165_days;AllVaccines;3657;150;9;2;663;123;11;5;4320;273;20;7;20277;1403;108;66;6599;2244;468;401;26876;3647;576;467
2022.01_13-10-2022;Кемеровская область;105_165_days;CoviVac;48;2;0;0;6;2;0;0;54;4;0;0;20277;1403;108;66;6599;2244;468;401;26876;3647;576;467
2022.01_13-10-2022;Кемеровская область;105_165_days;EpiVacCorona;44;1;0;0;20;5;0;0;64;6;0;0;20277;1403;108;66;6599;2244;468;401;26876;3647;576;467
2022.01_13-10-2022;Кемеровская область;105_165_days;SputnikLite;202;4;0;0;87;13;1;0;289;17;1;0;20277;1403;108;66;6599;2244;468;401;26876;3647;576;467
2022.01_13-10-2022;Кемеровская область;105_165_days;SputnikV;3363;143;9;2;550;103;10;5;3913;246;19;7;20277;1403;108;66;6599;2244;468;401;26876;3647;576;467
2022.01_13-10-2022;Кемеровская область;165_195_days;AllVaccines;3717;160;5;1;584;110;8;4;4301;270;13;5;20277;1403;108;66;6599;2244;468;401;26876;3647;576;467
2022.01_13-10-2022;Кемеровская область;165_195_days;CoviVac;31;2;0;0;3;0;0;0;34;2;0;0;20277;1403;108;66;6599;2244;468;401;26876;3647;576;467
2022.01_13-10-2022;Кемеровская область;165_195_days;EpiVacCorona;38;4;0;0;11;2;0;1;49;6;0;1;20277;1403;108;66;6599;2244;468;401;26876;3647;576;467
2022.01_13-10-2022;Кемеровская область;165_195_days;SputnikLite;13;1;0;0;0;0;0;0;13;1;0;0;20277;1403;108;66;6599;2244;468;401;26876;3647;576;467
2022.01_13-10-2022;Кемеровская область;165_195_days;SputnikV;3635;153;5;1;570;108;8;3;4205;261;13;4;20277;1403;108;66;6599;2244;468;401;26876;3647;576;467
2022.01_13-10-2022;Кемеровская область;21_45_days;AllVaccines;1368;71;3;0;400;100;15;12;1768;171;18;12;20277;1403;108;66;6599;2244;468;401;26876;3647;576;467
2022.01_13-10-2022;Кемеровская область;21_45_days;CoviVac;25;2;0;0;11;1;0;0;36;3;0;0;20277;1403;108;66;6599;2244;468;401;26876;3647;576;467
2022.01_13-10-2022;Кемеровская область;21_45_days;EpiVacCorona;38;2;0;0;25;7;1;1;63;9;1;1;20277;1403;108;66;6599;2244;468;401;26876;3647;576;467
2022.01_13-10-2022;Кемеровская область;21_45_days;SputnikLite;281;9;1;0;139;31;2;2;420;40;3;2;20277;1403;108;66;6599;2244;468;401;26876;3647;576;467
2022.01_13-10-2022;Кемеровская область;21_45_days;SputnikV;1024;58;2;0;225;61;12;9;1249;119;14;9;20277;1403;108;66;6599;2244;468;401;26876;3647;576;467
2022.01_13-10-2022;Кемеровская область;45_75_days;AllVaccines;1028;54;2;0;390;93;8;6;1418;147;10;6;20277;1403;108;66;6599;2244;468;401;26876;3647;576;467
2022.01_13-10-2022;Кемеровская область;45_75_days;CoviVac;28;0;0;0;4;0;0;0;32;0;0;0;20277;1403;108;66;6599;2244;468;401;26876;3647;576;467
2022.01_13-10-2022;Кемеровская область;45_75_days;EpiVacCorona;39;3;0;0;33;13;2;2;72;16;2;2;20277;1403;108;66;6599;2244;468;401;26876;3647;576;467
2022.01_13-10-2022;Кемеровская область;45_75_days;SputnikLite;296;16;0;0;166;38;2;3;462;54;2;3;20277;1403;108;66;6599;2244;468;401;26876;3647;576;467
2022.01_13-10-2022;Кемеровская область;45_75_days;SputnikV;665;35;2;0;187;42;4;1;852;77;6;1;20277;1403;108;66;6599;2244;468;401;26876;3647;576;467
2022.01_13-10-2022;Кемеровская область;75_90_days;AllVaccines;358;20;1;0;156;22;1;1;514;42;2;1;20277;1403;108;66;6599;2244;468;401;26876;3647;576;467
2022.01_13-10-2022;Кемеровская область;75_90_days;CoviVac;11;0;0;0;2;0;0;0;13;0;0;0;20277;1403;108;66;6599;2244;468;401;26876;3647;576;467
2022.01_13-10-2022;Кемеровская область;75_90_days;EpiVacCorona;6;1;1;0;0;0;0;0;6;1;1;0;20277;1403;108;66;6599;2244;468;401;26876;3647;576;467
2022.01_13-10-2022;Кемеровская область;75_90_days;SputnikLite;176;9;0;0;117;16;1;1;293;25;1;1;20277;1403;108;66;6599;2244;468;401;26876;3647;576;467
2022.01_13-10-2022;Кемеровская область;75_90_days;SputnikV;165;10;0;0;37;6;0;0;202;16;0;0;20277;1403;108;66;6599;2244;468;401;26876;3647;576;467
2022.01_13-10-2022;Кемеровская область;90_105_days;AllVaccines;284;9;1;1;71;20;2;1;355;29;3;2;20277;1403;108;66;6599;2244;468;401;26876;3647;576;467
2022.01_13-10-2022;Кемеровская область;90_105_days;CoviVac;13;0;0;0;0;0;0;0;13;0;0;0;20277;1403;108;66;6599;2244;468;401;26876;3647;576;467
2022.01_13-10-2022;Кемеровская область;90_105_days;EpiVacCorona;5;0;0;0;2;0;0;0;7;0;0;0;20277;1403;108;66;6599;2244;468;401;26876;3647;576;467
2022.01_13-10-2022;Кемеровская область;90_105_days;SputnikLite;74;3;0;0;37;9;1;0;111;12;1;0;20277;1403;108;66;6599;2244;468;401;26876;3647;576;467
2022.01_13-10-2022;Кемеровская область;90_105_days;SputnikV;192;6;1;1;32;11;1;1;224;17;2;2;20277;1403;108;66;6599;2244;468;401;26876;3647;576;467
2022.01_13-10-2022;Кировская область;105_165_days;AllVaccines;2540;129;5;2;653;169;8;9;3193;298;13;11;21463;1642;52;21;6311;2223;254;235;27774;3865;306;256
2022.01_13-10-2022;Кировская область;105_165_days;CoviVac;51;3;0;0;2;1;0;0;53;4;0;0;21463;1642;52;21;6311;2223;254;235;27774;3865;306;256
2022.01_13-10-2022;Кировская область;105_165_days;EpiVacCorona;39;2;0;0;13;4;0;1;52;6;0;1;21463;1642;52;21;6311;2223;254;235;27774;3865;306;256
2022.01_13-10-2022;Кировская область;105_165_days;SputnikLite;949;40;3;1;243;64;4;4;1192;104;7;5;21463;1642;52;21;6311;2223;254;235;27774;3865;306;256
2022.01_13-10-2022;Кировская область;105_165_days;SputnikV;1501;84;2;1;395;100;4;4;1896;184;6;5;21463;1642;52;21;6311;2223;254;235;27774;3865;306;256
2022.01_13-10-2022;Кировская область;165_195_days;AllVaccines;2153;142;3;0;466;128;8;6;2619;270;11;6;21463;1642;52;21;6311;2223;254;235;27774;3865;306;256
2022.01_13-10-2022;Кировская область;165_195_days;CoviVac;51;5;1;0;5;0;0;0;56;5;1;0;21463;1642;52;21;6311;2223;254;235;27774;3865;306;256
2022.01_13-10-2022;Кировская область;165_195_days;EpiVacCorona;51;7;0;0;13;2;0;0;64;9;0;0;21463;1642;52;21;6311;2223;254;235;27774;3865;306;256
2022.01_13-10-2022;Кировская область;165_195_days;SputnikLite;31;2;0;0;0;0;0;0;31;2;0;0;21463;1642;52;21;6311;2223;254;235;27774;3865;306;256
2022.01_13-10-2022;Кировская область;165_195_days;SputnikV;2020;128;2;0;448;126;8;6;2468;254;10;6;21463;1642;52;21;6311;2223;254;235;27774;3865;306;256
2022.01_13-10-2022;Кировская область;21_45_days;AllVaccines;1558;78;4;2;557;153;9;7;2115;231;13;9;21463;1642;52;21;6311;2223;254;235;27774;3865;306;256
2022.01_13-10-2022;Кировская область;21_45_days;CoviVac;46;4;0;0;3;0;0;0;49;4;0;0;21463;1642;52;21;6311;2223;254;235;27774;3865;306;256
2022.01_13-10-2022;Кировская область;21_45_days;EpiVacCorona;104;6;1;1;28;7;2;2;132;13;3;3;21463;1642;52;21;6311;2223;254;235;27774;3865;306;256
2022.01_13-10-2022;Кировская область;21_45_days;SputnikLite;467;25;0;0;201;57;3;2;668;82;3;2;21463;1642;52;21;6311;2223;254;235;27774;3865;306;256
2022.01_13-10-2022;Кировская область;21_45_days;SputnikV;941;43;3;1;325;89;4;3;1266;132;7;4;21463;1642;52;21;6311;2223;254;235;27774;3865;306;256
2022.01_13-10-2022;Кировская область;45_75_days;AllVaccines;2645;150;5;1;814;205;6;5;3459;355;11;6;21463;1642;52;21;6311;2223;254;235;27774;3865;306;256
2022.01_13-10-2022;Кировская область;45_75_days;CoviVac;147;10;0;0;9;4;0;0;156;14;0;0;21463;1642;52;21;6311;2223;254;235;27774;3865;306;256
2022.01_13-10-2022;Кировская область;45_75_days;EpiVacCorona;163;13;1;0;46;23;0;0;209;36;1;0;21463;1642;52;21;6311;2223;254;235;27774;3865;306;256
2022.01_13-10-2022;Кировская область;45_75_days;SputnikLite;962;58;4;1;359;71;2;2;1321;129;6;3;21463;1642;52;21;6311;2223;254;235;27774;3865;306;256
2022.01_13-10-2022;Кировская область;45_75_days;SputnikV;1373;69;0;0;400;107;4;3;1773;176;4;3;21463;1642;52;21;6311;2223;254;235;27774;3865;306;256
2022.01_13-10-2022;Кировская область;75_90_days;AllVaccines;1205;63;2;0;301;61;1;1;1506;124;3;1;21463;1642;52;21;6311;2223;254;235;27774;3865;306;256
2022.01_13-10-2022;Кировская область;75_90_days;CoviVac;10;0;0;0;1;0;0;0;11;0;0;0;21463;1642;52;21;6311;2223;254;235;27774;3865;306;256
2022.01_13-10-2022;Кировская область;75_90_days;EpiVacCorona;2;1;0;0;1;1;1;1;3;2;1;1;21463;1642;52;21;6311;2223;254;235;27774;3865;306;256
2022.01_13-10-2022;Кировская область;75_90_days;SputnikLite;1098;59;2;0;257;45;0;0;1355;104;2;0;21463;1642;52;21;6311;2223;254;235;27774;3865;306;256
2022.01_13-10-2022;Кировская область;75_90_days;SputnikV;95;3;0;0;42;15;0;0;137;18;0;0;21463;1642;52;21;6311;2223;254;235;27774;3865;306;256
2022.01_13-10-2022;Кировская область;90_105_days;AllVaccines;406;16;1;0;146;44;1;0;552;60;2;0;21463;1642;52;21;6311;2223;254;235;27774;3865;306;256
2022.01_13-10-2022;Кировская область;90_105_days;CoviVac;4;0;0;0;1;0;0;0;5;0;0;0;21463;1642;52;21;6311;2223;254;235;27774;3865;306;256
2022.01_13-10-2022;Кировская область;90_105_days;EpiVacCorona;2;0;0;0;0;0;0;0;2;0;0;0;21463;1642;52;21;6311;2223;254;235;27774;3865;306;256
2022.01_13-10-2022;Кировская область;90_105_days;SputnikLite;326;14;1;0;114;37;1;0;440;51;2;0;21463;1642;52;21;6311;2223;254;235;27774;3865;306;256
2022.01_13-10-2022;Кировская область;90_105_days;SputnikV;74;2;0;0;31;7;0;0;105;9;0;0;21463;1642;52;21;6311;2223;254;235;27774;3865;306;256
2022.01_13-10-2022;Костромская область;105_165_days;AllVaccines;736;24;2;0;173;30;4;2;909;54;6;2;3780;228;16;5;1457;467;85;64;5237;695;101;69
2022.01_13-10-2022;Костромская область;105_165_days;CoviVac;14;0;0;0;0;0;0;0;14;0;0;0;3780;228;16;5;1457;467;85;64;5237;695;101;69
2022.01_13-10-2022;Костромская область;105_165_days;SputnikLite;218;10;0;0;61;10;1;0;279;20;1;0;3780;228;16;5;1457;467;85;64;5237;695;101;69
2022.01_13-10-2022;Костромская область;105_165_days;SputnikV;504;14;2;0;112;20;3;2;616;34;5;2;3780;228;16;5;1457;467;85;64;5237;695;101;69
2022.01_13-10-2022;Костромская область;165_195_days;AllVaccines;481;15;2;1;99;20;0;0;580;35;2;1;3780;228;16;5;1457;467;85;64;5237;695;101;69
2022.01_13-10-2022;Костромская область;165_195_days;CoviVac;12;1;0;0;1;0;0;0;13;1;0;0;3780;228;16;5;1457;467;85;64;5237;695;101;69
2022.01_13-10-2022;Костромская область;165_195_days;EpiVacCorona;2;0;0;0;0;0;0;0;2;0;0;0;3780;228;16;5;1457;467;85;64;5237;695;101;69
2022.01_13-10-2022;Костромская область;165_195_days;SputnikLite;7;0;0;0;2;0;0;0;9;0;0;0;3780;228;16;5;1457;467;85;64;5237;695;101;69
2022.01_13-10-2022;Костромская область;165_195_days;SputnikV;460;14;2;1;96;20;0;0;556;34;2;1;3780;228;16;5;1457;467;85;64;5237;695;101;69
2022.01_13-10-2022;Костромская область;21_45_days;AllVaccines;216;11;3;0;113;27;2;3;329;38;5;3;3780;228;16;5;1457;467;85;64;5237;695;101;69
2022.01_13-10-2022;Костромская область;21_45_days;CoviVac;2;0;0;0;0;0;0;0;2;0;0;0;3780;228;16;5;1457;467;85;64;5237;695;101;69
2022.01_13-10-2022;Костромская область;21_45_days;EpiVacCorona;35;1;0;0;24;11;0;1;59;12;0;1;3780;228;16;5;1457;467;85;64;5237;695;101;69
2022.01_13-10-2022;Костромская область;21_45_days;SputnikLite;88;7;2;0;49;9;1;1;137;16;3;1;3780;228;16;5;1457;467;85;64;5237;695;101;69
2022.01_13-10-2022;Костромская область;21_45_days;SputnikV;91;3;1;0;40;7;1;1;131;10;2;1;3780;228;16;5;1457;467;85;64;5237;695;101;69
2022.01_13-10-2022;Костромская область;45_75_days;AllVaccines;341;22;1;1;147;31;2;0;488;53;3;1;3780;228;16;5;1457;467;85;64;5237;695;101;69
2022.01_13-10-2022;Костромская область;45_75_days;CoviVac;13;1;0;0;3;1;0;0;16;2;0;0;3780;228;16;5;1457;467;85;64;5237;695;101;69
2022.01_13-10-2022;Костромская область;45_75_days;EpiVacCorona;17;2;0;0;6;4;0;0;23;6;0;0;3780;228;16;5;1457;467;85;64;5237;695;101;69
2022.01_13-10-2022;Костромская область;45_75_days;SputnikLite;204;13;1;1;69;12;1;0;273;25;2;1;3780;228;16;5;1457;467;85;64;5237;695;101;69
2022.01_13-10-2022;Костромская область;45_75_days;SputnikV;107;6;0;0;69;14;1;0;176;20;1;0;3780;228;16;5;1457;467;85;64;5237;695;101;69
2022.01_13-10-2022;Костромская область;75_90_days;AllVaccines;162;5;0;0;57;13;1;0;219;18;1;0;3780;228;16;5;1457;467;85;64;5237;695;101;69
2022.01_13-10-2022;Костромская область;75_90_days;CoviVac;0;0;0;0;1;1;0;0;1;1;0;0;3780;228;16;5;1457;467;85;64;5237;695;101;69
2022.01_13-10-2022;Костромская область;75_90_days;SputnikLite;140;4;0;0;47;10;1;0;187;14;1;0;3780;228;16;5;1457;467;85;64;5237;695;101;69
2022.01_13-10-2022;Костромская область;75_90_days;SputnikV;22;1;0;0;9;2;0;0;31;3;0;0;3780;228;16;5;1457;467;85;64;5237;695;101;69
2022.01_13-10-2022;Костромская область;90_105_days;AllVaccines;60;3;0;0;26;4;0;0;86;7;0;0;3780;228;16;5;1457;467;85;64;5237;695;101;69
2022.01_13-10-2022;Костромская область;90_105_days;CoviVac;0;0;0;0;1;0;0;0;1;0;0;0;3780;228;16;5;1457;467;85;64;5237;695;101;69
2022.01_13-10-2022;Костромская область;90_105_days;SputnikLite;44;3;0;0;16;1;0;0;60;4;0;0;3780;228;16;5;1457;467;85;64;5237;695;101;69
2022.01_13-10-2022;Костромская область;90_105_days;SputnikV;16;0;0;0;9;3;0;0;25;3;0;0;3780;228;16;5;1457;467;85;64;5237;695;101;69
2022.01_13-10-2022;Краснодарский край;105_165_days;AllVaccines;8294;492;61;17;1463;336;102;53;9757;828;163;70;36554;2993;409;145;11465;4403;1685;1109;48019;7396;2094;1254
2022.01_13-10-2022;Краснодарский край;105_165_days;CoviVac;194;13;2;1;38;9;5;1;232;22;7;2;36554;2993;409;145;11465;4403;1685;1109;48019;7396;2094;1254
2022.01_13-10-2022;Краснодарский край;105_165_days;EpiVacCorona;60;9;0;0;22;10;4;3;82;19;4;3;36554;2993;409;145;11465;4403;1685;1109;48019;7396;2094;1254
2022.01_13-10-2022;Краснодарский край;105_165_days;SputnikLite;351;14;2;1;261;62;20;14;612;76;22;15;36554;2993;409;145;11465;4403;1685;1109;48019;7396;2094;1254
2022.01_13-10-2022;Краснодарский край;105_165_days;SputnikV;7689;456;57;15;1142;255;73;35;8831;711;130;50;36554;2993;409;145;11465;4403;1685;1109;48019;7396;2094;1254
2022.01_13-10-2022;Краснодарский край;165_195_days;AllVaccines;6542;341;31;8;989;220;52;20;7531;561;83;28;36554;2993;409;145;11465;4403;1685;1109;48019;7396;2094;1254
2022.01_13-10-2022;Краснодарский край;165_195_days;CoviVac;133;6;0;0;15;2;0;0;148;8;0;0;36554;2993;409;145;11465;4403;1685;1109;48019;7396;2094;1254
2022.01_13-10-2022;Краснодарский край;165_195_days;EpiVacCorona;240;25;2;0;54;25;6;4;294;50;8;4;36554;2993;409;145;11465;4403;1685;1109;48019;7396;2094;1254
2022.01_13-10-2022;Краснодарский край;165_195_days;SputnikLite;20;0;0;0;3;0;0;0;23;0;0;0;36554;2993;409;145;11465;4403;1685;1109;48019;7396;2094;1254
2022.01_13-10-2022;Краснодарский край;165_195_days;SputnikV;6149;310;29;8;917;193;46;16;7066;503;75;24;36554;2993;409;145;11465;4403;1685;1109;48019;7396;2094;1254
2022.01_13-10-2022;Краснодарский край;21_45_days;AllVaccines;2535;150;23;3;734;220;63;33;3269;370;86;36;36554;2993;409;145;11465;4403;1685;1109;48019;7396;2094;1254
2022.01_13-10-2022;Краснодарский край;21_45_days;CoviVac;26;0;0;0;9;6;2;0;35;6;2;0;36554;2993;409;145;11465;4403;1685;1109;48019;7396;2094;1254
2022.01_13-10-2022;Краснодарский край;21_45_days;EpiVacCorona;48;5;0;0;19;8;1;1;67;13;1;1;36554;2993;409;145;11465;4403;1685;1109;48019;7396;2094;1254
2022.01_13-10-2022;Краснодарский край;21_45_days;SputnikLite;407;18;3;1;203;49;11;6;610;67;14;7;36554;2993;409;145;11465;4403;1685;1109;48019;7396;2094;1254
2022.01_13-10-2022;Краснодарский край;21_45_days;SputnikV;2054;127;20;2;503;157;49;26;2557;284;69;28;36554;2993;409;145;11465;4403;1685;1109;48019;7396;2094;1254
2022.01_13-10-2022;Краснодарский край;45_75_days;AllVaccines;2603;179;19;5;787;188;57;21;3390;367;76;26;36554;2993;409;145;11465;4403;1685;1109;48019;7396;2094;1254
2022.01_13-10-2022;Краснодарский край;45_75_days;CoviVac;72;4;0;0;28;6;1;0;100;10;1;0;36554;2993;409;145;11465;4403;1685;1109;48019;7396;2094;1254
2022.01_13-10-2022;Краснодарский край;45_75_days;EpiVacCorona;63;8;1;0;29;18;5;2;92;26;6;2;36554;2993;409;145;11465;4403;1685;1109;48019;7396;2094;1254
2022.01_13-10-2022;Краснодарский край;45_75_days;SputnikLite;402;18;2;0;250;44;10;6;652;62;12;6;36554;2993;409;145;11465;4403;1685;1109;48019;7396;2094;1254
2022.01_13-10-2022;Краснодарский край;45_75_days;SputnikV;2066;149;16;5;480;120;41;13;2546;269;57;18;36554;2993;409;145;11465;4403;1685;1109;48019;7396;2094;1254
2022.01_13-10-2022;Краснодарский край;75_90_days;AllVaccines;596;46;0;0;234;68;23;12;830;114;23;12;36554;2993;409;145;11465;4403;1685;1109;48019;7396;2094;1254
2022.01_13-10-2022;Краснодарский край;75_90_days;CoviVac;25;3;0;0;8;3;1;0;33;6;1;0;36554;2993;409;145;11465;4403;1685;1109;48019;7396;2094;1254
2022.01_13-10-2022;Краснодарский край;75_90_days;EpiVacCorona;18;3;0;0;5;2;0;0;23;5;0;0;36554;2993;409;145;11465;4403;1685;1109;48019;7396;2094;1254
2022.01_13-10-2022;Краснодарский край;75_90_days;SputnikLite;162;9;0;0;110;23;3;2;272;32;3;2;36554;2993;409;145;11465;4403;1685;1109;48019;7396;2094;1254
2022.01_13-10-2022;Краснодарский край;75_90_days;SputnikV;391;31;0;0;111;40;19;10;502;71;19;10;36554;2993;409;145;11465;4403;1685;1109;48019;7396;2094;1254
2022.01_13-10-2022;Краснодарский край;90_105_days;AllVaccines;554;33;2;0;188;51;15;8;742;84;17;8;36554;2993;409;145;11465;4403;1685;1109;48019;7396;2094;1254
2022.01_13-10-2022;Краснодарский край;90_105_days;CoviVac;14;0;0;0;1;0;0;0;15;0;0;0;36554;2993;409;145;11465;4403;1685;1109;48019;7396;2094;1254
2022.01_13-10-2022;Краснодарский край;90_105_days;EpiVacCorona;14;2;0;0;3;1;0;0;17;3;0;0;36554;2993;409;145;11465;4403;1685;1109;48019;7396;2094;1254
2022.01_13-10-2022;Краснодарский край;90_105_days;SputnikLite;118;5;0;0;86;18;3;1;204;23;3;1;36554;2993;409;145;11465;4403;1685;1109;48019;7396;2094;1254
2022.01_13-10-2022;Краснодарский край;90_105_days;SputnikV;408;26;2;0;98;32;12;7;506;58;14;7;36554;2993;409;145;11465;4403;1685;1109;48019;7396;2094;1254
2022.01_13-10-2022;Красноярский край;105_165_days;AllVaccines;5414;206;23;7;894;214;38;21;6308;420;61;28;24342;1680;218;74;7690;2982;920;660;32032;4662;1138;734
2022.01_13-10-2022;Красноярский край;105_165_days;CoviVac;125;6;0;0;17;2;0;0;142;8;0;0;24342;1680;218;74;7690;2982;920;660;32032;4662;1138;734
2022.01_13-10-2022;Красноярский край;105_165_days;EpiVacCorona;150;11;0;0;61;20;4;2;211;31;4;2;24342;1680;218;74;7690;2982;920;660;32032;4662;1138;734
2022.01_13-10-2022;Красноярский край;105_165_days;SputnikLite;1938;66;9;2;240;53;7;2;2178;119;16;4;24342;1680;218;74;7690;2982;920;660;32032;4662;1138;734
2022.01_13-10-2022;Красноярский край;105_165_days;SputnikV;3201;123;14;5;576;139;27;17;3777;262;41;22;24342;1680;218;74;7690;2982;920;660;32032;4662;1138;734
2022.01_13-10-2022;Красноярский край;165_195_days;AllVaccines;2375;90;5;0;502;110;21;11;2877;200;26;11;24342;1680;218;74;7690;2982;920;660;32032;4662;1138;734
2022.01_13-10-2022;Красноярский край;165_195_days;CoviVac;62;7;0;0;4;0;0;0;66;7;0;0;24342;1680;218;74;7690;2982;920;660;32032;4662;1138;734
2022.01_13-10-2022;Красноярский край;165_195_days;EpiVacCorona;114;4;0;0;36;8;3;2;150;12;3;2;24342;1680;218;74;7690;2982;920;660;32032;4662;1138;734
2022.01_13-10-2022;Красноярский край;165_195_days;SputnikLite;4;0;0;0;0;0;0;0;4;0;0;0;24342;1680;218;74;7690;2982;920;660;32032;4662;1138;734
2022.01_13-10-2022;Красноярский край;165_195_days;SputnikV;2195;79;5;0;462;102;18;9;2657;181;23;9;24342;1680;218;74;7690;2982;920;660;32032;4662;1138;734
2022.01_13-10-2022;Красноярский край;21_45_days;AllVaccines;1596;90;12;4;478;146;27;17;2074;236;39;21;24342;1680;218;74;7690;2982;920;660;32032;4662;1138;734
2022.01_13-10-2022;Красноярский край;21_45_days;CoviVac;33;2;0;0;12;5;1;1;45;7;1;1;24342;1680;218;74;7690;2982;920;660;32032;4662;1138;734
2022.01_13-10-2022;Красноярский край;21_45_days;EpiVacCorona;78;7;1;1;40;17;5;2;118;24;6;3;24342;1680;218;74;7690;2982;920;660;32032;4662;1138;734
2022.01_13-10-2022;Красноярский край;21_45_days;SputnikLite;386;25;4;1;154;47;9;8;540;72;13;9;24342;1680;218;74;7690;2982;920;660;32032;4662;1138;734
2022.01_13-10-2022;Красноярский край;21_45_days;SputnikV;1099;56;7;2;272;77;12;6;1371;133;19;8;24342;1680;218;74;7690;2982;920;660;32032;4662;1138;734
2022.01_13-10-2022;Красноярский край;45_75_days;AllVaccines;1385;57;5;1;499;138;16;10;1884;195;21;11;24342;1680;218;74;7690;2982;920;660;32032;4662;1138;734
2022.01_13-10-2022;Красноярский край;45_75_days;CoviVac;44;4;0;0;11;5;1;1;55;9;1;1;24342;1680;218;74;7690;2982;920;660;32032;4662;1138;734
2022.01_13-10-2022;Красноярский край;45_75_days;EpiVacCorona;65;3;0;0;38;14;3;3;103;17;3;3;24342;1680;218;74;7690;2982;920;660;32032;4662;1138;734
2022.01_13-10-2022;Красноярский край;45_75_days;SputnikLite;540;20;2;0;199;50;7;1;739;70;9;1;24342;1680;218;74;7690;2982;920;660;32032;4662;1138;734
2022.01_13-10-2022;Красноярский край;45_75_days;SputnikV;736;30;3;1;251;69;5;5;987;99;8;6;24342;1680;218;74;7690;2982;920;660;32032;4662;1138;734
2022.01_13-10-2022;Красноярский край;75_90_days;AllVaccines;645;36;5;2;200;53;6;5;845;89;11;7;24342;1680;218;74;7690;2982;920;660;32032;4662;1138;734
2022.01_13-10-2022;Красноярский край;75_90_days;CoviVac;5;1;0;0;1;0;0;0;6;1;0;0;24342;1680;218;74;7690;2982;920;660;32032;4662;1138;734
2022.01_13-10-2022;Красноярский край;75_90_days;EpiVacCorona;9;0;0;0;3;3;1;0;12;3;1;0;24342;1680;218;74;7690;2982;920;660;32032;4662;1138;734
2022.01_13-10-2022;Красноярский край;75_90_days;SputnikLite;488;31;5;2;145;32;2;2;633;63;7;4;24342;1680;218;74;7690;2982;920;660;32032;4662;1138;734
2022.01_13-10-2022;Красноярский край;75_90_days;SputnikV;143;4;0;0;51;18;3;3;194;22;3;3;24342;1680;218;74;7690;2982;920;660;32032;4662;1138;734
2022.01_13-10-2022;Красноярский край;90_105_days;AllVaccines;388;18;2;1;137;41;14;7;525;59;16;8;24342;1680;218;74;7690;2982;920;660;32032;4662;1138;734
2022.01_13-10-2022;Красноярский край;90_105_days;CoviVac;11;0;0;0;0;0;0;0;11;0;0;0;24342;1680;218;74;7690;2982;920;660;32032;4662;1138;734
2022.01_13-10-2022;Красноярский край;90_105_days;EpiVacCorona;2;0;0;0;1;1;0;0;3;1;0;0;24342;1680;218;74;7690;2982;920;660;32032;4662;1138;734
2022.01_13-10-2022;Красноярский край;90_105_days;SputnikLite;216;9;0;0;83;25;8;3;299;34;8;3;24342;1680;218;74;7690;2982;920;660;32032;4662;1138;734
2022.01_13-10-2022;Красноярский край;90_105_days;SputnikV;159;9;2;1;53;15;6;4;212;24;8;5;24342;1680;218;74;7690;2982;920;660;32032;4662;1138;734
2022.01_13-10-2022;Курганская область;105_165_days;AllVaccines;608;26;4;0;170;52;13;5;778;78;17;5;3376;225;44;4;1289;453;181;50;4665;678;225;54
2022.01_13-10-2022;Курганская область;105_165_days;CoviVac;11;1;0;0;0;0;0;0;11;1;0;0;3376;225;44;4;1289;453;181;50;4665;678;225;54
2022.01_13-10-2022;Курганская область;105_165_days;EpiVacCorona;2;0;0;0;1;1;1;0;3;1;1;0;3376;225;44;4;1289;453;181;50;4665;678;225;54
2022.01_13-10-2022;Курганская область;105_165_days;SputnikLite;123;4;1;0;73;25;6;2;196;29;7;2;3376;225;44;4;1289;453;181;50;4665;678;225;54
2022.01_13-10-2022;Курганская область;105_165_days;SputnikV;472;21;3;0;96;26;6;3;568;47;9;3;3376;225;44;4;1289;453;181;50;4665;678;225;54
2022.01_13-10-2022;Курганская область;165_195_days;AllVaccines;439;19;4;0;114;27;9;3;553;46;13;3;3376;225;44;4;1289;453;181;50;4665;678;225;54
2022.01_13-10-2022;Курганская область;165_195_days;CoviVac;5;0;0;0;2;0;0;0;7;0;0;0;3376;225;44;4;1289;453;181;50;4665;678;225;54
2022.01_13-10-2022;Курганская область;165_195_days;EpiVacCorona;31;4;1;0;18;4;1;1;49;8;2;1;3376;225;44;4;1289;453;181;50;4665;678;225;54
2022.01_13-10-2022;Курганская область;165_195_days;SputnikLite;1;0;0;0;0;0;0;0;1;0;0;0;3376;225;44;4;1289;453;181;50;4665;678;225;54
2022.01_13-10-2022;Курганская область;165_195_days;SputnikV;402;15;3;0;94;23;8;2;496;38;11;2;3376;225;44;4;1289;453;181;50;4665;678;225;54
2022.01_13-10-2022;Курганская область;21_45_days;AllVaccines;221;11;2;0;87;25;11;1;308;36;13;1;3376;225;44;4;1289;453;181;50;4665;678;225;54
2022.01_13-10-2022;Курганская область;21_45_days;CoviVac;4;1;0;0;1;0;0;0;5;1;0;0;3376;225;44;4;1289;453;181;50;4665;678;225;54
2022.01_13-10-2022;Курганская область;21_45_days;EpiVacCorona;1;0;0;0;1;0;0;0;2;0;0;0;3376;225;44;4;1289;453;181;50;4665;678;225;54
2022.01_13-10-2022;Курганская область;21_45_days;SputnikLite;73;0;0;0;40;14;7;0;113;14;7;0;3376;225;44;4;1289;453;181;50;4665;678;225;54
2022.01_13-10-2022;Курганская область;21_45_days;SputnikV;143;10;2;0;45;11;4;1;188;21;6;1;3376;225;44;4;1289;453;181;50;4665;678;225;54
2022.01_13-10-2022;Курганская область;45_75_days;AllVaccines;478;28;3;0;145;44;16;3;623;72;19;3;3376;225;44;4;1289;453;181;50;4665;678;225;54
2022.01_13-10-2022;Курганская область;45_75_days;CoviVac;11;2;0;0;2;0;0;0;13;2;0;0;3376;225;44;4;1289;453;181;50;4665;678;225;54
2022.01_13-10-2022;Курганская область;45_75_days;EpiVacCorona;10;3;2;0;0;0;0;0;10;3;2;0;3376;225;44;4;1289;453;181;50;4665;678;225;54
2022.01_13-10-2022;Курганская область;45_75_days;SputnikLite;71;5;0;0;67;21;9;1;138;26;9;1;3376;225;44;4;1289;453;181;50;4665;678;225;54
2022.01_13-10-2022;Курганская область;45_75_days;SputnikV;386;18;1;0;76;23;7;2;462;41;8;2;3376;225;44;4;1289;453;181;50;4665;678;225;54
2022.01_13-10-2022;Курганская область;75_90_days;AllVaccines;227;13;2;0;78;24;11;2;305;37;13;2;3376;225;44;4;1289;453;181;50;4665;678;225;54
2022.01_13-10-2022;Курганская область;75_90_days;CoviVac;2;0;0;0;0;0;0;0;2;0;0;0;3376;225;44;4;1289;453;181;50;4665;678;225;54
2022.01_13-10-2022;Курганская область;75_90_days;SputnikLite;172;9;0;0;58;18;7;1;230;27;7;1;3376;225;44;4;1289;453;181;50;4665;678;225;54
2022.01_13-10-2022;Курганская область;75_90_days;SputnikV;53;4;2;0;20;6;4;1;73;10;6;1;3376;225;44;4;1289;453;181;50;4665;678;225;54
2022.01_13-10-2022;Курганская область;90_105_days;AllVaccines;106;9;2;0;35;8;2;0;141;17;4;0;3376;225;44;4;1289;453;181;50;4665;678;225;54
2022.01_13-10-2022;Курганская область;90_105_days;CoviVac;2;0;0;0;0;0;0;0;2;0;0;0;3376;225;44;4;1289;453;181;50;4665;678;225;54
2022.01_13-10-2022;Курганская область;90_105_days;SputnikLite;62;9;2;0;27;7;1;0;89;16;3;0;3376;225;44;4;1289;453;181;50;4665;678;225;54
2022.01_13-10-2022;Курганская область;90_105_days;SputnikV;42;0;0;0;8;1;1;0;50;1;1;0;3376;225;44;4;1289;453;181;50;4665;678;225;54
2022.01_13-10-2022;Курская область;105_165_days;AllVaccines;1509;103;15;3;352;95;17;11;1861;198;32;14;6104;683;100;27;2655;1183;369;290;8759;1866;469;317
2022.01_13-10-2022;Курская область;105_165_days;CoviVac;41;6;0;0;12;5;1;0;53;11;1;0;6104;683;100;27;2655;1183;369;290;8759;1866;469;317
2022.01_13-10-2022;Курская область;105_165_days;EpiVacCorona;23;1;1;1;10;3;0;1;33;4;1;2;6104;683;100;27;2655;1183;369;290;8759;1866;469;317
2022.01_13-10-2022;Курская область;105_165_days;SputnikLite;338;21;5;2;122;33;6;6;460;54;11;8;6104;683;100;27;2655;1183;369;290;8759;1866;469;317
2022.01_13-10-2022;Курская область;105_165_days;SputnikV;1107;75;9;0;208;54;10;4;1315;129;19;4;6104;683;100;27;2655;1183;369;290;8759;1866;469;317
2022.01_13-10-2022;Курская область;165_195_days;AllVaccines;883;52;8;2;163;57;20;12;1046;109;28;14;6104;683;100;27;2655;1183;369;290;8759;1866;469;317
2022.01_13-10-2022;Курская область;165_195_days;CoviVac;10;0;0;0;2;0;0;0;12;0;0;0;6104;683;100;27;2655;1183;369;290;8759;1866;469;317
2022.01_13-10-2022;Курская область;165_195_days;EpiVacCorona;16;1;0;0;7;3;2;2;23;4;2;2;6104;683;100;27;2655;1183;369;290;8759;1866;469;317
2022.01_13-10-2022;Курская область;165_195_days;SputnikLite;3;1;0;0;0;0;0;0;3;1;0;0;6104;683;100;27;2655;1183;369;290;8759;1866;469;317
2022.01_13-10-2022;Курская область;165_195_days;SputnikV;854;50;8;2;154;54;18;10;1008;104;26;12;6104;683;100;27;2655;1183;369;290;8759;1866;469;317
2022.01_13-10-2022;Курская область;21_45_days;AllVaccines;382;31;4;0;132;42;13;7;514;73;17;7;6104;683;100;27;2655;1183;369;290;8759;1866;469;317
2022.01_13-10-2022;Курская область;21_45_days;CoviVac;22;2;1;0;4;0;0;0;26;2;1;0;6104;683;100;27;2655;1183;369;290;8759;1866;469;317
2022.01_13-10-2022;Курская область;21_45_days;EpiVacCorona;31;2;0;0;17;3;2;1;48;5;2;1;6104;683;100;27;2655;1183;369;290;8759;1866;469;317
2022.01_13-10-2022;Курская область;21_45_days;SputnikLite;160;14;2;0;41;12;3;1;201;26;5;1;6104;683;100;27;2655;1183;369;290;8759;1866;469;317
2022.01_13-10-2022;Курская область;21_45_days;SputnikV;169;13;1;0;70;27;8;5;239;40;9;5;6104;683;100;27;2655;1183;369;290;8759;1866;469;317
2022.01_13-10-2022;Курская область;45_75_days;AllVaccines;527;54;7;2;225;72;19;8;752;126;26;10;6104;683;100;27;2655;1183;369;290;8759;1866;469;317
2022.01_13-10-2022;Курская область;45_75_days;CoviVac;14;1;0;0;3;0;0;0;17;1;0;0;6104;683;100;27;2655;1183;369;290;8759;1866;469;317
2022.01_13-10-2022;Курская область;45_75_days;EpiVacCorona;24;2;0;0;11;3;1;0;35;5;1;0;6104;683;100;27;2655;1183;369;290;8759;1866;469;317
2022.01_13-10-2022;Курская область;45_75_days;SputnikLite;213;20;3;0;111;34;11;5;324;54;14;5;6104;683;100;27;2655;1183;369;290;8759;1866;469;317
2022.01_13-10-2022;Курская область;45_75_days;SputnikV;276;31;4;2;100;35;7;3;376;66;11;5;6104;683;100;27;2655;1183;369;290;8759;1866;469;317
2022.01_13-10-2022;Курская область;75_90_days;AllVaccines;184;12;2;1;104;27;7;7;288;39;9;8;6104;683;100;27;2655;1183;369;290;8759;1866;469;317
2022.01_13-10-2022;Курская область;75_90_days;CoviVac;3;1;0;0;0;0;0;0;3;1;0;0;6104;683;100;27;2655;1183;369;290;8759;1866;469;317
2022.01_13-10-2022;Курская область;75_90_days;EpiVacCorona;3;0;0;0;5;2;0;0;8;2;0;0;6104;683;100;27;2655;1183;369;290;8759;1866;469;317
2022.01_13-10-2022;Курская область;75_90_days;SputnikLite;126;8;1;0;78;19;5;5;204;27;6;5;6104;683;100;27;2655;1183;369;290;8759;1866;469;317
2022.01_13-10-2022;Курская область;75_90_days;SputnikV;52;3;1;1;21;6;2;2;73;9;3;3;6104;683;100;27;2655;1183;369;290;8759;1866;469;317
2022.01_13-10-2022;Курская область;90_105_days;AllVaccines;125;10;2;0;62;13;4;2;187;23;6;2;6104;683;100;27;2655;1183;369;290;8759;1866;469;317
2022.01_13-10-2022;Курская область;90_105_days;CoviVac;1;0;0;0;0;0;0;0;1;0;0;0;6104;683;100;27;2655;1183;369;290;8759;1866;469;317
2022.01_13-10-2022;Курская область;90_105_days;EpiVacCorona;0;0;0;0;1;1;0;0;1;1;0;0;6104;683;100;27;2655;1183;369;290;8759;1866;469;317
2022.01_13-10-2022;Курская область;90_105_days;SputnikLite;81;6;1;0;42;7;2;1;123;13;3;1;6104;683;100;27;2655;1183;369;290;8759;1866;469;317
2022.01_13-10-2022;Курская область;90_105_days;SputnikV;43;4;1;0;19;5;2;1;62;9;3;1;6104;683;100;27;2655;1183;369;290;8759;1866;469;317
2022.01_13-10-2022;Ленинградская область;105_165_days;AllVaccines;7182;144;12;10;1467;145;25;12;8649;289;37;22;40283;1139;149;72;11119;2210;554;517;51402;3349;703;589
2022.01_13-10-2022;Ленинградская область;105_165_days;CoviVac;285;9;1;0;31;4;1;1;316;13;2;1;40283;1139;149;72;11119;2210;554;517;51402;3349;703;589
2022.01_13-10-2022;Ленинградская область;105_165_days;EpiVacCorona;81;3;1;1;25;3;0;0;106;6;1;1;40283;1139;149;72;11119;2210;554;517;51402;3349;703;589
2022.01_13-10-2022;Ленинградская область;105_165_days;SputnikLite;1524;24;2;0;312;30;2;1;1836;54;4;1;40283;1139;149;72;11119;2210;554;517;51402;3349;703;589
2022.01_13-10-2022;Ленинградская область;105_165_days;SputnikV;5292;108;8;9;1099;108;22;10;6391;216;30;19;40283;1139;149;72;11119;2210;554;517;51402;3349;703;589
2022.01_13-10-2022;Ленинградская область;165_195_days;AllVaccines;4163;98;7;2;836;106;14;13;4999;204;21;15;40283;1139;149;72;11119;2210;554;517;51402;3349;703;589
2022.01_13-10-2022;Ленинградская область;165_195_days;CoviVac;133;4;0;0;15;1;1;1;148;5;1;1;40283;1139;149;72;11119;2210;554;517;51402;3349;703;589
2022.01_13-10-2022;Ленинградская область;165_195_days;EpiVacCorona;290;8;0;0;71;12;1;1;361;20;1;1;40283;1139;149;72;11119;2210;554;517;51402;3349;703;589
2022.01_13-10-2022;Ленинградская область;165_195_days;SputnikLite;27;1;0;0;9;0;0;0;36;1;0;0;40283;1139;149;72;11119;2210;554;517;51402;3349;703;589
2022.01_13-10-2022;Ленинградская область;165_195_days;SputnikV;3713;85;7;2;741;93;12;11;4454;178;19;13;40283;1139;149;72;11119;2210;554;517;51402;3349;703;589
2022.01_13-10-2022;Ленинградская область;21_45_days;AllVaccines;2464;68;10;2;773;106;18;13;3237;174;28;15;40283;1139;149;72;11119;2210;554;517;51402;3349;703;589
2022.01_13-10-2022;Ленинградская область;21_45_days;CoviVac;43;2;0;0;7;0;0;0;50;2;0;0;40283;1139;149;72;11119;2210;554;517;51402;3349;703;589
2022.01_13-10-2022;Ленинградская область;21_45_days;EpiVacCorona;106;3;0;0;25;5;1;0;131;8;1;0;40283;1139;149;72;11119;2210;554;517;51402;3349;703;589
2022.01_13-10-2022;Ленинградская область;21_45_days;SputnikLite;475;17;3;0;252;34;8;4;727;51;11;4;40283;1139;149;72;11119;2210;554;517;51402;3349;703;589
2022.01_13-10-2022;Ленинградская область;21_45_days;SputnikV;1840;46;7;2;489;67;9;9;2329;113;16;11;40283;1139;149;72;11119;2210;554;517;51402;3349;703;589
2022.01_13-10-2022;Ленинградская область;45_75_days;AllVaccines;2715;91;10;1;810;101;17;11;3525;192;27;12;40283;1139;149;72;11119;2210;554;517;51402;3349;703;589
2022.01_13-10-2022;Ленинградская область;45_75_days;CoviVac;98;2;0;0;8;1;1;0;106;3;1;0;40283;1139;149;72;11119;2210;554;517;51402;3349;703;589
2022.01_13-10-2022;Ленинградская область;45_75_days;EpiVacCorona;92;5;1;0;39;11;1;2;131;16;2;2;40283;1139;149;72;11119;2210;554;517;51402;3349;703;589
2022.01_13-10-2022;Ленинградская область;45_75_days;SputnikLite;728;24;1;0;306;34;6;3;1034;58;7;3;40283;1139;149;72;11119;2210;554;517;51402;3349;703;589
2022.01_13-10-2022;Ленинградская область;45_75_days;SputnikV;1797;60;8;1;457;55;9;6;2254;115;17;7;40283;1139;149;72;11119;2210;554;517;51402;3349;703;589
2022.01_13-10-2022;Ленинградская область;75_90_days;AllVaccines;1369;40;3;0;378;41;9;7;1747;81;12;7;40283;1139;149;72;11119;2210;554;517;51402;3349;703;589
2022.01_13-10-2022;Ленинградская область;75_90_days;CoviVac;31;2;0;0;12;2;0;0;43;4;0;0;40283;1139;149;72;11119;2210;554;517;51402;3349;703;589
2022.01_13-10-2022;Ленинградская область;75_90_days;EpiVacCorona;3;0;0;0;1;0;0;0;4;0;0;0;40283;1139;149;72;11119;2210;554;517;51402;3349;703;589
2022.01_13-10-2022;Ленинградская область;75_90_days;SputnikLite;991;29;3;0;272;28;7;5;1263;57;10;5;40283;1139;149;72;11119;2210;554;517;51402;3349;703;589
2022.01_13-10-2022;Ленинградская область;75_90_days;SputnikV;344;9;0;0;93;11;2;2;437;20;2;2;40283;1139;149;72;11119;2210;554;517;51402;3349;703;589
2022.01_13-10-2022;Ленинградская область;90_105_days;AllVaccines;715;17;1;0;214;25;6;4;929;42;7;4;40283;1139;149;72;11119;2210;554;517;51402;3349;703;589
2022.01_13-10-2022;Ленинградская область;90_105_days;CoviVac;29;1;0;0;5;0;0;0;34;1;0;0;40283;1139;149;72;11119;2210;554;517;51402;3349;703;589
2022.01_13-10-2022;Ленинградская область;90_105_days;EpiVacCorona;2;0;0;0;0;0;0;0;2;0;0;0;40283;1139;149;72;11119;2210;554;517;51402;3349;703;589
2022.01_13-10-2022;Ленинградская область;90_105_days;SputnikLite;332;7;0;0;134;18;4;3;466;25;4;3;40283;1139;149;72;11119;2210;554;517;51402;3349;703;589
2022.01_13-10-2022;Ленинградская область;90_105_days;SputnikV;352;9;1;0;75;7;2;1;427;16;3;1;40283;1139;149;72;11119;2210;554;517;51402;3349;703;589
2022.01_13-10-2022;Липецкая область;105_165_days;AllVaccines;2082;58;7;1;365;58;6;3;2447;116;13;4;8504;396;36;19;2997;753;193;159;11501;1149;229;178
2022.01_13-10-2022;Липецкая область;105_165_days;CoviVac;69;1;0;0;0;0;0;0;69;1;0;0;8504;396;36;19;2997;753;193;159;11501;1149;229;178
2022.01_13-10-2022;Липецкая область;105_165_days;EpiVacCorona;16;0;0;0;13;1;0;0;29;1;0;0;8504;396;36;19;2997;753;193;159;11501;1149;229;178
2022.01_13-10-2022;Липецкая область;105_165_days;SputnikLite;201;6;0;0;102;16;0;0;303;22;0;0;8504;396;36;19;2997;753;193;159;11501;1149;229;178
2022.01_13-10-2022;Липецкая область;105_165_days;SputnikV;1796;51;7;1;250;41;6;3;2046;92;13;4;8504;396;36;19;2997;753;193;159;11501;1149;229;178
2022.01_13-10-2022;Липецкая область;165_195_days;AllVaccines;1801;50;6;3;264;36;11;7;2065;86;17;10;8504;396;36;19;2997;753;193;159;11501;1149;229;178
2022.01_13-10-2022;Липецкая область;165_195_days;CoviVac;94;1;1;0;6;2;0;0;100;3;1;0;8504;396;36;19;2997;753;193;159;11501;1149;229;178
2022.01_13-10-2022;Липецкая область;165_195_days;EpiVacCorona;8;0;0;0;5;0;0;0;13;0;0;0;8504;396;36;19;2997;753;193;159;11501;1149;229;178
2022.01_13-10-2022;Липецкая область;165_195_days;SputnikLite;4;0;0;0;1;0;0;0;5;0;0;0;8504;396;36;19;2997;753;193;159;11501;1149;229;178
2022.01_13-10-2022;Липецкая область;165_195_days;SputnikV;1695;49;5;3;252;34;11;7;1947;83;16;10;8504;396;36;19;2997;753;193;159;11501;1149;229;178
2022.01_13-10-2022;Липецкая область;21_45_days;AllVaccines;550;25;2;1;184;29;6;5;734;54;8;6;8504;396;36;19;2997;753;193;159;11501;1149;229;178
2022.01_13-10-2022;Липецкая область;21_45_days;CoviVac;5;1;0;0;1;0;0;0;6;1;0;0;8504;396;36;19;2997;753;193;159;11501;1149;229;178
2022.01_13-10-2022;Липецкая область;21_45_days;EpiVacCorona;33;2;1;1;18;3;0;0;51;5;1;1;8504;396;36;19;2997;753;193;159;11501;1149;229;178
2022.01_13-10-2022;Липецкая область;21_45_days;SputnikLite;125;3;0;0;58;9;3;2;183;12;3;2;8504;396;36;19;2997;753;193;159;11501;1149;229;178
2022.01_13-10-2022;Липецкая область;21_45_days;SputnikV;387;19;1;0;107;17;3;3;494;36;4;3;8504;396;36;19;2997;753;193;159;11501;1149;229;178
2022.01_13-10-2022;Липецкая область;45_75_days;AllVaccines;1382;58;5;2;326;52;7;3;1708;110;12;5;8504;396;36;19;2997;753;193;159;11501;1149;229;178
2022.01_13-10-2022;Липецкая область;45_75_days;CoviVac;6;0;0;0;0;0;0;0;6;0;0;0;8504;396;36;19;2997;753;193;159;11501;1149;229;178
2022.01_13-10-2022;Липецкая область;45_75_days;EpiVacCorona;65;0;1;0;17;3;0;0;82;3;1;0;8504;396;36;19;2997;753;193;159;11501;1149;229;178
2022.01_13-10-2022;Липецкая область;45_75_days;SputnikLite;331;14;0;0;153;21;4;2;484;35;4;2;8504;396;36;19;2997;753;193;159;11501;1149;229;178
2022.01_13-10-2022;Липецкая область;45_75_days;SputnikV;980;44;4;2;156;28;3;1;1136;72;7;3;8504;396;36;19;2997;753;193;159;11501;1149;229;178
2022.01_13-10-2022;Липецкая область;75_90_days;AllVaccines;399;13;0;0;110;18;3;2;509;31;3;2;8504;396;36;19;2997;753;193;159;11501;1149;229;178
2022.01_13-10-2022;Липецкая область;75_90_days;CoviVac;7;0;0;0;1;0;0;0;8;0;0;0;8504;396;36;19;2997;753;193;159;11501;1149;229;178
2022.01_13-10-2022;Липецкая область;75_90_days;EpiVacCorona;5;0;0;0;0;0;0;0;5;0;0;0;8504;396;36;19;2997;753;193;159;11501;1149;229;178
2022.01_13-10-2022;Липецкая область;75_90_days;SputnikLite;200;6;0;0;74;15;2;1;274;21;2;1;8504;396;36;19;2997;753;193;159;11501;1149;229;178
2022.01_13-10-2022;Липецкая область;75_90_days;SputnikV;187;7;0;0;35;3;1;1;222;10;1;1;8504;396;36;19;2997;753;193;159;11501;1149;229;178
2022.01_13-10-2022;Липецкая область;90_105_days;AllVaccines;197;5;1;0;69;11;1;1;266;16;2;1;8504;396;36;19;2997;753;193;159;11501;1149;229;178
2022.01_13-10-2022;Липецкая область;90_105_days;CoviVac;8;0;0;0;1;0;0;0;9;0;0;0;8504;396;36;19;2997;753;193;159;11501;1149;229;178
2022.01_13-10-2022;Липецкая область;90_105_days;EpiVacCorona;1;0;0;0;1;0;0;0;2;0;0;0;8504;396;36;19;2997;753;193;159;11501;1149;229;178
2022.01_13-10-2022;Липецкая область;90_105_days;SputnikLite;100;4;1;0;51;11;1;1;151;15;2;1;8504;396;36;19;2997;753;193;159;11501;1149;229;178
2022.01_13-10-2022;Липецкая область;90_105_days;SputnikV;88;1;0;0;16;0;0;0;104;1;0;0;8504;396;36;19;2997;753;193;159;11501;1149;229;178
2022.01_13-10-2022;Магаданская область;105_165_days;AllVaccines;230;5;1;1;24;6;0;0;254;11;1;1;1378;43;6;3;300;89;23;9;1678;132;29;12
2022.01_13-10-2022;Магаданская область;105_165_days;CoviVac;9;0;0;0;0;0;0;0;9;0;0;0;1378;43;6;3;300;89;23;9;1678;132;29;12
2022.01_13-10-2022;Магаданская область;105_165_days;SputnikLite;85;2;0;0;13;2;0;0;98;4;0;0;1378;43;6;3;300;89;23;9;1678;132;29;12
2022.01_13-10-2022;Магаданская область;105_165_days;SputnikV;136;3;1;1;11;4;0;0;147;7;1;1;1378;43;6;3;300;89;23;9;1678;132;29;12
2022.01_13-10-2022;Магаданская область;165_195_days;AllVaccines;110;2;0;0;22;2;0;0;132;4;0;0;1378;43;6;3;300;89;23;9;1678;132;29;12
2022.01_13-10-2022;Магаданская область;165_195_days;CoviVac;10;1;0;0;5;1;0;0;15;2;0;0;1378;43;6;3;300;89;23;9;1678;132;29;12
2022.01_13-10-2022;Магаданская область;165_195_days;SputnikV;100;1;0;0;17;1;0;0;117;2;0;0;1378;43;6;3;300;89;23;9;1678;132;29;12
2022.01_13-10-2022;Магаданская область;21_45_days;AllVaccines;88;0;0;0;21;5;1;1;109;5;1;1;1378;43;6;3;300;89;23;9;1678;132;29;12
2022.01_13-10-2022;Магаданская область;21_45_days;CoviVac;1;0;0;0;0;0;0;0;1;0;0;0;1378;43;6;3;300;89;23;9;1678;132;29;12
2022.01_13-10-2022;Магаданская область;21_45_days;EpiVacCorona;15;0;0;0;3;1;1;1;18;1;1;1;1378;43;6;3;300;89;23;9;1678;132;29;12
2022.01_13-10-2022;Магаданская область;21_45_days;SputnikLite;34;0;0;0;13;4;0;0;47;4;0;0;1378;43;6;3;300;89;23;9;1678;132;29;12
2022.01_13-10-2022;Магаданская область;21_45_days;SputnikV;38;0;0;0;5;0;0;0;43;0;0;0;1378;43;6;3;300;89;23;9;1678;132;29;12
2022.01_13-10-2022;Магаданская область;45_75_days;AllVaccines;73;4;0;0;33;3;0;0;106;7;0;0;1378;43;6;3;300;89;23;9;1678;132;29;12
2022.01_13-10-2022;Магаданская область;45_75_days;CoviVac;1;0;0;0;0;0;0;0;1;0;0;0;1378;43;6;3;300;89;23;9;1678;132;29;12
2022.01_13-10-2022;Магаданская область;45_75_days;EpiVacCorona;3;0;0;0;2;0;0;0;5;0;0;0;1378;43;6;3;300;89;23;9;1678;132;29;12
2022.01_13-10-2022;Магаданская область;45_75_days;SputnikLite;52;2;0;0;25;3;0;0;77;5;0;0;1378;43;6;3;300;89;23;9;1678;132;29;12
2022.01_13-10-2022;Магаданская область;45_75_days;SputnikV;17;2;0;0;6;0;0;0;23;2;0;0;1378;43;6;3;300;89;23;9;1678;132;29;12
2022.01_13-10-2022;Магаданская область;75_90_days;AllVaccines;37;0;0;0;9;2;0;0;46;2;0;0;1378;43;6;3;300;89;23;9;1678;132;29;12
2022.01_13-10-2022;Магаданская область;75_90_days;SputnikLite;31;0;0;0;9;2;0;0;40;2;0;0;1378;43;6;3;300;89;23;9;1678;132;29;12
2022.01_13-10-2022;Магаданская область;75_90_days;SputnikV;6;0;0;0;0;0;0;0;6;0;0;0;1378;43;6;3;300;89;23;9;1678;132;29;12
2022.01_13-10-2022;Магаданская область;90_105_days;AllVaccines;27;1;0;0;3;0;0;0;30;1;0;0;1378;43;6;3;300;89;23;9;1678;132;29;12
2022.01_13-10-2022;Магаданская область;90_105_days;CoviVac;1;0;0;0;0;0;0;0;1;0;0;0;1378;43;6;3;300;89;23;9;1678;132;29;12
2022.01_13-10-2022;Магаданская область;90_105_days;SputnikLite;17;1;0;0;3;0;0;0;20;1;0;0;1378;43;6;3;300;89;23;9;1678;132;29;12
2022.01_13-10-2022;Магаданская область;90_105_days;SputnikV;9;0;0;0;0;0;0;0;9;0;0;0;1378;43;6;3;300;89;23;9;1678;132;29;12
2022.01_13-10-2022;Московская область;105_165_days;AllVaccines;24186;497;142;20;4733;437;168;41;28919;934;310;61;136858;4299;1016;168;37917;6584;2419;1273;174775;10883;3435;1441
2022.01_13-10-2022;Московская область;105_165_days;CoviVac;587;14;5;0;136;14;8;4;723;28;13;4;136858;4299;1016;168;37917;6584;2419;1273;174775;10883;3435;1441
2022.01_13-10-2022;Московская область;105_165_days;EpiVacCorona;226;8;0;0;108;19;8;3;334;27;8;3;136858;4299;1016;168;37917;6584;2419;1273;174775;10883;3435;1441
2022.01_13-10-2022;Московская область;105_165_days;SputnikLite;1085;27;7;1;638;58;22;4;1723;85;29;5;136858;4299;1016;168;37917;6584;2419;1273;174775;10883;3435;1441
2022.01_13-10-2022;Московская область;105_165_days;SputnikV;22288;448;130;19;3851;346;130;30;26139;794;260;49;136858;4299;1016;168;37917;6584;2419;1273;174775;10883;3435;1441
2022.01_13-10-2022;Московская область;165_195_days;AllVaccines;32766;675;201;18;4471;378;127;39;37237;1053;328;57;136858;4299;1016;168;37917;6584;2419;1273;174775;10883;3435;1441
2022.01_13-10-2022;Московская область;165_195_days;CoviVac;678;18;1;0;123;12;5;0;801;30;6;0;136858;4299;1016;168;37917;6584;2419;1273;174775;10883;3435;1441
2022.01_13-10-2022;Московская область;165_195_days;EpiVacCorona;549;17;6;2;140;18;10;3;689;35;16;5;136858;4299;1016;168;37917;6584;2419;1273;174775;10883;3435;1441
2022.01_13-10-2022;Московская область;165_195_days;SputnikLite;23;1;0;0;7;0;0;0;30;1;0;0;136858;4299;1016;168;37917;6584;2419;1273;174775;10883;3435;1441
2022.01_13-10-2022;Московская область;165_195_days;SputnikV;31516;639;194;16;4201;348;112;36;35717;987;306;52;136858;4299;1016;168;37917;6584;2419;1273;174775;10883;3435;1441
2022.01_13-10-2022;Московская область;21_45_days;AllVaccines;5095;122;41;6;1820;203;71;26;6915;325;112;32;136858;4299;1016;168;37917;6584;2419;1273;174775;10883;3435;1441
2022.01_13-10-2022;Московская область;21_45_days;CoviVac;126;4;2;0;55;10;2;1;181;14;4;1;136858;4299;1016;168;37917;6584;2419;1273;174775;10883;3435;1441
2022.01_13-10-2022;Московская область;21_45_days;EpiVacCorona;117;5;2;0;95;21;5;3;212;26;7;3;136858;4299;1016;168;37917;6584;2419;1273;174775;10883;3435;1441
2022.01_13-10-2022;Московская область;21_45_days;SputnikLite;1057;23;9;4;583;54;15;7;1640;77;24;11;136858;4299;1016;168;37917;6584;2419;1273;174775;10883;3435;1441
2022.01_13-10-2022;Московская область;21_45_days;SputnikV;3795;90;28;2;1087;118;49;15;4882;208;77;17;136858;4299;1016;168;37917;6584;2419;1273;174775;10883;3435;1441
2022.01_13-10-2022;Московская область;45_75_days;AllVaccines;7356;186;53;6;2729;234;97;25;10085;420;150;31;136858;4299;1016;168;37917;6584;2419;1273;174775;10883;3435;1441
2022.01_13-10-2022;Московская область;45_75_days;CoviVac;155;4;1;1;62;4;3;0;217;8;4;1;136858;4299;1016;168;37917;6584;2419;1273;174775;10883;3435;1441
2022.01_13-10-2022;Московская область;45_75_days;EpiVacCorona;152;4;0;0;105;20;10;3;257;24;10;3;136858;4299;1016;168;37917;6584;2419;1273;174775;10883;3435;1441
2022.01_13-10-2022;Московская область;45_75_days;SputnikLite;1587;34;9;3;939;71;22;7;2526;105;31;10;136858;4299;1016;168;37917;6584;2419;1273;174775;10883;3435;1441
2022.01_13-10-2022;Московская область;45_75_days;SputnikV;5462;144;43;2;1623;139;62;15;7085;283;105;17;136858;4299;1016;168;37917;6584;2419;1273;174775;10883;3435;1441
2022.01_13-10-2022;Московская область;75_90_days;AllVaccines;2611;57;19;2;952;89;32;13;3563;146;51;15;136858;4299;1016;168;37917;6584;2419;1273;174775;10883;3435;1441
2022.01_13-10-2022;Московская область;75_90_days;CoviVac;76;0;1;0;21;2;0;0;97;2;1;0;136858;4299;1016;168;37917;6584;2419;1273;174775;10883;3435;1441
2022.01_13-10-2022;Московская область;75_90_days;EpiVacCorona;24;1;0;0;10;0;0;0;34;1;0;0;136858;4299;1016;168;37917;6584;2419;1273;174775;10883;3435;1441
2022.01_13-10-2022;Московская область;75_90_days;SputnikLite;1038;22;8;0;631;55;20;10;1669;77;28;10;136858;4299;1016;168;37917;6584;2419;1273;174775;10883;3435;1441
2022.01_13-10-2022;Московская область;75_90_days;SputnikV;1473;34;10;2;290;32;12;3;1763;66;22;5;136858;4299;1016;168;37917;6584;2419;1273;174775;10883;3435;1441
2022.01_13-10-2022;Московская область;90_105_days;AllVaccines;1754;33;10;2;631;51;14;5;2385;84;24;7;136858;4299;1016;168;37917;6584;2419;1273;174775;10883;3435;1441
2022.01_13-10-2022;Московская область;90_105_days;CoviVac;66;1;0;0;28;2;1;1;94;3;1;1;136858;4299;1016;168;37917;6584;2419;1273;174775;10883;3435;1441
2022.01_13-10-2022;Московская область;90_105_days;EpiVacCorona;20;1;1;0;9;3;1;0;29;4;2;0;136858;4299;1016;168;37917;6584;2419;1273;174775;10883;3435;1441
2022.01_13-10-2022;Московская область;90_105_days;SputnikLite;416;9;3;1;345;29;5;2;761;38;8;3;136858;4299;1016;168;37917;6584;2419;1273;174775;10883;3435;1441
2022.01_13-10-2022;Московская область;90_105_days;SputnikV;1252;22;6;1;249;17;7;2;1501;39;13;3;136858;4299;1016;168;37917;6584;2419;1273;174775;10883;3435;1441
2022.01_13-10-2022;Мурманская область;105_165_days;AllVaccines;2235;95;6;1;308;53;5;1;2543;148;11;2;12089;751;60;28;2947;835;193;120;15036;1586;253;148
2022.01_13-10-2022;Мурманская область;105_165_days;CoviVac;42;2;0;0;2;0;0;0;44;2;0;0;12089;751;60;28;2947;835;193;120;15036;1586;253;148
2022.01_13-10-2022;Мурманская область;105_165_days;EpiVacCorona;18;2;0;0;4;2;1;0;22;4;1;0;12089;751;60;28;2947;835;193;120;15036;1586;253;148
2022.01_13-10-2022;Мурманская область;105_165_days;SputnikLite;853;35;2;0;111;18;0;0;964;53;2;0;12089;751;60;28;2947;835;193;120;15036;1586;253;148
2022.01_13-10-2022;Мурманская область;105_165_days;SputnikV;1322;56;4;1;191;33;4;1;1513;89;8;2;12089;751;60;28;2947;835;193;120;15036;1586;253;148
2022.01_13-10-2022;Мурманская область;165_195_days;AllVaccines;1121;54;0;0;172;38;5;5;1293;92;5;5;12089;751;60;28;2947;835;193;120;15036;1586;253;148
2022.01_13-10-2022;Мурманская область;165_195_days;CoviVac;25;1;0;0;6;0;0;0;31;1;0;0;12089;751;60;28;2947;835;193;120;15036;1586;253;148
2022.01_13-10-2022;Мурманская область;165_195_days;EpiVacCorona;4;0;0;0;0;0;0;0;4;0;0;0;12089;751;60;28;2947;835;193;120;15036;1586;253;148
2022.01_13-10-2022;Мурманская область;165_195_days;SputnikLite;5;0;0;0;0;0;0;0;5;0;0;0;12089;751;60;28;2947;835;193;120;15036;1586;253;148
2022.01_13-10-2022;Мурманская область;165_195_days;SputnikV;1087;53;0;0;166;38;5;5;1253;91;5;5;12089;751;60;28;2947;835;193;120;15036;1586;253;148
2022.01_13-10-2022;Мурманская область;21_45_days;AllVaccines;730;36;4;1;191;30;7;2;921;66;11;3;12089;751;60;28;2947;835;193;120;15036;1586;253;148
2022.01_13-10-2022;Мурманская область;21_45_days;CoviVac;31;0;0;0;1;0;0;0;32;0;0;0;12089;751;60;28;2947;835;193;120;15036;1586;253;148
2022.01_13-10-2022;Мурманская область;21_45_days;EpiVacCorona;59;5;0;0;14;3;1;0;73;8;1;0;12089;751;60;28;2947;835;193;120;15036;1586;253;148
2022.01_13-10-2022;Мурманская область;21_45_days;SputnikLite;318;16;2;0;85;12;3;1;403;28;5;1;12089;751;60;28;2947;835;193;120;15036;1586;253;148
2022.01_13-10-2022;Мурманская область;21_45_days;SputnikV;322;15;2;1;91;15;3;1;413;30;5;2;12089;751;60;28;2947;835;193;120;15036;1586;253;148
2022.01_13-10-2022;Мурманская область;45_75_days;AllVaccines;786;26;3;1;238;50;5;2;1024;76;8;3;12089;751;60;28;2947;835;193;120;15036;1586;253;148
2022.01_13-10-2022;Мурманская область;45_75_days;CoviVac;23;1;0;0;5;1;0;0;28;2;0;0;12089;751;60;28;2947;835;193;120;15036;1586;253;148
2022.01_13-10-2022;Мурманская область;45_75_days;EpiVacCorona;28;1;0;0;10;6;0;0;38;7;0;0;12089;751;60;28;2947;835;193;120;15036;1586;253;148
2022.01_13-10-2022;Мурманская область;45_75_days;SputnikLite;569;19;2;1;162;31;3;1;731;50;5;2;12089;751;60;28;2947;835;193;120;15036;1586;253;148
2022.01_13-10-2022;Мурманская область;45_75_days;SputnikV;166;5;1;0;61;12;2;1;227;17;3;1;12089;751;60;28;2947;835;193;120;15036;1586;253;148
2022.01_13-10-2022;Мурманская область;75_90_days;AllVaccines;276;9;1;1;75;11;1;1;351;20;2;2;12089;751;60;28;2947;835;193;120;15036;1586;253;148
2022.01_13-10-2022;Мурманская область;75_90_days;CoviVac;1;0;0;0;0;0;0;0;1;0;0;0;12089;751;60;28;2947;835;193;120;15036;1586;253;148
2022.01_13-10-2022;Мурманская область;75_90_days;EpiVacCorona;3;0;0;0;0;0;0;0;3;0;0;0;12089;751;60;28;2947;835;193;120;15036;1586;253;148
2022.01_13-10-2022;Мурманская область;75_90_days;SputnikLite;202;8;1;1;59;6;0;0;261;14;1;1;12089;751;60;28;2947;835;193;120;15036;1586;253;148
2022.01_13-10-2022;Мурманская область;75_90_days;SputnikV;70;1;0;0;16;5;1;1;86;6;1;1;12089;751;60;28;2947;835;193;120;15036;1586;253;148
2022.01_13-10-2022;Мурманская область;90_105_days;AllVaccines;198;5;1;0;74;11;0;0;272;16;1;0;12089;751;60;28;2947;835;193;120;15036;1586;253;148
2022.01_13-10-2022;Мурманская область;90_105_days;CoviVac;3;0;0;0;0;0;0;0;3;0;0;0;12089;751;60;28;2947;835;193;120;15036;1586;253;148
2022.01_13-10-2022;Мурманская область;90_105_days;EpiVacCorona;4;1;0;0;1;0;0;0;5;1;0;0;12089;751;60;28;2947;835;193;120;15036;1586;253;148
2022.01_13-10-2022;Мурманская область;90_105_days;SputnikLite;124;3;1;0;49;6;0;0;173;9;1;0;12089;751;60;28;2947;835;193;120;15036;1586;253;148
2022.01_13-10-2022;Мурманская область;90_105_days;SputnikV;67;1;0;0;24;5;0;0;91;6;0;0;12089;751;60;28;2947;835;193;120;15036;1586;253;148
2022.01_13-10-2022;Ненецкий автономный округ;105_165_days;AllVaccines;62;0;0;0;9;0;0;0;71;0;0;0;790;23;2;0;125;22;11;5;915;45;13;5
2022.01_13-10-2022;Ненецкий автономный округ;105_165_days;CoviVac;5;0;0;0;0;0;0;0;5;0;0;0;790;23;2;0;125;22;11;5;915;45;13;5
2022.01_13-10-2022;Ненецкий автономный округ;105_165_days;EpiVacCorona;11;0;0;0;1;0;0;0;12;0;0;0;790;23;2;0;125;22;11;5;915;45;13;5
2022.01_13-10-2022;Ненецкий автономный округ;105_165_days;SputnikLite;33;0;0;0;5;0;0;0;38;0;0;0;790;23;2;0;125;22;11;5;915;45;13;5
2022.01_13-10-2022;Ненецкий автономный округ;105_165_days;SputnikV;13;0;0;0;3;0;0;0;16;0;0;0;790;23;2;0;125;22;11;5;915;45;13;5
2022.01_13-10-2022;Ненецкий автономный округ;165_195_days;AllVaccines;84;1;0;0;11;0;0;0;95;1;0;0;790;23;2;0;125;22;11;5;915;45;13;5
2022.01_13-10-2022;Ненецкий автономный округ;165_195_days;CoviVac;14;0;0;0;0;0;0;0;14;0;0;0;790;23;2;0;125;22;11;5;915;45;13;5
2022.01_13-10-2022;Ненецкий автономный округ;165_195_days;EpiVacCorona;41;1;0;0;9;0;0;0;50;1;0;0;790;23;2;0;125;22;11;5;915;45;13;5
2022.01_13-10-2022;Ненецкий автономный округ;165_195_days;SputnikLite;2;0;0;0;1;0;0;0;3;0;0;0;790;23;2;0;125;22;11;5;915;45;13;5
2022.01_13-10-2022;Ненецкий автономный округ;165_195_days;SputnikV;27;0;0;0;1;0;0;0;28;0;0;0;790;23;2;0;125;22;11;5;915;45;13;5
2022.01_13-10-2022;Ненецкий автономный округ;21_45_days;AllVaccines;21;1;0;0;2;1;0;0;23;2;0;0;790;23;2;0;125;22;11;5;915;45;13;5
2022.01_13-10-2022;Ненецкий автономный округ;21_45_days;EpiVacCorona;4;1;0;0;1;0;0;0;5;1;0;0;790;23;2;0;125;22;11;5;915;45;13;5
2022.01_13-10-2022;Ненецкий автономный округ;21_45_days;SputnikLite;12;0;0;0;1;1;0;0;13;1;0;0;790;23;2;0;125;22;11;5;915;45;13;5
2022.01_13-10-2022;Ненецкий автономный округ;21_45_days;SputnikV;5;0;0;0;0;0;0;0;5;0;0;0;790;23;2;0;125;22;11;5;915;45;13;5
2022.01_13-10-2022;Ненецкий автономный округ;45_75_days;AllVaccines;51;1;0;0;7;1;1;0;58;2;1;0;790;23;2;0;125;22;11;5;915;45;13;5
2022.01_13-10-2022;Ненецкий автономный округ;45_75_days;EpiVacCorona;3;0;0;0;0;0;0;0;3;0;0;0;790;23;2;0;125;22;11;5;915;45;13;5
2022.01_13-10-2022;Ненецкий автономный округ;45_75_days;SputnikLite;36;1;0;0;5;1;1;0;41;2;1;0;790;23;2;0;125;22;11;5;915;45;13;5
2022.01_13-10-2022;Ненецкий автономный округ;45_75_days;SputnikV;12;0;0;0;2;0;0;0;14;0;0;0;790;23;2;0;125;22;11;5;915;45;13;5
2022.01_13-10-2022;Ненецкий автономный округ;75_90_days;AllVaccines;18;1;0;0;4;1;0;0;22;2;0;0;790;23;2;0;125;22;11;5;915;45;13;5
2022.01_13-10-2022;Ненецкий автономный округ;75_90_days;CoviVac;1;0;0;0;0;0;0;0;1;0;0;0;790;23;2;0;125;22;11;5;915;45;13;5
2022.01_13-10-2022;Ненецкий автономный округ;75_90_days;EpiVacCorona;1;0;0;0;0;0;0;0;1;0;0;0;790;23;2;0;125;22;11;5;915;45;13;5
2022.01_13-10-2022;Ненецкий автономный округ;75_90_days;SputnikLite;16;1;0;0;4;1;0;0;20;2;0;0;790;23;2;0;125;22;11;5;915;45;13;5
2022.01_13-10-2022;Ненецкий автономный округ;90_105_days;AllVaccines;4;0;0;0;3;0;0;0;7;0;0;0;790;23;2;0;125;22;11;5;915;45;13;5
2022.01_13-10-2022;Ненецкий автономный округ;90_105_days;SputnikLite;4;0;0;0;3;0;0;0;7;0;0;0;790;23;2;0;125;22;11;5;915;45;13;5
2022.01_13-10-2022;Нижегородская область;105_165_days;AllVaccines;10614;293;24;7;1958;255;32;20;12572;548;56;27;56369;2445;232;78;17230;4093;858;642;73599;6538;1090;720
2022.01_13-10-2022;Нижегородская область;105_165_days;CoviVac;365;19;1;1;48;8;0;0;413;27;1;1;56369;2445;232;78;17230;4093;858;642;73599;6538;1090;720
2022.01_13-10-2022;Нижегородская область;105_165_days;EpiVacCorona;377;17;2;0;95;19;3;3;472;36;5;3;56369;2445;232;78;17230;4093;858;642;73599;6538;1090;720
2022.01_13-10-2022;Нижегородская область;105_165_days;SputnikLite;3588;96;12;4;684;88;12;4;4272;184;24;8;56369;2445;232;78;17230;4093;858;642;73599;6538;1090;720
2022.01_13-10-2022;Нижегородская область;105_165_days;SputnikV;6284;161;9;2;1131;140;17;13;7415;301;26;15;56369;2445;232;78;17230;4093;858;642;73599;6538;1090;720
2022.01_13-10-2022;Нижегородская область;165_195_days;AllVaccines;7790;208;18;2;1147;166;18;13;8937;374;36;15;56369;2445;232;78;17230;4093;858;642;73599;6538;1090;720
2022.01_13-10-2022;Нижегородская область;165_195_days;CoviVac;609;29;3;0;70;14;2;1;679;43;5;1;56369;2445;232;78;17230;4093;858;642;73599;6538;1090;720
2022.01_13-10-2022;Нижегородская область;165_195_days;EpiVacCorona;216;4;1;0;42;7;2;0;258;11;3;0;56369;2445;232;78;17230;4093;858;642;73599;6538;1090;720
2022.01_13-10-2022;Нижегородская область;165_195_days;SputnikLite;540;15;1;1;46;3;0;0;586;18;1;1;56369;2445;232;78;17230;4093;858;642;73599;6538;1090;720
2022.01_13-10-2022;Нижегородская область;165_195_days;SputnikV;6425;160;13;1;989;142;14;12;7414;302;27;13;56369;2445;232;78;17230;4093;858;642;73599;6538;1090;720
2022.01_13-10-2022;Нижегородская область;21_45_days;AllVaccines;2769;91;12;0;1149;198;24;12;3918;289;36;12;56369;2445;232;78;17230;4093;858;642;73599;6538;1090;720
2022.01_13-10-2022;Нижегородская область;21_45_days;CoviVac;23;0;0;0;1;0;0;0;24;0;0;0;56369;2445;232;78;17230;4093;858;642;73599;6538;1090;720
2022.01_13-10-2022;Нижегородская область;21_45_days;EpiVacCorona;100;3;0;0;49;15;4;3;149;18;4;3;56369;2445;232;78;17230;4093;858;642;73599;6538;1090;720
2022.01_13-10-2022;Нижегородская область;21_45_days;SputnikLite;863;30;4;0;440;65;6;4;1303;95;10;4;56369;2445;232;78;17230;4093;858;642;73599;6538;1090;720
2022.01_13-10-2022;Нижегородская область;21_45_days;SputnikV;1783;58;8;0;659;118;14;5;2442;176;22;5;56369;2445;232;78;17230;4093;858;642;73599;6538;1090;720
2022.01_13-10-2022;Нижегородская область;45_75_days;AllVaccines;4240;152;10;4;1517;232;25;11;5757;384;35;15;56369;2445;232;78;17230;4093;858;642;73599;6538;1090;720
2022.01_13-10-2022;Нижегородская область;45_75_days;CoviVac;59;2;1;1;9;4;1;1;68;6;2;2;56369;2445;232;78;17230;4093;858;642;73599;6538;1090;720
2022.01_13-10-2022;Нижегородская область;45_75_days;EpiVacCorona;107;6;0;0;45;15;1;1;152;21;1;1;56369;2445;232;78;17230;4093;858;642;73599;6538;1090;720
2022.01_13-10-2022;Нижегородская область;45_75_days;SputnikLite;1168;42;5;1;656;94;9;3;1824;136;14;4;56369;2445;232;78;17230;4093;858;642;73599;6538;1090;720
2022.01_13-10-2022;Нижегородская область;45_75_days;SputnikV;2906;102;4;2;807;119;14;6;3713;221;18;8;56369;2445;232;78;17230;4093;858;642;73599;6538;1090;720
2022.01_13-10-2022;Нижегородская область;75_90_days;AllVaccines;2311;76;5;1;670;86;4;3;2981;162;9;4;56369;2445;232;78;17230;4093;858;642;73599;6538;1090;720
2022.01_13-10-2022;Нижегородская область;75_90_days;CoviVac;30;1;0;0;8;0;0;0;38;1;0;0;56369;2445;232;78;17230;4093;858;642;73599;6538;1090;720
2022.01_13-10-2022;Нижегородская область;75_90_days;EpiVacCorona;16;0;0;0;3;1;0;0;19;1;0;0;56369;2445;232;78;17230;4093;858;642;73599;6538;1090;720
2022.01_13-10-2022;Нижегородская область;75_90_days;SputnikLite;1814;57;4;1;531;66;2;3;2345;123;6;4;56369;2445;232;78;17230;4093;858;642;73599;6538;1090;720
2022.01_13-10-2022;Нижегородская область;75_90_days;SputnikV;451;18;1;0;128;19;2;0;579;37;3;0;56369;2445;232;78;17230;4093;858;642;73599;6538;1090;720
2022.01_13-10-2022;Нижегородская область;90_105_days;AllVaccines;1273;36;2;0;343;48;7;3;1616;84;9;3;56369;2445;232;78;17230;4093;858;642;73599;6538;1090;720
2022.01_13-10-2022;Нижегородская область;90_105_days;CoviVac;33;1;0;0;3;0;0;0;36;1;0;0;56369;2445;232;78;17230;4093;858;642;73599;6538;1090;720
2022.01_13-10-2022;Нижегородская область;90_105_days;EpiVacCorona;12;1;0;0;4;0;0;0;16;1;0;0;56369;2445;232;78;17230;4093;858;642;73599;6538;1090;720
2022.01_13-10-2022;Нижегородская область;90_105_days;SputnikLite;900;24;1;0;247;32;5;3;1147;56;6;3;56369;2445;232;78;17230;4093;858;642;73599;6538;1090;720
2022.01_13-10-2022;Нижегородская область;90_105_days;SputnikV;328;10;1;0;89;16;2;0;417;26;3;0;56369;2445;232;78;17230;4093;858;642;73599;6538;1090;720
2022.01_13-10-2022;Новгородская область;105_165_days;AllVaccines;1163;61;3;0;268;53;9;5;1431;114;12;5;6924;614;24;10;2476;919;160;151;9400;1533;184;161
2022.01_13-10-2022;Новгородская область;105_165_days;CoviVac;10;1;0;0;3;1;0;0;13;2;0;0;6924;614;24;10;2476;919;160;151;9400;1533;184;161
2022.01_13-10-2022;Новгородская область;105_165_days;EpiVacCorona;12;2;0;0;9;4;0;0;21;6;0;0;6924;614;24;10;2476;919;160;151;9400;1533;184;161
2022.01_13-10-2022;Новгородская область;105_165_days;SputnikLite;549;26;2;0;106;25;4;2;655;51;6;2;6924;614;24;10;2476;919;160;151;9400;1533;184;161
2022.01_13-10-2022;Новгородская область;105_165_days;SputnikV;592;32;1;0;150;23;5;3;742;55;6;3;6924;614;24;10;2476;919;160;151;9400;1533;184;161
2022.01_13-10-2022;Новгородская область;165_195_days;AllVaccines;638;34;0;0;150;30;3;2;788;64;3;2;6924;614;24;10;2476;919;160;151;9400;1533;184;161
2022.01_13-10-2022;Новгородская область;165_195_days;CoviVac;19;3;0;0;4;0;0;0;23;3;0;0;6924;614;24;10;2476;919;160;151;9400;1533;184;161
2022.01_13-10-2022;Новгородская область;165_195_days;SputnikLite;30;4;0;0;2;1;0;0;32;5;0;0;6924;614;24;10;2476;919;160;151;9400;1533;184;161
2022.01_13-10-2022;Новгородская область;165_195_days;SputnikV;589;27;0;0;144;29;3;2;733;56;3;2;6924;614;24;10;2476;919;160;151;9400;1533;184;161
2022.01_13-10-2022;Новгородская область;21_45_days;AllVaccines;361;20;0;0;130;30;3;2;491;50;3;2;6924;614;24;10;2476;919;160;151;9400;1533;184;161
2022.01_13-10-2022;Новгородская область;21_45_days;CoviVac;26;3;0;0;4;1;0;0;30;4;0;0;6924;614;24;10;2476;919;160;151;9400;1533;184;161
2022.01_13-10-2022;Новгородская область;21_45_days;EpiVacCorona;44;4;0;0;19;6;2;1;63;10;2;1;6924;614;24;10;2476;919;160;151;9400;1533;184;161
2022.01_13-10-2022;Новгородская область;21_45_days;SputnikLite;69;3;0;0;42;6;0;0;111;9;0;0;6924;614;24;10;2476;919;160;151;9400;1533;184;161
2022.01_13-10-2022;Новгородская область;21_45_days;SputnikV;222;10;0;0;65;17;1;1;287;27;1;1;6924;614;24;10;2476;919;160;151;9400;1533;184;161
2022.01_13-10-2022;Новгородская область;45_75_days;AllVaccines;453;31;1;0;160;33;2;2;613;64;3;2;6924;614;24;10;2476;919;160;151;9400;1533;184;161
2022.01_13-10-2022;Новгородская область;45_75_days;CoviVac;15;2;0;0;1;0;0;0;16;2;0;0;6924;614;24;10;2476;919;160;151;9400;1533;184;161
2022.01_13-10-2022;Новгородская область;45_75_days;EpiVacCorona;24;4;0;0;13;10;0;0;37;14;0;0;6924;614;24;10;2476;919;160;151;9400;1533;184;161
2022.01_13-10-2022;Новгородская область;45_75_days;SputnikLite;189;11;1;0;78;15;1;1;267;26;2;1;6924;614;24;10;2476;919;160;151;9400;1533;184;161
2022.01_13-10-2022;Новгородская область;45_75_days;SputnikV;225;14;0;0;68;8;1;1;293;22;1;1;6924;614;24;10;2476;919;160;151;9400;1533;184;161
2022.01_13-10-2022;Новгородская область;75_90_days;AllVaccines;304;16;1;0;108;29;5;2;412;45;6;2;6924;614;24;10;2476;919;160;151;9400;1533;184;161
2022.01_13-10-2022;Новгородская область;75_90_days;EpiVacCorona;4;0;0;0;0;0;0;0;4;0;0;0;6924;614;24;10;2476;919;160;151;9400;1533;184;161
2022.01_13-10-2022;Новгородская область;75_90_days;SputnikLite;279;15;1;0;95;25;3;2;374;40;4;2;6924;614;24;10;2476;919;160;151;9400;1533;184;161
2022.01_13-10-2022;Новгородская область;75_90_days;SputnikV;21;1;0;0;13;4;2;0;34;5;2;0;6924;614;24;10;2476;919;160;151;9400;1533;184;161
2022.01_13-10-2022;Новгородская область;90_105_days;AllVaccines;134;6;0;0;48;11;0;0;182;17;0;0;6924;614;24;10;2476;919;160;151;9400;1533;184;161
2022.01_13-10-2022;Новгородская область;90_105_days;SputnikLite;117;5;0;0;38;11;0;0;155;16;0;0;6924;614;24;10;2476;919;160;151;9400;1533;184;161
2022.01_13-10-2022;Новгородская область;90_105_days;SputnikV;17;1;0;0;10;0;0;0;27;1;0;0;6924;614;24;10;2476;919;160;151;9400;1533;184;161
2022.01_13-10-2022;Новосибирская область;105_165_days;AllVaccines;3505;94;12;2;769;144;28;13;4274;238;40;15;34650;1728;185;66;10097;3058;819;592;44747;4786;1004;658
2022.01_13-10-2022;Новосибирская область;105_165_days;CoviVac;118;7;0;0;18;4;1;0;136;11;1;0;34650;1728;185;66;10097;3058;819;592;44747;4786;1004;658
2022.01_13-10-2022;Новосибирская область;105_165_days;EpiVacCorona;182;12;2;1;77;30;8;5;259;42;10;6;34650;1728;185;66;10097;3058;819;592;44747;4786;1004;658
2022.01_13-10-2022;Новосибирская область;105_165_days;SputnikLite;922;24;3;0;203;32;7;2;1125;56;10;2;34650;1728;185;66;10097;3058;819;592;44747;4786;1004;658
2022.01_13-10-2022;Новосибирская область;105_165_days;SputnikV;2283;51;7;1;471;78;12;6;2754;129;19;7;34650;1728;185;66;10097;3058;819;592;44747;4786;1004;658
2022.01_13-10-2022;Новосибирская область;165_195_days;AllVaccines;3016;89;7;3;665;116;15;13;3681;205;22;16;34650;1728;185;66;10097;3058;819;592;44747;4786;1004;658
2022.01_13-10-2022;Новосибирская область;165_195_days;CoviVac;179;10;2;1;17;2;0;0;196;12;2;1;34650;1728;185;66;10097;3058;819;592;44747;4786;1004;658
2022.01_13-10-2022;Новосибирская область;165_195_days;EpiVacCorona;82;1;0;0;33;13;5;4;115;14;5;4;34650;1728;185;66;10097;3058;819;592;44747;4786;1004;658
2022.01_13-10-2022;Новосибирская область;165_195_days;SputnikLite;126;3;0;0;6;1;0;0;132;4;0;0;34650;1728;185;66;10097;3058;819;592;44747;4786;1004;658
2022.01_13-10-2022;Новосибирская область;165_195_days;SputnikV;2629;75;5;2;609;100;10;9;3238;175;15;11;34650;1728;185;66;10097;3058;819;592;44747;4786;1004;658
2022.01_13-10-2022;Новосибирская область;21_45_days;AllVaccines;2538;75;6;4;692;121;14;8;3230;196;20;12;34650;1728;185;66;10097;3058;819;592;44747;4786;1004;658
2022.01_13-10-2022;Новосибирская область;21_45_days;CoviVac;3;0;0;0;1;0;0;0;4;0;0;0;34650;1728;185;66;10097;3058;819;592;44747;4786;1004;658
2022.01_13-10-2022;Новосибирская область;21_45_days;EpiVacCorona;95;4;0;0;29;7;3;3;124;11;3;3;34650;1728;185;66;10097;3058;819;592;44747;4786;1004;658
2022.01_13-10-2022;Новосибирская область;21_45_days;SputnikLite;564;24;2;1;300;66;6;2;864;90;8;3;34650;1728;185;66;10097;3058;819;592;44747;4786;1004;658
2022.01_13-10-2022;Новосибирская область;21_45_days;SputnikV;1876;47;4;3;362;48;5;3;2238;95;9;6;34650;1728;185;66;10097;3058;819;592;44747;4786;1004;658
2022.01_13-10-2022;Новосибирская область;45_75_days;AllVaccines;2244;81;5;0;630;103;10;7;2874;184;15;7;34650;1728;185;66;10097;3058;819;592;44747;4786;1004;658
2022.01_13-10-2022;Новосибирская область;45_75_days;CoviVac;27;0;0;0;2;0;0;0;29;0;0;0;34650;1728;185;66;10097;3058;819;592;44747;4786;1004;658
2022.01_13-10-2022;Новосибирская область;45_75_days;EpiVacCorona;107;8;1;0;33;7;3;2;140;15;4;2;34650;1728;185;66;10097;3058;819;592;44747;4786;1004;658
2022.01_13-10-2022;Новосибирская область;45_75_days;SputnikLite;497;23;1;0;256;32;2;1;753;55;3;1;34650;1728;185;66;10097;3058;819;592;44747;4786;1004;658
2022.01_13-10-2022;Новосибирская область;45_75_days;SputnikV;1613;50;3;0;339;64;5;4;1952;114;8;4;34650;1728;185;66;10097;3058;819;592;44747;4786;1004;658
2022.01_13-10-2022;Новосибирская область;75_90_days;AllVaccines;1008;41;6;3;289;46;6;2;1297;87;12;5;34650;1728;185;66;10097;3058;819;592;44747;4786;1004;658
2022.01_13-10-2022;Новосибирская область;75_90_days;CoviVac;17;1;0;0;2;0;0;0;19;1;0;0;34650;1728;185;66;10097;3058;819;592;44747;4786;1004;658
2022.01_13-10-2022;Новосибирская область;75_90_days;EpiVacCorona;11;0;0;0;4;2;0;0;15;2;0;0;34650;1728;185;66;10097;3058;819;592;44747;4786;1004;658
2022.01_13-10-2022;Новосибирская область;75_90_days;SputnikLite;798;31;5;2;207;28;4;1;1005;59;9;3;34650;1728;185;66;10097;3058;819;592;44747;4786;1004;658
2022.01_13-10-2022;Новосибирская область;75_90_days;SputnikV;182;9;1;1;76;16;2;1;258;25;3;2;34650;1728;185;66;10097;3058;819;592;44747;4786;1004;658
2022.01_13-10-2022;Новосибирская область;90_105_days;AllVaccines;415;12;1;0;145;24;6;4;560;36;7;4;34650;1728;185;66;10097;3058;819;592;44747;4786;1004;658
2022.01_13-10-2022;Новосибирская область;90_105_days;CoviVac;16;1;0;0;3;0;0;0;19;1;0;0;34650;1728;185;66;10097;3058;819;592;44747;4786;1004;658
2022.01_13-10-2022;Новосибирская область;90_105_days;EpiVacCorona;6;0;0;0;1;0;0;0;7;0;0;0;34650;1728;185;66;10097;3058;819;592;44747;4786;1004;658
2022.01_13-10-2022;Новосибирская область;90_105_days;SputnikLite;224;4;0;0;96;16;3;2;320;20;3;2;34650;1728;185;66;10097;3058;819;592;44747;4786;1004;658
2022.01_13-10-2022;Новосибирская область;90_105_days;SputnikV;169;7;1;0;45;8;3;2;214;15;4;2;34650;1728;185;66;10097;3058;819;592;44747;4786;1004;658
2022.01_13-10-2022;Омская область;105_165_days;AllVaccines;4184;111;12;3;636;66;13;6;4820;177;25;9;16990;788;97;35;5256;1385;431;336;22246;2173;528;371
2022.01_13-10-2022;Омская область;105_165_days;CoviVac;116;4;0;0;13;4;1;0;129;8;1;0;16990;788;97;35;5256;1385;431;336;22246;2173;528;371
2022.01_13-10-2022;Омская область;105_165_days;EpiVacCorona;55;3;1;0;21;4;0;0;76;7;1;0;16990;788;97;35;5256;1385;431;336;22246;2173;528;371
2022.01_13-10-2022;Омская область;105_165_days;SputnikLite;930;24;3;1;133;7;1;1;1063;31;4;2;16990;788;97;35;5256;1385;431;336;22246;2173;528;371
2022.01_13-10-2022;Омская область;105_165_days;SputnikV;3083;80;8;2;469;51;11;5;3552;131;19;7;16990;788;97;35;5256;1385;431;336;22246;2173;528;371
2022.01_13-10-2022;Омская область;165_195_days;AllVaccines;2183;59;3;1;350;52;5;4;2533;111;8;5;16990;788;97;35;5256;1385;431;336;22246;2173;528;371
2022.01_13-10-2022;Омская область;165_195_days;CoviVac;71;3;0;0;11;3;0;0;82;6;0;0;16990;788;97;35;5256;1385;431;336;22246;2173;528;371
2022.01_13-10-2022;Омская область;165_195_days;EpiVacCorona;47;6;0;0;7;2;0;0;54;8;0;0;16990;788;97;35;5256;1385;431;336;22246;2173;528;371
2022.01_13-10-2022;Омская область;165_195_days;SputnikLite;41;0;0;0;2;1;0;0;43;1;0;0;16990;788;97;35;5256;1385;431;336;22246;2173;528;371
2022.01_13-10-2022;Омская область;165_195_days;SputnikV;2024;50;3;1;330;46;5;4;2354;96;8;5;16990;788;97;35;5256;1385;431;336;22246;2173;528;371
2022.01_13-10-2022;Омская область;21_45_days;AllVaccines;1324;51;3;1;366;63;10;8;1690;114;13;9;16990;788;97;35;5256;1385;431;336;22246;2173;528;371
2022.01_13-10-2022;Омская область;21_45_days;CoviVac;18;0;0;0;1;0;0;0;19;0;0;0;16990;788;97;35;5256;1385;431;336;22246;2173;528;371
2022.01_13-10-2022;Омская область;21_45_days;EpiVacCorona;34;2;0;0;16;5;1;2;50;7;1;2;16990;788;97;35;5256;1385;431;336;22246;2173;528;371
2022.01_13-10-2022;Омская область;21_45_days;SputnikLite;336;9;0;1;116;22;3;2;452;31;3;3;16990;788;97;35;5256;1385;431;336;22246;2173;528;371
2022.01_13-10-2022;Омская область;21_45_days;SputnikV;936;40;3;0;233;36;6;4;1169;76;9;4;16990;788;97;35;5256;1385;431;336;22246;2173;528;371
2022.01_13-10-2022;Омская область;45_75_days;AllVaccines;1342;55;7;1;338;60;10;10;1680;115;17;11;16990;788;97;35;5256;1385;431;336;22246;2173;528;371
2022.01_13-10-2022;Омская область;45_75_days;CoviVac;28;1;0;0;7;3;1;1;35;4;1;1;16990;788;97;35;5256;1385;431;336;22246;2173;528;371
2022.01_13-10-2022;Омская область;45_75_days;EpiVacCorona;40;1;0;0;11;4;0;1;51;5;0;1;16990;788;97;35;5256;1385;431;336;22246;2173;528;371
2022.01_13-10-2022;Омская область;45_75_days;SputnikLite;334;13;1;0;96;14;5;2;430;27;6;2;16990;788;97;35;5256;1385;431;336;22246;2173;528;371
2022.01_13-10-2022;Омская область;45_75_days;SputnikV;940;40;6;1;224;39;4;6;1164;79;10;7;16990;788;97;35;5256;1385;431;336;22246;2173;528;371
2022.01_13-10-2022;Омская область;75_90_days;AllVaccines;391;12;1;0;108;14;2;1;499;26;3;1;16990;788;97;35;5256;1385;431;336;22246;2173;528;371
2022.01_13-10-2022;Омская область;75_90_days;CoviVac;5;0;0;0;1;0;0;0;6;0;0;0;16990;788;97;35;5256;1385;431;336;22246;2173;528;371
2022.01_13-10-2022;Омская область;75_90_days;EpiVacCorona;3;0;0;0;1;1;0;0;4;1;0;0;16990;788;97;35;5256;1385;431;336;22246;2173;528;371
2022.01_13-10-2022;Омская область;75_90_days;SputnikLite;247;7;1;0;75;10;2;1;322;17;3;1;16990;788;97;35;5256;1385;431;336;22246;2173;528;371
2022.01_13-10-2022;Омская область;75_90_days;SputnikV;136;5;0;0;31;3;0;0;167;8;0;0;16990;788;97;35;5256;1385;431;336;22246;2173;528;371
2022.01_13-10-2022;Омская область;90_105_days;AllVaccines;229;11;0;0;75;7;1;1;304;18;1;1;16990;788;97;35;5256;1385;431;336;22246;2173;528;371
2022.01_13-10-2022;Омская область;90_105_days;CoviVac;5;0;0;0;1;0;0;0;6;0;0;0;16990;788;97;35;5256;1385;431;336;22246;2173;528;371
2022.01_13-10-2022;Омская область;90_105_days;EpiVacCorona;3;1;0;0;4;0;0;0;7;1;0;0;16990;788;97;35;5256;1385;431;336;22246;2173;528;371
2022.01_13-10-2022;Омская область;90_105_days;SputnikLite;109;5;0;0;39;5;1;1;148;10;1;1;16990;788;97;35;5256;1385;431;336;22246;2173;528;371
2022.01_13-10-2022;Омская область;90_105_days;SputnikV;112;5;0;0;31;2;0;0;143;7;0;0;16990;788;97;35;5256;1385;431;336;22246;2173;528;371
2022.01_13-10-2022;Оренбургская область;105_165_days;AllVaccines;2675;66;6;1;443;63;13;5;3118;129;19;6;12543;542;68;19;3294;808;240;124;15837;1350;308;143
2022.01_13-10-2022;Оренбургская область;105_165_days;CoviVac;33;0;0;0;4;0;0;0;37;0;0;0;12543;542;68;19;3294;808;240;124;15837;1350;308;143
2022.01_13-10-2022;Оренбургская область;105_165_days;EpiVacCorona;35;2;0;0;3;0;0;0;38;2;0;0;12543;542;68;19;3294;808;240;124;15837;1350;308;143
2022.01_13-10-2022;Оренбургская область;105_165_days;SputnikLite;258;4;1;0;105;15;1;0;363;19;2;0;12543;542;68;19;3294;808;240;124;15837;1350;308;143
2022.01_13-10-2022;Оренбургская область;105_165_days;SputnikV;2349;60;5;1;331;48;12;5;2680;108;17;6;12543;542;68;19;3294;808;240;124;15837;1350;308;143
2022.01_13-10-2022;Оренбургская область;165_195_days;AllVaccines;1958;48;1;0;275;48;8;4;2233;96;9;4;12543;542;68;19;3294;808;240;124;15837;1350;308;143
2022.01_13-10-2022;Оренбургская область;165_195_days;CoviVac;11;0;0;0;0;0;0;0;11;0;0;0;12543;542;68;19;3294;808;240;124;15837;1350;308;143
2022.01_13-10-2022;Оренбургская область;165_195_days;EpiVacCorona;4;1;0;0;2;2;0;0;6;3;0;0;12543;542;68;19;3294;808;240;124;15837;1350;308;143
2022.01_13-10-2022;Оренбургская область;165_195_days;SputnikLite;3;0;0;0;1;0;0;0;4;0;0;0;12543;542;68;19;3294;808;240;124;15837;1350;308;143
2022.01_13-10-2022;Оренбургская область;165_195_days;SputnikV;1940;47;1;0;272;46;8;4;2212;93;9;4;12543;542;68;19;3294;808;240;124;15837;1350;308;143
2022.01_13-10-2022;Оренбургская область;21_45_days;AllVaccines;648;18;2;0;211;36;8;2;859;54;10;2;12543;542;68;19;3294;808;240;124;15837;1350;308;143
2022.01_13-10-2022;Оренбургская область;21_45_days;CoviVac;12;0;0;0;1;0;0;0;13;0;0;0;12543;542;68;19;3294;808;240;124;15837;1350;308;143
2022.01_13-10-2022;Оренбургская область;21_45_days;EpiVacCorona;55;3;1;0;19;6;2;1;74;9;3;1;12543;542;68;19;3294;808;240;124;15837;1350;308;143
2022.01_13-10-2022;Оренбургская область;21_45_days;SputnikLite;231;6;0;0;83;14;3;0;314;20;3;0;12543;542;68;19;3294;808;240;124;15837;1350;308;143
2022.01_13-10-2022;Оренбургская область;21_45_days;SputnikV;350;9;1;0;108;16;3;1;458;25;4;1;12543;542;68;19;3294;808;240;124;15837;1350;308;143
2022.01_13-10-2022;Оренбургская область;45_75_days;AllVaccines;1253;49;4;2;409;49;11;4;1662;98;15;6;12543;542;68;19;3294;808;240;124;15837;1350;308;143
2022.01_13-10-2022;Оренбургская область;45_75_days;CoviVac;28;0;0;0;3;0;0;0;31;0;0;0;12543;542;68;19;3294;808;240;124;15837;1350;308;143
2022.01_13-10-2022;Оренбургская область;45_75_days;EpiVacCorona;63;4;1;0;17;7;2;0;80;11;3;0;12543;542;68;19;3294;808;240;124;15837;1350;308;143
2022.01_13-10-2022;Оренбургская область;45_75_days;SputnikLite;295;9;0;0;171;16;3;1;466;25;3;1;12543;542;68;19;3294;808;240;124;15837;1350;308;143
2022.01_13-10-2022;Оренбургская область;45_75_days;SputnikV;867;36;3;2;218;26;6;3;1085;62;9;5;12543;542;68;19;3294;808;240;124;15837;1350;308;143
2022.01_13-10-2022;Оренбургская область;75_90_days;AllVaccines;309;12;0;0;124;26;1;0;433;38;1;0;12543;542;68;19;3294;808;240;124;15837;1350;308;143
2022.01_13-10-2022;Оренбургская область;75_90_days;CoviVac;7;0;0;0;5;2;0;0;12;2;0;0;12543;542;68;19;3294;808;240;124;15837;1350;308;143
2022.01_13-10-2022;Оренбургская область;75_90_days;EpiVacCorona;3;0;0;0;3;1;0;0;6;1;0;0;12543;542;68;19;3294;808;240;124;15837;1350;308;143
2022.01_13-10-2022;Оренбургская область;75_90_days;SputnikLite;156;7;0;0;83;16;0;0;239;23;0;0;12543;542;68;19;3294;808;240;124;15837;1350;308;143
2022.01_13-10-2022;Оренбургская область;75_90_days;SputnikV;143;5;0;0;33;7;1;0;176;12;1;0;12543;542;68;19;3294;808;240;124;15837;1350;308;143
2022.01_13-10-2022;Оренбургская область;90_105_days;AllVaccines;233;6;1;0;76;12;5;2;309;18;6;2;12543;542;68;19;3294;808;240;124;15837;1350;308;143
2022.01_13-10-2022;Оренбургская область;90_105_days;CoviVac;8;0;0;0;4;2;0;0;12;2;0;0;12543;542;68;19;3294;808;240;124;15837;1350;308;143
2022.01_13-10-2022;Оренбургская область;90_105_days;EpiVacCorona;0;0;0;0;1;0;0;0;1;0;0;0;12543;542;68;19;3294;808;240;124;15837;1350;308;143
2022.01_13-10-2022;Оренбургская область;90_105_days;SputnikLite;75;3;0;0;47;7;4;1;122;10;4;1;12543;542;68;19;3294;808;240;124;15837;1350;308;143
2022.01_13-10-2022;Оренбургская область;90_105_days;SputnikV;150;3;1;0;24;3;1;1;174;6;2;1;12543;542;68;19;3294;808;240;124;15837;1350;308;143
2022.01_13-10-2022;Орловская область;105_165_days;AllVaccines;2570;92;17;2;526;89;34;7;3096;181;51;9;11837;807;182;31;4395;1411;662;303;16232;2218;844;334
2022.01_13-10-2022;Орловская область;105_165_days;EpiVacCorona;274;16;2;1;61;14;6;1;335;30;8;2;11837;807;182;31;4395;1411;662;303;16232;2218;844;334
2022.01_13-10-2022;Орловская область;105_165_days;SputnikLite;807;22;3;1;173;31;8;1;980;53;11;2;11837;807;182;31;4395;1411;662;303;16232;2218;844;334
2022.01_13-10-2022;Орловская область;105_165_days;SputnikV;1489;54;12;0;292;44;20;5;1781;98;32;5;11837;807;182;31;4395;1411;662;303;16232;2218;844;334
2022.01_13-10-2022;Орловская область;165_195_days;AllVaccines;1550;47;14;1;258;42;19;5;1808;89;33;6;11837;807;182;31;4395;1411;662;303;16232;2218;844;334
2022.01_13-10-2022;Орловская область;165_195_days;CoviVac;7;0;0;0;0;0;0;0;7;0;0;0;11837;807;182;31;4395;1411;662;303;16232;2218;844;334
2022.01_13-10-2022;Орловская область;165_195_days;EpiVacCorona;80;7;3;1;17;5;2;1;97;12;5;2;11837;807;182;31;4395;1411;662;303;16232;2218;844;334
2022.01_13-10-2022;Орловская область;165_195_days;SputnikLite;15;2;1;0;1;0;0;0;16;2;1;0;11837;807;182;31;4395;1411;662;303;16232;2218;844;334
2022.01_13-10-2022;Орловская область;165_195_days;SputnikV;1448;38;10;0;240;37;17;4;1688;75;27;4;11837;807;182;31;4395;1411;662;303;16232;2218;844;334
2022.01_13-10-2022;Орловская область;21_45_days;AllVaccines;951;55;11;1;325;62;22;11;1276;117;33;12;11837;807;182;31;4395;1411;662;303;16232;2218;844;334
2022.01_13-10-2022;Орловская область;21_45_days;CoviVac;50;0;0;0;6;1;0;0;56;1;0;0;11837;807;182;31;4395;1411;662;303;16232;2218;844;334
2022.01_13-10-2022;Орловская область;21_45_days;EpiVacCorona;13;2;0;0;9;3;0;0;22;5;0;0;11837;807;182;31;4395;1411;662;303;16232;2218;844;334
2022.01_13-10-2022;Орловская область;21_45_days;SputnikLite;145;8;2;0;130;24;9;7;275;32;11;7;11837;807;182;31;4395;1411;662;303;16232;2218;844;334
2022.01_13-10-2022;Орловская область;21_45_days;SputnikV;743;45;9;1;180;34;13;4;923;79;22;5;11837;807;182;31;4395;1411;662;303;16232;2218;844;334
2022.01_13-10-2022;Орловская область;45_75_days;AllVaccines;1066;56;7;1;328;57;15;6;1394;113;22;7;11837;807;182;31;4395;1411;662;303;16232;2218;844;334
2022.01_13-10-2022;Орловская область;45_75_days;CoviVac;44;3;0;0;5;1;0;0;49;4;0;0;11837;807;182;31;4395;1411;662;303;16232;2218;844;334
2022.01_13-10-2022;Орловская область;45_75_days;EpiVacCorona;13;0;0;0;8;3;0;0;21;3;0;0;11837;807;182;31;4395;1411;662;303;16232;2218;844;334
2022.01_13-10-2022;Орловская область;45_75_days;SputnikLite;335;13;2;0;151;28;8;3;486;41;10;3;11837;807;182;31;4395;1411;662;303;16232;2218;844;334
2022.01_13-10-2022;Орловская область;45_75_days;SputnikV;674;40;5;1;164;25;7;3;838;65;12;4;11837;807;182;31;4395;1411;662;303;16232;2218;844;334
2022.01_13-10-2022;Орловская область;75_90_days;AllVaccines;564;31;7;0;185;31;12;2;749;62;19;2;11837;807;182;31;4395;1411;662;303;16232;2218;844;334
2022.01_13-10-2022;Орловская область;75_90_days;CoviVac;1;0;0;0;0;0;0;0;1;0;0;0;11837;807;182;31;4395;1411;662;303;16232;2218;844;334
2022.01_13-10-2022;Орловская область;75_90_days;EpiVacCorona;2;0;0;0;2;2;2;0;4;2;2;0;11837;807;182;31;4395;1411;662;303;16232;2218;844;334
2022.01_13-10-2022;Орловская область;75_90_days;SputnikLite;491;27;6;0;153;24;6;1;644;51;12;1;11837;807;182;31;4395;1411;662;303;16232;2218;844;334
2022.01_13-10-2022;Орловская область;75_90_days;SputnikV;70;4;1;0;30;5;4;1;100;9;5;1;11837;807;182;31;4395;1411;662;303;16232;2218;844;334
2022.01_13-10-2022;Орловская область;90_105_days;AllVaccines;230;5;3;0;77;11;5;1;307;16;8;1;11837;807;182;31;4395;1411;662;303;16232;2218;844;334
2022.01_13-10-2022;Орловская область;90_105_days;EpiVacCorona;4;0;0;0;2;1;0;0;6;1;0;0;11837;807;182;31;4395;1411;662;303;16232;2218;844;334
2022.01_13-10-2022;Орловская область;90_105_days;SputnikLite;162;5;3;0;48;5;2;0;210;10;5;0;11837;807;182;31;4395;1411;662;303;16232;2218;844;334
2022.01_13-10-2022;Орловская область;90_105_days;SputnikV;64;0;0;0;27;5;3;1;91;5;3;1;11837;807;182;31;4395;1411;662;303;16232;2218;844;334
2022.01_13-10-2022;Пензенская область;105_165_days;AllVaccines;2895;119;8;3;731;203;37;28;3626;322;45;31;13105;693;60;16;4635;1486;277;202;17740;2179;337;218
2022.01_13-10-2022;Пензенская область;105_165_days;CoviVac;48;2;0;0;5;2;0;0;53;4;0;0;13105;693;60;16;4635;1486;277;202;17740;2179;337;218
2022.01_13-10-2022;Пензенская область;105_165_days;EpiVacCorona;78;2;0;0;34;9;2;2;112;11;2;2;13105;693;60;16;4635;1486;277;202;17740;2179;337;218
2022.01_13-10-2022;Пензенская область;105_165_days;SputnikLite;1361;57;2;1;262;75;14;12;1623;132;16;13;13105;693;60;16;4635;1486;277;202;17740;2179;337;218
2022.01_13-10-2022;Пензенская область;105_165_days;SputnikV;1408;58;6;2;430;117;21;14;1838;175;27;16;13105;693;60;16;4635;1486;277;202;17740;2179;337;218
2022.01_13-10-2022;Пензенская область;165_195_days;AllVaccines;1634;62;7;2;338;74;11;6;1972;136;18;8;13105;693;60;16;4635;1486;277;202;17740;2179;337;218
2022.01_13-10-2022;Пензенская область;165_195_days;CoviVac;30;1;0;0;2;0;0;0;32;1;0;0;13105;693;60;16;4635;1486;277;202;17740;2179;337;218
2022.01_13-10-2022;Пензенская область;165_195_days;EpiVacCorona;104;6;1;1;25;7;4;3;129;13;5;4;13105;693;60;16;4635;1486;277;202;17740;2179;337;218
2022.01_13-10-2022;Пензенская область;165_195_days;SputnikLite;19;0;0;0;4;0;0;0;23;0;0;0;13105;693;60;16;4635;1486;277;202;17740;2179;337;218
2022.01_13-10-2022;Пензенская область;165_195_days;SputnikV;1481;55;6;1;307;67;7;3;1788;122;13;4;13105;693;60;16;4635;1486;277;202;17740;2179;337;218
2022.01_13-10-2022;Пензенская область;21_45_days;AllVaccines;896;46;3;0;421;105;16;12;1317;151;19;12;13105;693;60;16;4635;1486;277;202;17740;2179;337;218
2022.01_13-10-2022;Пензенская область;21_45_days;CoviVac;16;1;0;0;9;0;0;0;25;1;0;0;13105;693;60;16;4635;1486;277;202;17740;2179;337;218
2022.01_13-10-2022;Пензенская область;21_45_days;EpiVacCorona;11;1;0;0;12;5;2;2;23;6;2;2;13105;693;60;16;4635;1486;277;202;17740;2179;337;218
2022.01_13-10-2022;Пензенская область;21_45_days;SputnikLite;249;18;2;0;128;34;8;5;377;52;10;5;13105;693;60;16;4635;1486;277;202;17740;2179;337;218
2022.01_13-10-2022;Пензенская область;21_45_days;SputnikV;620;26;1;0;272;66;6;5;892;92;7;5;13105;693;60;16;4635;1486;277;202;17740;2179;337;218
2022.01_13-10-2022;Пензенская область;45_75_days;AllVaccines;2259;79;2;1;570;138;14;9;2829;217;16;10;13105;693;60;16;4635;1486;277;202;17740;2179;337;218
2022.01_13-10-2022;Пензенская область;45_75_days;CoviVac;49;1;0;0;7;2;0;0;56;3;0;0;13105;693;60;16;4635;1486;277;202;17740;2179;337;218
2022.01_13-10-2022;Пензенская область;45_75_days;EpiVacCorona;67;0;0;0;13;3;0;0;80;3;0;0;13105;693;60;16;4635;1486;277;202;17740;2179;337;218
2022.01_13-10-2022;Пензенская область;45_75_days;SputnikLite;147;5;0;0;55;13;1;1;202;18;1;1;13105;693;60;16;4635;1486;277;202;17740;2179;337;218
2022.01_13-10-2022;Пензенская область;45_75_days;SputnikV;1996;73;2;1;495;120;13;8;2491;193;15;9;13105;693;60;16;4635;1486;277;202;17740;2179;337;218
2022.01_13-10-2022;Пензенская область;75_90_days;AllVaccines;286;15;1;0;94;35;4;4;380;50;5;4;13105;693;60;16;4635;1486;277;202;17740;2179;337;218
2022.01_13-10-2022;Пензенская область;75_90_days;CoviVac;3;0;0;0;1;0;0;0;4;0;0;0;13105;693;60;16;4635;1486;277;202;17740;2179;337;218
2022.01_13-10-2022;Пензенская область;75_90_days;EpiVacCorona;5;0;0;0;1;0;0;0;6;0;0;0;13105;693;60;16;4635;1486;277;202;17740;2179;337;218
2022.01_13-10-2022;Пензенская область;75_90_days;SputnikLite;139;6;0;0;11;3;0;0;150;9;0;0;13105;693;60;16;4635;1486;277;202;17740;2179;337;218
2022.01_13-10-2022;Пензенская область;75_90_days;SputnikV;139;9;1;0;81;32;4;4;220;41;5;4;13105;693;60;16;4635;1486;277;202;17740;2179;337;218
2022.01_13-10-2022;Пензенская область;90_105_days;AllVaccines;570;22;3;1;166;50;11;10;736;72;14;11;13105;693;60;16;4635;1486;277;202;17740;2179;337;218
2022.01_13-10-2022;Пензенская область;90_105_days;CoviVac;2;0;0;0;1;1;0;0;3;1;0;0;13105;693;60;16;4635;1486;277;202;17740;2179;337;218
2022.01_13-10-2022;Пензенская область;90_105_days;EpiVacCorona;2;0;0;0;2;0;0;0;4;0;0;0;13105;693;60;16;4635;1486;277;202;17740;2179;337;218
2022.01_13-10-2022;Пензенская область;90_105_days;SputnikLite;455;16;3;1;71;21;3;2;526;37;6;3;13105;693;60;16;4635;1486;277;202;17740;2179;337;218
2022.01_13-10-2022;Пензенская область;90_105_days;SputnikV;111;6;0;0;92;28;8;8;203;34;8;8;13105;693;60;16;4635;1486;277;202;17740;2179;337;218
2022.01_13-10-2022;Пермский край;105_165_days;AllVaccines;9054;177;12;2;1369;184;11;3;10423;361;23;5;41972;1376;82;31;10207;2286;431;304;52179;3662;513;335
2022.01_13-10-2022;Пермский край;105_165_days;CoviVac;234;10;1;0;29;2;0;0;263;12;1;0;41972;1376;82;31;10207;2286;431;304;52179;3662;513;335
2022.01_13-10-2022;Пермский край;105_165_days;EpiVacCorona;210;11;2;0;45;9;1;1;255;20;3;1;41972;1376;82;31;10207;2286;431;304;52179;3662;513;335
2022.01_13-10-2022;Пермский край;105_165_days;SputnikLite;2255;36;2;1;438;55;1;0;2693;91;3;1;41972;1376;82;31;10207;2286;431;304;52179;3662;513;335
2022.01_13-10-2022;Пермский край;105_165_days;SputnikV;6355;120;7;1;857;118;9;2;7212;238;16;3;41972;1376;82;31;10207;2286;431;304;52179;3662;513;335
2022.01_13-10-2022;Пермский край;165_195_days;AllVaccines;4065;91;1;0;621;109;10;4;4686;200;11;4;41972;1376;82;31;10207;2286;431;304;52179;3662;513;335
2022.01_13-10-2022;Пермский край;165_195_days;CoviVac;99;2;1;0;8;0;0;0;107;2;1;0;41972;1376;82;31;10207;2286;431;304;52179;3662;513;335
2022.01_13-10-2022;Пермский край;165_195_days;EpiVacCorona;265;16;0;0;73;20;0;0;338;36;0;0;41972;1376;82;31;10207;2286;431;304;52179;3662;513;335
2022.01_13-10-2022;Пермский край;165_195_days;SputnikLite;59;8;0;0;4;0;0;0;63;8;0;0;41972;1376;82;31;10207;2286;431;304;52179;3662;513;335
2022.01_13-10-2022;Пермский край;165_195_days;SputnikV;3642;65;0;0;536;89;10;4;4178;154;10;4;41972;1376;82;31;10207;2286;431;304;52179;3662;513;335
2022.01_13-10-2022;Пермский край;21_45_days;AllVaccines;2465;59;6;1;822;144;17;7;3287;203;23;8;41972;1376;82;31;10207;2286;431;304;52179;3662;513;335
2022.01_13-10-2022;Пермский край;21_45_days;CoviVac;50;0;0;0;10;1;0;0;60;1;0;0;41972;1376;82;31;10207;2286;431;304;52179;3662;513;335
2022.01_13-10-2022;Пермский край;21_45_days;EpiVacCorona;44;2;0;0;14;4;1;1;58;6;1;1;41972;1376;82;31;10207;2286;431;304;52179;3662;513;335
2022.01_13-10-2022;Пермский край;21_45_days;SputnikLite;615;14;1;0;387;81;9;4;1002;95;10;4;41972;1376;82;31;10207;2286;431;304;52179;3662;513;335
2022.01_13-10-2022;Пермский край;21_45_days;SputnikV;1756;43;5;1;411;58;7;2;2167;101;12;3;41972;1376;82;31;10207;2286;431;304;52179;3662;513;335
2022.01_13-10-2022;Пермский край;45_75_days;AllVaccines;3011;69;7;2;818;122;16;9;3829;191;23;11;41972;1376;82;31;10207;2286;431;304;52179;3662;513;335
2022.01_13-10-2022;Пермский край;45_75_days;CoviVac;73;6;0;0;7;2;0;0;80;8;0;0;41972;1376;82;31;10207;2286;431;304;52179;3662;513;335
2022.01_13-10-2022;Пермский край;45_75_days;EpiVacCorona;89;4;0;0;20;5;2;2;109;9;2;2;41972;1376;82;31;10207;2286;431;304;52179;3662;513;335
2022.01_13-10-2022;Пермский край;45_75_days;SputnikLite;557;5;0;0;299;42;3;2;856;47;3;2;41972;1376;82;31;10207;2286;431;304;52179;3662;513;335
2022.01_13-10-2022;Пермский край;45_75_days;SputnikV;2292;54;7;2;492;73;11;5;2784;127;18;7;41972;1376;82;31;10207;2286;431;304;52179;3662;513;335
2022.01_13-10-2022;Пермский край;75_90_days;AllVaccines;1239;26;1;0;303;46;3;3;1542;72;4;3;41972;1376;82;31;10207;2286;431;304;52179;3662;513;335
2022.01_13-10-2022;Пермский край;75_90_days;CoviVac;22;1;0;0;8;2;1;1;30;3;1;1;41972;1376;82;31;10207;2286;431;304;52179;3662;513;335
2022.01_13-10-2022;Пермский край;75_90_days;EpiVacCorona;14;0;0;0;2;1;1;1;16;1;1;1;41972;1376;82;31;10207;2286;431;304;52179;3662;513;335
2022.01_13-10-2022;Пермский край;75_90_days;SputnikLite;781;15;1;0;213;20;1;1;994;35;2;1;41972;1376;82;31;10207;2286;431;304;52179;3662;513;335
2022.01_13-10-2022;Пермский край;75_90_days;SputnikV;422;10;0;0;80;23;0;0;502;33;0;0;41972;1376;82;31;10207;2286;431;304;52179;3662;513;335
2022.01_13-10-2022;Пермский край;90_105_days;AllVaccines;857;21;2;0;207;38;6;3;1064;59;8;3;41972;1376;82;31;10207;2286;431;304;52179;3662;513;335
2022.01_13-10-2022;Пермский край;90_105_days;CoviVac;37;1;0;0;5;4;1;1;42;5;1;1;41972;1376;82;31;10207;2286;431;304;52179;3662;513;335
2022.01_13-10-2022;Пермский край;90_105_days;EpiVacCorona;15;0;0;0;2;1;0;0;17;1;0;0;41972;1376;82;31;10207;2286;431;304;52179;3662;513;335
2022.01_13-10-2022;Пермский край;90_105_days;SputnikLite;449;8;0;0;146;29;4;1;595;37;4;1;41972;1376;82;31;10207;2286;431;304;52179;3662;513;335
2022.01_13-10-2022;Пермский край;90_105_days;SputnikV;356;12;2;0;54;4;1;1;410;16;3;1;41972;1376;82;31;10207;2286;431;304;52179;3662;513;335
2022.01_13-10-2022;Приморский край;105_165_days;AllVaccines;947;85;9;0;280;109;26;11;1227;194;35;11;9295;1427;197;41;4792;2611;917;488;14087;4038;1114;529
2022.01_13-10-2022;Приморский край;105_165_days;CoviVac;16;2;0;0;5;4;2;2;21;6;2;2;9295;1427;197;41;4792;2611;917;488;14087;4038;1114;529
2022.01_13-10-2022;Приморский край;105_165_days;EpiVacCorona;37;1;0;0;16;11;6;4;53;12;6;4;9295;1427;197;41;4792;2611;917;488;14087;4038;1114;529
2022.01_13-10-2022;Приморский край;105_165_days;SputnikLite;151;13;1;0;78;27;8;2;229;40;9;2;9295;1427;197;41;4792;2611;917;488;14087;4038;1114;529
2022.01_13-10-2022;Приморский край;105_165_days;SputnikV;743;69;8;0;181;67;10;3;924;136;18;3;9295;1427;197;41;4792;2611;917;488;14087;4038;1114;529
2022.01_13-10-2022;Приморский край;165_195_days;AllVaccines;715;79;11;2;265;87;23;10;980;166;34;12;9295;1427;197;41;4792;2611;917;488;14087;4038;1114;529
2022.01_13-10-2022;Приморский край;165_195_days;CoviVac;8;1;0;0;1;0;0;0;9;1;0;0;9295;1427;197;41;4792;2611;917;488;14087;4038;1114;529
2022.01_13-10-2022;Приморский край;165_195_days;EpiVacCorona;50;9;2;0;27;16;6;4;77;25;8;4;9295;1427;197;41;4792;2611;917;488;14087;4038;1114;529
2022.01_13-10-2022;Приморский край;165_195_days;SputnikV;657;69;9;2;237;71;17;6;894;140;26;8;9295;1427;197;41;4792;2611;917;488;14087;4038;1114;529
2022.01_13-10-2022;Приморский край;21_45_days;AllVaccines;886;91;15;2;288;108;31;13;1174;199;46;15;9295;1427;197;41;4792;2611;917;488;14087;4038;1114;529
2022.01_13-10-2022;Приморский край;21_45_days;CoviVac;8;4;0;1;0;0;0;0;8;4;0;1;9295;1427;197;41;4792;2611;917;488;14087;4038;1114;529
2022.01_13-10-2022;Приморский край;21_45_days;EpiVacCorona;15;2;1;0;10;7;2;2;25;9;3;2;9295;1427;197;41;4792;2611;917;488;14087;4038;1114;529
2022.01_13-10-2022;Приморский край;21_45_days;SputnikLite;85;5;2;1;103;36;11;5;188;41;13;6;9295;1427;197;41;4792;2611;917;488;14087;4038;1114;529
2022.01_13-10-2022;Приморский край;21_45_days;SputnikV;778;80;12;0;175;65;18;6;953;145;30;6;9295;1427;197;41;4792;2611;917;488;14087;4038;1114;529
2022.01_13-10-2022;Приморский край;45_75_days;AllVaccines;1108;117;18;3;284;113;26;7;1392;230;44;10;9295;1427;197;41;4792;2611;917;488;14087;4038;1114;529
2022.01_13-10-2022;Приморский край;45_75_days;CoviVac;38;4;1;0;4;0;0;0;42;4;1;0;9295;1427;197;41;4792;2611;917;488;14087;4038;1114;529
2022.01_13-10-2022;Приморский край;45_75_days;EpiVacCorona;23;2;0;0;8;3;0;0;31;5;0;0;9295;1427;197;41;4792;2611;917;488;14087;4038;1114;529
2022.01_13-10-2022;Приморский край;45_75_days;SputnikLite;183;21;4;1;97;37;11;4;280;58;15;5;9295;1427;197;41;4792;2611;917;488;14087;4038;1114;529
2022.01_13-10-2022;Приморский край;45_75_days;SputnikV;864;90;13;2;175;73;15;3;1039;163;28;5;9295;1427;197;41;4792;2611;917;488;14087;4038;1114;529
2022.01_13-10-2022;Приморский край;75_90_days;AllVaccines;216;25;5;0;64;16;4;4;280;41;9;4;9295;1427;197;41;4792;2611;917;488;14087;4038;1114;529
2022.01_13-10-2022;Приморский край;75_90_days;CoviVac;7;1;0;0;0;0;0;0;7;1;0;0;9295;1427;197;41;4792;2611;917;488;14087;4038;1114;529
2022.01_13-10-2022;Приморский край;75_90_days;EpiVacCorona;5;2;0;0;2;2;0;0;7;4;0;0;9295;1427;197;41;4792;2611;917;488;14087;4038;1114;529
2022.01_13-10-2022;Приморский край;75_90_days;SputnikLite;146;13;3;0;47;9;4;4;193;22;7;4;9295;1427;197;41;4792;2611;917;488;14087;4038;1114;529
2022.01_13-10-2022;Приморский край;75_90_days;SputnikV;58;9;2;0;15;5;0;0;73;14;2;0;9295;1427;197;41;4792;2611;917;488;14087;4038;1114;529
2022.01_13-10-2022;Приморский край;90_105_days;AllVaccines;126;9;0;0;48;19;3;2;174;28;3;2;9295;1427;197;41;4792;2611;917;488;14087;4038;1114;529
2022.01_13-10-2022;Приморский край;90_105_days;CoviVac;6;0;0;0;0;0;0;0;6;0;0;0;9295;1427;197;41;4792;2611;917;488;14087;4038;1114;529
2022.01_13-10-2022;Приморский край;90_105_days;EpiVacCorona;6;0;0;0;1;1;0;0;7;1;0;0;9295;1427;197;41;4792;2611;917;488;14087;4038;1114;529
2022.01_13-10-2022;Приморский край;90_105_days;SputnikLite;59;5;0;0;29;10;2;1;88;15;2;1;9295;1427;197;41;4792;2611;917;488;14087;4038;1114;529
2022.01_13-10-2022;Приморский край;90_105_days;SputnikV;55;4;0;0;18;8;1;1;73;12;1;1;9295;1427;197;41;4792;2611;917;488;14087;4038;1114;529
2022.01_13-10-2022;Псковская область;105_165_days;AllVaccines;1046;42;1;0;260;42;5;5;1306;84;6;5;5372;345;35;30;2125;674;137;132;7497;1019;172;162
2022.01_13-10-2022;Псковская область;105_165_days;CoviVac;15;0;0;0;0;0;0;0;15;0;0;0;5372;345;35;30;2125;674;137;132;7497;1019;172;162
2022.01_13-10-2022;Псковская область;105_165_days;EpiVacCorona;177;11;0;0;40;9;0;1;217;20;0;1;5372;345;35;30;2125;674;137;132;7497;1019;172;162
2022.01_13-10-2022;Псковская область;105_165_days;SputnikLite;115;5;0;0;60;8;0;0;175;13;0;0;5372;345;35;30;2125;674;137;132;7497;1019;172;162
2022.01_13-10-2022;Псковская область;105_165_days;SputnikV;739;26;1;0;160;25;5;4;899;51;6;4;5372;345;35;30;2125;674;137;132;7497;1019;172;162
2022.01_13-10-2022;Псковская область;165_195_days;AllVaccines;582;23;3;2;153;30;3;1;735;53;6;3;5372;345;35;30;2125;674;137;132;7497;1019;172;162
2022.01_13-10-2022;Псковская область;165_195_days;CoviVac;34;2;0;0;8;1;0;0;42;3;0;0;5372;345;35;30;2125;674;137;132;7497;1019;172;162
2022.01_13-10-2022;Псковская область;165_195_days;EpiVacCorona;5;0;0;0;1;0;0;0;6;0;0;0;5372;345;35;30;2125;674;137;132;7497;1019;172;162
2022.01_13-10-2022;Псковская область;165_195_days;SputnikV;543;21;3;2;144;29;3;1;687;50;6;3;5372;345;35;30;2125;674;137;132;7497;1019;172;162
2022.01_13-10-2022;Псковская область;21_45_days;AllVaccines;267;18;3;0;100;18;2;3;367;36;5;3;5372;345;35;30;2125;674;137;132;7497;1019;172;162
2022.01_13-10-2022;Псковская область;21_45_days;CoviVac;9;0;0;0;3;0;0;0;12;0;0;0;5372;345;35;30;2125;674;137;132;7497;1019;172;162
2022.01_13-10-2022;Псковская область;21_45_days;EpiVacCorona;21;1;0;0;8;2;0;0;29;3;0;0;5372;345;35;30;2125;674;137;132;7497;1019;172;162
2022.01_13-10-2022;Псковская область;21_45_days;SputnikLite;67;3;1;0;41;7;0;2;108;10;1;2;5372;345;35;30;2125;674;137;132;7497;1019;172;162
2022.01_13-10-2022;Псковская область;21_45_days;SputnikV;170;14;2;0;48;9;2;1;218;23;4;1;5372;345;35;30;2125;674;137;132;7497;1019;172;162
2022.01_13-10-2022;Псковская область;45_75_days;AllVaccines;326;16;1;1;153;28;1;1;479;44;2;2;5372;345;35;30;2125;674;137;132;7497;1019;172;162
2022.01_13-10-2022;Псковская область;45_75_days;CoviVac;17;1;0;0;5;0;0;0;22;1;0;0;5372;345;35;30;2125;674;137;132;7497;1019;172;162
2022.01_13-10-2022;Псковская область;45_75_days;EpiVacCorona;15;0;0;0;10;3;0;0;25;3;0;0;5372;345;35;30;2125;674;137;132;7497;1019;172;162
2022.01_13-10-2022;Псковская область;45_75_days;SputnikLite;96;3;0;0;82;12;0;0;178;15;0;0;5372;345;35;30;2125;674;137;132;7497;1019;172;162
2022.01_13-10-2022;Псковская область;45_75_days;SputnikV;198;12;1;1;56;13;1;1;254;25;2;2;5372;345;35;30;2125;674;137;132;7497;1019;172;162
2022.01_13-10-2022;Псковская область;75_90_days;AllVaccines;133;4;0;0;65;15;6;5;198;19;6;5;5372;345;35;30;2125;674;137;132;7497;1019;172;162
2022.01_13-10-2022;Псковская область;75_90_days;EpiVacCorona;9;0;0;0;1;0;0;0;10;0;0;0;5372;345;35;30;2125;674;137;132;7497;1019;172;162
2022.01_13-10-2022;Псковская область;75_90_days;SputnikLite;71;2;0;0;48;12;4;3;119;14;4;3;5372;345;35;30;2125;674;137;132;7497;1019;172;162
2022.01_13-10-2022;Псковская область;75_90_days;SputnikV;53;2;0;0;16;3;2;2;69;5;2;2;5372;345;35;30;2125;674;137;132;7497;1019;172;162
2022.01_13-10-2022;Псковская область;90_105_days;AllVaccines;85;7;0;0;35;8;1;1;120;15;1;1;5372;345;35;30;2125;674;137;132;7497;1019;172;162
2022.01_13-10-2022;Псковская область;90_105_days;CoviVac;1;0;0;0;0;0;0;0;1;0;0;0;5372;345;35;30;2125;674;137;132;7497;1019;172;162
2022.01_13-10-2022;Псковская область;90_105_days;EpiVacCorona;9;1;0;0;3;2;0;1;12;3;0;1;5372;345;35;30;2125;674;137;132;7497;1019;172;162
2022.01_13-10-2022;Псковская область;90_105_days;SputnikLite;35;2;0;0;24;4;1;0;59;6;1;0;5372;345;35;30;2125;674;137;132;7497;1019;172;162
2022.01_13-10-2022;Псковская область;90_105_days;SputnikV;40;4;0;0;8;2;0;0;48;6;0;0;5372;345;35;30;2125;674;137;132;7497;1019;172;162
2022.01_13-10-2022;РФ;105_165_days;AllVaccines;334292;10394;1150;206;67257;8655;1823;789;401549;19049;2973;995;1909620;86975;11940;3089;563806;129795;39596;24992;2473426;216770;51536;28081
2022.01_13-10-2022;РФ;105_165_days;CoviVac;8438;272;30;3;1090;151;35;13;9528;423;65;16;1909620;86975;11940;3089;563806;129795;39596;24992;2473426;216770;51536;28081
2022.01_13-10-2022;РФ;105_165_days;EpiVacCorona;7282;374;40;10;2054;465;109;71;9336;839;149;81;1909620;86975;11940;3089;563806;129795;39596;24992;2473426;216770;51536;28081
2022.01_13-10-2022;РФ;105_165_days;SputnikLite;81178;2723;220;47;18875;2361;407;181;100053;5084;627;228;1909620;86975;11940;3089;563806;129795;39596;24992;2473426;216770;51536;28081
2022.01_13-10-2022;РФ;105_165_days;SputnikV;237394;7025;860;146;45238;5678;1272;524;282632;12703;2132;670;1909620;86975;11940;3089;563806;129795;39596;24992;2473426;216770;51536;28081
2022.01_13-10-2022;РФ;165_195_days;AllVaccines;274703;7395;1038;160;44478;5799;1230;540;319181;13194;2268;700;1909620;86975;11940;3089;563806;129795;39596;24992;2473426;216770;51536;28081
2022.01_13-10-2022;РФ;165_195_days;CoviVac;8579;297;57;5;965;124;25;6;9544;421;82;11;1909620;86975;11940;3089;563806;129795;39596;24992;2473426;216770;51536;28081
2022.01_13-10-2022;РФ;165_195_days;EpiVacCorona;10338;450;66;15;2533;481;150;80;12871;931;216;95;1909620;86975;11940;3089;563806;129795;39596;24992;2473426;216770;51536;28081
2022.01_13-10-2022;РФ;165_195_days;SputnikLite;4956;144;15;2;685;39;8;2;5641;183;23;4;1909620;86975;11940;3089;563806;129795;39596;24992;2473426;216770;51536;28081
2022.01_13-10-2022;РФ;165_195_days;SputnikV;250830;6504;900;138;40295;5155;1047;452;291125;11659;1947;590;1909620;86975;11940;3089;563806;129795;39596;24992;2473426;216770;51536;28081
2022.01_13-10-2022;РФ;21_45_days;AllVaccines;102844;4033;430;73;35040;5821;1135;563;137884;9854;1565;636;1909620;86975;11940;3089;563806;129795;39596;24992;2473426;216770;51536;28081
2022.01_13-10-2022;РФ;21_45_days;CoviVac;2656;66;9;1;515;86;16;5;3171;152;25;6;1909620;86975;11940;3089;563806;129795;39596;24992;2473426;216770;51536;28081
2022.01_13-10-2022;РФ;21_45_days;EpiVacCorona;3392;213;18;5;1395;417;100;60;4787;630;118;65;1909620;86975;11940;3089;563806;129795;39596;24992;2473426;216770;51536;28081
2022.01_13-10-2022;РФ;21_45_days;SputnikLite;29497;1095;107;23;13770;2140;403;198;43267;3235;510;221;1909620;86975;11940;3089;563806;129795;39596;24992;2473426;216770;51536;28081
2022.01_13-10-2022;РФ;21_45_days;SputnikV;67299;2659;296;44;19360;3178;616;300;86659;5837;912;344;1909620;86975;11940;3089;563806;129795;39596;24992;2473426;216770;51536;28081
2022.01_13-10-2022;РФ;45_75_days;AllVaccines;137350;5260;544;115;46346;6816;1321;607;183696;12076;1865;722;1909620;86975;11940;3089;563806;129795;39596;24992;2473426;216770;51536;28081
2022.01_13-10-2022;РФ;45_75_days;CoviVac;3950;144;16;3;722;120;26;12;4672;264;42;15;1909620;86975;11940;3089;563806;129795;39596;24992;2473426;216770;51536;28081
2022.01_13-10-2022;РФ;45_75_days;EpiVacCorona;4393;293;33;5;1629;495;99;59;6022;788;132;64;1909620;86975;11940;3089;563806;129795;39596;24992;2473426;216770;51536;28081
2022.01_13-10-2022;РФ;45_75_days;SputnikLite;41309;1459;140;26;18682;2386;412;186;59991;3845;552;212;1909620;86975;11940;3089;563806;129795;39596;24992;2473426;216770;51536;28081
2022.01_13-10-2022;РФ;45_75_days;SputnikV;87698;3364;355;81;25313;3815;784;350;113011;7179;1139;431;1909620;86975;11940;3089;563806;129795;39596;24992;2473426;216770;51536;28081
2022.01_13-10-2022;РФ;75_90_days;AllVaccines;52039;1966;204;48;17519;2499;449;216;69558;4465;653;264;1909620;86975;11940;3089;563806;129795;39596;24992;2473426;216770;51536;28081
2022.01_13-10-2022;РФ;75_90_days;CoviVac;873;28;3;0;173;26;5;3;1046;54;8;3;1909620;86975;11940;3089;563806;129795;39596;24992;2473426;216770;51536;28081
2022.01_13-10-2022;РФ;75_90_days;EpiVacCorona;514;21;6;2;210;59;13;8;724;80;19;10;1909620;86975;11940;3089;563806;129795;39596;24992;2473426;216770;51536;28081
2022.01_13-10-2022;РФ;75_90_days;SputnikLite;35385;1330;124;32;12420;1674;268;124;47805;3004;392;156;1909620;86975;11940;3089;563806;129795;39596;24992;2473426;216770;51536;28081
2022.01_13-10-2022;РФ;75_90_days;SputnikV;15267;587;71;14;4716;740;163;81;19983;1327;234;95;1909620;86975;11940;3089;563806;129795;39596;24992;2473426;216770;51536;28081
2022.01_13-10-2022;РФ;90_105_days;AllVaccines;33274;1089;113;20;11461;1649;351;164;44735;2738;464;184;1909620;86975;11940;3089;563806;129795;39596;24992;2473426;216770;51536;28081
2022.01_13-10-2022;РФ;90_105_days;CoviVac;901;14;5;2;140;23;5;3;1041;37;10;5;1909620;86975;11940;3089;563806;129795;39596;24992;2473426;216770;51536;28081
2022.01_13-10-2022;РФ;90_105_days;EpiVacCorona;337;18;4;0;144;35;9;6;481;53;13;6;1909620;86975;11940;3089;563806;129795;39596;24992;2473426;216770;51536;28081
2022.01_13-10-2022;РФ;90_105_days;SputnikLite;19266;653;56;13;7384;1042;199;85;26650;1695;255;98;1909620;86975;11940;3089;563806;129795;39596;24992;2473426;216770;51536;28081
2022.01_13-10-2022;РФ;90_105_days;SputnikV;12770;404;48;5;3793;549;138;70;16563;953;186;75;1909620;86975;11940;3089;563806;129795;39596;24992;2473426;216770;51536;28081
2022.01_13-10-2022;Республика Адыгея;105_165_days;AllVaccines;905;60;9;3;222;65;8;6;1127;125;17;9;5112;454;38;13;1959;712;146;114;7071;1166;184;127
2022.01_13-10-2022;Республика Адыгея;105_165_days;CoviVac;1;0;0;0;0;0;0;0;1;0;0;0;5112;454;38;13;1959;712;146;114;7071;1166;184;127
2022.01_13-10-2022;Республика Адыгея;105_165_days;EpiVacCorona;19;1;0;0;10;8;2;1;29;9;2;1;5112;454;38;13;1959;712;146;114;7071;1166;184;127
2022.01_13-10-2022;Республика Адыгея;105_165_days;SputnikLite;141;4;0;0;66;16;3;3;207;20;3;3;5112;454;38;13;1959;712;146;114;7071;1166;184;127
2022.01_13-10-2022;Республика Адыгея;105_165_days;SputnikV;744;55;9;3;146;41;3;2;890;96;12;5;5112;454;38;13;1959;712;146;114;7071;1166;184;127
2022.01_13-10-2022;Республика Адыгея;165_195_days;AllVaccines;657;48;9;2;139;38;7;4;796;86;16;6;5112;454;38;13;1959;712;146;114;7071;1166;184;127
2022.01_13-10-2022;Республика Адыгея;165_195_days;CoviVac;5;0;0;0;0;0;0;0;5;0;0;0;5112;454;38;13;1959;712;146;114;7071;1166;184;127
2022.01_13-10-2022;Республика Адыгея;165_195_days;EpiVacCorona;41;6;1;1;8;2;0;0;49;8;1;1;5112;454;38;13;1959;712;146;114;7071;1166;184;127
2022.01_13-10-2022;Республика Адыгея;165_195_days;SputnikLite;9;1;0;0;5;0;0;0;14;1;0;0;5112;454;38;13;1959;712;146;114;7071;1166;184;127
2022.01_13-10-2022;Республика Адыгея;165_195_days;SputnikV;602;41;8;1;126;36;7;4;728;77;15;5;5112;454;38;13;1959;712;146;114;7071;1166;184;127
2022.01_13-10-2022;Республика Адыгея;21_45_days;AllVaccines;187;11;2;1;99;27;4;3;286;38;6;4;5112;454;38;13;1959;712;146;114;7071;1166;184;127
2022.01_13-10-2022;Республика Адыгея;21_45_days;CoviVac;6;0;0;0;5;1;0;0;11;1;0;0;5112;454;38;13;1959;712;146;114;7071;1166;184;127
2022.01_13-10-2022;Республика Адыгея;21_45_days;EpiVacCorona;10;1;1;1;5;3;0;0;15;4;1;1;5112;454;38;13;1959;712;146;114;7071;1166;184;127
2022.01_13-10-2022;Республика Адыгея;21_45_days;SputnikLite;77;6;1;0;42;12;2;2;119;18;3;2;5112;454;38;13;1959;712;146;114;7071;1166;184;127
2022.01_13-10-2022;Республика Адыгея;21_45_days;SputnikV;94;4;0;0;47;11;2;1;141;15;2;1;5112;454;38;13;1959;712;146;114;7071;1166;184;127
2022.01_13-10-2022;Республика Адыгея;45_75_days;AllVaccines;360;34;7;0;135;33;8;5;495;67;15;5;5112;454;38;13;1959;712;146;114;7071;1166;184;127
2022.01_13-10-2022;Республика Адыгея;45_75_days;CoviVac;15;3;1;0;3;0;0;0;18;3;1;0;5112;454;38;13;1959;712;146;114;7071;1166;184;127
2022.01_13-10-2022;Республика Адыгея;45_75_days;EpiVacCorona;24;9;2;0;7;4;0;0;31;13;2;0;5112;454;38;13;1959;712;146;114;7071;1166;184;127
2022.01_13-10-2022;Республика Адыгея;45_75_days;SputnikLite;143;10;2;0;62;11;3;2;205;21;5;2;5112;454;38;13;1959;712;146;114;7071;1166;184;127
2022.01_13-10-2022;Республика Адыгея;45_75_days;SputnikV;178;12;2;0;63;18;5;3;241;30;7;3;5112;454;38;13;1959;712;146;114;7071;1166;184;127
2022.01_13-10-2022;Республика Адыгея;75_90_days;AllVaccines;282;20;2;1;83;24;4;3;365;44;6;4;5112;454;38;13;1959;712;146;114;7071;1166;184;127
2022.01_13-10-2022;Республика Адыгея;75_90_days;CoviVac;4;0;0;0;0;0;0;0;4;0;0;0;5112;454;38;13;1959;712;146;114;7071;1166;184;127
2022.01_13-10-2022;Республика Адыгея;75_90_days;EpiVacCorona;2;0;0;0;3;3;0;0;5;3;0;0;5112;454;38;13;1959;712;146;114;7071;1166;184;127
2022.01_13-10-2022;Республика Адыгея;75_90_days;SputnikLite;252;19;2;1;68;15;3;2;320;34;5;3;5112;454;38;13;1959;712;146;114;7071;1166;184;127
2022.01_13-10-2022;Республика Адыгея;75_90_days;SputnikV;24;1;0;0;12;6;1;1;36;7;1;1;5112;454;38;13;1959;712;146;114;7071;1166;184;127
2022.01_13-10-2022;Республика Адыгея;90_105_days;AllVaccines;98;10;0;0;36;12;3;2;134;22;3;2;5112;454;38;13;1959;712;146;114;7071;1166;184;127
2022.01_13-10-2022;Республика Адыгея;90_105_days;CoviVac;2;0;0;0;0;0;0;0;2;0;0;0;5112;454;38;13;1959;712;146;114;7071;1166;184;127
2022.01_13-10-2022;Республика Адыгея;90_105_days;EpiVacCorona;1;1;0;0;0;0;0;0;1;1;0;0;5112;454;38;13;1959;712;146;114;7071;1166;184;127
2022.01_13-10-2022;Республика Адыгея;90_105_days;SputnikLite;66;6;0;0;30;10;3;2;96;16;3;2;5112;454;38;13;1959;712;146;114;7071;1166;184;127
2022.01_13-10-2022;Республика Адыгея;90_105_days;SputnikV;29;3;0;0;6;2;0;0;35;5;0;0;5112;454;38;13;1959;712;146;114;7071;1166;184;127
2022.01_13-10-2022;Республика Алтай;105_165_days;AllVaccines;450;27;1;1;55;20;1;1;505;47;2;2;2164;186;9;1;522;241;38;26;2686;427;47;27
2022.01_13-10-2022;Республика Алтай;105_165_days;CoviVac;25;2;0;0;1;1;0;0;26;3;0;0;2164;186;9;1;522;241;38;26;2686;427;47;27
2022.01_13-10-2022;Республика Алтай;105_165_days;EpiVacCorona;2;0;0;0;0;0;0;0;2;0;0;0;2164;186;9;1;522;241;38;26;2686;427;47;27
2022.01_13-10-2022;Республика Алтай;105_165_days;SputnikLite;145;4;0;0;24;9;0;0;169;13;0;0;2164;186;9;1;522;241;38;26;2686;427;47;27
2022.01_13-10-2022;Республика Алтай;105_165_days;SputnikV;278;21;1;1;30;10;1;1;308;31;2;2;2164;186;9;1;522;241;38;26;2686;427;47;27
2022.01_13-10-2022;Республика Алтай;165_195_days;AllVaccines;272;13;1;0;32;9;0;0;304;22;1;0;2164;186;9;1;522;241;38;26;2686;427;47;27
2022.01_13-10-2022;Республика Алтай;165_195_days;CoviVac;5;0;0;0;0;0;0;0;5;0;0;0;2164;186;9;1;522;241;38;26;2686;427;47;27
2022.01_13-10-2022;Республика Алтай;165_195_days;EpiVacCorona;15;0;0;0;3;1;0;0;18;1;0;0;2164;186;9;1;522;241;38;26;2686;427;47;27
2022.01_13-10-2022;Республика Алтай;165_195_days;SputnikLite;2;0;0;0;0;0;0;0;2;0;0;0;2164;186;9;1;522;241;38;26;2686;427;47;27
2022.01_13-10-2022;Республика Алтай;165_195_days;SputnikV;250;13;1;0;29;8;0;0;279;21;1;0;2164;186;9;1;522;241;38;26;2686;427;47;27
2022.01_13-10-2022;Республика Алтай;21_45_days;AllVaccines;109;10;0;0;28;6;0;0;137;16;0;0;2164;186;9;1;522;241;38;26;2686;427;47;27
2022.01_13-10-2022;Республика Алтай;21_45_days;CoviVac;1;0;0;0;0;0;0;0;1;0;0;0;2164;186;9;1;522;241;38;26;2686;427;47;27
2022.01_13-10-2022;Республика Алтай;21_45_days;EpiVacCorona;4;0;0;0;0;0;0;0;4;0;0;0;2164;186;9;1;522;241;38;26;2686;427;47;27
2022.01_13-10-2022;Республика Алтай;21_45_days;SputnikLite;59;5;0;0;18;6;0;0;77;11;0;0;2164;186;9;1;522;241;38;26;2686;427;47;27
2022.01_13-10-2022;Республика Алтай;21_45_days;SputnikV;45;5;0;0;10;0;0;0;55;5;0;0;2164;186;9;1;522;241;38;26;2686;427;47;27
2022.01_13-10-2022;Республика Алтай;45_75_days;AllVaccines;173;12;0;0;62;27;2;2;235;39;2;2;2164;186;9;1;522;241;38;26;2686;427;47;27
2022.01_13-10-2022;Республика Алтай;45_75_days;CoviVac;1;0;0;0;0;0;0;0;1;0;0;0;2164;186;9;1;522;241;38;26;2686;427;47;27
2022.01_13-10-2022;Республика Алтай;45_75_days;EpiVacCorona;6;1;0;0;4;4;0;0;10;5;0;0;2164;186;9;1;522;241;38;26;2686;427;47;27
2022.01_13-10-2022;Республика Алтай;45_75_days;SputnikLite;120;9;0;0;45;17;1;1;165;26;1;1;2164;186;9;1;522;241;38;26;2686;427;47;27
2022.01_13-10-2022;Республика Алтай;45_75_days;SputnikV;46;2;0;0;13;6;1;1;59;8;1;1;2164;186;9;1;522;241;38;26;2686;427;47;27
2022.01_13-10-2022;Республика Алтай;75_90_days;AllVaccines;51;2;0;0;23;8;1;1;74;10;1;1;2164;186;9;1;522;241;38;26;2686;427;47;27
2022.01_13-10-2022;Республика Алтай;75_90_days;SputnikLite;39;2;0;0;19;6;0;0;58;8;0;0;2164;186;9;1;522;241;38;26;2686;427;47;27
2022.01_13-10-2022;Республика Алтай;75_90_days;SputnikV;12;0;0;0;4;2;1;1;16;2;1;1;2164;186;9;1;522;241;38;26;2686;427;47;27
2022.01_13-10-2022;Республика Алтай;90_105_days;AllVaccines;39;2;0;0;10;2;0;0;49;4;0;0;2164;186;9;1;522;241;38;26;2686;427;47;27
2022.01_13-10-2022;Республика Алтай;90_105_days;CoviVac;0;0;0;0;1;0;0;0;1;0;0;0;2164;186;9;1;522;241;38;26;2686;427;47;27
2022.01_13-10-2022;Республика Алтай;90_105_days;SputnikLite;24;1;0;0;6;1;0;0;30;2;0;0;2164;186;9;1;522;241;38;26;2686;427;47;27
2022.01_13-10-2022;Республика Алтай;90_105_days;SputnikV;15;1;0;0;3;1;0;0;18;2;0;0;2164;186;9;1;522;241;38;26;2686;427;47;27
2022.01_13-10-2022;Республика Башкортостан;105_165_days;AllVaccines;4556;120;18;0;727;89;33;11;5283;209;51;11;20833;742;177;32;5314;899;393;186;26147;1641;570;218
2022.01_13-10-2022;Республика Башкортостан;105_165_days;CoviVac;124;4;0;0;15;1;1;0;139;5;1;0;20833;742;177;32;5314;899;393;186;26147;1641;570;218
2022.01_13-10-2022;Республика Башкортостан;105_165_days;EpiVacCorona;61;1;0;0;17;1;1;0;78;2;1;0;20833;742;177;32;5314;899;393;186;26147;1641;570;218
2022.01_13-10-2022;Республика Башкортостан;105_165_days;SputnikLite;891;26;2;0;190;20;5;1;1081;46;7;1;20833;742;177;32;5314;899;393;186;26147;1641;570;218
2022.01_13-10-2022;Республика Башкортостан;105_165_days;SputnikV;3480;89;16;0;505;67;26;10;3985;156;42;10;20833;742;177;32;5314;899;393;186;26147;1641;570;218
2022.01_13-10-2022;Республика Башкортостан;165_195_days;AllVaccines;4585;113;21;1;487;45;14;6;5072;158;35;7;20833;742;177;32;5314;899;393;186;26147;1641;570;218
2022.01_13-10-2022;Республика Башкортостан;165_195_days;CoviVac;145;3;1;0;10;0;0;0;155;3;1;0;20833;742;177;32;5314;899;393;186;26147;1641;570;218
2022.01_13-10-2022;Республика Башкортостан;165_195_days;EpiVacCorona;64;3;1;0;12;2;0;0;76;5;1;0;20833;742;177;32;5314;899;393;186;26147;1641;570;218
2022.01_13-10-2022;Республика Башкортостан;165_195_days;SputnikLite;88;5;2;0;8;0;0;0;96;5;2;0;20833;742;177;32;5314;899;393;186;26147;1641;570;218
2022.01_13-10-2022;Республика Башкортостан;165_195_days;SputnikV;4288;102;17;1;457;43;14;6;4745;145;31;7;20833;742;177;32;5314;899;393;186;26147;1641;570;218
2022.01_13-10-2022;Республика Башкортостан;21_45_days;AllVaccines;1395;48;7;1;392;44;13;2;1787;92;20;3;20833;742;177;32;5314;899;393;186;26147;1641;570;218
2022.01_13-10-2022;Республика Башкортостан;21_45_days;CoviVac;23;1;0;0;3;0;0;0;26;1;0;0;20833;742;177;32;5314;899;393;186;26147;1641;570;218
2022.01_13-10-2022;Республика Башкортостан;21_45_days;EpiVacCorona;32;0;0;0;8;1;0;0;40;1;0;0;20833;742;177;32;5314;899;393;186;26147;1641;570;218
2022.01_13-10-2022;Республика Башкортостан;21_45_days;SputnikLite;416;13;1;1;139;12;4;0;555;25;5;1;20833;742;177;32;5314;899;393;186;26147;1641;570;218
2022.01_13-10-2022;Республика Башкортостан;21_45_days;SputnikV;924;34;6;0;242;31;9;2;1166;65;15;2;20833;742;177;32;5314;899;393;186;26147;1641;570;218
2022.01_13-10-2022;Республика Башкортостан;45_75_days;AllVaccines;2328;94;20;3;605;75;23;8;2933;169;43;11;20833;742;177;32;5314;899;393;186;26147;1641;570;218
2022.01_13-10-2022;Республика Башкортостан;45_75_days;CoviVac;16;0;0;0;0;0;0;0;16;0;0;0;20833;742;177;32;5314;899;393;186;26147;1641;570;218
2022.01_13-10-2022;Республика Башкортостан;45_75_days;EpiVacCorona;77;3;2;0;32;5;3;0;109;8;5;0;20833;742;177;32;5314;899;393;186;26147;1641;570;218
2022.01_13-10-2022;Республика Башкортостан;45_75_days;SputnikLite;341;11;0;0;114;12;0;0;455;23;0;0;20833;742;177;32;5314;899;393;186;26147;1641;570;218
2022.01_13-10-2022;Республика Башкортостан;45_75_days;SputnikV;1894;80;18;3;459;58;20;8;2353;138;38;11;20833;742;177;32;5314;899;393;186;26147;1641;570;218
2022.01_13-10-2022;Республика Башкортостан;75_90_days;AllVaccines;524;19;3;1;141;19;5;1;665;38;8;2;20833;742;177;32;5314;899;393;186;26147;1641;570;218
2022.01_13-10-2022;Республика Башкортостан;75_90_days;CoviVac;17;1;0;0;1;0;0;0;18;1;0;0;20833;742;177;32;5314;899;393;186;26147;1641;570;218
2022.01_13-10-2022;Республика Башкортостан;75_90_days;EpiVacCorona;7;1;0;0;3;1;0;0;10;2;0;0;20833;742;177;32;5314;899;393;186;26147;1641;570;218
2022.01_13-10-2022;Республика Башкортостан;75_90_days;SputnikLite;170;8;1;0;51;9;1;0;221;17;2;0;20833;742;177;32;5314;899;393;186;26147;1641;570;218
2022.01_13-10-2022;Республика Башкортостан;75_90_days;SputnikV;330;9;2;1;86;9;4;1;416;18;6;2;20833;742;177;32;5314;899;393;186;26147;1641;570;218
2022.01_13-10-2022;Республика Башкортостан;90_105_days;AllVaccines;549;18;3;1;129;20;9;2;678;38;12;3;20833;742;177;32;5314;899;393;186;26147;1641;570;218
2022.01_13-10-2022;Республика Башкортостан;90_105_days;CoviVac;15;1;1;0;2;1;1;0;17;2;2;0;20833;742;177;32;5314;899;393;186;26147;1641;570;218
2022.01_13-10-2022;Республика Башкортостан;90_105_days;EpiVacCorona;5;1;0;0;3;0;0;0;8;1;0;0;20833;742;177;32;5314;899;393;186;26147;1641;570;218
2022.01_13-10-2022;Республика Башкортостан;90_105_days;SputnikLite;259;6;1;1;86;10;5;2;345;16;6;3;20833;742;177;32;5314;899;393;186;26147;1641;570;218
2022.01_13-10-2022;Республика Башкортостан;90_105_days;SputnikV;270;10;1;0;38;9;3;0;308;19;4;0;20833;742;177;32;5314;899;393;186;26147;1641;570;218
2022.01_13-10-2022;Республика Бурятия;105_165_days;AllVaccines;5157;196;14;2;1021;159;16;9;6178;355;30;11;24206;1332;100;19;6525;1464;308;179;30731;2796;408;198
2022.01_13-10-2022;Республика Бурятия;105_165_days;CoviVac;51;4;0;0;19;2;0;0;70;6;0;0;24206;1332;100;19;6525;1464;308;179;30731;2796;408;198
2022.01_13-10-2022;Республика Бурятия;105_165_days;EpiVacCorona;97;4;0;0;24;6;0;0;121;10;0;0;24206;1332;100;19;6525;1464;308;179;30731;2796;408;198
2022.01_13-10-2022;Республика Бурятия;105_165_days;SputnikLite;1650;69;6;1;399;59;6;4;2049;128;12;5;24206;1332;100;19;6525;1464;308;179;30731;2796;408;198
2022.01_13-10-2022;Республика Бурятия;105_165_days;SputnikV;3359;119;8;1;579;92;10;5;3938;211;18;6;24206;1332;100;19;6525;1464;308;179;30731;2796;408;198
2022.01_13-10-2022;Республика Бурятия;165_195_days;AllVaccines;3131;123;8;1;687;123;17;5;3818;246;25;6;24206;1332;100;19;6525;1464;308;179;30731;2796;408;198
2022.01_13-10-2022;Республика Бурятия;165_195_days;CoviVac;56;4;1;0;12;1;0;0;68;5;1;0;24206;1332;100;19;6525;1464;308;179;30731;2796;408;198
2022.01_13-10-2022;Республика Бурятия;165_195_days;EpiVacCorona;439;26;0;0;112;28;5;3;551;54;5;3;24206;1332;100;19;6525;1464;308;179;30731;2796;408;198
2022.01_13-10-2022;Республика Бурятия;165_195_days;SputnikLite;21;0;0;0;5;0;0;0;26;0;0;0;24206;1332;100;19;6525;1464;308;179;30731;2796;408;198
2022.01_13-10-2022;Республика Бурятия;165_195_days;SputnikV;2615;93;7;1;558;94;12;2;3173;187;19;3;24206;1332;100;19;6525;1464;308;179;30731;2796;408;198
2022.01_13-10-2022;Республика Бурятия;21_45_days;AllVaccines;1662;87;4;1;573;89;12;4;2235;176;16;5;24206;1332;100;19;6525;1464;308;179;30731;2796;408;198
2022.01_13-10-2022;Республика Бурятия;21_45_days;CoviVac;37;0;0;0;9;3;0;0;46;3;0;0;24206;1332;100;19;6525;1464;308;179;30731;2796;408;198
2022.01_13-10-2022;Республика Бурятия;21_45_days;EpiVacCorona;20;3;0;0;12;2;0;0;32;5;0;0;24206;1332;100;19;6525;1464;308;179;30731;2796;408;198
2022.01_13-10-2022;Республика Бурятия;21_45_days;SputnikLite;631;31;2;1;243;40;6;3;874;71;8;4;24206;1332;100;19;6525;1464;308;179;30731;2796;408;198
2022.01_13-10-2022;Республика Бурятия;21_45_days;SputnikV;974;53;2;0;309;44;6;1;1283;97;8;1;24206;1332;100;19;6525;1464;308;179;30731;2796;408;198
2022.01_13-10-2022;Республика Бурятия;45_75_days;AllVaccines;1677;79;8;3;517;75;8;5;2194;154;16;8;24206;1332;100;19;6525;1464;308;179;30731;2796;408;198
2022.01_13-10-2022;Республика Бурятия;45_75_days;CoviVac;20;2;0;0;2;1;0;0;22;3;0;0;24206;1332;100;19;6525;1464;308;179;30731;2796;408;198
2022.01_13-10-2022;Республика Бурятия;45_75_days;EpiVacCorona;50;5;0;0;21;2;0;0;71;7;0;0;24206;1332;100;19;6525;1464;308;179;30731;2796;408;198
2022.01_13-10-2022;Республика Бурятия;45_75_days;SputnikLite;593;28;4;1;207;30;2;1;800;58;6;2;24206;1332;100;19;6525;1464;308;179;30731;2796;408;198
2022.01_13-10-2022;Республика Бурятия;45_75_days;SputnikV;1014;44;4;2;287;42;6;4;1301;86;10;6;24206;1332;100;19;6525;1464;308;179;30731;2796;408;198
2022.01_13-10-2022;Республика Бурятия;75_90_days;AllVaccines;615;28;6;1;196;31;4;2;811;59;10;3;24206;1332;100;19;6525;1464;308;179;30731;2796;408;198
2022.01_13-10-2022;Республика Бурятия;75_90_days;CoviVac;2;0;0;0;0;0;0;0;2;0;0;0;24206;1332;100;19;6525;1464;308;179;30731;2796;408;198
2022.01_13-10-2022;Республика Бурятия;75_90_days;EpiVacCorona;8;1;0;0;2;0;0;0;10;1;0;0;24206;1332;100;19;6525;1464;308;179;30731;2796;408;198
2022.01_13-10-2022;Республика Бурятия;75_90_days;SputnikLite;434;22;4;1;155;24;3;2;589;46;7;3;24206;1332;100;19;6525;1464;308;179;30731;2796;408;198
2022.01_13-10-2022;Республика Бурятия;75_90_days;SputnikV;171;5;2;0;39;7;1;0;210;12;3;0;24206;1332;100;19;6525;1464;308;179;30731;2796;408;198
2022.01_13-10-2022;Республика Бурятия;90_105_days;AllVaccines;530;21;1;0;179;37;5;2;709;58;6;2;24206;1332;100;19;6525;1464;308;179;30731;2796;408;198
2022.01_13-10-2022;Республика Бурятия;90_105_days;CoviVac;1;0;0;0;0;0;0;0;1;0;0;0;24206;1332;100;19;6525;1464;308;179;30731;2796;408;198
2022.01_13-10-2022;Республика Бурятия;90_105_days;EpiVacCorona;3;2;0;0;0;0;0;0;3;2;0;0;24206;1332;100;19;6525;1464;308;179;30731;2796;408;198
2022.01_13-10-2022;Республика Бурятия;90_105_days;SputnikLite;367;11;1;0;149;33;5;2;516;44;6;2;24206;1332;100;19;6525;1464;308;179;30731;2796;408;198
2022.01_13-10-2022;Республика Бурятия;90_105_days;SputnikV;159;8;0;0;30;4;0;0;189;12;0;0;24206;1332;100;19;6525;1464;308;179;30731;2796;408;198
2022.01_13-10-2022;Республика Дагестан;105_165_days;AllVaccines;3771;194;13;0;1013;129;23;7;4784;323;36;7;16413;1501;115;14;6803;1511;352;136;23216;3012;467;150
2022.01_13-10-2022;Республика Дагестан;105_165_days;CoviVac;51;1;0;0;21;3;1;0;72;4;1;0;16413;1501;115;14;6803;1511;352;136;23216;3012;467;150
2022.01_13-10-2022;Республика Дагестан;105_165_days;EpiVacCorona;142;5;0;0;57;4;0;0;199;9;0;0;16413;1501;115;14;6803;1511;352;136;23216;3012;467;150
2022.01_13-10-2022;Республика Дагестан;105_165_days;SputnikLite;959;58;6;0;244;32;6;3;1203;90;12;3;16413;1501;115;14;6803;1511;352;136;23216;3012;467;150
2022.01_13-10-2022;Республика Дагестан;105_165_days;SputnikV;2619;130;7;0;691;90;16;4;3310;220;23;4;16413;1501;115;14;6803;1511;352;136;23216;3012;467;150
2022.01_13-10-2022;Республика Дагестан;165_195_days;AllVaccines;1896;94;4;0;458;76;9;4;2354;170;13;4;16413;1501;115;14;6803;1511;352;136;23216;3012;467;150
2022.01_13-10-2022;Республика Дагестан;165_195_days;CoviVac;75;3;1;0;28;8;0;0;103;11;1;0;16413;1501;115;14;6803;1511;352;136;23216;3012;467;150
2022.01_13-10-2022;Республика Дагестан;165_195_days;EpiVacCorona;66;3;0;0;16;2;0;0;82;5;0;0;16413;1501;115;14;6803;1511;352;136;23216;3012;467;150
2022.01_13-10-2022;Республика Дагестан;165_195_days;SputnikLite;77;3;0;0;14;3;0;0;91;6;0;0;16413;1501;115;14;6803;1511;352;136;23216;3012;467;150
2022.01_13-10-2022;Республика Дагестан;165_195_days;SputnikV;1678;85;3;0;400;63;9;4;2078;148;12;4;16413;1501;115;14;6803;1511;352;136;23216;3012;467;150
2022.01_13-10-2022;Республика Дагестан;21_45_days;AllVaccines;854;75;7;1;231;34;5;4;1085;109;12;5;16413;1501;115;14;6803;1511;352;136;23216;3012;467;150
2022.01_13-10-2022;Республика Дагестан;21_45_days;CoviVac;10;1;0;0;3;1;0;0;13;2;0;0;16413;1501;115;14;6803;1511;352;136;23216;3012;467;150
2022.01_13-10-2022;Республика Дагестан;21_45_days;EpiVacCorona;53;7;1;0;20;7;1;1;73;14;2;1;16413;1501;115;14;6803;1511;352;136;23216;3012;467;150
2022.01_13-10-2022;Республика Дагестан;21_45_days;SputnikLite;334;26;1;0;75;8;0;0;409;34;1;0;16413;1501;115;14;6803;1511;352;136;23216;3012;467;150
2022.01_13-10-2022;Республика Дагестан;21_45_days;SputnikV;457;41;5;1;133;18;4;3;590;59;9;4;16413;1501;115;14;6803;1511;352;136;23216;3012;467;150
2022.01_13-10-2022;Республика Дагестан;45_75_days;AllVaccines;1085;93;10;0;346;74;16;5;1431;167;26;5;16413;1501;115;14;6803;1511;352;136;23216;3012;467;150
2022.01_13-10-2022;Республика Дагестан;45_75_days;CoviVac;16;0;0;0;4;1;0;0;20;1;0;0;16413;1501;115;14;6803;1511;352;136;23216;3012;467;150
2022.01_13-10-2022;Республика Дагестан;45_75_days;EpiVacCorona;64;4;1;0;14;4;0;0;78;8;1;0;16413;1501;115;14;6803;1511;352;136;23216;3012;467;150
2022.01_13-10-2022;Республика Дагестан;45_75_days;SputnikLite;251;23;1;0;88;18;6;2;339;41;7;2;16413;1501;115;14;6803;1511;352;136;23216;3012;467;150
2022.01_13-10-2022;Республика Дагестан;45_75_days;SputnikV;754;66;8;0;240;51;10;3;994;117;18;3;16413;1501;115;14;6803;1511;352;136;23216;3012;467;150
2022.01_13-10-2022;Республика Дагестан;75_90_days;AllVaccines;371;25;1;0;119;20;3;1;490;45;4;1;16413;1501;115;14;6803;1511;352;136;23216;3012;467;150
2022.01_13-10-2022;Республика Дагестан;75_90_days;CoviVac;3;0;0;0;4;1;0;0;7;1;0;0;16413;1501;115;14;6803;1511;352;136;23216;3012;467;150
2022.01_13-10-2022;Республика Дагестан;75_90_days;EpiVacCorona;4;0;0;0;0;0;0;0;4;0;0;0;16413;1501;115;14;6803;1511;352;136;23216;3012;467;150
2022.01_13-10-2022;Республика Дагестан;75_90_days;SputnikLite;219;15;0;0;39;7;1;0;258;22;1;0;16413;1501;115;14;6803;1511;352;136;23216;3012;467;150
2022.01_13-10-2022;Республика Дагестан;75_90_days;SputnikV;145;10;1;0;76;12;2;1;221;22;3;1;16413;1501;115;14;6803;1511;352;136;23216;3012;467;150
2022.01_13-10-2022;Республика Дагестан;90_105_days;AllVaccines;207;8;1;0;127;30;7;4;334;38;8;4;16413;1501;115;14;6803;1511;352;136;23216;3012;467;150
2022.01_13-10-2022;Республика Дагестан;90_105_days;CoviVac;4;0;0;0;0;0;0;0;4;0;0;0;16413;1501;115;14;6803;1511;352;136;23216;3012;467;150
2022.01_13-10-2022;Республика Дагестан;90_105_days;EpiVacCorona;1;0;0;0;0;0;0;0;1;0;0;0;16413;1501;115;14;6803;1511;352;136;23216;3012;467;150
2022.01_13-10-2022;Республика Дагестан;90_105_days;SputnikLite;90;3;0;0;35;12;3;1;125;15;3;1;16413;1501;115;14;6803;1511;352;136;23216;3012;467;150
2022.01_13-10-2022;Республика Дагестан;90_105_days;SputnikV;112;5;1;0;92;18;4;3;204;23;5;3;16413;1501;115;14;6803;1511;352;136;23216;3012;467;150
2022.01_13-10-2022;Республика Ингушетия;105_165_days;AllVaccines;855;58;3;1;187;33;11;4;1042;91;14;5;3429;240;10;3;1228;183;50;28;4657;423;60;31
2022.01_13-10-2022;Республика Ингушетия;105_165_days;CoviVac;10;0;0;0;1;0;0;0;11;0;0;0;3429;240;10;3;1228;183;50;28;4657;423;60;31
2022.01_13-10-2022;Республика Ингушетия;105_165_days;EpiVacCorona;7;0;0;0;2;0;0;0;9;0;0;0;3429;240;10;3;1228;183;50;28;4657;423;60;31
2022.01_13-10-2022;Республика Ингушетия;105_165_days;SputnikLite;188;16;2;0;53;6;2;0;241;22;4;0;3429;240;10;3;1228;183;50;28;4657;423;60;31
2022.01_13-10-2022;Республика Ингушетия;105_165_days;SputnikV;650;42;1;1;131;27;9;4;781;69;10;5;3429;240;10;3;1228;183;50;28;4657;423;60;31
2022.01_13-10-2022;Республика Ингушетия;165_195_days;AllVaccines;421;25;0;0;91;11;4;3;512;36;4;3;3429;240;10;3;1228;183;50;28;4657;423;60;31
2022.01_13-10-2022;Республика Ингушетия;165_195_days;CoviVac;3;0;0;0;0;0;0;0;3;0;0;0;3429;240;10;3;1228;183;50;28;4657;423;60;31
2022.01_13-10-2022;Республика Ингушетия;165_195_days;EpiVacCorona;127;14;0;0;22;4;2;2;149;18;2;2;3429;240;10;3;1228;183;50;28;4657;423;60;31
2022.01_13-10-2022;Республика Ингушетия;165_195_days;SputnikLite;9;1;0;0;4;0;0;0;13;1;0;0;3429;240;10;3;1228;183;50;28;4657;423;60;31
2022.01_13-10-2022;Республика Ингушетия;165_195_days;SputnikV;282;10;0;0;65;7;2;1;347;17;2;1;3429;240;10;3;1228;183;50;28;4657;423;60;31
2022.01_13-10-2022;Республика Ингушетия;21_45_days;AllVaccines;504;28;1;1;163;20;6;3;667;48;7;4;3429;240;10;3;1228;183;50;28;4657;423;60;31
2022.01_13-10-2022;Республика Ингушетия;21_45_days;CoviVac;2;0;0;0;0;0;0;0;2;0;0;0;3429;240;10;3;1228;183;50;28;4657;423;60;31
2022.01_13-10-2022;Республика Ингушетия;21_45_days;SputnikLite;345;20;1;1;108;15;3;2;453;35;4;3;3429;240;10;3;1228;183;50;28;4657;423;60;31
2022.01_13-10-2022;Республика Ингушетия;21_45_days;SputnikV;157;8;0;0;55;5;3;1;212;13;3;1;3429;240;10;3;1228;183;50;28;4657;423;60;31
2022.01_13-10-2022;Республика Ингушетия;45_75_days;AllVaccines;338;30;1;0;126;19;5;2;464;49;6;2;3429;240;10;3;1228;183;50;28;4657;423;60;31
2022.01_13-10-2022;Республика Ингушетия;45_75_days;SputnikLite;208;23;1;0;83;15;3;2;291;38;4;2;3429;240;10;3;1228;183;50;28;4657;423;60;31
2022.01_13-10-2022;Республика Ингушетия;45_75_days;SputnikV;130;7;0;0;43;4;2;0;173;11;2;0;3429;240;10;3;1228;183;50;28;4657;423;60;31
2022.01_13-10-2022;Республика Ингушетия;75_90_days;AllVaccines;97;8;1;0;21;1;0;0;118;9;1;0;3429;240;10;3;1228;183;50;28;4657;423;60;31
2022.01_13-10-2022;Республика Ингушетия;75_90_days;SputnikLite;40;2;0;0;9;1;0;0;49;3;0;0;3429;240;10;3;1228;183;50;28;4657;423;60;31
2022.01_13-10-2022;Республика Ингушетия;75_90_days;SputnikV;57;6;1;0;12;0;0;0;69;6;1;0;3429;240;10;3;1228;183;50;28;4657;423;60;31
2022.01_13-10-2022;Республика Ингушетия;90_105_days;AllVaccines;61;6;0;0;15;2;1;0;76;8;1;0;3429;240;10;3;1228;183;50;28;4657;423;60;31
2022.01_13-10-2022;Республика Ингушетия;90_105_days;SputnikLite;37;3;0;0;7;1;1;0;44;4;1;0;3429;240;10;3;1228;183;50;28;4657;423;60;31
2022.01_13-10-2022;Республика Ингушетия;90_105_days;SputnikV;24;3;0;0;8;1;0;0;32;4;0;0;3429;240;10;3;1228;183;50;28;4657;423;60;31
2022.01_13-10-2022;Республика Калмыкия;105_165_days;AllVaccines;1148;48;1;0;300;58;4;1;1448;106;5;1;7057;414;20;7;2132;444;85;36;9189;858;105;43
2022.01_13-10-2022;Республика Калмыкия;105_165_days;CoviVac;47;6;0;0;5;3;0;0;52;9;0;0;7057;414;20;7;2132;444;85;36;9189;858;105;43
2022.01_13-10-2022;Республика Калмыкия;105_165_days;EpiVacCorona;1;0;0;0;1;0;0;0;2;0;0;0;7057;414;20;7;2132;444;85;36;9189;858;105;43
2022.01_13-10-2022;Республика Калмыкия;105_165_days;SputnikLite;460;19;0;0;137;22;2;0;597;41;2;0;7057;414;20;7;2132;444;85;36;9189;858;105;43
2022.01_13-10-2022;Республика Калмыкия;105_165_days;SputnikV;640;23;1;0;157;33;2;1;797;56;3;1;7057;414;20;7;2132;444;85;36;9189;858;105;43
2022.01_13-10-2022;Республика Калмыкия;165_195_days;AllVaccines;795;38;2;1;154;27;4;0;949;65;6;1;7057;414;20;7;2132;444;85;36;9189;858;105;43
2022.01_13-10-2022;Республика Калмыкия;165_195_days;CoviVac;48;4;0;0;8;4;2;0;56;8;2;0;7057;414;20;7;2132;444;85;36;9189;858;105;43
2022.01_13-10-2022;Республика Калмыкия;165_195_days;EpiVacCorona;23;1;0;0;16;3;1;0;39;4;1;0;7057;414;20;7;2132;444;85;36;9189;858;105;43
2022.01_13-10-2022;Республика Калмыкия;165_195_days;SputnikLite;29;0;0;0;1;0;0;0;30;0;0;0;7057;414;20;7;2132;444;85;36;9189;858;105;43
2022.01_13-10-2022;Республика Калмыкия;165_195_days;SputnikV;695;33;2;1;129;20;1;0;824;53;3;1;7057;414;20;7;2132;444;85;36;9189;858;105;43
2022.01_13-10-2022;Республика Калмыкия;21_45_days;AllVaccines;484;28;0;0;135;25;1;0;619;53;1;0;7057;414;20;7;2132;444;85;36;9189;858;105;43
2022.01_13-10-2022;Республика Калмыкия;21_45_days;CoviVac;24;0;0;0;1;0;0;0;25;0;0;0;7057;414;20;7;2132;444;85;36;9189;858;105;43
2022.01_13-10-2022;Республика Калмыкия;21_45_days;EpiVacCorona;9;0;0;0;4;1;0;0;13;1;0;0;7057;414;20;7;2132;444;85;36;9189;858;105;43
2022.01_13-10-2022;Республика Калмыкия;21_45_days;SputnikLite;328;18;0;0;99;21;1;0;427;39;1;0;7057;414;20;7;2132;444;85;36;9189;858;105;43
2022.01_13-10-2022;Республика Калмыкия;21_45_days;SputnikV;123;10;0;0;31;3;0;0;154;13;0;0;7057;414;20;7;2132;444;85;36;9189;858;105;43
2022.01_13-10-2022;Республика Калмыкия;45_75_days;AllVaccines;1087;57;2;0;313;45;4;1;1400;102;6;1;7057;414;20;7;2132;444;85;36;9189;858;105;43
2022.01_13-10-2022;Республика Калмыкия;45_75_days;CoviVac;47;6;0;0;5;2;1;0;52;8;1;0;7057;414;20;7;2132;444;85;36;9189;858;105;43
2022.01_13-10-2022;Республика Калмыкия;45_75_days;EpiVacCorona;3;0;0;0;0;0;0;0;3;0;0;0;7057;414;20;7;2132;444;85;36;9189;858;105;43
2022.01_13-10-2022;Республика Калмыкия;45_75_days;SputnikLite;885;46;2;0;265;35;3;1;1150;81;5;1;7057;414;20;7;2132;444;85;36;9189;858;105;43
2022.01_13-10-2022;Республика Калмыкия;45_75_days;SputnikV;152;5;0;0;43;8;0;0;195;13;0;0;7057;414;20;7;2132;444;85;36;9189;858;105;43
2022.01_13-10-2022;Республика Калмыкия;75_90_days;AllVaccines;399;25;1;1;175;30;6;2;574;55;7;3;7057;414;20;7;2132;444;85;36;9189;858;105;43
2022.01_13-10-2022;Республика Калмыкия;75_90_days;CoviVac;1;0;0;0;0;0;0;0;1;0;0;0;7057;414;20;7;2132;444;85;36;9189;858;105;43
2022.01_13-10-2022;Республика Калмыкия;75_90_days;SputnikLite;383;24;1;1;169;30;6;2;552;54;7;3;7057;414;20;7;2132;444;85;36;9189;858;105;43
2022.01_13-10-2022;Республика Калмыкия;75_90_days;SputnikV;15;1;0;0;6;0;0;0;21;1;0;0;7057;414;20;7;2132;444;85;36;9189;858;105;43
2022.01_13-10-2022;Республика Калмыкия;90_105_days;AllVaccines;105;3;0;0;62;11;3;0;167;14;3;0;7057;414;20;7;2132;444;85;36;9189;858;105;43
2022.01_13-10-2022;Республика Калмыкия;90_105_days;CoviVac;3;0;0;0;0;0;0;0;3;0;0;0;7057;414;20;7;2132;444;85;36;9189;858;105;43
2022.01_13-10-2022;Республика Калмыкия;90_105_days;SputnikLite;90;2;0;0;48;9;3;0;138;11;3;0;7057;414;20;7;2132;444;85;36;9189;858;105;43
2022.01_13-10-2022;Республика Калмыкия;90_105_days;SputnikV;12;1;0;0;14;2;0;0;26;3;0;0;7057;414;20;7;2132;444;85;36;9189;858;105;43
2022.01_13-10-2022;Республика Карелия;105_165_days;AllVaccines;2472;89;4;0;482;73;8;3;2954;162;12;3;12666;798;57;27;3563;1179;231;203;16229;1977;288;230
2022.01_13-10-2022;Республика Карелия;105_165_days;CoviVac;20;3;0;0;1;0;0;0;21;3;0;0;12666;798;57;27;3563;1179;231;203;16229;1977;288;230
2022.01_13-10-2022;Республика Карелия;105_165_days;EpiVacCorona;18;1;0;0;5;3;1;0;23;4;1;0;12666;798;57;27;3563;1179;231;203;16229;1977;288;230
2022.01_13-10-2022;Республика Карелия;105_165_days;SputnikLite;914;32;1;0;210;27;3;1;1124;59;4;1;12666;798;57;27;3563;1179;231;203;16229;1977;288;230
2022.01_13-10-2022;Республика Карелия;105_165_days;SputnikV;1520;53;3;0;266;43;4;2;1786;96;7;2;12666;798;57;27;3563;1179;231;203;16229;1977;288;230
2022.01_13-10-2022;Республика Карелия;165_195_days;AllVaccines;1389;55;1;0;209;42;10;7;1598;97;11;7;12666;798;57;27;3563;1179;231;203;16229;1977;288;230
2022.01_13-10-2022;Республика Карелия;165_195_days;CoviVac;38;1;0;0;1;0;0;0;39;1;0;0;12666;798;57;27;3563;1179;231;203;16229;1977;288;230
2022.01_13-10-2022;Республика Карелия;165_195_days;EpiVacCorona;2;0;0;0;2;0;0;0;4;0;0;0;12666;798;57;27;3563;1179;231;203;16229;1977;288;230
2022.01_13-10-2022;Республика Карелия;165_195_days;SputnikLite;41;2;0;0;4;0;0;0;45;2;0;0;12666;798;57;27;3563;1179;231;203;16229;1977;288;230
2022.01_13-10-2022;Республика Карелия;165_195_days;SputnikV;1308;52;1;0;202;42;10;7;1510;94;11;7;12666;798;57;27;3563;1179;231;203;16229;1977;288;230
2022.01_13-10-2022;Республика Карелия;21_45_days;AllVaccines;570;25;0;0;230;60;8;2;800;85;8;2;12666;798;57;27;3563;1179;231;203;16229;1977;288;230
2022.01_13-10-2022;Республика Карелия;21_45_days;CoviVac;23;1;0;0;5;1;0;0;28;2;0;0;12666;798;57;27;3563;1179;231;203;16229;1977;288;230
2022.01_13-10-2022;Республика Карелия;21_45_days;EpiVacCorona;29;1;0;0;15;7;1;0;44;8;1;0;12666;798;57;27;3563;1179;231;203;16229;1977;288;230
2022.01_13-10-2022;Республика Карелия;21_45_days;SputnikLite;197;4;0;0;109;27;2;0;306;31;2;0;12666;798;57;27;3563;1179;231;203;16229;1977;288;230
2022.01_13-10-2022;Республика Карелия;21_45_days;SputnikV;321;19;0;0;101;25;5;2;422;44;5;2;12666;798;57;27;3563;1179;231;203;16229;1977;288;230
2022.01_13-10-2022;Республика Карелия;45_75_days;AllVaccines;655;25;1;2;347;103;10;8;1002;128;11;10;12666;798;57;27;3563;1179;231;203;16229;1977;288;230
2022.01_13-10-2022;Республика Карелия;45_75_days;CoviVac;38;0;0;0;8;2;0;0;46;2;0;0;12666;798;57;27;3563;1179;231;203;16229;1977;288;230
2022.01_13-10-2022;Республика Карелия;45_75_days;EpiVacCorona;15;2;0;0;9;3;0;0;24;5;0;0;12666;798;57;27;3563;1179;231;203;16229;1977;288;230
2022.01_13-10-2022;Республика Карелия;45_75_days;SputnikLite;319;11;0;1;205;60;5;5;524;71;5;6;12666;798;57;27;3563;1179;231;203;16229;1977;288;230
2022.01_13-10-2022;Республика Карелия;45_75_days;SputnikV;283;12;1;1;125;38;5;3;408;50;6;4;12666;798;57;27;3563;1179;231;203;16229;1977;288;230
2022.01_13-10-2022;Республика Карелия;75_90_days;AllVaccines;457;27;1;1;169;45;2;3;626;72;3;4;12666;798;57;27;3563;1179;231;203;16229;1977;288;230
2022.01_13-10-2022;Республика Карелия;75_90_days;CoviVac;1;0;0;0;0;0;0;0;1;0;0;0;12666;798;57;27;3563;1179;231;203;16229;1977;288;230
2022.01_13-10-2022;Республика Карелия;75_90_days;EpiVacCorona;0;0;0;0;1;0;0;0;1;0;0;0;12666;798;57;27;3563;1179;231;203;16229;1977;288;230
2022.01_13-10-2022;Республика Карелия;75_90_days;SputnikLite;405;23;1;1;130;32;1;2;535;55;2;3;12666;798;57;27;3563;1179;231;203;16229;1977;288;230
2022.01_13-10-2022;Республика Карелия;75_90_days;SputnikV;51;4;0;0;38;13;1;1;89;17;1;1;12666;798;57;27;3563;1179;231;203;16229;1977;288;230
2022.01_13-10-2022;Республика Карелия;90_105_days;AllVaccines;283;14;0;0;90;18;4;4;373;32;4;4;12666;798;57;27;3563;1179;231;203;16229;1977;288;230
2022.01_13-10-2022;Республика Карелия;90_105_days;CoviVac;2;0;0;0;0;0;0;0;2;0;0;0;12666;798;57;27;3563;1179;231;203;16229;1977;288;230
2022.01_13-10-2022;Республика Карелия;90_105_days;EpiVacCorona;3;0;0;0;2;0;0;0;5;0;0;0;12666;798;57;27;3563;1179;231;203;16229;1977;288;230
2022.01_13-10-2022;Республика Карелия;90_105_days;SputnikLite;216;11;0;0;68;13;4;3;284;24;4;3;12666;798;57;27;3563;1179;231;203;16229;1977;288;230
2022.01_13-10-2022;Республика Карелия;90_105_days;SputnikV;62;3;0;0;20;5;0;1;82;8;0;1;12666;798;57;27;3563;1179;231;203;16229;1977;288;230
2022.01_13-10-2022;Республика Коми;105_165_days;AllVaccines;2599;130;6;2;325;77;12;5;2924;207;18;7;11716;833;71;23;2780;1030;234;145;14496;1863;305;168
2022.01_13-10-2022;Республика Коми;105_165_days;CoviVac;24;0;0;0;2;1;0;0;26;1;0;0;11716;833;71;23;2780;1030;234;145;14496;1863;305;168
2022.01_13-10-2022;Республика Коми;105_165_days;EpiVacCorona;0;0;0;0;1;0;0;0;1;0;0;0;11716;833;71;23;2780;1030;234;145;14496;1863;305;168
2022.01_13-10-2022;Республика Коми;105_165_days;SputnikLite;894;44;2;1;102;20;5;2;996;64;7;3;11716;833;71;23;2780;1030;234;145;14496;1863;305;168
2022.01_13-10-2022;Республика Коми;105_165_days;SputnikV;1681;86;4;1;220;56;7;3;1901;142;11;4;11716;833;71;23;2780;1030;234;145;14496;1863;305;168
2022.01_13-10-2022;Республика Коми;165_195_days;AllVaccines;1151;48;3;2;163;45;3;1;1314;93;6;3;11716;833;71;23;2780;1030;234;145;14496;1863;305;168
2022.01_13-10-2022;Республика Коми;165_195_days;CoviVac;54;4;0;0;2;0;0;0;56;4;0;0;11716;833;71;23;2780;1030;234;145;14496;1863;305;168
2022.01_13-10-2022;Республика Коми;165_195_days;EpiVacCorona;2;0;0;0;3;1;0;0;5;1;0;0;11716;833;71;23;2780;1030;234;145;14496;1863;305;168
2022.01_13-10-2022;Республика Коми;165_195_days;SputnikLite;58;2;0;0;0;0;0;0;58;2;0;0;11716;833;71;23;2780;1030;234;145;14496;1863;305;168
2022.01_13-10-2022;Республика Коми;165_195_days;SputnikV;1037;42;3;2;158;44;3;1;1195;86;6;3;11716;833;71;23;2780;1030;234;145;14496;1863;305;168
2022.01_13-10-2022;Республика Коми;21_45_days;AllVaccines;439;21;2;0;152;44;3;2;591;65;5;2;11716;833;71;23;2780;1030;234;145;14496;1863;305;168
2022.01_13-10-2022;Республика Коми;21_45_days;CoviVac;8;0;0;0;2;1;0;0;10;1;0;0;11716;833;71;23;2780;1030;234;145;14496;1863;305;168
2022.01_13-10-2022;Республика Коми;21_45_days;EpiVacCorona;12;0;0;0;5;2;0;0;17;2;0;0;11716;833;71;23;2780;1030;234;145;14496;1863;305;168
2022.01_13-10-2022;Республика Коми;21_45_days;SputnikLite;165;12;2;0;77;19;2;2;242;31;4;2;11716;833;71;23;2780;1030;234;145;14496;1863;305;168
2022.01_13-10-2022;Республика Коми;21_45_days;SputnikV;254;9;0;0;68;22;1;0;322;31;1;0;11716;833;71;23;2780;1030;234;145;14496;1863;305;168
2022.01_13-10-2022;Республика Коми;45_75_days;AllVaccines;657;27;3;0;230;68;6;2;887;95;9;2;11716;833;71;23;2780;1030;234;145;14496;1863;305;168
2022.01_13-10-2022;Республика Коми;45_75_days;CoviVac;22;2;0;0;2;0;0;0;24;2;0;0;11716;833;71;23;2780;1030;234;145;14496;1863;305;168
2022.01_13-10-2022;Республика Коми;45_75_days;EpiVacCorona;13;1;0;0;0;0;0;0;13;1;0;0;11716;833;71;23;2780;1030;234;145;14496;1863;305;168
2022.01_13-10-2022;Республика Коми;45_75_days;SputnikLite;432;18;3;0;138;39;4;1;570;57;7;1;11716;833;71;23;2780;1030;234;145;14496;1863;305;168
2022.01_13-10-2022;Республика Коми;45_75_days;SputnikV;190;6;0;0;90;29;2;1;280;35;2;1;11716;833;71;23;2780;1030;234;145;14496;1863;305;168
2022.01_13-10-2022;Республика Коми;75_90_days;AllVaccines;270;10;1;0;81;22;0;0;351;32;1;0;11716;833;71;23;2780;1030;234;145;14496;1863;305;168
2022.01_13-10-2022;Республика Коми;75_90_days;SputnikLite;220;8;1;0;62;19;0;0;282;27;1;0;11716;833;71;23;2780;1030;234;145;14496;1863;305;168
2022.01_13-10-2022;Республика Коми;75_90_days;SputnikV;50;2;0;0;19;3;0;0;69;5;0;0;11716;833;71;23;2780;1030;234;145;14496;1863;305;168
2022.01_13-10-2022;Республика Коми;90_105_days;AllVaccines;154;4;0;0;51;20;3;1;205;24;3;1;11716;833;71;23;2780;1030;234;145;14496;1863;305;168
2022.01_13-10-2022;Республика Коми;90_105_days;CoviVac;1;0;0;0;0;0;0;0;1;0;0;0;11716;833;71;23;2780;1030;234;145;14496;1863;305;168
2022.01_13-10-2022;Республика Коми;90_105_days;SputnikLite;104;3;0;0;36;18;3;1;140;21;3;1;11716;833;71;23;2780;1030;234;145;14496;1863;305;168
2022.01_13-10-2022;Республика Коми;90_105_days;SputnikV;49;1;0;0;15;2;0;0;64;3;0;0;11716;833;71;23;2780;1030;234;145;14496;1863;305;168
2022.01_13-10-2022;Республика Крым;105_165_days;AllVaccines;909;76;7;2;208;65;24;8;1117;141;31;10;6155;820;121;18;2439;1153;377;172;8594;1973;498;190
2022.01_13-10-2022;Республика Крым;105_165_days;CoviVac;16;1;0;0;6;1;1;1;22;2;1;1;6155;820;121;18;2439;1153;377;172;8594;1973;498;190
2022.01_13-10-2022;Республика Крым;105_165_days;EpiVacCorona;29;4;1;0;8;5;2;2;37;9;3;2;6155;820;121;18;2439;1153;377;172;8594;1973;498;190
2022.01_13-10-2022;Республика Крым;105_165_days;SputnikLite;58;4;0;0;57;17;2;1;115;21;2;1;6155;820;121;18;2439;1153;377;172;8594;1973;498;190
2022.01_13-10-2022;Республика Крым;105_165_days;SputnikV;806;67;6;2;137;42;19;4;943;109;25;6;6155;820;121;18;2439;1153;377;172;8594;1973;498;190
2022.01_13-10-2022;Республика Крым;165_195_days;AllVaccines;751;70;18;3;170;60;14;4;921;130;32;7;6155;820;121;18;2439;1153;377;172;8594;1973;498;190
2022.01_13-10-2022;Республика Крым;165_195_days;CoviVac;12;2;1;0;3;1;0;0;15;3;1;0;6155;820;121;18;2439;1153;377;172;8594;1973;498;190
2022.01_13-10-2022;Республика Крым;165_195_days;EpiVacCorona;32;7;1;1;22;8;2;1;54;15;3;2;6155;820;121;18;2439;1153;377;172;8594;1973;498;190
2022.01_13-10-2022;Республика Крым;165_195_days;SputnikLite;1;1;0;0;0;0;0;0;1;1;0;0;6155;820;121;18;2439;1153;377;172;8594;1973;498;190
2022.01_13-10-2022;Республика Крым;165_195_days;SputnikV;706;60;16;2;145;51;12;3;851;111;28;5;6155;820;121;18;2439;1153;377;172;8594;1973;498;190
2022.01_13-10-2022;Республика Крым;21_45_days;AllVaccines;519;69;11;2;197;69;15;5;716;138;26;7;6155;820;121;18;2439;1153;377;172;8594;1973;498;190
2022.01_13-10-2022;Республика Крым;21_45_days;CoviVac;5;1;0;0;5;2;0;0;10;3;0;0;6155;820;121;18;2439;1153;377;172;8594;1973;498;190
2022.01_13-10-2022;Республика Крым;21_45_days;EpiVacCorona;14;1;0;0;8;6;0;0;22;7;0;0;6155;820;121;18;2439;1153;377;172;8594;1973;498;190
2022.01_13-10-2022;Республика Крым;21_45_days;SputnikLite;160;20;2;1;79;24;5;2;239;44;7;3;6155;820;121;18;2439;1153;377;172;8594;1973;498;190
2022.01_13-10-2022;Республика Крым;21_45_days;SputnikV;340;47;9;1;105;37;10;3;445;84;19;4;6155;820;121;18;2439;1153;377;172;8594;1973;498;190
2022.01_13-10-2022;Республика Крым;45_75_days;AllVaccines;1039;112;11;0;251;85;29;7;1290;197;40;7;6155;820;121;18;2439;1153;377;172;8594;1973;498;190
2022.01_13-10-2022;Республика Крым;45_75_days;CoviVac;24;3;1;0;6;2;0;0;30;5;1;0;6155;820;121;18;2439;1153;377;172;8594;1973;498;190
2022.01_13-10-2022;Республика Крым;45_75_days;EpiVacCorona;53;6;1;0;18;9;5;1;71;15;6;1;6155;820;121;18;2439;1153;377;172;8594;1973;498;190
2022.01_13-10-2022;Республика Крым;45_75_days;SputnikLite;89;5;0;0;76;23;9;2;165;28;9;2;6155;820;121;18;2439;1153;377;172;8594;1973;498;190
2022.01_13-10-2022;Республика Крым;45_75_days;SputnikV;873;98;9;0;151;51;15;4;1024;149;24;4;6155;820;121;18;2439;1153;377;172;8594;1973;498;190
2022.01_13-10-2022;Республика Крым;75_90_days;AllVaccines;196;26;2;1;69;18;7;1;265;44;9;2;6155;820;121;18;2439;1153;377;172;8594;1973;498;190
2022.01_13-10-2022;Республика Крым;75_90_days;CoviVac;4;1;1;0;1;0;0;0;5;1;1;0;6155;820;121;18;2439;1153;377;172;8594;1973;498;190
2022.01_13-10-2022;Республика Крым;75_90_days;EpiVacCorona;6;2;0;0;1;0;0;0;7;2;0;0;6155;820;121;18;2439;1153;377;172;8594;1973;498;190
2022.01_13-10-2022;Республика Крым;75_90_days;SputnikLite;86;11;1;1;45;11;5;1;131;22;6;2;6155;820;121;18;2439;1153;377;172;8594;1973;498;190
2022.01_13-10-2022;Республика Крым;75_90_days;SputnikV;100;12;0;0;22;7;2;0;122;19;2;0;6155;820;121;18;2439;1153;377;172;8594;1973;498;190
2022.01_13-10-2022;Республика Крым;90_105_days;AllVaccines;119;12;1;0;44;15;5;2;163;27;6;2;6155;820;121;18;2439;1153;377;172;8594;1973;498;190
2022.01_13-10-2022;Республика Крым;90_105_days;CoviVac;2;0;0;0;0;0;0;0;2;0;0;0;6155;820;121;18;2439;1153;377;172;8594;1973;498;190
2022.01_13-10-2022;Республика Крым;90_105_days;EpiVacCorona;2;0;0;0;0;0;0;0;2;0;0;0;6155;820;121;18;2439;1153;377;172;8594;1973;498;190
2022.01_13-10-2022;Республика Крым;90_105_days;SputnikLite;32;0;0;0;28;10;4;1;60;10;4;1;6155;820;121;18;2439;1153;377;172;8594;1973;498;190
2022.01_13-10-2022;Республика Крым;90_105_days;SputnikV;83;12;1;0;16;5;1;1;99;17;2;1;6155;820;121;18;2439;1153;377;172;8594;1973;498;190
2022.01_13-10-2022;Республика Марий Эл;105_165_days;AllVaccines;2460;47;2;0;364;37;3;0;2824;84;5;0;9401;382;42;7;2770;605;132;50;12171;987;174;57
2022.01_13-10-2022;Республика Марий Эл;105_165_days;CoviVac;34;0;0;0;2;0;0;0;36;0;0;0;9401;382;42;7;2770;605;132;50;12171;987;174;57
2022.01_13-10-2022;Республика Марий Эл;105_165_days;EpiVacCorona;19;1;0;0;9;1;0;0;28;2;0;0;9401;382;42;7;2770;605;132;50;12171;987;174;57
2022.01_13-10-2022;Республика Марий Эл;105_165_days;SputnikLite;1165;18;0;0;126;7;1;0;1291;25;1;0;9401;382;42;7;2770;605;132;50;12171;987;174;57
2022.01_13-10-2022;Республика Марий Эл;105_165_days;SputnikV;1242;28;2;0;227;29;2;0;1469;57;4;0;9401;382;42;7;2770;605;132;50;12171;987;174;57
2022.01_13-10-2022;Республика Марий Эл;165_195_days;AllVaccines;1085;14;3;0;181;16;3;1;1266;30;6;1;9401;382;42;7;2770;605;132;50;12171;987;174;57
2022.01_13-10-2022;Республика Марий Эл;165_195_days;CoviVac;36;1;0;0;6;1;1;0;42;2;1;0;9401;382;42;7;2770;605;132;50;12171;987;174;57
2022.01_13-10-2022;Республика Марий Эл;165_195_days;EpiVacCorona;3;0;0;0;0;0;0;0;3;0;0;0;9401;382;42;7;2770;605;132;50;12171;987;174;57
2022.01_13-10-2022;Республика Марий Эл;165_195_days;SputnikLite;47;1;0;0;7;0;0;0;54;1;0;0;9401;382;42;7;2770;605;132;50;12171;987;174;57
2022.01_13-10-2022;Республика Марий Эл;165_195_days;SputnikV;999;12;3;0;168;15;2;1;1167;27;5;1;9401;382;42;7;2770;605;132;50;12171;987;174;57
2022.01_13-10-2022;Республика Марий Эл;21_45_days;AllVaccines;649;19;2;0;192;25;4;1;841;44;6;1;9401;382;42;7;2770;605;132;50;12171;987;174;57
2022.01_13-10-2022;Республика Марий Эл;21_45_days;CoviVac;17;0;0;0;3;1;0;0;20;1;0;0;9401;382;42;7;2770;605;132;50;12171;987;174;57
2022.01_13-10-2022;Республика Марий Эл;21_45_days;EpiVacCorona;41;1;0;0;10;1;0;0;51;2;0;0;9401;382;42;7;2770;605;132;50;12171;987;174;57
2022.01_13-10-2022;Республика Марий Эл;21_45_days;SputnikLite;258;6;1;0;70;5;2;1;328;11;3;1;9401;382;42;7;2770;605;132;50;12171;987;174;57
2022.01_13-10-2022;Республика Марий Эл;21_45_days;SputnikV;333;12;1;0;109;18;2;0;442;30;3;0;9401;382;42;7;2770;605;132;50;12171;987;174;57
2022.01_13-10-2022;Республика Марий Эл;45_75_days;AllVaccines;806;26;5;2;251;39;8;2;1057;65;13;4;9401;382;42;7;2770;605;132;50;12171;987;174;57
2022.01_13-10-2022;Республика Марий Эл;45_75_days;CoviVac;24;0;0;0;2;0;0;0;26;0;0;0;9401;382;42;7;2770;605;132;50;12171;987;174;57
2022.01_13-10-2022;Республика Марий Эл;45_75_days;EpiVacCorona;98;3;1;1;23;8;2;0;121;11;3;1;9401;382;42;7;2770;605;132;50;12171;987;174;57
2022.01_13-10-2022;Республика Марий Эл;45_75_days;SputnikLite;299;9;1;0;116;14;3;1;415;23;4;1;9401;382;42;7;2770;605;132;50;12171;987;174;57
2022.01_13-10-2022;Республика Марий Эл;45_75_days;SputnikV;385;14;3;1;110;17;3;1;495;31;6;2;9401;382;42;7;2770;605;132;50;12171;987;174;57
2022.01_13-10-2022;Республика Марий Эл;75_90_days;AllVaccines;615;11;2;1;100;15;3;0;715;26;5;1;9401;382;42;7;2770;605;132;50;12171;987;174;57
2022.01_13-10-2022;Республика Марий Эл;75_90_days;CoviVac;2;0;0;0;0;0;0;0;2;0;0;0;9401;382;42;7;2770;605;132;50;12171;987;174;57
2022.01_13-10-2022;Республика Марий Эл;75_90_days;EpiVacCorona;2;0;0;0;2;0;0;0;4;0;0;0;9401;382;42;7;2770;605;132;50;12171;987;174;57
2022.01_13-10-2022;Республика Марий Эл;75_90_days;SputnikLite;552;11;2;1;87;14;3;0;639;25;5;1;9401;382;42;7;2770;605;132;50;12171;987;174;57
2022.01_13-10-2022;Республика Марий Эл;75_90_days;SputnikV;59;0;0;0;11;1;0;0;70;1;0;0;9401;382;42;7;2770;605;132;50;12171;987;174;57
2022.01_13-10-2022;Республика Марий Эл;90_105_days;AllVaccines;235;5;1;0;56;5;0;0;291;10;1;0;9401;382;42;7;2770;605;132;50;12171;987;174;57
2022.01_13-10-2022;Республика Марий Эл;90_105_days;CoviVac;2;0;0;0;0;0;0;0;2;0;0;0;9401;382;42;7;2770;605;132;50;12171;987;174;57
2022.01_13-10-2022;Республика Марий Эл;90_105_days;SputnikLite;195;4;1;0;40;4;0;0;235;8;1;0;9401;382;42;7;2770;605;132;50;12171;987;174;57
2022.01_13-10-2022;Республика Марий Эл;90_105_days;SputnikV;38;1;0;0;16;1;0;0;54;2;0;0;9401;382;42;7;2770;605;132;50;12171;987;174;57
2022.01_13-10-2022;Республика Мордовия;105_165_days;AllVaccines;974;62;8;2;199;54;11;8;1173;116;19;10;2872;285;31;13;991;373;96;58;3863;658;127;71
2022.01_13-10-2022;Республика Мордовия;105_165_days;CoviVac;8;0;0;0;3;1;0;0;11;1;0;0;2872;285;31;13;991;373;96;58;3863;658;127;71
2022.01_13-10-2022;Республика Мордовия;105_165_days;EpiVacCorona;14;1;1;1;3;1;0;0;17;2;1;1;2872;285;31;13;991;373;96;58;3863;658;127;71
2022.01_13-10-2022;Республика Мордовия;105_165_days;SputnikLite;258;10;1;1;67;18;5;4;325;28;6;5;2872;285;31;13;991;373;96;58;3863;658;127;71
2022.01_13-10-2022;Республика Мордовия;105_165_days;SputnikV;694;51;6;0;126;34;6;4;820;85;12;4;2872;285;31;13;991;373;96;58;3863;658;127;71
2022.01_13-10-2022;Республика Мордовия;165_195_days;AllVaccines;771;36;5;2;77;18;3;2;848;54;8;4;2872;285;31;13;991;373;96;58;3863;658;127;71
2022.01_13-10-2022;Республика Мордовия;165_195_days;CoviVac;21;1;0;0;3;0;0;0;24;1;0;0;2872;285;31;13;991;373;96;58;3863;658;127;71
2022.01_13-10-2022;Республика Мордовия;165_195_days;EpiVacCorona;25;1;0;0;1;0;0;0;26;1;0;0;2872;285;31;13;991;373;96;58;3863;658;127;71
2022.01_13-10-2022;Республика Мордовия;165_195_days;SputnikLite;12;0;0;0;2;0;0;0;14;0;0;0;2872;285;31;13;991;373;96;58;3863;658;127;71
2022.01_13-10-2022;Республика Мордовия;165_195_days;SputnikV;713;34;5;2;71;18;3;2;784;52;8;4;2872;285;31;13;991;373;96;58;3863;658;127;71
2022.01_13-10-2022;Республика Мордовия;21_45_days;AllVaccines;260;15;2;1;66;20;7;3;326;35;9;4;2872;285;31;13;991;373;96;58;3863;658;127;71
2022.01_13-10-2022;Республика Мордовия;21_45_days;CoviVac;8;0;0;0;4;3;1;0;12;3;1;0;2872;285;31;13;991;373;96;58;3863;658;127;71
2022.01_13-10-2022;Республика Мордовия;21_45_days;EpiVacCorona;11;1;0;0;3;1;1;1;14;2;1;1;2872;285;31;13;991;373;96;58;3863;658;127;71
2022.01_13-10-2022;Республика Мордовия;21_45_days;SputnikLite;112;4;0;0;27;6;1;0;139;10;1;0;2872;285;31;13;991;373;96;58;3863;658;127;71
2022.01_13-10-2022;Республика Мордовия;21_45_days;SputnikV;129;10;2;1;32;10;4;2;161;20;6;3;2872;285;31;13;991;373;96;58;3863;658;127;71
2022.01_13-10-2022;Республика Мордовия;45_75_days;AllVaccines;411;33;3;1;115;21;2;0;526;54;5;1;2872;285;31;13;991;373;96;58;3863;658;127;71
2022.01_13-10-2022;Республика Мордовия;45_75_days;CoviVac;8;2;0;0;1;0;0;0;9;2;0;0;2872;285;31;13;991;373;96;58;3863;658;127;71
2022.01_13-10-2022;Республика Мордовия;45_75_days;EpiVacCorona;13;2;0;0;1;0;0;0;14;2;0;0;2872;285;31;13;991;373;96;58;3863;658;127;71
2022.01_13-10-2022;Республика Мордовия;45_75_days;SputnikLite;150;15;1;0;48;5;0;0;198;20;1;0;2872;285;31;13;991;373;96;58;3863;658;127;71
2022.01_13-10-2022;Республика Мордовия;45_75_days;SputnikV;240;14;2;1;65;16;2;0;305;30;4;1;2872;285;31;13;991;373;96;58;3863;658;127;71
2022.01_13-10-2022;Республика Мордовия;75_90_days;AllVaccines;169;7;1;1;65;13;5;2;234;20;6;3;2872;285;31;13;991;373;96;58;3863;658;127;71
2022.01_13-10-2022;Республика Мордовия;75_90_days;EpiVacCorona;1;1;1;1;0;0;0;0;1;1;1;1;2872;285;31;13;991;373;96;58;3863;658;127;71
2022.01_13-10-2022;Республика Мордовия;75_90_days;SputnikLite;124;6;0;0;51;6;1;0;175;12;1;0;2872;285;31;13;991;373;96;58;3863;658;127;71
2022.01_13-10-2022;Республика Мордовия;75_90_days;SputnikV;44;0;0;0;14;7;4;2;58;7;4;2;2872;285;31;13;991;373;96;58;3863;658;127;71
2022.01_13-10-2022;Республика Мордовия;90_105_days;AllVaccines;116;6;0;0;39;12;2;1;155;18;2;1;2872;285;31;13;991;373;96;58;3863;658;127;71
2022.01_13-10-2022;Республика Мордовия;90_105_days;EpiVacCorona;2;1;0;0;0;0;0;0;2;1;0;0;2872;285;31;13;991;373;96;58;3863;658;127;71
2022.01_13-10-2022;Республика Мордовия;90_105_days;SputnikLite;76;1;0;0;29;6;0;0;105;7;0;0;2872;285;31;13;991;373;96;58;3863;658;127;71
2022.01_13-10-2022;Республика Мордовия;90_105_days;SputnikV;38;4;0;0;10;6;2;1;48;10;2;1;2872;285;31;13;991;373;96;58;3863;658;127;71
2022.01_13-10-2022;Республика Саха (Якутия);105_165_days;AllVaccines;6020;299;11;0;695;111;17;4;6715;410;28;4;36267;2261;130;15;6893;1606;318;92;43160;3867;448;107
2022.01_13-10-2022;Республика Саха (Якутия);105_165_days;CoviVac;5;1;0;0;0;0;0;0;5;1;0;0;36267;2261;130;15;6893;1606;318;92;43160;3867;448;107
2022.01_13-10-2022;Республика Саха (Якутия);105_165_days;EpiVacCorona;772;47;5;0;106;30;7;3;878;77;12;3;36267;2261;130;15;6893;1606;318;92;43160;3867;448;107
2022.01_13-10-2022;Республика Саха (Якутия);105_165_days;SputnikLite;3445;183;2;0;319;46;8;1;3764;229;10;1;36267;2261;130;15;6893;1606;318;92;43160;3867;448;107
2022.01_13-10-2022;Республика Саха (Якутия);105_165_days;SputnikV;1798;68;4;0;270;35;2;0;2068;103;6;0;36267;2261;130;15;6893;1606;318;92;43160;3867;448;107
2022.01_13-10-2022;Республика Саха (Якутия);165_195_days;AllVaccines;3631;173;7;2;457;86;21;6;4088;259;28;8;36267;2261;130;15;6893;1606;318;92;43160;3867;448;107
2022.01_13-10-2022;Республика Саха (Якутия);165_195_days;CoviVac;8;1;0;0;0;0;0;0;8;1;0;0;36267;2261;130;15;6893;1606;318;92;43160;3867;448;107
2022.01_13-10-2022;Республика Саха (Якутия);165_195_days;EpiVacCorona;1108;68;3;2;198;52;14;4;1306;120;17;6;36267;2261;130;15;6893;1606;318;92;43160;3867;448;107
2022.01_13-10-2022;Республика Саха (Якутия);165_195_days;SputnikLite;230;6;0;0;20;0;0;0;250;6;0;0;36267;2261;130;15;6893;1606;318;92;43160;3867;448;107
2022.01_13-10-2022;Республика Саха (Якутия);165_195_days;SputnikV;2285;98;4;0;239;34;7;2;2524;132;11;2;36267;2261;130;15;6893;1606;318;92;43160;3867;448;107
2022.01_13-10-2022;Республика Саха (Якутия);21_45_days;AllVaccines;1972;88;8;2;459;98;13;2;2431;186;21;4;36267;2261;130;15;6893;1606;318;92;43160;3867;448;107
2022.01_13-10-2022;Республика Саха (Якутия);21_45_days;CoviVac;54;3;1;0;8;3;1;0;62;6;2;0;36267;2261;130;15;6893;1606;318;92;43160;3867;448;107
2022.01_13-10-2022;Республика Саха (Якутия);21_45_days;EpiVacCorona;14;0;0;0;12;2;2;0;26;2;2;0;36267;2261;130;15;6893;1606;318;92;43160;3867;448;107
2022.01_13-10-2022;Республика Саха (Якутия);21_45_days;SputnikLite;912;38;3;0;203;39;7;1;1115;77;10;1;36267;2261;130;15;6893;1606;318;92;43160;3867;448;107
2022.01_13-10-2022;Республика Саха (Якутия);21_45_days;SputnikV;992;47;4;2;236;54;3;1;1228;101;7;3;36267;2261;130;15;6893;1606;318;92;43160;3867;448;107
2022.01_13-10-2022;Республика Саха (Якутия);45_75_days;AllVaccines;2673;112;6;1;607;109;15;4;3280;221;21;5;36267;2261;130;15;6893;1606;318;92;43160;3867;448;107
2022.01_13-10-2022;Республика Саха (Якутия);45_75_days;CoviVac;79;6;1;0;14;6;1;0;93;12;2;0;36267;2261;130;15;6893;1606;318;92;43160;3867;448;107
2022.01_13-10-2022;Республика Саха (Якутия);45_75_days;EpiVacCorona;28;1;0;0;7;1;0;0;35;2;0;0;36267;2261;130;15;6893;1606;318;92;43160;3867;448;107
2022.01_13-10-2022;Республика Саха (Якутия);45_75_days;SputnikLite;1643;76;2;1;398;59;9;3;2041;135;11;4;36267;2261;130;15;6893;1606;318;92;43160;3867;448;107
2022.01_13-10-2022;Республика Саха (Якутия);45_75_days;SputnikV;923;29;3;0;188;43;5;1;1111;72;8;1;36267;2261;130;15;6893;1606;318;92;43160;3867;448;107
2022.01_13-10-2022;Республика Саха (Якутия);75_90_days;AllVaccines;1249;69;6;3;251;44;6;2;1500;113;12;5;36267;2261;130;15;6893;1606;318;92;43160;3867;448;107
2022.01_13-10-2022;Республика Саха (Якутия);75_90_days;CoviVac;3;0;0;0;0;0;0;0;3;0;0;0;36267;2261;130;15;6893;1606;318;92;43160;3867;448;107
2022.01_13-10-2022;Республика Саха (Якутия);75_90_days;EpiVacCorona;19;0;0;0;6;3;1;0;25;3;1;0;36267;2261;130;15;6893;1606;318;92;43160;3867;448;107
2022.01_13-10-2022;Республика Саха (Якутия);75_90_days;SputnikLite;1045;60;5;3;208;37;5;2;1253;97;10;5;36267;2261;130;15;6893;1606;318;92;43160;3867;448;107
2022.01_13-10-2022;Республика Саха (Якутия);75_90_days;SputnikV;182;9;1;0;37;4;0;0;219;13;1;0;36267;2261;130;15;6893;1606;318;92;43160;3867;448;107
2022.01_13-10-2022;Республика Саха (Якутия);90_105_days;AllVaccines;699;37;0;0;154;27;6;0;853;64;6;0;36267;2261;130;15;6893;1606;318;92;43160;3867;448;107
2022.01_13-10-2022;Республика Саха (Якутия);90_105_days;CoviVac;2;0;0;0;0;0;0;0;2;0;0;0;36267;2261;130;15;6893;1606;318;92;43160;3867;448;107
2022.01_13-10-2022;Республика Саха (Якутия);90_105_days;EpiVacCorona;18;0;0;0;1;1;1;0;19;1;1;0;36267;2261;130;15;6893;1606;318;92;43160;3867;448;107
2022.01_13-10-2022;Республика Саха (Якутия);90_105_days;SputnikLite;505;33;0;0;121;21;5;0;626;54;5;0;36267;2261;130;15;6893;1606;318;92;43160;3867;448;107
2022.01_13-10-2022;Республика Саха (Якутия);90_105_days;SputnikV;174;4;0;0;32;5;0;0;206;9;0;0;36267;2261;130;15;6893;1606;318;92;43160;3867;448;107
2022.01_13-10-2022;Республика Северная Осетия - Алания;105_165_days;AllVaccines;779;31;2;0;207;27;1;0;986;58;3;0;5272;304;22;13;2374;487;113;113;7646;791;135;126
2022.01_13-10-2022;Республика Северная Осетия - Алания;105_165_days;EpiVacCorona;3;0;0;0;2;0;0;0;5;0;0;0;5272;304;22;13;2374;487;113;113;7646;791;135;126
2022.01_13-10-2022;Республика Северная Осетия - Алания;105_165_days;SputnikLite;143;5;0;0;32;5;0;0;175;10;0;0;5272;304;22;13;2374;487;113;113;7646;791;135;126
2022.01_13-10-2022;Республика Северная Осетия - Алания;105_165_days;SputnikV;633;26;2;0;173;22;1;0;806;48;3;0;5272;304;22;13;2374;487;113;113;7646;791;135;126
2022.01_13-10-2022;Республика Северная Осетия - Алания;165_195_days;AllVaccines;624;19;2;1;106;12;3;2;730;31;5;3;5272;304;22;13;2374;487;113;113;7646;791;135;126
2022.01_13-10-2022;Республика Северная Осетия - Алания;165_195_days;CoviVac;5;0;0;0;1;0;0;0;6;0;0;0;5272;304;22;13;2374;487;113;113;7646;791;135;126
2022.01_13-10-2022;Республика Северная Осетия - Алания;165_195_days;SputnikLite;8;0;0;0;1;0;0;0;9;0;0;0;5272;304;22;13;2374;487;113;113;7646;791;135;126
2022.01_13-10-2022;Республика Северная Осетия - Алания;165_195_days;SputnikV;611;19;2;1;104;12;3;2;715;31;5;3;5272;304;22;13;2374;487;113;113;7646;791;135;126
2022.01_13-10-2022;Республика Северная Осетия - Алания;21_45_days;AllVaccines;275;15;1;0;72;8;2;2;347;23;3;2;5272;304;22;13;2374;487;113;113;7646;791;135;126
2022.01_13-10-2022;Республика Северная Осетия - Алания;21_45_days;CoviVac;6;1;0;0;1;0;0;0;7;1;0;0;5272;304;22;13;2374;487;113;113;7646;791;135;126
2022.01_13-10-2022;Республика Северная Осетия - Алания;21_45_days;EpiVacCorona;9;0;0;0;3;0;0;0;12;0;0;0;5272;304;22;13;2374;487;113;113;7646;791;135;126
2022.01_13-10-2022;Республика Северная Осетия - Алания;21_45_days;SputnikLite;119;5;1;0;34;4;1;1;153;9;2;1;5272;304;22;13;2374;487;113;113;7646;791;135;126
2022.01_13-10-2022;Республика Северная Осетия - Алания;21_45_days;SputnikV;141;9;0;0;34;4;1;1;175;13;1;1;5272;304;22;13;2374;487;113;113;7646;791;135;126
2022.01_13-10-2022;Республика Северная Осетия - Алания;45_75_days;AllVaccines;406;14;4;1;102;9;0;0;508;23;4;1;5272;304;22;13;2374;487;113;113;7646;791;135;126
2022.01_13-10-2022;Республика Северная Осетия - Алания;45_75_days;CoviVac;10;0;0;0;1;0;0;0;11;0;0;0;5272;304;22;13;2374;487;113;113;7646;791;135;126
2022.01_13-10-2022;Республика Северная Осетия - Алания;45_75_days;EpiVacCorona;6;0;0;0;0;0;0;0;6;0;0;0;5272;304;22;13;2374;487;113;113;7646;791;135;126
2022.01_13-10-2022;Республика Северная Осетия - Алания;45_75_days;SputnikLite;194;7;3;0;60;4;0;0;254;11;3;0;5272;304;22;13;2374;487;113;113;7646;791;135;126
2022.01_13-10-2022;Республика Северная Осетия - Алания;45_75_days;SputnikV;196;7;1;1;41;5;0;0;237;12;1;1;5272;304;22;13;2374;487;113;113;7646;791;135;126
2022.01_13-10-2022;Республика Северная Осетия - Алания;75_90_days;AllVaccines;107;7;0;0;49;4;2;1;156;11;2;1;5272;304;22;13;2374;487;113;113;7646;791;135;126
2022.01_13-10-2022;Республика Северная Осетия - Алания;75_90_days;EpiVacCorona;3;0;0;0;0;0;0;0;3;0;0;0;5272;304;22;13;2374;487;113;113;7646;791;135;126
2022.01_13-10-2022;Республика Северная Осетия - Алания;75_90_days;SputnikLite;71;4;0;0;32;2;1;0;103;6;1;0;5272;304;22;13;2374;487;113;113;7646;791;135;126
2022.01_13-10-2022;Республика Северная Осетия - Алания;75_90_days;SputnikV;33;3;0;0;17;2;1;1;50;5;1;1;5272;304;22;13;2374;487;113;113;7646;791;135;126
2022.01_13-10-2022;Республика Северная Осетия - Алания;90_105_days;AllVaccines;72;2;2;2;26;6;1;1;98;8;3;3;5272;304;22;13;2374;487;113;113;7646;791;135;126
2022.01_13-10-2022;Республика Северная Осетия - Алания;90_105_days;EpiVacCorona;2;0;0;0;1;0;0;0;3;0;0;0;5272;304;22;13;2374;487;113;113;7646;791;135;126
2022.01_13-10-2022;Республика Северная Осетия - Алания;90_105_days;SputnikLite;27;0;0;0;11;3;1;1;38;3;1;1;5272;304;22;13;2374;487;113;113;7646;791;135;126
2022.01_13-10-2022;Республика Северная Осетия - Алания;90_105_days;SputnikV;43;2;2;2;14;3;0;0;57;5;2;2;5272;304;22;13;2374;487;113;113;7646;791;135;126
2022.01_13-10-2022;Республика Татарстан;105_165_days;AllVaccines;1212;148;1;1;206;58;7;6;1418;206;8;7;6176;1209;45;14;2152;940;186;130;8328;2149;231;144
2022.01_13-10-2022;Республика Татарстан;105_165_days;CoviVac;66;6;1;1;7;4;0;0;73;10;1;1;6176;1209;45;14;2152;940;186;130;8328;2149;231;144
2022.01_13-10-2022;Республика Татарстан;105_165_days;EpiVacCorona;34;4;0;0;17;6;1;0;51;10;1;0;6176;1209;45;14;2152;940;186;130;8328;2149;231;144
2022.01_13-10-2022;Республика Татарстан;105_165_days;SputnikLite;208;28;0;0;49;11;2;3;257;39;2;3;6176;1209;45;14;2152;940;186;130;8328;2149;231;144
2022.01_13-10-2022;Республика Татарстан;105_165_days;SputnikV;904;110;0;0;133;37;4;3;1037;147;4;3;6176;1209;45;14;2152;940;186;130;8328;2149;231;144
2022.01_13-10-2022;Республика Татарстан;165_195_days;AllVaccines;1039;148;8;0;151;44;7;2;1190;192;15;2;6176;1209;45;14;2152;940;186;130;8328;2149;231;144
2022.01_13-10-2022;Республика Татарстан;165_195_days;CoviVac;32;12;0;0;8;6;0;0;40;18;0;0;6176;1209;45;14;2152;940;186;130;8328;2149;231;144
2022.01_13-10-2022;Республика Татарстан;165_195_days;EpiVacCorona;37;1;0;0;8;4;2;0;45;5;2;0;6176;1209;45;14;2152;940;186;130;8328;2149;231;144
2022.01_13-10-2022;Республика Татарстан;165_195_days;SputnikLite;13;1;0;0;1;0;0;0;14;1;0;0;6176;1209;45;14;2152;940;186;130;8328;2149;231;144
2022.01_13-10-2022;Республика Татарстан;165_195_days;SputnikV;957;134;8;0;134;34;5;2;1091;168;13;2;6176;1209;45;14;2152;940;186;130;8328;2149;231;144
2022.01_13-10-2022;Республика Татарстан;21_45_days;AllVaccines;427;73;4;1;161;54;3;4;588;127;7;5;6176;1209;45;14;2152;940;186;130;8328;2149;231;144
2022.01_13-10-2022;Республика Татарстан;21_45_days;CoviVac;4;1;0;0;1;0;0;0;5;1;0;0;6176;1209;45;14;2152;940;186;130;8328;2149;231;144
2022.01_13-10-2022;Республика Татарстан;21_45_days;EpiVacCorona;11;2;0;0;6;1;0;0;17;3;0;0;6176;1209;45;14;2152;940;186;130;8328;2149;231;144
2022.01_13-10-2022;Республика Татарстан;21_45_days;SputnikLite;65;7;0;0;55;18;2;2;120;25;2;2;6176;1209;45;14;2152;940;186;130;8328;2149;231;144
2022.01_13-10-2022;Республика Татарстан;21_45_days;SputnikV;347;63;4;1;99;35;1;2;446;98;5;3;6176;1209;45;14;2152;940;186;130;8328;2149;231;144
2022.01_13-10-2022;Республика Татарстан;45_75_days;AllVaccines;1206;174;5;0;276;80;11;7;1482;254;16;7;6176;1209;45;14;2152;940;186;130;8328;2149;231;144
2022.01_13-10-2022;Республика Татарстан;45_75_days;CoviVac;10;0;0;0;4;0;0;0;14;0;0;0;6176;1209;45;14;2152;940;186;130;8328;2149;231;144
2022.01_13-10-2022;Республика Татарстан;45_75_days;EpiVacCorona;24;6;0;0;19;9;2;2;43;15;2;2;6176;1209;45;14;2152;940;186;130;8328;2149;231;144
2022.01_13-10-2022;Республика Татарстан;45_75_days;SputnikLite;114;12;1;0;42;12;1;0;156;24;2;0;6176;1209;45;14;2152;940;186;130;8328;2149;231;144
2022.01_13-10-2022;Республика Татарстан;45_75_days;SputnikV;1058;156;4;0;211;59;8;5;1269;215;12;5;6176;1209;45;14;2152;940;186;130;8328;2149;231;144
2022.01_13-10-2022;Республика Татарстан;75_90_days;AllVaccines;231;42;1;0;60;21;0;0;291;63;1;0;6176;1209;45;14;2152;940;186;130;8328;2149;231;144
2022.01_13-10-2022;Республика Татарстан;75_90_days;CoviVac;7;0;0;0;2;1;0;0;9;1;0;0;6176;1209;45;14;2152;940;186;130;8328;2149;231;144
2022.01_13-10-2022;Республика Татарстан;75_90_days;EpiVacCorona;11;4;1;0;2;2;0;0;13;6;1;0;6176;1209;45;14;2152;940;186;130;8328;2149;231;144
2022.01_13-10-2022;Республика Татарстан;75_90_days;SputnikLite;82;18;0;0;24;10;0;0;106;28;0;0;6176;1209;45;14;2152;940;186;130;8328;2149;231;144
2022.01_13-10-2022;Республика Татарстан;75_90_days;SputnikV;131;20;0;0;32;8;0;0;163;28;0;0;6176;1209;45;14;2152;940;186;130;8328;2149;231;144
2022.01_13-10-2022;Республика Татарстан;90_105_days;AllVaccines;232;38;1;0;55;15;2;1;287;53;3;1;6176;1209;45;14;2152;940;186;130;8328;2149;231;144
2022.01_13-10-2022;Республика Татарстан;90_105_days;CoviVac;2;0;0;0;2;0;0;0;4;0;0;0;6176;1209;45;14;2152;940;186;130;8328;2149;231;144
2022.01_13-10-2022;Республика Татарстан;90_105_days;EpiVacCorona;3;0;0;0;1;0;0;0;4;0;0;0;6176;1209;45;14;2152;940;186;130;8328;2149;231;144
2022.01_13-10-2022;Республика Татарстан;90_105_days;SputnikLite;122;20;0;0;27;8;1;0;149;28;1;0;6176;1209;45;14;2152;940;186;130;8328;2149;231;144
2022.01_13-10-2022;Республика Татарстан;90_105_days;SputnikV;105;18;1;0;25;7;1;1;130;25;2;1;6176;1209;45;14;2152;940;186;130;8328;2149;231;144
2022.01_13-10-2022;Республика Тыва;105_165_days;AllVaccines;2481;192;5;0;225;48;6;0;2706;240;11;0;13230;1370;83;10;1824;569;103;30;15054;1939;186;40
2022.01_13-10-2022;Республика Тыва;105_165_days;CoviVac;20;1;0;0;0;0;0;0;20;1;0;0;13230;1370;83;10;1824;569;103;30;15054;1939;186;40
2022.01_13-10-2022;Республика Тыва;105_165_days;EpiVacCorona;6;1;0;0;0;0;0;0;6;1;0;0;13230;1370;83;10;1824;569;103;30;15054;1939;186;40
2022.01_13-10-2022;Республика Тыва;105_165_days;SputnikLite;1296;101;2;0;98;17;4;0;1394;118;6;0;13230;1370;83;10;1824;569;103;30;15054;1939;186;40
2022.01_13-10-2022;Республика Тыва;105_165_days;SputnikV;1159;89;3;0;127;31;2;0;1286;120;5;0;13230;1370;83;10;1824;569;103;30;15054;1939;186;40
2022.01_13-10-2022;Республика Тыва;165_195_days;AllVaccines;1865;143;10;0;172;42;3;0;2037;185;13;0;13230;1370;83;10;1824;569;103;30;15054;1939;186;40
2022.01_13-10-2022;Республика Тыва;165_195_days;CoviVac;116;7;2;0;5;2;1;0;121;9;3;0;13230;1370;83;10;1824;569;103;30;15054;1939;186;40
2022.01_13-10-2022;Республика Тыва;165_195_days;EpiVacCorona;28;6;1;0;8;2;0;0;36;8;1;0;13230;1370;83;10;1824;569;103;30;15054;1939;186;40
2022.01_13-10-2022;Республика Тыва;165_195_days;SputnikLite;163;16;2;0;13;2;1;0;176;18;3;0;13230;1370;83;10;1824;569;103;30;15054;1939;186;40
2022.01_13-10-2022;Республика Тыва;165_195_days;SputnikV;1558;114;5;0;146;36;1;0;1704;150;6;0;13230;1370;83;10;1824;569;103;30;15054;1939;186;40
2022.01_13-10-2022;Республика Тыва;21_45_days;AllVaccines;631;61;2;0;90;24;3;0;721;85;5;0;13230;1370;83;10;1824;569;103;30;15054;1939;186;40
2022.01_13-10-2022;Республика Тыва;21_45_days;EpiVacCorona;4;0;0;0;0;0;0;0;4;0;0;0;13230;1370;83;10;1824;569;103;30;15054;1939;186;40
2022.01_13-10-2022;Республика Тыва;21_45_days;SputnikLite;392;25;1;0;56;12;1;0;448;37;2;0;13230;1370;83;10;1824;569;103;30;15054;1939;186;40
2022.01_13-10-2022;Республика Тыва;21_45_days;SputnikV;235;36;1;0;34;12;2;0;269;48;3;0;13230;1370;83;10;1824;569;103;30;15054;1939;186;40
2022.01_13-10-2022;Республика Тыва;45_75_days;AllVaccines;1140;101;4;0;167;43;6;2;1307;144;10;2;13230;1370;83;10;1824;569;103;30;15054;1939;186;40
2022.01_13-10-2022;Республика Тыва;45_75_days;CoviVac;0;0;0;0;1;0;0;0;1;0;0;0;13230;1370;83;10;1824;569;103;30;15054;1939;186;40
2022.01_13-10-2022;Республика Тыва;45_75_days;EpiVacCorona;2;0;0;0;0;0;0;0;2;0;0;0;13230;1370;83;10;1824;569;103;30;15054;1939;186;40
2022.01_13-10-2022;Республика Тыва;45_75_days;SputnikLite;898;65;3;0;129;29;3;1;1027;94;6;1;13230;1370;83;10;1824;569;103;30;15054;1939;186;40
2022.01_13-10-2022;Республика Тыва;45_75_days;SputnikV;240;36;1;0;37;14;3;1;277;50;4;1;13230;1370;83;10;1824;569;103;30;15054;1939;186;40
2022.01_13-10-2022;Республика Тыва;75_90_days;AllVaccines;661;46;1;0;162;47;5;1;823;93;6;1;13230;1370;83;10;1824;569;103;30;15054;1939;186;40
2022.01_13-10-2022;Республика Тыва;75_90_days;CoviVac;2;0;0;0;0;0;0;0;2;0;0;0;13230;1370;83;10;1824;569;103;30;15054;1939;186;40
2022.01_13-10-2022;Республика Тыва;75_90_days;SputnikLite;603;43;1;0;157;44;4;1;760;87;5;1;13230;1370;83;10;1824;569;103;30;15054;1939;186;40
2022.01_13-10-2022;Республика Тыва;75_90_days;SputnikV;56;3;0;0;5;3;1;0;61;6;1;0;13230;1370;83;10;1824;569;103;30;15054;1939;186;40
2022.01_13-10-2022;Республика Тыва;90_105_days;AllVaccines;400;29;2;1;71;23;4;1;471;52;6;2;13230;1370;83;10;1824;569;103;30;15054;1939;186;40
2022.01_13-10-2022;Республика Тыва;90_105_days;CoviVac;1;0;0;0;0;0;0;0;1;0;0;0;13230;1370;83;10;1824;569;103;30;15054;1939;186;40
2022.01_13-10-2022;Республика Тыва;90_105_days;EpiVacCorona;1;0;0;0;0;0;0;0;1;0;0;0;13230;1370;83;10;1824;569;103;30;15054;1939;186;40
2022.01_13-10-2022;Республика Тыва;90_105_days;SputnikLite;362;27;2;1;69;21;3;1;431;48;5;2;13230;1370;83;10;1824;569;103;30;15054;1939;186;40
2022.01_13-10-2022;Республика Тыва;90_105_days;SputnikV;36;2;0;0;2;2;1;0;38;4;1;0;13230;1370;83;10;1824;569;103;30;15054;1939;186;40
2022.01_13-10-2022;Республика Хакасия;105_165_days;AllVaccines;1737;70;13;1;327;53;22;3;2064;123;35;4;8142;486;99;11;2311;614;251;116;10453;1100;350;127
2022.01_13-10-2022;Республика Хакасия;105_165_days;CoviVac;39;2;0;0;6;1;1;0;45;3;1;0;8142;486;99;11;2311;614;251;116;10453;1100;350;127
2022.01_13-10-2022;Республика Хакасия;105_165_days;EpiVacCorona;27;3;0;0;6;3;2;1;33;6;2;1;8142;486;99;11;2311;614;251;116;10453;1100;350;127
2022.01_13-10-2022;Республика Хакасия;105_165_days;SputnikLite;298;9;1;1;73;12;3;0;371;21;4;1;8142;486;99;11;2311;614;251;116;10453;1100;350;127
2022.01_13-10-2022;Республика Хакасия;105_165_days;SputnikV;1373;56;12;0;242;37;16;2;1615;93;28;2;8142;486;99;11;2311;614;251;116;10453;1100;350;127
2022.01_13-10-2022;Республика Хакасия;165_195_days;AllVaccines;1101;47;7;0;185;30;7;3;1286;77;14;3;8142;486;99;11;2311;614;251;116;10453;1100;350;127
2022.01_13-10-2022;Республика Хакасия;165_195_days;CoviVac;50;1;1;0;9;0;0;0;59;1;1;0;8142;486;99;11;2311;614;251;116;10453;1100;350;127
2022.01_13-10-2022;Республика Хакасия;165_195_days;EpiVacCorona;4;1;0;0;2;0;0;0;6;1;0;0;8142;486;99;11;2311;614;251;116;10453;1100;350;127
2022.01_13-10-2022;Республика Хакасия;165_195_days;SputnikV;1047;45;6;0;174;30;7;3;1221;75;13;3;8142;486;99;11;2311;614;251;116;10453;1100;350;127
2022.01_13-10-2022;Республика Хакасия;21_45_days;AllVaccines;305;12;1;0;117;16;5;1;422;28;6;1;8142;486;99;11;2311;614;251;116;10453;1100;350;127
2022.01_13-10-2022;Республика Хакасия;21_45_days;CoviVac;4;1;0;0;3;1;0;0;7;2;0;0;8142;486;99;11;2311;614;251;116;10453;1100;350;127
2022.01_13-10-2022;Республика Хакасия;21_45_days;EpiVacCorona;12;2;1;0;2;1;0;0;14;3;1;0;8142;486;99;11;2311;614;251;116;10453;1100;350;127
2022.01_13-10-2022;Республика Хакасия;21_45_days;SputnikLite;136;3;0;0;54;6;2;1;190;9;2;1;8142;486;99;11;2311;614;251;116;10453;1100;350;127
2022.01_13-10-2022;Республика Хакасия;21_45_days;SputnikV;153;6;0;0;58;8;3;0;211;14;3;0;8142;486;99;11;2311;614;251;116;10453;1100;350;127
2022.01_13-10-2022;Республика Хакасия;45_75_days;AllVaccines;430;17;3;1;174;32;8;0;604;49;11;1;8142;486;99;11;2311;614;251;116;10453;1100;350;127
2022.01_13-10-2022;Республика Хакасия;45_75_days;CoviVac;11;0;0;0;6;2;0;0;17;2;0;0;8142;486;99;11;2311;614;251;116;10453;1100;350;127
2022.01_13-10-2022;Республика Хакасия;45_75_days;EpiVacCorona;8;1;1;0;3;1;0;0;11;2;1;0;8142;486;99;11;2311;614;251;116;10453;1100;350;127
2022.01_13-10-2022;Республика Хакасия;45_75_days;SputnikLite;234;7;1;0;109;14;4;0;343;21;5;0;8142;486;99;11;2311;614;251;116;10453;1100;350;127
2022.01_13-10-2022;Республика Хакасия;45_75_days;SputnikV;177;9;1;1;56;15;4;0;233;24;5;1;8142;486;99;11;2311;614;251;116;10453;1100;350;127
2022.01_13-10-2022;Республика Хакасия;75_90_days;AllVaccines;149;7;2;0;57;10;4;1;206;17;6;1;8142;486;99;11;2311;614;251;116;10453;1100;350;127
2022.01_13-10-2022;Республика Хакасия;75_90_days;CoviVac;1;0;0;0;2;0;0;0;3;0;0;0;8142;486;99;11;2311;614;251;116;10453;1100;350;127
2022.01_13-10-2022;Республика Хакасия;75_90_days;SputnikLite;123;6;2;0;43;6;3;1;166;12;5;1;8142;486;99;11;2311;614;251;116;10453;1100;350;127
2022.01_13-10-2022;Республика Хакасия;75_90_days;SputnikV;25;1;0;0;12;4;1;0;37;5;1;0;8142;486;99;11;2311;614;251;116;10453;1100;350;127
2022.01_13-10-2022;Республика Хакасия;90_105_days;AllVaccines;113;2;0;0;37;8;5;1;150;10;5;1;8142;486;99;11;2311;614;251;116;10453;1100;350;127
2022.01_13-10-2022;Республика Хакасия;90_105_days;CoviVac;2;0;0;0;0;0;0;0;2;0;0;0;8142;486;99;11;2311;614;251;116;10453;1100;350;127
2022.01_13-10-2022;Республика Хакасия;90_105_days;SputnikLite;71;2;0;0;26;5;3;1;97;7;3;1;8142;486;99;11;2311;614;251;116;10453;1100;350;127
2022.01_13-10-2022;Республика Хакасия;90_105_days;SputnikV;40;0;0;0;11;3;2;0;51;3;2;0;8142;486;99;11;2311;614;251;116;10453;1100;350;127
2022.01_13-10-2022;Ростовская область;105_165_days;AllVaccines;9850;432;99;12;1882;370;83;24;11732;802;182;36;35511;2076;470;79;12595;3943;1262;669;48106;6019;1732;748
2022.01_13-10-2022;Ростовская область;105_165_days;CoviVac;175;11;1;0;22;6;2;0;197;17;3;0;35511;2076;470;79;12595;3943;1262;669;48106;6019;1732;748
2022.01_13-10-2022;Ростовская область;105_165_days;EpiVacCorona;135;9;1;0;32;9;2;1;167;18;3;1;35511;2076;470;79;12595;3943;1262;669;48106;6019;1732;748
2022.01_13-10-2022;Ростовская область;105_165_days;SputnikLite;1267;56;12;0;349;66;15;3;1616;122;27;3;35511;2076;470;79;12595;3943;1262;669;48106;6019;1732;748
2022.01_13-10-2022;Ростовская область;105_165_days;SputnikV;8273;356;85;12;1479;289;64;20;9752;645;149;32;35511;2076;470;79;12595;3943;1262;669;48106;6019;1732;748
2022.01_13-10-2022;Ростовская область;165_195_days;AllVaccines;5984;254;47;7;1103;209;50;17;7087;463;97;24;35511;2076;470;79;12595;3943;1262;669;48106;6019;1732;748
2022.01_13-10-2022;Ростовская область;165_195_days;CoviVac;216;15;5;0;28;4;0;0;244;19;5;0;35511;2076;470;79;12595;3943;1262;669;48106;6019;1732;748
2022.01_13-10-2022;Ростовская область;165_195_days;EpiVacCorona;287;17;3;0;80;21;7;2;367;38;10;2;35511;2076;470;79;12595;3943;1262;669;48106;6019;1732;748
2022.01_13-10-2022;Ростовская область;165_195_days;SputnikLite;82;2;0;0;10;2;0;0;92;4;0;0;35511;2076;470;79;12595;3943;1262;669;48106;6019;1732;748
2022.01_13-10-2022;Ростовская область;165_195_days;SputnikV;5399;220;39;7;985;182;43;15;6384;402;82;22;35511;2076;470;79;12595;3943;1262;669;48106;6019;1732;748
2022.01_13-10-2022;Ростовская область;21_45_days;AllVaccines;1772;77;13;2;714;148;19;8;2486;225;32;10;35511;2076;470;79;12595;3943;1262;669;48106;6019;1732;748
2022.01_13-10-2022;Ростовская область;21_45_days;CoviVac;22;2;1;0;4;0;0;0;26;2;1;0;35511;2076;470;79;12595;3943;1262;669;48106;6019;1732;748
2022.01_13-10-2022;Ростовская область;21_45_days;EpiVacCorona;17;1;0;0;8;4;1;0;25;5;1;0;35511;2076;470;79;12595;3943;1262;669;48106;6019;1732;748
2022.01_13-10-2022;Ростовская область;21_45_days;SputnikLite;500;18;3;1;219;39;7;0;719;57;10;1;35511;2076;470;79;12595;3943;1262;669;48106;6019;1732;748
2022.01_13-10-2022;Ростовская область;21_45_days;SputnikV;1233;56;9;1;483;105;11;8;1716;161;20;9;35511;2076;470;79;12595;3943;1262;669;48106;6019;1732;748
2022.01_13-10-2022;Ростовская область;45_75_days;AllVaccines;1907;95;12;0;771;164;36;15;2678;259;48;15;35511;2076;470;79;12595;3943;1262;669;48106;6019;1732;748
2022.01_13-10-2022;Ростовская область;45_75_days;CoviVac;63;4;0;0;15;2;2;1;78;6;2;1;35511;2076;470;79;12595;3943;1262;669;48106;6019;1732;748
2022.01_13-10-2022;Ростовская область;45_75_days;EpiVacCorona;22;2;1;0;16;9;2;0;38;11;3;0;35511;2076;470;79;12595;3943;1262;669;48106;6019;1732;748
2022.01_13-10-2022;Ростовская область;45_75_days;SputnikLite;552;28;4;0;289;64;14;7;841;92;18;7;35511;2076;470;79;12595;3943;1262;669;48106;6019;1732;748
2022.01_13-10-2022;Ростовская область;45_75_days;SputnikV;1270;61;7;0;451;89;18;7;1721;150;25;7;35511;2076;470;79;12595;3943;1262;669;48106;6019;1732;748
2022.01_13-10-2022;Ростовская область;75_90_days;AllVaccines;702;35;2;1;297;67;13;6;999;102;15;7;35511;2076;470;79;12595;3943;1262;669;48106;6019;1732;748
2022.01_13-10-2022;Ростовская область;75_90_days;CoviVac;17;0;0;0;4;0;0;0;21;0;0;0;35511;2076;470;79;12595;3943;1262;669;48106;6019;1732;748
2022.01_13-10-2022;Ростовская область;75_90_days;EpiVacCorona;8;0;0;0;4;4;0;0;12;4;0;0;35511;2076;470;79;12595;3943;1262;669;48106;6019;1732;748
2022.01_13-10-2022;Ростовская область;75_90_days;SputnikLite;421;21;2;1;189;40;4;2;610;61;6;3;35511;2076;470;79;12595;3943;1262;669;48106;6019;1732;748
2022.01_13-10-2022;Ростовская область;75_90_days;SputnikV;256;14;0;0;100;23;9;4;356;37;9;4;35511;2076;470;79;12595;3943;1262;669;48106;6019;1732;748
2022.01_13-10-2022;Ростовская область;90_105_days;AllVaccines;520;26;9;0;199;42;8;5;719;68;17;5;35511;2076;470;79;12595;3943;1262;669;48106;6019;1732;748
2022.01_13-10-2022;Ростовская область;90_105_days;CoviVac;11;0;0;0;3;1;0;0;14;1;0;0;35511;2076;470;79;12595;3943;1262;669;48106;6019;1732;748
2022.01_13-10-2022;Ростовская область;90_105_days;EpiVacCorona;10;1;1;0;6;3;1;0;16;4;2;0;35511;2076;470;79;12595;3943;1262;669;48106;6019;1732;748
2022.01_13-10-2022;Ростовская область;90_105_days;SputnikLite;216;11;2;0;100;18;2;1;316;29;4;1;35511;2076;470;79;12595;3943;1262;669;48106;6019;1732;748
2022.01_13-10-2022;Ростовская область;90_105_days;SputnikV;283;14;6;0;90;20;5;4;373;34;11;4;35511;2076;470;79;12595;3943;1262;669;48106;6019;1732;748
2022.01_13-10-2022;Рязанская область;105_165_days;AllVaccines;2211;45;6;3;480;42;5;5;2691;87;11;8;12909;371;52;23;4249;708;228;189;17158;1079;280;212
2022.01_13-10-2022;Рязанская область;105_165_days;CoviVac;50;2;0;0;4;1;0;0;54;3;0;0;12909;371;52;23;4249;708;228;189;17158;1079;280;212
2022.01_13-10-2022;Рязанская область;105_165_days;EpiVacCorona;42;1;0;0;15;1;0;0;57;2;0;0;12909;371;52;23;4249;708;228;189;17158;1079;280;212
2022.01_13-10-2022;Рязанская область;105_165_days;SputnikLite;392;11;0;0;166;20;2;2;558;31;2;2;12909;371;52;23;4249;708;228;189;17158;1079;280;212
2022.01_13-10-2022;Рязанская область;105_165_days;SputnikV;1727;31;6;3;295;20;3;3;2022;51;9;6;12909;371;52;23;4249;708;228;189;17158;1079;280;212
2022.01_13-10-2022;Рязанская область;165_195_days;AllVaccines;1306;26;3;1;283;13;4;1;1589;39;7;2;12909;371;52;23;4249;708;228;189;17158;1079;280;212
2022.01_13-10-2022;Рязанская область;165_195_days;CoviVac;13;0;0;0;3;0;0;0;16;0;0;0;12909;371;52;23;4249;708;228;189;17158;1079;280;212
2022.01_13-10-2022;Рязанская область;165_195_days;EpiVacCorona;10;0;0;0;1;0;0;0;11;0;0;0;12909;371;52;23;4249;708;228;189;17158;1079;280;212
2022.01_13-10-2022;Рязанская область;165_195_days;SputnikLite;4;0;0;0;1;0;0;0;5;0;0;0;12909;371;52;23;4249;708;228;189;17158;1079;280;212
2022.01_13-10-2022;Рязанская область;165_195_days;SputnikV;1279;26;3;1;278;13;4;1;1557;39;7;2;12909;371;52;23;4249;708;228;189;17158;1079;280;212
2022.01_13-10-2022;Рязанская область;21_45_days;AllVaccines;933;13;2;0;294;29;3;3;1227;42;5;3;12909;371;52;23;4249;708;228;189;17158;1079;280;212
2022.01_13-10-2022;Рязанская область;21_45_days;CoviVac;23;1;0;0;8;1;0;0;31;2;0;0;12909;371;52;23;4249;708;228;189;17158;1079;280;212
2022.01_13-10-2022;Рязанская область;21_45_days;EpiVacCorona;27;0;0;0;9;0;0;0;36;0;0;0;12909;371;52;23;4249;708;228;189;17158;1079;280;212
2022.01_13-10-2022;Рязанская область;21_45_days;SputnikLite;227;2;1;0;108;8;1;1;335;10;2;1;12909;371;52;23;4249;708;228;189;17158;1079;280;212
2022.01_13-10-2022;Рязанская область;21_45_days;SputnikV;656;10;1;0;169;20;2;2;825;30;3;2;12909;371;52;23;4249;708;228;189;17158;1079;280;212
2022.01_13-10-2022;Рязанская область;45_75_days;AllVaccines;1790;37;5;1;375;32;4;2;2165;69;9;3;12909;371;52;23;4249;708;228;189;17158;1079;280;212
2022.01_13-10-2022;Рязанская область;45_75_days;CoviVac;44;2;0;0;7;0;0;0;51;2;0;0;12909;371;52;23;4249;708;228;189;17158;1079;280;212
2022.01_13-10-2022;Рязанская область;45_75_days;EpiVacCorona;110;3;1;0;22;1;0;0;132;4;1;0;12909;371;52;23;4249;708;228;189;17158;1079;280;212
2022.01_13-10-2022;Рязанская область;45_75_days;SputnikLite;136;3;0;0;71;9;0;0;207;12;0;0;12909;371;52;23;4249;708;228;189;17158;1079;280;212
2022.01_13-10-2022;Рязанская область;45_75_days;SputnikV;1500;29;4;1;275;22;4;2;1775;51;8;3;12909;371;52;23;4249;708;228;189;17158;1079;280;212
2022.01_13-10-2022;Рязанская область;75_90_days;AllVaccines;411;8;2;0;102;6;1;1;513;14;3;1;12909;371;52;23;4249;708;228;189;17158;1079;280;212
2022.01_13-10-2022;Рязанская область;75_90_days;CoviVac;1;0;0;0;0;0;0;0;1;0;0;0;12909;371;52;23;4249;708;228;189;17158;1079;280;212
2022.01_13-10-2022;Рязанская область;75_90_days;EpiVacCorona;12;1;1;0;2;0;0;0;14;1;1;0;12909;371;52;23;4249;708;228;189;17158;1079;280;212
2022.01_13-10-2022;Рязанская область;75_90_days;SputnikLite;254;2;0;0;72;3;0;0;326;5;0;0;12909;371;52;23;4249;708;228;189;17158;1079;280;212
2022.01_13-10-2022;Рязанская область;75_90_days;SputnikV;144;5;1;0;28;3;1;1;172;8;2;1;12909;371;52;23;4249;708;228;189;17158;1079;280;212
2022.01_13-10-2022;Рязанская область;90_105_days;AllVaccines;300;5;0;0;109;8;4;4;409;13;4;4;12909;371;52;23;4249;708;228;189;17158;1079;280;212
2022.01_13-10-2022;Рязанская область;90_105_days;CoviVac;0;0;0;0;1;0;0;0;1;0;0;0;12909;371;52;23;4249;708;228;189;17158;1079;280;212
2022.01_13-10-2022;Рязанская область;90_105_days;EpiVacCorona;4;0;0;0;1;0;0;0;5;0;0;0;12909;371;52;23;4249;708;228;189;17158;1079;280;212
2022.01_13-10-2022;Рязанская область;90_105_days;SputnikLite;210;3;0;0;86;4;2;2;296;7;2;2;12909;371;52;23;4249;708;228;189;17158;1079;280;212
2022.01_13-10-2022;Рязанская область;90_105_days;SputnikV;86;2;0;0;21;4;2;2;107;6;2;2;12909;371;52;23;4249;708;228;189;17158;1079;280;212
2022.01_13-10-2022;Самарская область;105_165_days;AllVaccines;7484;251;20;6;1200;171;24;16;8684;422;44;22;31124;1585;161;69;9272;2456;625;433;40396;4041;786;502
2022.01_13-10-2022;Самарская область;105_165_days;CoviVac;149;5;0;0;29;3;0;0;178;8;0;0;31124;1585;161;69;9272;2456;625;433;40396;4041;786;502
2022.01_13-10-2022;Самарская область;105_165_days;EpiVacCorona;205;7;1;0;49;8;0;0;254;15;1;0;31124;1585;161;69;9272;2456;625;433;40396;4041;786;502
2022.01_13-10-2022;Самарская область;105_165_days;SputnikLite;2064;75;6;2;383;59;5;3;2447;134;11;5;31124;1585;161;69;9272;2456;625;433;40396;4041;786;502
2022.01_13-10-2022;Самарская область;105_165_days;SputnikV;5066;164;13;4;739;101;19;13;5805;265;32;17;31124;1585;161;69;9272;2456;625;433;40396;4041;786;502
2022.01_13-10-2022;Самарская область;165_195_days;AllVaccines;4233;141;11;1;666;111;17;8;4899;252;28;9;31124;1585;161;69;9272;2456;625;433;40396;4041;786;502
2022.01_13-10-2022;Самарская область;165_195_days;CoviVac;141;7;1;0;38;9;3;2;179;16;4;2;31124;1585;161;69;9272;2456;625;433;40396;4041;786;502
2022.01_13-10-2022;Самарская область;165_195_days;EpiVacCorona;222;8;0;0;46;12;4;3;268;20;4;3;31124;1585;161;69;9272;2456;625;433;40396;4041;786;502
2022.01_13-10-2022;Самарская область;165_195_days;SputnikLite;206;7;0;0;19;1;0;0;225;8;0;0;31124;1585;161;69;9272;2456;625;433;40396;4041;786;502
2022.01_13-10-2022;Самарская область;165_195_days;SputnikV;3664;119;10;1;563;89;10;3;4227;208;20;4;31124;1585;161;69;9272;2456;625;433;40396;4041;786;502
2022.01_13-10-2022;Самарская область;21_45_days;AllVaccines;1887;67;2;1;702;131;26;13;2589;198;28;14;31124;1585;161;69;9272;2456;625;433;40396;4041;786;502
2022.01_13-10-2022;Самарская область;21_45_days;CoviVac;21;0;0;0;5;0;0;0;26;0;0;0;31124;1585;161;69;9272;2456;625;433;40396;4041;786;502
2022.01_13-10-2022;Самарская область;21_45_days;EpiVacCorona;34;3;0;0;22;9;3;3;56;12;3;3;31124;1585;161;69;9272;2456;625;433;40396;4041;786;502
2022.01_13-10-2022;Самарская область;21_45_days;SputnikLite;463;9;0;0;266;45;9;4;729;54;9;4;31124;1585;161;69;9272;2456;625;433;40396;4041;786;502
2022.01_13-10-2022;Самарская область;21_45_days;SputnikV;1369;55;2;1;409;77;14;6;1778;132;16;7;31124;1585;161;69;9272;2456;625;433;40396;4041;786;502
2022.01_13-10-2022;Самарская область;45_75_days;AllVaccines;2750;123;11;5;955;189;26;16;3705;312;37;21;31124;1585;161;69;9272;2456;625;433;40396;4041;786;502
2022.01_13-10-2022;Самарская область;45_75_days;CoviVac;29;2;0;0;9;3;0;0;38;5;0;0;31124;1585;161;69;9272;2456;625;433;40396;4041;786;502
2022.01_13-10-2022;Самарская область;45_75_days;EpiVacCorona;49;2;1;1;23;8;4;4;72;10;5;5;31124;1585;161;69;9272;2456;625;433;40396;4041;786;502
2022.01_13-10-2022;Самарская область;45_75_days;SputnikLite;440;16;1;1;255;28;3;3;695;44;4;4;31124;1585;161;69;9272;2456;625;433;40396;4041;786;502
2022.01_13-10-2022;Самарская область;45_75_days;SputnikV;2232;103;9;3;668;150;19;9;2900;253;28;12;31124;1585;161;69;9272;2456;625;433;40396;4041;786;502
2022.01_13-10-2022;Самарская область;75_90_days;AllVaccines;932;50;6;4;287;61;9;2;1219;111;15;6;31124;1585;161;69;9272;2456;625;433;40396;4041;786;502
2022.01_13-10-2022;Самарская область;75_90_days;CoviVac;7;0;0;0;6;2;0;0;13;2;0;0;31124;1585;161;69;9272;2456;625;433;40396;4041;786;502
2022.01_13-10-2022;Самарская область;75_90_days;EpiVacCorona;10;1;0;0;5;1;0;0;15;2;0;0;31124;1585;161;69;9272;2456;625;433;40396;4041;786;502
2022.01_13-10-2022;Самарская область;75_90_days;SputnikLite;514;23;5;3;183;38;9;2;697;61;14;5;31124;1585;161;69;9272;2456;625;433;40396;4041;786;502
2022.01_13-10-2022;Самарская область;75_90_days;SputnikV;401;26;1;1;93;20;0;0;494;46;1;1;31124;1585;161;69;9272;2456;625;433;40396;4041;786;502
2022.01_13-10-2022;Самарская область;90_105_days;AllVaccines;720;29;3;1;209;48;12;7;929;77;15;8;31124;1585;161;69;9272;2456;625;433;40396;4041;786;502
2022.01_13-10-2022;Самарская область;90_105_days;CoviVac;15;0;0;0;3;1;0;0;18;1;0;0;31124;1585;161;69;9272;2456;625;433;40396;4041;786;502
2022.01_13-10-2022;Самарская область;90_105_days;EpiVacCorona;3;0;0;0;10;3;3;2;13;3;3;2;31124;1585;161;69;9272;2456;625;433;40396;4041;786;502
2022.01_13-10-2022;Самарская область;90_105_days;SputnikLite;476;18;2;1;142;31;7;4;618;49;9;5;31124;1585;161;69;9272;2456;625;433;40396;4041;786;502
2022.01_13-10-2022;Самарская область;90_105_days;SputnikV;226;11;1;0;54;13;2;1;280;24;3;1;31124;1585;161;69;9272;2456;625;433;40396;4041;786;502
2022.01_13-10-2022;Саратовская область;105_165_days;AllVaccines;2794;108;17;4;664;87;20;15;3458;195;37;19;16500;1108;217;58;6019;1621;594;361;22519;2729;811;419
2022.01_13-10-2022;Саратовская область;105_165_days;CoviVac;84;2;0;0;8;0;0;0;92;2;0;0;16500;1108;217;58;6019;1621;594;361;22519;2729;811;419
2022.01_13-10-2022;Саратовская область;105_165_days;EpiVacCorona;43;2;0;0;23;6;4;2;66;8;4;2;16500;1108;217;58;6019;1621;594;361;22519;2729;811;419
2022.01_13-10-2022;Саратовская область;105_165_days;SputnikLite;660;26;6;3;213;19;3;3;873;45;9;6;16500;1108;217;58;6019;1621;594;361;22519;2729;811;419
2022.01_13-10-2022;Саратовская область;105_165_days;SputnikV;2007;78;11;1;420;62;13;10;2427;140;24;11;16500;1108;217;58;6019;1621;594;361;22519;2729;811;419
2022.01_13-10-2022;Саратовская область;165_195_days;AllVaccines;2280;77;13;0;436;74;21;11;2716;151;34;11;16500;1108;217;58;6019;1621;594;361;22519;2729;811;419
2022.01_13-10-2022;Саратовская область;165_195_days;CoviVac;84;1;0;0;6;0;0;0;90;1;0;0;16500;1108;217;58;6019;1621;594;361;22519;2729;811;419
2022.01_13-10-2022;Саратовская область;165_195_days;EpiVacCorona;29;1;0;0;18;2;1;1;47;3;1;1;16500;1108;217;58;6019;1621;594;361;22519;2729;811;419
2022.01_13-10-2022;Саратовская область;165_195_days;SputnikLite;4;0;0;0;3;0;0;0;7;0;0;0;16500;1108;217;58;6019;1621;594;361;22519;2729;811;419
2022.01_13-10-2022;Саратовская область;165_195_days;SputnikV;2163;75;13;0;409;72;20;10;2572;147;33;10;16500;1108;217;58;6019;1621;594;361;22519;2729;811;419
2022.01_13-10-2022;Саратовская область;21_45_days;AllVaccines;1346;82;15;3;428;87;20;9;1774;169;35;12;16500;1108;217;58;6019;1621;594;361;22519;2729;811;419
2022.01_13-10-2022;Саратовская область;21_45_days;CoviVac;24;0;0;0;3;0;0;0;27;0;0;0;16500;1108;217;58;6019;1621;594;361;22519;2729;811;419
2022.01_13-10-2022;Саратовская область;21_45_days;EpiVacCorona;76;5;0;0;29;9;3;2;105;14;3;2;16500;1108;217;58;6019;1621;594;361;22519;2729;811;419
2022.01_13-10-2022;Саратовская область;21_45_days;SputnikLite;299;15;2;1;134;27;7;4;433;42;9;5;16500;1108;217;58;6019;1621;594;361;22519;2729;811;419
2022.01_13-10-2022;Саратовская область;21_45_days;SputnikV;947;62;13;2;262;51;10;3;1209;113;23;5;16500;1108;217;58;6019;1621;594;361;22519;2729;811;419
2022.01_13-10-2022;Саратовская область;45_75_days;AllVaccines;1812;91;16;0;556;100;27;7;2368;191;43;7;16500;1108;217;58;6019;1621;594;361;22519;2729;811;419
2022.01_13-10-2022;Саратовская область;45_75_days;CoviVac;25;1;0;0;5;0;0;0;30;1;0;0;16500;1108;217;58;6019;1621;594;361;22519;2729;811;419
2022.01_13-10-2022;Саратовская область;45_75_days;EpiVacCorona;98;7;2;0;37;8;2;1;135;15;4;1;16500;1108;217;58;6019;1621;594;361;22519;2729;811;419
2022.01_13-10-2022;Саратовская область;45_75_days;SputnikLite;355;13;2;0;142;21;5;2;497;34;7;2;16500;1108;217;58;6019;1621;594;361;22519;2729;811;419
2022.01_13-10-2022;Саратовская область;45_75_days;SputnikV;1334;70;12;0;372;71;20;4;1706;141;32;4;16500;1108;217;58;6019;1621;594;361;22519;2729;811;419
2022.01_13-10-2022;Саратовская область;75_90_days;AllVaccines;548;31;7;1;175;29;6;5;723;60;13;6;16500;1108;217;58;6019;1621;594;361;22519;2729;811;419
2022.01_13-10-2022;Саратовская область;75_90_days;CoviVac;13;1;0;0;2;1;0;0;15;2;0;0;16500;1108;217;58;6019;1621;594;361;22519;2729;811;419
2022.01_13-10-2022;Саратовская область;75_90_days;EpiVacCorona;4;0;0;0;2;0;0;0;6;0;0;0;16500;1108;217;58;6019;1621;594;361;22519;2729;811;419
2022.01_13-10-2022;Саратовская область;75_90_days;SputnikLite;371;18;4;1;112;21;3;3;483;39;7;4;16500;1108;217;58;6019;1621;594;361;22519;2729;811;419
2022.01_13-10-2022;Саратовская область;75_90_days;SputnikV;160;12;3;0;59;7;3;2;219;19;6;2;16500;1108;217;58;6019;1621;594;361;22519;2729;811;419
2022.01_13-10-2022;Саратовская область;90_105_days;AllVaccines;351;13;2;1;125;19;4;1;476;32;6;2;16500;1108;217;58;6019;1621;594;361;22519;2729;811;419
2022.01_13-10-2022;Саратовская область;90_105_days;CoviVac;15;0;0;0;0;0;0;0;15;0;0;0;16500;1108;217;58;6019;1621;594;361;22519;2729;811;419
2022.01_13-10-2022;Саратовская область;90_105_days;EpiVacCorona;3;0;0;0;7;1;0;0;10;1;0;0;16500;1108;217;58;6019;1621;594;361;22519;2729;811;419
2022.01_13-10-2022;Саратовская область;90_105_days;SputnikLite;218;7;2;1;69;9;3;0;287;16;5;1;16500;1108;217;58;6019;1621;594;361;22519;2729;811;419
2022.01_13-10-2022;Саратовская область;90_105_days;SputnikV;115;6;0;0;49;9;1;1;164;15;1;1;16500;1108;217;58;6019;1621;594;361;22519;2729;811;419
2022.01_13-10-2022;Сахалинская область;105_165_days;AllVaccines;376;28;4;1;83;34;4;3;459;62;8;4;3454;472;43;20;1551;894;186;139;5005;1366;229;159
2022.01_13-10-2022;Сахалинская область;105_165_days;CoviVac;4;2;0;0;1;0;0;0;5;2;0;0;3454;472;43;20;1551;894;186;139;5005;1366;229;159
2022.01_13-10-2022;Сахалинская область;105_165_days;EpiVacCorona;3;0;0;0;1;1;0;0;4;1;0;0;3454;472;43;20;1551;894;186;139;5005;1366;229;159
2022.01_13-10-2022;Сахалинская область;105_165_days;SputnikLite;32;4;2;0;10;5;0;0;42;9;2;0;3454;472;43;20;1551;894;186;139;5005;1366;229;159
2022.01_13-10-2022;Сахалинская область;105_165_days;SputnikV;337;22;2;1;71;28;4;3;408;50;6;4;3454;472;43;20;1551;894;186;139;5005;1366;229;159
2022.01_13-10-2022;Сахалинская область;165_195_days;AllVaccines;378;30;0;0;76;33;5;1;454;63;5;1;3454;472;43;20;1551;894;186;139;5005;1366;229;159
2022.01_13-10-2022;Сахалинская область;165_195_days;CoviVac;22;3;0;0;5;1;0;0;27;4;0;0;3454;472;43;20;1551;894;186;139;5005;1366;229;159
2022.01_13-10-2022;Сахалинская область;165_195_days;EpiVacCorona;11;3;0;0;3;2;0;0;14;5;0;0;3454;472;43;20;1551;894;186;139;5005;1366;229;159
2022.01_13-10-2022;Сахалинская область;165_195_days;SputnikLite;1;0;0;0;0;0;0;0;1;0;0;0;3454;472;43;20;1551;894;186;139;5005;1366;229;159
2022.01_13-10-2022;Сахалинская область;165_195_days;SputnikV;344;24;0;0;68;30;5;1;412;54;5;1;3454;472;43;20;1551;894;186;139;5005;1366;229;159
2022.01_13-10-2022;Сахалинская область;21_45_days;AllVaccines;167;16;1;0;63;25;5;4;230;41;6;4;3454;472;43;20;1551;894;186;139;5005;1366;229;159
2022.01_13-10-2022;Сахалинская область;21_45_days;CoviVac;4;1;0;0;2;1;0;0;6;2;0;0;3454;472;43;20;1551;894;186;139;5005;1366;229;159
2022.01_13-10-2022;Сахалинская область;21_45_days;EpiVacCorona;28;2;0;0;13;10;3;2;41;12;3;2;3454;472;43;20;1551;894;186;139;5005;1366;229;159
2022.01_13-10-2022;Сахалинская область;21_45_days;SputnikLite;41;5;0;0;28;8;2;2;69;13;2;2;3454;472;43;20;1551;894;186;139;5005;1366;229;159
2022.01_13-10-2022;Сахалинская область;21_45_days;SputnikV;94;8;1;0;20;6;0;0;114;14;1;0;3454;472;43;20;1551;894;186;139;5005;1366;229;159
2022.01_13-10-2022;Сахалинская область;45_75_days;AllVaccines;171;19;1;0;92;39;4;2;263;58;5;2;3454;472;43;20;1551;894;186;139;5005;1366;229;159
2022.01_13-10-2022;Сахалинская область;45_75_days;CoviVac;1;0;0;0;0;0;0;0;1;0;0;0;3454;472;43;20;1551;894;186;139;5005;1366;229;159
2022.01_13-10-2022;Сахалинская область;45_75_days;EpiVacCorona;24;6;0;0;12;6;1;1;36;12;1;1;3454;472;43;20;1551;894;186;139;5005;1366;229;159
2022.01_13-10-2022;Сахалинская область;45_75_days;SputnikLite;74;9;1;0;52;21;1;1;126;30;2;1;3454;472;43;20;1551;894;186;139;5005;1366;229;159
2022.01_13-10-2022;Сахалинская область;45_75_days;SputnikV;72;4;0;0;28;12;2;0;100;16;2;0;3454;472;43;20;1551;894;186;139;5005;1366;229;159
2022.01_13-10-2022;Сахалинская область;75_90_days;AllVaccines;42;5;2;0;42;22;2;2;84;27;4;2;3454;472;43;20;1551;894;186;139;5005;1366;229;159
2022.01_13-10-2022;Сахалинская область;75_90_days;EpiVacCorona;1;0;0;0;0;0;0;0;1;0;0;0;3454;472;43;20;1551;894;186;139;5005;1366;229;159
2022.01_13-10-2022;Сахалинская область;75_90_days;SputnikLite;21;3;0;0;34;15;1;1;55;18;1;1;3454;472;43;20;1551;894;186;139;5005;1366;229;159
2022.01_13-10-2022;Сахалинская область;75_90_days;SputnikV;20;2;2;0;8;7;1;1;28;9;3;1;3454;472;43;20;1551;894;186;139;5005;1366;229;159
2022.01_13-10-2022;Сахалинская область;90_105_days;AllVaccines;28;5;0;0;13;6;1;1;41;11;1;1;3454;472;43;20;1551;894;186;139;5005;1366;229;159
2022.01_13-10-2022;Сахалинская область;90_105_days;SputnikLite;14;2;0;0;9;5;1;1;23;7;1;1;3454;472;43;20;1551;894;186;139;5005;1366;229;159
2022.01_13-10-2022;Сахалинская область;90_105_days;SputnikV;14;3;0;0;4;1;0;0;18;4;0;0;3454;472;43;20;1551;894;186;139;5005;1366;229;159
2022.01_13-10-2022;Свердловская область;105_165_days;AllVaccines;7676;227;4;1;1366;161;10;11;9042;388;14;12;44177;2140;110;82;11795;2757;442;486;55972;4897;552;568
2022.01_13-10-2022;Свердловская область;105_165_days;CoviVac;112;5;0;0;10;3;0;0;122;8;0;0;44177;2140;110;82;11795;2757;442;486;55972;4897;552;568
2022.01_13-10-2022;Свердловская область;105_165_days;EpiVacCorona;178;10;0;0;37;7;0;0;215;17;0;0;44177;2140;110;82;11795;2757;442;486;55972;4897;552;568
2022.01_13-10-2022;Свердловская область;105_165_days;SputnikLite;3103;99;2;0;429;37;3;1;3532;136;5;1;44177;2140;110;82;11795;2757;442;486;55972;4897;552;568
2022.01_13-10-2022;Свердловская область;105_165_days;SputnikV;4283;113;2;1;890;114;7;10;5173;227;9;11;44177;2140;110;82;11795;2757;442;486;55972;4897;552;568
2022.01_13-10-2022;Свердловская область;165_195_days;AllVaccines;4086;114;4;2;802;100;7;5;4888;214;11;7;44177;2140;110;82;11795;2757;442;486;55972;4897;552;568
2022.01_13-10-2022;Свердловская область;165_195_days;CoviVac;110;2;0;0;9;2;0;0;119;4;0;0;44177;2140;110;82;11795;2757;442;486;55972;4897;552;568
2022.01_13-10-2022;Свердловская область;165_195_days;EpiVacCorona;74;2;0;0;23;3;0;0;97;5;0;0;44177;2140;110;82;11795;2757;442;486;55972;4897;552;568
2022.01_13-10-2022;Свердловская область;165_195_days;SputnikLite;97;2;0;0;17;2;0;0;114;4;0;0;44177;2140;110;82;11795;2757;442;486;55972;4897;552;568
2022.01_13-10-2022;Свердловская область;165_195_days;SputnikV;3805;108;4;2;753;93;7;5;4558;201;11;7;44177;2140;110;82;11795;2757;442;486;55972;4897;552;568
2022.01_13-10-2022;Свердловская область;21_45_days;AllVaccines;3274;142;7;3;1006;160;15;18;4280;302;22;21;44177;2140;110;82;11795;2757;442;486;55972;4897;552;568
2022.01_13-10-2022;Свердловская область;21_45_days;CoviVac;23;0;0;0;8;1;0;0;31;1;0;0;44177;2140;110;82;11795;2757;442;486;55972;4897;552;568
2022.01_13-10-2022;Свердловская область;21_45_days;EpiVacCorona;65;8;1;0;22;3;0;0;87;11;1;0;44177;2140;110;82;11795;2757;442;486;55972;4897;552;568
2022.01_13-10-2022;Свердловская область;21_45_days;SputnikLite;821;32;1;0;357;55;3;7;1178;87;4;7;44177;2140;110;82;11795;2757;442;486;55972;4897;552;568
2022.01_13-10-2022;Свердловская область;21_45_days;SputnikV;2365;102;5;3;619;101;12;11;2984;203;17;14;44177;2140;110;82;11795;2757;442;486;55972;4897;552;568
2022.01_13-10-2022;Свердловская область;45_75_days;AllVaccines;4709;148;10;7;1070;135;14;9;5779;283;24;16;44177;2140;110;82;11795;2757;442;486;55972;4897;552;568
2022.01_13-10-2022;Свердловская область;45_75_days;CoviVac;125;4;0;0;7;0;0;0;132;4;0;0;44177;2140;110;82;11795;2757;442;486;55972;4897;552;568
2022.01_13-10-2022;Свердловская область;45_75_days;EpiVacCorona;133;2;0;0;35;11;4;3;168;13;4;3;44177;2140;110;82;11795;2757;442;486;55972;4897;552;568
2022.01_13-10-2022;Свердловская область;45_75_days;SputnikLite;904;33;4;2;313;38;5;2;1217;71;9;4;44177;2140;110;82;11795;2757;442;486;55972;4897;552;568
2022.01_13-10-2022;Свердловская область;45_75_days;SputnikV;3547;109;6;5;715;86;5;4;4262;195;11;9;44177;2140;110;82;11795;2757;442;486;55972;4897;552;568
2022.01_13-10-2022;Свердловская область;75_90_days;AllVaccines;2068;52;4;1;384;57;6;3;2452;109;10;4;44177;2140;110;82;11795;2757;442;486;55972;4897;552;568
2022.01_13-10-2022;Свердловская область;75_90_days;CoviVac;55;0;0;0;6;0;0;0;61;0;0;0;44177;2140;110;82;11795;2757;442;486;55972;4897;552;568
2022.01_13-10-2022;Свердловская область;75_90_days;EpiVacCorona;8;0;0;0;4;2;0;0;12;2;0;0;44177;2140;110;82;11795;2757;442;486;55972;4897;552;568
2022.01_13-10-2022;Свердловская область;75_90_days;SputnikLite;1402;31;2;1;280;43;6;3;1682;74;8;4;44177;2140;110;82;11795;2757;442;486;55972;4897;552;568
2022.01_13-10-2022;Свердловская область;75_90_days;SputnikV;603;21;2;0;94;12;0;0;697;33;2;0;44177;2140;110;82;11795;2757;442;486;55972;4897;552;568
2022.01_13-10-2022;Свердловская область;90_105_days;AllVaccines;1119;34;1;1;251;38;2;0;1370;72;3;1;44177;2140;110;82;11795;2757;442;486;55972;4897;552;568
2022.01_13-10-2022;Свердловская область;90_105_days;CoviVac;25;2;0;0;5;2;0;0;30;4;0;0;44177;2140;110;82;11795;2757;442;486;55972;4897;552;568
2022.01_13-10-2022;Свердловская область;90_105_days;EpiVacCorona;1;0;0;0;0;0;0;0;1;0;0;0;44177;2140;110;82;11795;2757;442;486;55972;4897;552;568
2022.01_13-10-2022;Свердловская область;90_105_days;SputnikLite;745;22;1;1;169;22;1;0;914;44;2;1;44177;2140;110;82;11795;2757;442;486;55972;4897;552;568
2022.01_13-10-2022;Свердловская область;90_105_days;SputnikV;348;10;0;0;77;14;1;0;425;24;1;0;44177;2140;110;82;11795;2757;442;486;55972;4897;552;568
2022.01_13-10-2022;Смоленская область;105_165_days;AllVaccines;1857;65;7;0;360;51;10;6;2217;116;17;6;8374;495;65;26;3114;909;242;196;11488;1404;307;222
2022.01_13-10-2022;Смоленская область;105_165_days;CoviVac;8;0;0;0;4;0;0;0;12;0;0;0;8374;495;65;26;3114;909;242;196;11488;1404;307;222
2022.01_13-10-2022;Смоленская область;105_165_days;EpiVacCorona;30;0;1;0;4;1;1;1;34;1;2;1;8374;495;65;26;3114;909;242;196;11488;1404;307;222
2022.01_13-10-2022;Смоленская область;105_165_days;SputnikLite;287;16;0;0;89;11;1;0;376;27;1;0;8374;495;65;26;3114;909;242;196;11488;1404;307;222
2022.01_13-10-2022;Смоленская область;105_165_days;SputnikV;1532;49;6;0;263;39;8;5;1795;88;14;5;8374;495;65;26;3114;909;242;196;11488;1404;307;222
2022.01_13-10-2022;Смоленская область;165_195_days;AllVaccines;1238;41;4;1;171;24;2;1;1409;65;6;2;8374;495;65;26;3114;909;242;196;11488;1404;307;222
2022.01_13-10-2022;Смоленская область;165_195_days;CoviVac;32;6;0;0;4;2;0;0;36;8;0;0;8374;495;65;26;3114;909;242;196;11488;1404;307;222
2022.01_13-10-2022;Смоленская область;165_195_days;EpiVacCorona;2;1;1;0;0;0;0;0;2;1;1;0;8374;495;65;26;3114;909;242;196;11488;1404;307;222
2022.01_13-10-2022;Смоленская область;165_195_days;SputnikLite;2;0;0;0;0;0;0;0;2;0;0;0;8374;495;65;26;3114;909;242;196;11488;1404;307;222
2022.01_13-10-2022;Смоленская область;165_195_days;SputnikV;1202;34;3;1;167;22;2;1;1369;56;5;2;8374;495;65;26;3114;909;242;196;11488;1404;307;222
2022.01_13-10-2022;Смоленская область;21_45_days;AllVaccines;350;11;0;0;156;26;5;5;506;37;5;5;8374;495;65;26;3114;909;242;196;11488;1404;307;222
2022.01_13-10-2022;Смоленская область;21_45_days;CoviVac;4;1;0;0;2;0;0;0;6;1;0;0;8374;495;65;26;3114;909;242;196;11488;1404;307;222
2022.01_13-10-2022;Смоленская область;21_45_days;EpiVacCorona;13;0;0;0;7;2;1;1;20;2;1;1;8374;495;65;26;3114;909;242;196;11488;1404;307;222
2022.01_13-10-2022;Смоленская область;21_45_days;SputnikLite;111;3;0;0;75;10;0;0;186;13;0;0;8374;495;65;26;3114;909;242;196;11488;1404;307;222
2022.01_13-10-2022;Смоленская область;21_45_days;SputnikV;222;7;0;0;72;14;4;4;294;21;4;4;8374;495;65;26;3114;909;242;196;11488;1404;307;222
2022.01_13-10-2022;Смоленская область;45_75_days;AllVaccines;567;28;6;3;187;33;4;3;754;61;10;6;8374;495;65;26;3114;909;242;196;11488;1404;307;222
2022.01_13-10-2022;Смоленская область;45_75_days;CoviVac;5;0;0;0;0;0;0;0;5;0;0;0;8374;495;65;26;3114;909;242;196;11488;1404;307;222
2022.01_13-10-2022;Смоленская область;45_75_days;EpiVacCorona;8;0;0;0;3;2;0;1;11;2;0;1;8374;495;65;26;3114;909;242;196;11488;1404;307;222
2022.01_13-10-2022;Смоленская область;45_75_days;SputnikLite;187;6;3;2;91;17;1;0;278;23;4;2;8374;495;65;26;3114;909;242;196;11488;1404;307;222
2022.01_13-10-2022;Смоленская область;45_75_days;SputnikV;367;22;3;1;93;14;3;2;460;36;6;3;8374;495;65;26;3114;909;242;196;11488;1404;307;222
2022.01_13-10-2022;Смоленская область;75_90_days;AllVaccines;303;10;2;1;81;15;0;0;384;25;2;1;8374;495;65;26;3114;909;242;196;11488;1404;307;222
2022.01_13-10-2022;Смоленская область;75_90_days;EpiVacCorona;2;0;0;0;0;0;0;0;2;0;0;0;8374;495;65;26;3114;909;242;196;11488;1404;307;222
2022.01_13-10-2022;Смоленская область;75_90_days;SputnikLite;238;9;2;1;73;13;0;0;311;22;2;1;8374;495;65;26;3114;909;242;196;11488;1404;307;222
2022.01_13-10-2022;Смоленская область;75_90_days;SputnikV;63;1;0;0;8;2;0;0;71;3;0;0;8374;495;65;26;3114;909;242;196;11488;1404;307;222
2022.01_13-10-2022;Смоленская область;90_105_days;AllVaccines;118;5;0;0;47;8;1;1;165;13;1;1;8374;495;65;26;3114;909;242;196;11488;1404;307;222
2022.01_13-10-2022;Смоленская область;90_105_days;EpiVacCorona;2;0;0;0;0;0;0;0;2;0;0;0;8374;495;65;26;3114;909;242;196;11488;1404;307;222
2022.01_13-10-2022;Смоленская область;90_105_days;SputnikLite;74;4;0;0;39;8;1;1;113;12;1;1;8374;495;65;26;3114;909;242;196;11488;1404;307;222
2022.01_13-10-2022;Смоленская область;90_105_days;SputnikV;42;1;0;0;8;0;0;0;50;1;0;0;8374;495;65;26;3114;909;242;196;11488;1404;307;222
2022.01_13-10-2022;Ставропольский край;105_165_days;AllVaccines;5106;241;15;4;1038;144;23;12;6144;385;38;16;27635;1986;143;44;10041;2877;583;390;37676;4863;726;434
2022.01_13-10-2022;Ставропольский край;105_165_days;CoviVac;112;6;1;0;23;3;0;0;135;9;1;0;27635;1986;143;44;10041;2877;583;390;37676;4863;726;434
2022.01_13-10-2022;Ставропольский край;105_165_days;EpiVacCorona;87;6;0;0;30;11;3;3;117;17;3;3;27635;1986;143;44;10041;2877;583;390;37676;4863;726;434
2022.01_13-10-2022;Ставропольский край;105_165_days;SputnikLite;1165;45;0;0;343;47;9;7;1508;92;9;7;27635;1986;143;44;10041;2877;583;390;37676;4863;726;434
2022.01_13-10-2022;Ставропольский край;105_165_days;SputnikV;3742;184;14;4;642;83;11;2;4384;267;25;6;27635;1986;143;44;10041;2877;583;390;37676;4863;726;434
2022.01_13-10-2022;Ставропольский край;165_195_days;AllVaccines;3886;132;10;3;688;123;11;13;4574;255;21;16;27635;1986;143;44;10041;2877;583;390;37676;4863;726;434
2022.01_13-10-2022;Ставропольский край;165_195_days;CoviVac;170;7;1;0;27;5;0;0;197;12;1;0;27635;1986;143;44;10041;2877;583;390;37676;4863;726;434
2022.01_13-10-2022;Ставропольский край;165_195_days;EpiVacCorona;121;5;0;0;48;13;1;1;169;18;1;1;27635;1986;143;44;10041;2877;583;390;37676;4863;726;434
2022.01_13-10-2022;Ставропольский край;165_195_days;SputnikLite;67;4;0;0;13;1;0;0;80;5;0;0;27635;1986;143;44;10041;2877;583;390;37676;4863;726;434
2022.01_13-10-2022;Ставропольский край;165_195_days;SputnikV;3528;116;9;3;600;104;10;12;4128;220;19;15;27635;1986;143;44;10041;2877;583;390;37676;4863;726;434
2022.01_13-10-2022;Ставропольский край;21_45_days;AllVaccines;2402;110;9;1;682;123;17;12;3084;233;26;13;27635;1986;143;44;10041;2877;583;390;37676;4863;726;434
2022.01_13-10-2022;Ставропольский край;21_45_days;CoviVac;27;1;0;0;9;1;0;0;36;2;0;0;27635;1986;143;44;10041;2877;583;390;37676;4863;726;434
2022.01_13-10-2022;Ставропольский край;21_45_days;EpiVacCorona;70;3;1;1;24;4;0;0;94;7;1;1;27635;1986;143;44;10041;2877;583;390;37676;4863;726;434
2022.01_13-10-2022;Ставропольский край;21_45_days;SputnikLite;664;35;2;0;254;47;6;4;918;82;8;4;27635;1986;143;44;10041;2877;583;390;37676;4863;726;434
2022.01_13-10-2022;Ставропольский край;21_45_days;SputnikV;1641;71;6;0;395;71;11;8;2036;142;17;8;27635;1986;143;44;10041;2877;583;390;37676;4863;726;434
2022.01_13-10-2022;Ставропольский край;45_75_days;AllVaccines;2827;122;9;3;818;146;19;14;3645;268;28;17;27635;1986;143;44;10041;2877;583;390;37676;4863;726;434
2022.01_13-10-2022;Ставропольский край;45_75_days;CoviVac;59;4;0;0;7;1;0;0;66;5;0;0;27635;1986;143;44;10041;2877;583;390;37676;4863;726;434
2022.01_13-10-2022;Ставропольский край;45_75_days;EpiVacCorona;99;6;0;0;33;8;0;0;132;14;0;0;27635;1986;143;44;10041;2877;583;390;37676;4863;726;434
2022.01_13-10-2022;Ставропольский край;45_75_days;SputnikLite;726;30;1;0;295;36;3;1;1021;66;4;1;27635;1986;143;44;10041;2877;583;390;37676;4863;726;434
2022.01_13-10-2022;Ставропольский край;45_75_days;SputnikV;1943;82;8;3;483;101;16;13;2426;183;24;16;27635;1986;143;44;10041;2877;583;390;37676;4863;726;434
2022.01_13-10-2022;Ставропольский край;75_90_days;AllVaccines;872;39;3;0;273;50;9;3;1145;89;12;3;27635;1986;143;44;10041;2877;583;390;37676;4863;726;434
2022.01_13-10-2022;Ставропольский край;75_90_days;CoviVac;11;0;0;0;0;0;0;0;11;0;0;0;27635;1986;143;44;10041;2877;583;390;37676;4863;726;434
2022.01_13-10-2022;Ставропольский край;75_90_days;EpiVacCorona;1;0;0;0;4;1;1;0;5;1;1;0;27635;1986;143;44;10041;2877;583;390;37676;4863;726;434
2022.01_13-10-2022;Ставропольский край;75_90_days;SputnikLite;664;25;1;0;191;34;5;2;855;59;6;2;27635;1986;143;44;10041;2877;583;390;37676;4863;726;434
2022.01_13-10-2022;Ставропольский край;75_90_days;SputnikV;196;14;2;0;78;15;3;1;274;29;5;1;27635;1986;143;44;10041;2877;583;390;37676;4863;726;434
2022.01_13-10-2022;Ставропольский край;90_105_days;AllVaccines;368;18;1;0;146;23;3;1;514;41;4;1;27635;1986;143;44;10041;2877;583;390;37676;4863;726;434
2022.01_13-10-2022;Ставропольский край;90_105_days;CoviVac;5;0;0;0;5;0;0;0;10;0;0;0;27635;1986;143;44;10041;2877;583;390;37676;4863;726;434
2022.01_13-10-2022;Ставропольский край;90_105_days;EpiVacCorona;5;0;0;0;3;2;1;0;8;2;1;0;27635;1986;143;44;10041;2877;583;390;37676;4863;726;434
2022.01_13-10-2022;Ставропольский край;90_105_days;SputnikLite;199;10;0;0;99;16;2;1;298;26;2;1;27635;1986;143;44;10041;2877;583;390;37676;4863;726;434
2022.01_13-10-2022;Ставропольский край;90_105_days;SputnikV;159;8;1;0;39;5;0;0;198;13;1;0;27635;1986;143;44;10041;2877;583;390;37676;4863;726;434
2022.01_13-10-2022;Тамбовская область;105_165_days;AllVaccines;3326;104;7;4;764;103;11;7;4090;207;18;11;13979;565;67;30;5114;1119;220;214;19093;1684;287;244
2022.01_13-10-2022;Тамбовская область;105_165_days;CoviVac;9;0;0;0;2;0;0;0;11;0;0;0;13979;565;67;30;5114;1119;220;214;19093;1684;287;244
2022.01_13-10-2022;Тамбовская область;105_165_days;EpiVacCorona;36;3;1;1;12;1;1;1;48;4;2;2;13979;565;67;30;5114;1119;220;214;19093;1684;287;244
2022.01_13-10-2022;Тамбовская область;105_165_days;SputnikLite;1615;59;3;2;330;37;2;2;1945;96;5;4;13979;565;67;30;5114;1119;220;214;19093;1684;287;244
2022.01_13-10-2022;Тамбовская область;105_165_days;SputnikV;1666;42;3;1;420;65;8;4;2086;107;11;5;13979;565;67;30;5114;1119;220;214;19093;1684;287;244
2022.01_13-10-2022;Тамбовская область;165_195_days;AllVaccines;1960;43;4;1;269;35;5;4;2229;78;9;5;13979;565;67;30;5114;1119;220;214;19093;1684;287;244
2022.01_13-10-2022;Тамбовская область;165_195_days;CoviVac;36;2;0;0;2;1;0;0;38;3;0;0;13979;565;67;30;5114;1119;220;214;19093;1684;287;244
2022.01_13-10-2022;Тамбовская область;165_195_days;EpiVacCorona;10;3;0;0;3;0;0;0;13;3;0;0;13979;565;67;30;5114;1119;220;214;19093;1684;287;244
2022.01_13-10-2022;Тамбовская область;165_195_days;SputnikLite;149;3;0;0;4;0;0;0;153;3;0;0;13979;565;67;30;5114;1119;220;214;19093;1684;287;244
2022.01_13-10-2022;Тамбовская область;165_195_days;SputnikV;1765;35;4;1;260;34;5;4;2025;69;9;5;13979;565;67;30;5114;1119;220;214;19093;1684;287;244
2022.01_13-10-2022;Тамбовская область;21_45_days;AllVaccines;688;16;4;0;314;36;6;5;1002;52;10;5;13979;565;67;30;5114;1119;220;214;19093;1684;287;244
2022.01_13-10-2022;Тамбовская область;21_45_days;CoviVac;25;0;0;0;5;1;0;0;30;1;0;0;13979;565;67;30;5114;1119;220;214;19093;1684;287;244
2022.01_13-10-2022;Тамбовская область;21_45_days;EpiVacCorona;21;0;0;0;12;4;1;1;33;4;1;1;13979;565;67;30;5114;1119;220;214;19093;1684;287;244
2022.01_13-10-2022;Тамбовская область;21_45_days;SputnikLite;407;10;2;0;151;21;3;2;558;31;5;2;13979;565;67;30;5114;1119;220;214;19093;1684;287;244
2022.01_13-10-2022;Тамбовская область;21_45_days;SputnikV;235;6;2;0;146;10;2;2;381;16;4;2;13979;565;67;30;5114;1119;220;214;19093;1684;287;244
2022.01_13-10-2022;Тамбовская область;45_75_days;AllVaccines;933;28;3;1;422;50;7;7;1355;78;10;8;13979;565;67;30;5114;1119;220;214;19093;1684;287;244
2022.01_13-10-2022;Тамбовская область;45_75_days;CoviVac;51;1;0;0;3;0;0;0;54;1;0;0;13979;565;67;30;5114;1119;220;214;19093;1684;287;244
2022.01_13-10-2022;Тамбовская область;45_75_days;EpiVacCorona;18;2;0;0;4;1;0;0;22;3;0;0;13979;565;67;30;5114;1119;220;214;19093;1684;287;244
2022.01_13-10-2022;Тамбовская область;45_75_days;SputnikLite;504;13;1;1;180;18;2;1;684;31;3;2;13979;565;67;30;5114;1119;220;214;19093;1684;287;244
2022.01_13-10-2022;Тамбовская область;45_75_days;SputnikV;360;12;2;0;235;31;5;6;595;43;7;6;13979;565;67;30;5114;1119;220;214;19093;1684;287;244
2022.01_13-10-2022;Тамбовская область;75_90_days;AllVaccines;530;13;1;2;174;20;2;3;704;33;3;5;13979;565;67;30;5114;1119;220;214;19093;1684;287;244
2022.01_13-10-2022;Тамбовская область;75_90_days;CoviVac;2;0;0;0;2;2;0;0;4;2;0;0;13979;565;67;30;5114;1119;220;214;19093;1684;287;244
2022.01_13-10-2022;Тамбовская область;75_90_days;EpiVacCorona;1;0;0;0;1;0;0;0;2;0;0;0;13979;565;67;30;5114;1119;220;214;19093;1684;287;244
2022.01_13-10-2022;Тамбовская область;75_90_days;SputnikLite;449;12;1;1;129;12;2;2;578;24;3;3;13979;565;67;30;5114;1119;220;214;19093;1684;287;244
2022.01_13-10-2022;Тамбовская область;75_90_days;SputnikV;78;1;0;1;42;6;0;1;120;7;0;2;13979;565;67;30;5114;1119;220;214;19093;1684;287;244
2022.01_13-10-2022;Тамбовская область;90_105_days;AllVaccines;293;13;3;2;120;14;1;0;413;27;4;2;13979;565;67;30;5114;1119;220;214;19093;1684;287;244
2022.01_13-10-2022;Тамбовская область;90_105_days;SputnikLite;238;9;3;2;76;7;0;0;314;16;3;2;13979;565;67;30;5114;1119;220;214;19093;1684;287;244
2022.01_13-10-2022;Тамбовская область;90_105_days;SputnikV;55;4;0;0;44;7;1;0;99;11;1;0;13979;565;67;30;5114;1119;220;214;19093;1684;287;244
2022.01_13-10-2022;Тверская область;105_165_days;AllVaccines;4343;91;7;2;1077;131;13;10;5420;222;20;12;26166;1097;73;33;7732;2026;421;374;33898;3123;494;407
2022.01_13-10-2022;Тверская область;105_165_days;CoviVac;104;8;1;0;24;4;1;1;128;12;2;1;26166;1097;73;33;7732;2026;421;374;33898;3123;494;407
2022.01_13-10-2022;Тверская область;105_165_days;EpiVacCorona;145;8;2;1;41;6;1;1;186;14;3;2;26166;1097;73;33;7732;2026;421;374;33898;3123;494;407
2022.01_13-10-2022;Тверская область;105_165_days;SputnikLite;509;7;0;0;240;28;3;3;749;35;3;3;26166;1097;73;33;7732;2026;421;374;33898;3123;494;407
2022.01_13-10-2022;Тверская область;105_165_days;SputnikV;3585;68;4;1;772;93;8;5;4357;161;12;6;26166;1097;73;33;7732;2026;421;374;33898;3123;494;407
2022.01_13-10-2022;Тверская область;165_195_days;AllVaccines;3621;91;2;1;642;64;9;7;4263;155;11;8;26166;1097;73;33;7732;2026;421;374;33898;3123;494;407
2022.01_13-10-2022;Тверская область;165_195_days;CoviVac;71;3;0;0;18;0;0;0;89;3;0;0;26166;1097;73;33;7732;2026;421;374;33898;3123;494;407
2022.01_13-10-2022;Тверская область;165_195_days;EpiVacCorona;40;1;0;0;9;1;1;0;49;2;1;0;26166;1097;73;33;7732;2026;421;374;33898;3123;494;407
2022.01_13-10-2022;Тверская область;165_195_days;SputnikLite;25;1;0;0;3;1;0;0;28;2;0;0;26166;1097;73;33;7732;2026;421;374;33898;3123;494;407
2022.01_13-10-2022;Тверская область;165_195_days;SputnikV;3485;86;2;1;612;62;8;7;4097;148;10;8;26166;1097;73;33;7732;2026;421;374;33898;3123;494;407
2022.01_13-10-2022;Тверская область;21_45_days;AllVaccines;988;34;2;1;363;69;8;7;1351;103;10;8;26166;1097;73;33;7732;2026;421;374;33898;3123;494;407
2022.01_13-10-2022;Тверская область;21_45_days;CoviVac;70;2;0;0;18;1;1;1;88;3;1;1;26166;1097;73;33;7732;2026;421;374;33898;3123;494;407
2022.01_13-10-2022;Тверская область;21_45_days;EpiVacCorona;97;4;1;0;39;14;2;1;136;18;3;1;26166;1097;73;33;7732;2026;421;374;33898;3123;494;407
2022.01_13-10-2022;Тверская область;21_45_days;SputnikLite;268;7;0;0;154;19;2;1;422;26;2;1;26166;1097;73;33;7732;2026;421;374;33898;3123;494;407
2022.01_13-10-2022;Тверская область;21_45_days;SputnikV;553;21;1;1;152;35;3;4;705;56;4;5;26166;1097;73;33;7732;2026;421;374;33898;3123;494;407
2022.01_13-10-2022;Тверская область;45_75_days;AllVaccines;1654;48;3;0;566;81;11;8;2220;129;14;8;26166;1097;73;33;7732;2026;421;374;33898;3123;494;407
2022.01_13-10-2022;Тверская область;45_75_days;CoviVac;49;0;0;0;11;2;0;0;60;2;0;0;26166;1097;73;33;7732;2026;421;374;33898;3123;494;407
2022.01_13-10-2022;Тверская область;45_75_days;EpiVacCorona;118;6;0;0;31;7;2;2;149;13;2;2;26166;1097;73;33;7732;2026;421;374;33898;3123;494;407
2022.01_13-10-2022;Тверская область;45_75_days;SputnikLite;488;15;1;0;261;34;5;3;749;49;6;3;26166;1097;73;33;7732;2026;421;374;33898;3123;494;407
2022.01_13-10-2022;Тверская область;45_75_days;SputnikV;999;27;2;0;263;38;4;3;1262;65;6;3;26166;1097;73;33;7732;2026;421;374;33898;3123;494;407
2022.01_13-10-2022;Тверская область;75_90_days;AllVaccines;646;17;1;0;245;38;3;3;891;55;4;3;26166;1097;73;33;7732;2026;421;374;33898;3123;494;407
2022.01_13-10-2022;Тверская область;75_90_days;CoviVac;8;0;0;0;0;0;0;0;8;0;0;0;26166;1097;73;33;7732;2026;421;374;33898;3123;494;407
2022.01_13-10-2022;Тверская область;75_90_days;EpiVacCorona;7;0;0;0;2;1;0;0;9;1;0;0;26166;1097;73;33;7732;2026;421;374;33898;3123;494;407
2022.01_13-10-2022;Тверская область;75_90_days;SputnikLite;501;13;0;0;187;25;1;1;688;38;1;1;26166;1097;73;33;7732;2026;421;374;33898;3123;494;407
2022.01_13-10-2022;Тверская область;75_90_days;SputnikV;130;4;1;0;56;12;2;2;186;16;3;2;26166;1097;73;33;7732;2026;421;374;33898;3123;494;407
2022.01_13-10-2022;Тверская область;90_105_days;AllVaccines;315;7;0;0;145;21;0;0;460;28;0;0;26166;1097;73;33;7732;2026;421;374;33898;3123;494;407
2022.01_13-10-2022;Тверская область;90_105_days;CoviVac;10;0;0;0;1;0;0;0;11;0;0;0;26166;1097;73;33;7732;2026;421;374;33898;3123;494;407
2022.01_13-10-2022;Тверская область;90_105_days;EpiVacCorona;6;0;0;0;2;1;0;0;8;1;0;0;26166;1097;73;33;7732;2026;421;374;33898;3123;494;407
2022.01_13-10-2022;Тверская область;90_105_days;SputnikLite;166;4;0;0;114;17;0;0;280;21;0;0;26166;1097;73;33;7732;2026;421;374;33898;3123;494;407
2022.01_13-10-2022;Тверская область;90_105_days;SputnikV;133;3;0;0;28;3;0;0;161;6;0;0;26166;1097;73;33;7732;2026;421;374;33898;3123;494;407
2022.01_13-10-2022;Томская область;105_165_days;AllVaccines;1072;67;4;0;241;62;8;3;1313;129;12;3;8804;884;74;21;2601;986;229;136;11405;1870;303;157
2022.01_13-10-2022;Томская область;105_165_days;CoviVac;17;2;0;0;5;1;0;0;22;3;0;0;8804;884;74;21;2601;986;229;136;11405;1870;303;157
2022.01_13-10-2022;Томская область;105_165_days;EpiVacCorona;15;3;0;0;6;1;0;1;21;4;0;1;8804;884;74;21;2601;986;229;136;11405;1870;303;157
2022.01_13-10-2022;Томская область;105_165_days;SputnikLite;228;18;0;0;73;15;2;2;301;33;2;2;8804;884;74;21;2601;986;229;136;11405;1870;303;157
2022.01_13-10-2022;Томская область;105_165_days;SputnikV;812;44;4;0;157;45;6;0;969;89;10;0;8804;884;74;21;2601;986;229;136;11405;1870;303;157
2022.01_13-10-2022;Томская область;165_195_days;AllVaccines;948;57;2;1;229;54;9;5;1177;111;11;6;8804;884;74;21;2601;986;229;136;11405;1870;303;157
2022.01_13-10-2022;Томская область;165_195_days;CoviVac;8;1;1;0;5;1;0;0;13;2;1;0;8804;884;74;21;2601;986;229;136;11405;1870;303;157
2022.01_13-10-2022;Томская область;165_195_days;EpiVacCorona;49;10;0;1;19;7;2;0;68;17;2;1;8804;884;74;21;2601;986;229;136;11405;1870;303;157
2022.01_13-10-2022;Томская область;165_195_days;SputnikLite;8;0;0;0;2;0;0;0;10;0;0;0;8804;884;74;21;2601;986;229;136;11405;1870;303;157
2022.01_13-10-2022;Томская область;165_195_days;SputnikV;883;46;1;0;203;46;7;5;1086;92;8;5;8804;884;74;21;2601;986;229;136;11405;1870;303;157
2022.01_13-10-2022;Томская область;21_45_days;AllVaccines;691;38;4;0;181;62;5;1;872;100;9;1;8804;884;74;21;2601;986;229;136;11405;1870;303;157
2022.01_13-10-2022;Томская область;21_45_days;CoviVac;31;0;0;0;4;1;0;0;35;1;0;0;8804;884;74;21;2601;986;229;136;11405;1870;303;157
2022.01_13-10-2022;Томская область;21_45_days;EpiVacCorona;15;1;1;0;4;2;1;0;19;3;2;0;8804;884;74;21;2601;986;229;136;11405;1870;303;157
2022.01_13-10-2022;Томская область;21_45_days;SputnikLite;168;13;1;0;92;35;2;0;260;48;3;0;8804;884;74;21;2601;986;229;136;11405;1870;303;157
2022.01_13-10-2022;Томская область;21_45_days;SputnikV;477;24;2;0;81;24;2;1;558;48;4;1;8804;884;74;21;2601;986;229;136;11405;1870;303;157
2022.01_13-10-2022;Томская область;45_75_days;AllVaccines;874;40;2;1;210;46;8;6;1084;86;10;7;8804;884;74;21;2601;986;229;136;11405;1870;303;157
2022.01_13-10-2022;Томская область;45_75_days;CoviVac;43;1;0;0;5;1;0;0;48;2;0;0;8804;884;74;21;2601;986;229;136;11405;1870;303;157
2022.01_13-10-2022;Томская область;45_75_days;EpiVacCorona;16;3;0;0;5;3;1;1;21;6;1;1;8804;884;74;21;2601;986;229;136;11405;1870;303;157
2022.01_13-10-2022;Томская область;45_75_days;SputnikLite;319;15;1;0;107;20;4;4;426;35;5;4;8804;884;74;21;2601;986;229;136;11405;1870;303;157
2022.01_13-10-2022;Томская область;45_75_days;SputnikV;496;21;1;1;93;22;3;1;589;43;4;2;8804;884;74;21;2601;986;229;136;11405;1870;303;157
2022.01_13-10-2022;Томская область;75_90_days;AllVaccines;249;18;0;0;85;17;2;0;334;35;2;0;8804;884;74;21;2601;986;229;136;11405;1870;303;157
2022.01_13-10-2022;Томская область;75_90_days;CoviVac;1;0;0;0;0;0;0;0;1;0;0;0;8804;884;74;21;2601;986;229;136;11405;1870;303;157
2022.01_13-10-2022;Томская область;75_90_days;EpiVacCorona;1;0;0;0;0;0;0;0;1;0;0;0;8804;884;74;21;2601;986;229;136;11405;1870;303;157
2022.01_13-10-2022;Томская область;75_90_days;SputnikLite;192;14;0;0;69;13;2;0;261;27;2;0;8804;884;74;21;2601;986;229;136;11405;1870;303;157
2022.01_13-10-2022;Томская область;75_90_days;SputnikV;55;4;0;0;16;4;0;0;71;8;0;0;8804;884;74;21;2601;986;229;136;11405;1870;303;157
2022.01_13-10-2022;Томская область;90_105_days;AllVaccines;87;8;0;0;36;3;0;0;123;11;0;0;8804;884;74;21;2601;986;229;136;11405;1870;303;157
2022.01_13-10-2022;Томская область;90_105_days;SputnikLite;43;3;0;0;30;3;0;0;73;6;0;0;8804;884;74;21;2601;986;229;136;11405;1870;303;157
2022.01_13-10-2022;Томская область;90_105_days;SputnikV;44;5;0;0;6;0;0;0;50;5;0;0;8804;884;74;21;2601;986;229;136;11405;1870;303;157
2022.01_13-10-2022;Тульская область;105_165_days;AllVaccines;4545;109;12;5;1076;89;13;10;5621;198;25;15;23041;885;114;59;8363;1873;598;508;31404;2758;712;567
2022.01_13-10-2022;Тульская область;105_165_days;CoviVac;44;3;0;0;7;0;0;0;51;3;0;0;23041;885;114;59;8363;1873;598;508;31404;2758;712;567
2022.01_13-10-2022;Тульская область;105_165_days;EpiVacCorona;68;3;0;0;31;4;1;1;99;7;1;1;23041;885;114;59;8363;1873;598;508;31404;2758;712;567
2022.01_13-10-2022;Тульская область;105_165_days;SputnikLite;588;15;1;1;152;10;1;1;740;25;2;2;23041;885;114;59;8363;1873;598;508;31404;2758;712;567
2022.01_13-10-2022;Тульская область;105_165_days;SputnikV;3845;88;11;4;886;75;11;8;4731;163;22;12;23041;885;114;59;8363;1873;598;508;31404;2758;712;567
2022.01_13-10-2022;Тульская область;165_195_days;AllVaccines;5712;132;14;5;942;87;17;15;6654;219;31;20;23041;885;114;59;8363;1873;598;508;31404;2758;712;567
2022.01_13-10-2022;Тульская область;165_195_days;CoviVac;48;4;0;0;7;1;0;0;55;5;0;0;23041;885;114;59;8363;1873;598;508;31404;2758;712;567
2022.01_13-10-2022;Тульская область;165_195_days;EpiVacCorona;62;1;0;0;20;3;1;1;82;4;1;1;23041;885;114;59;8363;1873;598;508;31404;2758;712;567
2022.01_13-10-2022;Тульская область;165_195_days;SputnikLite;1;0;0;0;0;0;0;0;1;0;0;0;23041;885;114;59;8363;1873;598;508;31404;2758;712;567
2022.01_13-10-2022;Тульская область;165_195_days;SputnikV;5601;127;14;5;915;83;16;14;6516;210;30;19;23041;885;114;59;8363;1873;598;508;31404;2758;712;567
2022.01_13-10-2022;Тульская область;21_45_days;AllVaccines;1182;24;2;0;471;61;11;6;1653;85;13;6;23041;885;114;59;8363;1873;598;508;31404;2758;712;567
2022.01_13-10-2022;Тульская область;21_45_days;CoviVac;15;0;0;0;9;2;0;0;24;2;0;0;23041;885;114;59;8363;1873;598;508;31404;2758;712;567
2022.01_13-10-2022;Тульская область;21_45_days;EpiVacCorona;73;3;0;0;40;10;3;3;113;13;3;3;23041;885;114;59;8363;1873;598;508;31404;2758;712;567
2022.01_13-10-2022;Тульская область;21_45_days;SputnikLite;357;6;1;0;146;15;3;1;503;21;4;1;23041;885;114;59;8363;1873;598;508;31404;2758;712;567
2022.01_13-10-2022;Тульская область;21_45_days;SputnikV;737;15;1;0;276;34;5;2;1013;49;6;2;23041;885;114;59;8363;1873;598;508;31404;2758;712;567
2022.01_13-10-2022;Тульская область;45_75_days;AllVaccines;1377;49;4;1;595;86;9;6;1972;135;13;7;23041;885;114;59;8363;1873;598;508;31404;2758;712;567
2022.01_13-10-2022;Тульская область;45_75_days;CoviVac;45;2;0;0;15;6;2;1;60;8;2;1;23041;885;114;59;8363;1873;598;508;31404;2758;712;567
2022.01_13-10-2022;Тульская область;45_75_days;EpiVacCorona;81;4;1;0;69;19;4;3;150;23;5;3;23041;885;114;59;8363;1873;598;508;31404;2758;712;567
2022.01_13-10-2022;Тульская область;45_75_days;SputnikLite;646;20;1;0;279;30;2;2;925;50;3;2;23041;885;114;59;8363;1873;598;508;31404;2758;712;567
2022.01_13-10-2022;Тульская область;45_75_days;SputnikV;605;23;2;1;232;31;1;0;837;54;3;1;23041;885;114;59;8363;1873;598;508;31404;2758;712;567
2022.01_13-10-2022;Тульская область;75_90_days;AllVaccines;504;13;1;0;220;29;6;3;724;42;7;3;23041;885;114;59;8363;1873;598;508;31404;2758;712;567
2022.01_13-10-2022;Тульская область;75_90_days;CoviVac;9;0;0;0;2;0;0;0;11;0;0;0;23041;885;114;59;8363;1873;598;508;31404;2758;712;567
2022.01_13-10-2022;Тульская область;75_90_days;EpiVacCorona;7;0;0;0;11;1;0;0;18;1;0;0;23041;885;114;59;8363;1873;598;508;31404;2758;712;567
2022.01_13-10-2022;Тульская область;75_90_days;SputnikLite;363;7;1;0;153;22;4;2;516;29;5;2;23041;885;114;59;8363;1873;598;508;31404;2758;712;567
2022.01_13-10-2022;Тульская область;75_90_days;SputnikV;125;6;0;0;54;6;2;1;179;12;2;1;23041;885;114;59;8363;1873;598;508;31404;2758;712;567
2022.01_13-10-2022;Тульская область;90_105_days;AllVaccines;234;3;0;0;118;13;3;2;352;16;3;2;23041;885;114;59;8363;1873;598;508;31404;2758;712;567
2022.01_13-10-2022;Тульская область;90_105_days;CoviVac;7;0;0;0;1;0;0;0;8;0;0;0;23041;885;114;59;8363;1873;598;508;31404;2758;712;567
2022.01_13-10-2022;Тульская область;90_105_days;EpiVacCorona;9;0;0;0;3;0;0;0;12;0;0;0;23041;885;114;59;8363;1873;598;508;31404;2758;712;567
2022.01_13-10-2022;Тульская область;90_105_days;SputnikLite;111;1;0;0;64;7;2;2;175;8;2;2;23041;885;114;59;8363;1873;598;508;31404;2758;712;567
2022.01_13-10-2022;Тульская область;90_105_days;SputnikV;107;2;0;0;50;6;1;0;157;8;1;0;23041;885;114;59;8363;1873;598;508;31404;2758;712;567
2022.01_13-10-2022;Тюменская область;105_165_days;AllVaccines;3676;114;4;2;617;189;25;14;4293;303;29;16;22270;1203;118;25;5575;2019;472;219;27845;3222;590;244
2022.01_13-10-2022;Тюменская область;105_165_days;CoviVac;32;2;0;0;5;2;0;0;37;4;0;0;22270;1203;118;25;5575;2019;472;219;27845;3222;590;244
2022.01_13-10-2022;Тюменская область;105_165_days;EpiVacCorona;47;4;0;0;17;6;1;1;64;10;1;1;22270;1203;118;25;5575;2019;472;219;27845;3222;590;244
2022.01_13-10-2022;Тюменская область;105_165_days;SputnikLite;1162;34;2;1;230;70;6;3;1392;104;8;4;22270;1203;118;25;5575;2019;472;219;27845;3222;590;244
2022.01_13-10-2022;Тюменская область;105_165_days;SputnikV;2435;74;2;1;365;111;18;10;2800;185;20;11;22270;1203;118;25;5575;2019;472;219;27845;3222;590;244
2022.01_13-10-2022;Тюменская область;165_195_days;AllVaccines;3159;133;9;1;479;123;13;6;3638;256;22;7;22270;1203;118;25;5575;2019;472;219;27845;3222;590;244
2022.01_13-10-2022;Тюменская область;165_195_days;CoviVac;8;1;0;0;2;1;0;0;10;2;0;0;22270;1203;118;25;5575;2019;472;219;27845;3222;590;244
2022.01_13-10-2022;Тюменская область;165_195_days;EpiVacCorona;324;25;1;0;64;15;2;2;388;40;3;2;22270;1203;118;25;5575;2019;472;219;27845;3222;590;244
2022.01_13-10-2022;Тюменская область;165_195_days;SputnikLite;99;0;0;0;12;3;0;0;111;3;0;0;22270;1203;118;25;5575;2019;472;219;27845;3222;590;244
2022.01_13-10-2022;Тюменская область;165_195_days;SputnikV;2728;107;8;1;401;104;11;4;3129;211;19;5;22270;1203;118;25;5575;2019;472;219;27845;3222;590;244
2022.01_13-10-2022;Тюменская область;21_45_days;AllVaccines;1689;78;9;2;452;137;27;5;2141;215;36;7;22270;1203;118;25;5575;2019;472;219;27845;3222;590;244
2022.01_13-10-2022;Тюменская область;21_45_days;CoviVac;13;1;0;0;4;1;0;0;17;2;0;0;22270;1203;118;25;5575;2019;472;219;27845;3222;590;244
2022.01_13-10-2022;Тюменская область;21_45_days;EpiVacCorona;12;1;0;0;5;1;0;0;17;2;0;0;22270;1203;118;25;5575;2019;472;219;27845;3222;590;244
2022.01_13-10-2022;Тюменская область;21_45_days;SputnikLite;475;23;3;1;196;67;15;5;671;90;18;6;22270;1203;118;25;5575;2019;472;219;27845;3222;590;244
2022.01_13-10-2022;Тюменская область;21_45_days;SputnikV;1189;53;6;1;247;68;12;0;1436;121;18;1;22270;1203;118;25;5575;2019;472;219;27845;3222;590;244
2022.01_13-10-2022;Тюменская область;45_75_days;AllVaccines;1692;73;2;0;451;104;13;5;2143;177;15;5;22270;1203;118;25;5575;2019;472;219;27845;3222;590;244
2022.01_13-10-2022;Тюменская область;45_75_days;CoviVac;42;1;0;0;8;2;0;0;50;3;0;0;22270;1203;118;25;5575;2019;472;219;27845;3222;590;244
2022.01_13-10-2022;Тюменская область;45_75_days;EpiVacCorona;36;5;0;0;3;0;0;0;39;5;0;0;22270;1203;118;25;5575;2019;472;219;27845;3222;590;244
2022.01_13-10-2022;Тюменская область;45_75_days;SputnikLite;502;27;1;0;231;55;4;4;733;82;5;4;22270;1203;118;25;5575;2019;472;219;27845;3222;590;244
2022.01_13-10-2022;Тюменская область;45_75_days;SputnikV;1112;40;1;0;209;47;9;1;1321;87;10;1;22270;1203;118;25;5575;2019;472;219;27845;3222;590;244
2022.01_13-10-2022;Тюменская область;75_90_days;AllVaccines;1171;56;3;1;244;59;2;4;1415;115;5;5;22270;1203;118;25;5575;2019;472;219;27845;3222;590;244
2022.01_13-10-2022;Тюменская область;75_90_days;CoviVac;4;0;0;0;0;0;0;0;4;0;0;0;22270;1203;118;25;5575;2019;472;219;27845;3222;590;244
2022.01_13-10-2022;Тюменская область;75_90_days;EpiVacCorona;10;0;0;0;2;0;0;0;12;0;0;0;22270;1203;118;25;5575;2019;472;219;27845;3222;590;244
2022.01_13-10-2022;Тюменская область;75_90_days;SputnikLite;1010;55;3;1;211;48;2;4;1221;103;5;5;22270;1203;118;25;5575;2019;472;219;27845;3222;590;244
2022.01_13-10-2022;Тюменская область;75_90_days;SputnikV;147;1;0;0;31;11;0;0;178;12;0;0;22270;1203;118;25;5575;2019;472;219;27845;3222;590;244
2022.01_13-10-2022;Тюменская область;90_105_days;AllVaccines;315;10;1;0;99;25;4;0;414;35;5;0;22270;1203;118;25;5575;2019;472;219;27845;3222;590;244
2022.01_13-10-2022;Тюменская область;90_105_days;CoviVac;2;0;0;0;1;1;0;0;3;1;0;0;22270;1203;118;25;5575;2019;472;219;27845;3222;590;244
2022.01_13-10-2022;Тюменская область;90_105_days;EpiVacCorona;2;0;0;0;3;2;0;0;5;2;0;0;22270;1203;118;25;5575;2019;472;219;27845;3222;590;244
2022.01_13-10-2022;Тюменская область;90_105_days;SputnikLite;222;9;1;0;77;22;4;0;299;31;5;0;22270;1203;118;25;5575;2019;472;219;27845;3222;590;244
2022.01_13-10-2022;Тюменская область;90_105_days;SputnikV;89;1;0;0;18;0;0;0;107;1;0;0;22270;1203;118;25;5575;2019;472;219;27845;3222;590;244
2022.01_13-10-2022;Удмуртская Республика;105_165_days;AllVaccines;4004;122;2;0;719;86;11;5;4723;208;13;5;22349;838;48;11;5934;1136;190;88;28283;1974;238;99
2022.01_13-10-2022;Удмуртская Республика;105_165_days;CoviVac;29;1;0;0;4;0;0;0;33;1;0;0;22349;838;48;11;5934;1136;190;88;28283;1974;238;99
2022.01_13-10-2022;Удмуртская Республика;105_165_days;EpiVacCorona;216;13;0;0;78;18;2;3;294;31;2;3;22349;838;48;11;5934;1136;190;88;28283;1974;238;99
2022.01_13-10-2022;Удмуртская Республика;105_165_days;SputnikLite;1409;42;1;0;227;26;3;1;1636;68;4;1;22349;838;48;11;5934;1136;190;88;28283;1974;238;99
2022.01_13-10-2022;Удмуртская Республика;105_165_days;SputnikV;2350;66;1;0;410;42;6;1;2760;108;7;1;22349;838;48;11;5934;1136;190;88;28283;1974;238;99
2022.01_13-10-2022;Удмуртская Республика;165_195_days;AllVaccines;2797;67;2;0;501;68;5;2;3298;135;7;2;22349;838;48;11;5934;1136;190;88;28283;1974;238;99
2022.01_13-10-2022;Удмуртская Республика;165_195_days;CoviVac;3;0;0;0;2;0;0;0;5;0;0;0;22349;838;48;11;5934;1136;190;88;28283;1974;238;99
2022.01_13-10-2022;Удмуртская Республика;165_195_days;EpiVacCorona;99;4;0;0;30;5;0;1;129;9;0;1;22349;838;48;11;5934;1136;190;88;28283;1974;238;99
2022.01_13-10-2022;Удмуртская Республика;165_195_days;SputnikLite;8;2;0;0;0;0;0;0;8;2;0;0;22349;838;48;11;5934;1136;190;88;28283;1974;238;99
2022.01_13-10-2022;Удмуртская Республика;165_195_days;SputnikV;2687;61;2;0;469;63;5;1;3156;124;7;1;22349;838;48;11;5934;1136;190;88;28283;1974;238;99
2022.01_13-10-2022;Удмуртская Республика;21_45_days;AllVaccines;1104;32;1;0;399;73;7;3;1503;105;8;3;22349;838;48;11;5934;1136;190;88;28283;1974;238;99
2022.01_13-10-2022;Удмуртская Республика;21_45_days;CoviVac;45;0;0;0;5;0;0;0;50;0;0;0;22349;838;48;11;5934;1136;190;88;28283;1974;238;99
2022.01_13-10-2022;Удмуртская Республика;21_45_days;EpiVacCorona;53;1;0;0;27;7;2;1;80;8;2;1;22349;838;48;11;5934;1136;190;88;28283;1974;238;99
2022.01_13-10-2022;Удмуртская Республика;21_45_days;SputnikLite;224;5;0;0;163;30;1;1;387;35;1;1;22349;838;48;11;5934;1136;190;88;28283;1974;238;99
2022.01_13-10-2022;Удмуртская Республика;21_45_days;SputnikV;782;26;1;0;204;36;4;1;986;62;5;1;22349;838;48;11;5934;1136;190;88;28283;1974;238;99
2022.01_13-10-2022;Удмуртская Республика;45_75_days;AllVaccines;2136;50;3;1;619;84;8;1;2755;134;11;2;22349;838;48;11;5934;1136;190;88;28283;1974;238;99
2022.01_13-10-2022;Удмуртская Республика;45_75_days;CoviVac;44;1;0;0;7;1;0;0;51;2;0;0;22349;838;48;11;5934;1136;190;88;28283;1974;238;99
2022.01_13-10-2022;Удмуртская Республика;45_75_days;EpiVacCorona;146;3;1;0;58;17;2;0;204;20;3;0;22349;838;48;11;5934;1136;190;88;28283;1974;238;99
2022.01_13-10-2022;Удмуртская Республика;45_75_days;SputnikLite;338;9;0;0;166;14;1;0;504;23;1;0;22349;838;48;11;5934;1136;190;88;28283;1974;238;99
2022.01_13-10-2022;Удмуртская Республика;45_75_days;SputnikV;1608;37;2;1;388;52;5;1;1996;89;7;2;22349;838;48;11;5934;1136;190;88;28283;1974;238;99
2022.01_13-10-2022;Удмуртская Республика;75_90_days;AllVaccines;968;30;1;0;227;30;2;0;1195;60;3;0;22349;838;48;11;5934;1136;190;88;28283;1974;238;99
2022.01_13-10-2022;Удмуртская Республика;75_90_days;CoviVac;3;0;0;0;0;0;0;0;3;0;0;0;22349;838;48;11;5934;1136;190;88;28283;1974;238;99
2022.01_13-10-2022;Удмуртская Республика;75_90_days;EpiVacCorona;40;0;0;0;14;5;0;0;54;5;0;0;22349;838;48;11;5934;1136;190;88;28283;1974;238;99
2022.01_13-10-2022;Удмуртская Республика;75_90_days;SputnikLite;719;24;1;0;130;13;1;0;849;37;2;0;22349;838;48;11;5934;1136;190;88;28283;1974;238;99
2022.01_13-10-2022;Удмуртская Республика;75_90_days;SputnikV;206;6;0;0;83;12;1;0;289;18;1;0;22349;838;48;11;5934;1136;190;88;28283;1974;238;99
2022.01_13-10-2022;Удмуртская Республика;90_105_days;AllVaccines;651;17;0;0;175;29;1;0;826;46;1;0;22349;838;48;11;5934;1136;190;88;28283;1974;238;99
2022.01_13-10-2022;Удмуртская Республика;90_105_days;CoviVac;4;0;0;0;0;0;0;0;4;0;0;0;22349;838;48;11;5934;1136;190;88;28283;1974;238;99
2022.01_13-10-2022;Удмуртская Республика;90_105_days;EpiVacCorona;28;1;0;0;14;3;0;0;42;4;0;0;22349;838;48;11;5934;1136;190;88;28283;1974;238;99
2022.01_13-10-2022;Удмуртская Республика;90_105_days;SputnikLite;480;15;0;0;112;18;0;0;592;33;0;0;22349;838;48;11;5934;1136;190;88;28283;1974;238;99
2022.01_13-10-2022;Удмуртская Республика;90_105_days;SputnikV;139;1;0;0;49;8;1;0;188;9;1;0;22349;838;48;11;5934;1136;190;88;28283;1974;238;99
2022.01_13-10-2022;Ульяновская область;105_165_days;AllVaccines;2250;51;5;2;386;38;4;2;2636;89;9;4;11626;411;42;19;3731;751;179;141;15357;1162;221;160
2022.01_13-10-2022;Ульяновская область;105_165_days;CoviVac;16;1;0;0;1;0;0;0;17;1;0;0;11626;411;42;19;3731;751;179;141;15357;1162;221;160
2022.01_13-10-2022;Ульяновская область;105_165_days;EpiVacCorona;58;3;0;0;15;3;0;0;73;6;0;0;11626;411;42;19;3731;751;179;141;15357;1162;221;160
2022.01_13-10-2022;Ульяновская область;105_165_days;SputnikLite;579;10;1;0;103;9;0;0;682;19;1;0;11626;411;42;19;3731;751;179;141;15357;1162;221;160
2022.01_13-10-2022;Ульяновская область;105_165_days;SputnikV;1597;37;4;2;267;26;4;2;1864;63;8;4;11626;411;42;19;3731;751;179;141;15357;1162;221;160
2022.01_13-10-2022;Ульяновская область;165_195_days;AllVaccines;1393;34;4;0;194;19;3;3;1587;53;7;3;11626;411;42;19;3731;751;179;141;15357;1162;221;160
2022.01_13-10-2022;Ульяновская область;165_195_days;CoviVac;23;0;0;0;1;0;0;0;24;0;0;0;11626;411;42;19;3731;751;179;141;15357;1162;221;160
2022.01_13-10-2022;Ульяновская область;165_195_days;EpiVacCorona;80;6;0;0;14;3;1;0;94;9;1;0;11626;411;42;19;3731;751;179;141;15357;1162;221;160
2022.01_13-10-2022;Ульяновская область;165_195_days;SputnikLite;10;0;0;0;0;0;0;0;10;0;0;0;11626;411;42;19;3731;751;179;141;15357;1162;221;160
2022.01_13-10-2022;Ульяновская область;165_195_days;SputnikV;1280;28;4;0;179;16;2;3;1459;44;6;3;11626;411;42;19;3731;751;179;141;15357;1162;221;160
2022.01_13-10-2022;Ульяновская область;21_45_days;AllVaccines;845;19;3;1;269;34;4;6;1114;53;7;7;11626;411;42;19;3731;751;179;141;15357;1162;221;160
2022.01_13-10-2022;Ульяновская область;21_45_days;CoviVac;16;0;0;0;4;0;0;0;20;0;0;0;11626;411;42;19;3731;751;179;141;15357;1162;221;160
2022.01_13-10-2022;Ульяновская область;21_45_days;EpiVacCorona;32;2;0;0;12;1;0;0;44;3;0;0;11626;411;42;19;3731;751;179;141;15357;1162;221;160
2022.01_13-10-2022;Ульяновская область;21_45_days;SputnikLite;200;4;0;0;88;10;1;2;288;14;1;2;11626;411;42;19;3731;751;179;141;15357;1162;221;160
2022.01_13-10-2022;Ульяновская область;21_45_days;SputnikV;597;13;3;1;165;23;3;4;762;36;6;5;11626;411;42;19;3731;751;179;141;15357;1162;221;160
2022.01_13-10-2022;Ульяновская область;45_75_days;AllVaccines;965;29;3;2;336;45;6;2;1301;74;9;4;11626;411;42;19;3731;751;179;141;15357;1162;221;160
2022.01_13-10-2022;Ульяновская область;45_75_days;CoviVac;51;1;0;0;9;0;0;0;60;1;0;0;11626;411;42;19;3731;751;179;141;15357;1162;221;160
2022.01_13-10-2022;Ульяновская область;45_75_days;EpiVacCorona;48;2;1;1;6;1;0;0;54;3;1;1;11626;411;42;19;3731;751;179;141;15357;1162;221;160
2022.01_13-10-2022;Ульяновская область;45_75_days;SputnikLite;195;4;1;1;147;24;4;1;342;28;5;2;11626;411;42;19;3731;751;179;141;15357;1162;221;160
2022.01_13-10-2022;Ульяновская область;45_75_days;SputnikV;671;22;1;0;174;20;2;1;845;42;3;1;11626;411;42;19;3731;751;179;141;15357;1162;221;160
2022.01_13-10-2022;Ульяновская область;75_90_days;AllVaccines;422;10;1;0;138;15;3;2;560;25;4;2;11626;411;42;19;3731;751;179;141;15357;1162;221;160
2022.01_13-10-2022;Ульяновская область;75_90_days;CoviVac;1;1;0;0;0;0;0;0;1;1;0;0;11626;411;42;19;3731;751;179;141;15357;1162;221;160
2022.01_13-10-2022;Ульяновская область;75_90_days;EpiVacCorona;6;0;0;0;1;1;0;0;7;1;0;0;11626;411;42;19;3731;751;179;141;15357;1162;221;160
2022.01_13-10-2022;Ульяновская область;75_90_days;SputnikLite;310;7;1;0;106;12;2;2;416;19;3;2;11626;411;42;19;3731;751;179;141;15357;1162;221;160
2022.01_13-10-2022;Ульяновская область;75_90_days;SputnikV;105;2;0;0;31;2;1;0;136;4;1;0;11626;411;42;19;3731;751;179;141;15357;1162;221;160
2022.01_13-10-2022;Ульяновская область;90_105_days;AllVaccines;263;9;1;1;68;10;2;3;331;19;3;4;11626;411;42;19;3731;751;179;141;15357;1162;221;160
2022.01_13-10-2022;Ульяновская область;90_105_days;EpiVacCorona;4;1;0;0;0;0;0;0;4;1;0;0;11626;411;42;19;3731;751;179;141;15357;1162;221;160
2022.01_13-10-2022;Ульяновская область;90_105_days;SputnikLite;146;7;1;1;53;6;1;2;199;13;2;3;11626;411;42;19;3731;751;179;141;15357;1162;221;160
2022.01_13-10-2022;Ульяновская область;90_105_days;SputnikV;113;1;0;0;15;4;1;1;128;5;1;1;11626;411;42;19;3731;751;179;141;15357;1162;221;160
2022.01_13-10-2022;Хабаровский край;105_165_days;AllVaccines;1090;85;2;1;273;73;7;5;1363;158;9;6;7820;969;62;24;3502;1798;298;212;11322;2767;360;236
2022.01_13-10-2022;Хабаровский край;105_165_days;CoviVac;6;0;0;0;0;0;0;0;6;0;0;0;7820;969;62;24;3502;1798;298;212;11322;2767;360;236
2022.01_13-10-2022;Хабаровский край;105_165_days;SputnikLite;283;33;1;0;69;16;1;0;352;49;2;0;7820;969;62;24;3502;1798;298;212;11322;2767;360;236
2022.01_13-10-2022;Хабаровский край;105_165_days;SputnikV;801;52;1;1;204;57;6;5;1005;109;7;6;7820;969;62;24;3502;1798;298;212;11322;2767;360;236
2022.01_13-10-2022;Хабаровский край;165_195_days;AllVaccines;736;60;2;2;191;61;4;1;927;121;6;3;7820;969;62;24;3502;1798;298;212;11322;2767;360;236
2022.01_13-10-2022;Хабаровский край;165_195_days;CoviVac;9;0;0;0;3;0;0;0;12;0;0;0;7820;969;62;24;3502;1798;298;212;11322;2767;360;236
2022.01_13-10-2022;Хабаровский край;165_195_days;EpiVacCorona;10;4;1;1;1;1;0;0;11;5;1;1;7820;969;62;24;3502;1798;298;212;11322;2767;360;236
2022.01_13-10-2022;Хабаровский край;165_195_days;SputnikLite;7;1;0;0;2;0;0;0;9;1;0;0;7820;969;62;24;3502;1798;298;212;11322;2767;360;236
2022.01_13-10-2022;Хабаровский край;165_195_days;SputnikV;710;55;1;1;185;60;4;1;895;115;5;2;7820;969;62;24;3502;1798;298;212;11322;2767;360;236
2022.01_13-10-2022;Хабаровский край;21_45_days;AllVaccines;478;44;3;2;211;91;9;7;689;135;12;9;7820;969;62;24;3502;1798;298;212;11322;2767;360;236
2022.01_13-10-2022;Хабаровский край;21_45_days;CoviVac;10;0;0;0;3;2;1;0;13;2;1;0;7820;969;62;24;3502;1798;298;212;11322;2767;360;236
2022.01_13-10-2022;Хабаровский край;21_45_days;EpiVacCorona;40;5;0;0;31;21;4;3;71;26;4;3;7820;969;62;24;3502;1798;298;212;11322;2767;360;236
2022.01_13-10-2022;Хабаровский край;21_45_days;SputnikLite;147;14;0;0;77;23;3;3;224;37;3;3;7820;969;62;24;3502;1798;298;212;11322;2767;360;236
2022.01_13-10-2022;Хабаровский край;21_45_days;SputnikV;281;25;3;2;100;45;1;1;381;70;4;3;7820;969;62;24;3502;1798;298;212;11322;2767;360;236
2022.01_13-10-2022;Хабаровский край;45_75_days;AllVaccines;406;29;2;0;163;62;5;1;569;91;7;1;7820;969;62;24;3502;1798;298;212;11322;2767;360;236
2022.01_13-10-2022;Хабаровский край;45_75_days;CoviVac;19;1;0;0;7;1;0;0;26;2;0;0;7820;969;62;24;3502;1798;298;212;11322;2767;360;236
2022.01_13-10-2022;Хабаровский край;45_75_days;EpiVacCorona;11;1;0;0;1;1;0;0;12;2;0;0;7820;969;62;24;3502;1798;298;212;11322;2767;360;236
2022.01_13-10-2022;Хабаровский край;45_75_days;SputnikLite;193;10;2;0;91;38;2;0;284;48;4;0;7820;969;62;24;3502;1798;298;212;11322;2767;360;236
2022.01_13-10-2022;Хабаровский край;45_75_days;SputnikV;183;17;0;0;64;22;3;1;247;39;3;1;7820;969;62;24;3502;1798;298;212;11322;2767;360;236
2022.01_13-10-2022;Хабаровский край;75_90_days;AllVaccines;137;14;0;0;65;18;2;1;202;32;2;1;7820;969;62;24;3502;1798;298;212;11322;2767;360;236
2022.01_13-10-2022;Хабаровский край;75_90_days;SputnikLite;91;5;0;0;46;10;2;1;137;15;2;1;7820;969;62;24;3502;1798;298;212;11322;2767;360;236
2022.01_13-10-2022;Хабаровский край;75_90_days;SputnikV;46;9;0;0;19;8;0;0;65;17;0;0;7820;969;62;24;3502;1798;298;212;11322;2767;360;236
2022.01_13-10-2022;Хабаровский край;90_105_days;AllVaccines;67;8;0;0;24;11;0;0;91;19;0;0;7820;969;62;24;3502;1798;298;212;11322;2767;360;236
2022.01_13-10-2022;Хабаровский край;90_105_days;SputnikLite;33;3;0;0;16;8;0;0;49;11;0;0;7820;969;62;24;3502;1798;298;212;11322;2767;360;236
2022.01_13-10-2022;Хабаровский край;90_105_days;SputnikV;34;5;0;0;8;3;0;0;42;8;0;0;7820;969;62;24;3502;1798;298;212;11322;2767;360;236
2022.01_13-10-2022;Ханты-Мансийский автономный округ - Югра;105_165_days;AllVaccines;4760;97;5;1;504;54;5;2;5264;151;10;3;30344;1039;61;23;5292;971;156;100;35636;2010;217;123
2022.01_13-10-2022;Ханты-Мансийский автономный округ - Югра;105_165_days;CoviVac;32;1;0;0;5;1;0;0;37;2;0;0;30344;1039;61;23;5292;971;156;100;35636;2010;217;123
2022.01_13-10-2022;Ханты-Мансийский автономный округ - Югра;105_165_days;EpiVacCorona;75;6;1;0;8;1;0;0;83;7;1;0;30344;1039;61;23;5292;971;156;100;35636;2010;217;123
2022.01_13-10-2022;Ханты-Мансийский автономный округ - Югра;105_165_days;SputnikLite;1180;16;3;1;141;11;1;1;1321;27;4;2;30344;1039;61;23;5292;971;156;100;35636;2010;217;123
2022.01_13-10-2022;Ханты-Мансийский автономный округ - Югра;105_165_days;SputnikV;3473;74;1;0;350;41;4;1;3823;115;5;1;30344;1039;61;23;5292;971;156;100;35636;2010;217;123
2022.01_13-10-2022;Ханты-Мансийский автономный округ - Югра;165_195_days;AllVaccines;4180;91;4;2;391;47;6;3;4571;138;10;5;30344;1039;61;23;5292;971;156;100;35636;2010;217;123
2022.01_13-10-2022;Ханты-Мансийский автономный округ - Югра;165_195_days;CoviVac;27;0;0;0;2;0;0;0;29;0;0;0;30344;1039;61;23;5292;971;156;100;35636;2010;217;123
2022.01_13-10-2022;Ханты-Мансийский автономный округ - Югра;165_195_days;EpiVacCorona;200;9;0;0;18;2;0;0;218;11;0;0;30344;1039;61;23;5292;971;156;100;35636;2010;217;123
2022.01_13-10-2022;Ханты-Мансийский автономный округ - Югра;165_195_days;SputnikLite;22;1;0;0;0;0;0;0;22;1;0;0;30344;1039;61;23;5292;971;156;100;35636;2010;217;123
2022.01_13-10-2022;Ханты-Мансийский автономный округ - Югра;165_195_days;SputnikV;3931;81;4;2;371;45;6;3;4302;126;10;5;30344;1039;61;23;5292;971;156;100;35636;2010;217;123
2022.01_13-10-2022;Ханты-Мансийский автономный округ - Югра;21_45_days;AllVaccines;1904;39;4;1;392;49;5;4;2296;88;9;5;30344;1039;61;23;5292;971;156;100;35636;2010;217;123
2022.01_13-10-2022;Ханты-Мансийский автономный округ - Югра;21_45_days;CoviVac;6;0;0;0;2;1;0;0;8;1;0;0;30344;1039;61;23;5292;971;156;100;35636;2010;217;123
2022.01_13-10-2022;Ханты-Мансийский автономный округ - Югра;21_45_days;EpiVacCorona;47;2;0;0;13;2;1;1;60;4;1;1;30344;1039;61;23;5292;971;156;100;35636;2010;217;123
2022.01_13-10-2022;Ханты-Мансийский автономный округ - Югра;21_45_days;SputnikLite;801;9;1;0;180;20;2;1;981;29;3;1;30344;1039;61;23;5292;971;156;100;35636;2010;217;123
2022.01_13-10-2022;Ханты-Мансийский автономный округ - Югра;21_45_days;SputnikV;1050;28;3;1;197;26;2;2;1247;54;5;3;30344;1039;61;23;5292;971;156;100;35636;2010;217;123
2022.01_13-10-2022;Ханты-Мансийский автономный округ - Югра;45_75_days;AllVaccines;3246;70;1;1;569;57;7;5;3815;127;8;6;30344;1039;61;23;5292;971;156;100;35636;2010;217;123
2022.01_13-10-2022;Ханты-Мансийский автономный округ - Югра;45_75_days;CoviVac;49;2;0;0;9;1;0;0;58;3;0;0;30344;1039;61;23;5292;971;156;100;35636;2010;217;123
2022.01_13-10-2022;Ханты-Мансийский автономный округ - Югра;45_75_days;EpiVacCorona;47;1;0;0;12;4;0;0;59;5;0;0;30344;1039;61;23;5292;971;156;100;35636;2010;217;123
2022.01_13-10-2022;Ханты-Мансийский автономный округ - Югра;45_75_days;SputnikLite;839;18;0;0;232;20;3;1;1071;38;3;1;30344;1039;61;23;5292;971;156;100;35636;2010;217;123
2022.01_13-10-2022;Ханты-Мансийский автономный округ - Югра;45_75_days;SputnikV;2311;49;1;1;316;32;4;4;2627;81;5;5;30344;1039;61;23;5292;971;156;100;35636;2010;217;123
2022.01_13-10-2022;Ханты-Мансийский автономный округ - Югра;75_90_days;AllVaccines;1005;16;0;0;171;19;2;1;1176;35;2;1;30344;1039;61;23;5292;971;156;100;35636;2010;217;123
2022.01_13-10-2022;Ханты-Мансийский автономный округ - Югра;75_90_days;CoviVac;13;0;0;0;1;0;0;0;14;0;0;0;30344;1039;61;23;5292;971;156;100;35636;2010;217;123
2022.01_13-10-2022;Ханты-Мансийский автономный округ - Югра;75_90_days;EpiVacCorona;8;0;0;0;0;0;0;0;8;0;0;0;30344;1039;61;23;5292;971;156;100;35636;2010;217;123
2022.01_13-10-2022;Ханты-Мансийский автономный округ - Югра;75_90_days;SputnikLite;735;13;0;0;139;16;1;0;874;29;1;0;30344;1039;61;23;5292;971;156;100;35636;2010;217;123
2022.01_13-10-2022;Ханты-Мансийский автономный округ - Югра;75_90_days;SputnikV;249;3;0;0;31;3;1;1;280;6;1;1;30344;1039;61;23;5292;971;156;100;35636;2010;217;123
2022.01_13-10-2022;Ханты-Мансийский автономный округ - Югра;90_105_days;AllVaccines;720;15;0;0;128;8;0;1;848;23;0;1;30344;1039;61;23;5292;971;156;100;35636;2010;217;123
2022.01_13-10-2022;Ханты-Мансийский автономный округ - Югра;90_105_days;CoviVac;6;0;0;0;0;0;0;0;6;0;0;0;30344;1039;61;23;5292;971;156;100;35636;2010;217;123
2022.01_13-10-2022;Ханты-Мансийский автономный округ - Югра;90_105_days;EpiVacCorona;3;0;0;0;0;0;0;0;3;0;0;0;30344;1039;61;23;5292;971;156;100;35636;2010;217;123
2022.01_13-10-2022;Ханты-Мансийский автономный округ - Югра;90_105_days;SputnikLite;468;11;0;0;99;7;0;1;567;18;0;1;30344;1039;61;23;5292;971;156;100;35636;2010;217;123
2022.01_13-10-2022;Ханты-Мансийский автономный округ - Югра;90_105_days;SputnikV;243;4;0;0;29;1;0;0;272;5;0;0;30344;1039;61;23;5292;971;156;100;35636;2010;217;123
2022.01_13-10-2022;Челябинская область;105_165_days;AllVaccines;4299;139;6;3;721;120;14;12;5020;259;20;15;24637;1099;92;52;6490;1640;312;295;31127;2739;404;347
2022.01_13-10-2022;Челябинская область;105_165_days;CoviVac;112;5;0;0;13;1;0;0;125;6;0;0;24637;1099;92;52;6490;1640;312;295;31127;2739;404;347
2022.01_13-10-2022;Челябинская область;105_165_days;EpiVacCorona;127;5;0;0;39;9;2;2;166;14;2;2;24637;1099;92;52;6490;1640;312;295;31127;2739;404;347
2022.01_13-10-2022;Челябинская область;105_165_days;SputnikLite;1343;54;2;2;223;43;3;1;1566;97;5;3;24637;1099;92;52;6490;1640;312;295;31127;2739;404;347
2022.01_13-10-2022;Челябинская область;105_165_days;SputnikV;2717;75;4;1;446;67;9;9;3163;142;13;10;24637;1099;92;52;6490;1640;312;295;31127;2739;404;347
2022.01_13-10-2022;Челябинская область;165_195_days;AllVaccines;2807;75;5;3;467;73;9;9;3274;148;14;12;24637;1099;92;52;6490;1640;312;295;31127;2739;404;347
2022.01_13-10-2022;Челябинская область;165_195_days;CoviVac;30;0;0;0;2;1;0;0;32;1;0;0;24637;1099;92;52;6490;1640;312;295;31127;2739;404;347
2022.01_13-10-2022;Челябинская область;165_195_days;EpiVacCorona;94;3;0;0;18;3;0;1;112;6;0;1;24637;1099;92;52;6490;1640;312;295;31127;2739;404;347
2022.01_13-10-2022;Челябинская область;165_195_days;SputnikLite;70;1;0;0;6;1;0;0;76;2;0;0;24637;1099;92;52;6490;1640;312;295;31127;2739;404;347
2022.01_13-10-2022;Челябинская область;165_195_days;SputnikV;2613;71;5;3;441;68;9;8;3054;139;14;11;24637;1099;92;52;6490;1640;312;295;31127;2739;404;347
2022.01_13-10-2022;Челябинская область;21_45_days;AllVaccines;1618;49;2;0;460;86;8;6;2078;135;10;6;24637;1099;92;52;6490;1640;312;295;31127;2739;404;347
2022.01_13-10-2022;Челябинская область;21_45_days;CoviVac;20;1;0;0;2;2;0;0;22;3;0;0;24637;1099;92;52;6490;1640;312;295;31127;2739;404;347
2022.01_13-10-2022;Челябинская область;21_45_days;EpiVacCorona;61;4;0;0;17;5;0;0;78;9;0;0;24637;1099;92;52;6490;1640;312;295;31127;2739;404;347
2022.01_13-10-2022;Челябинская область;21_45_days;SputnikLite;461;10;1;0;154;23;3;2;615;33;4;2;24637;1099;92;52;6490;1640;312;295;31127;2739;404;347
2022.01_13-10-2022;Челябинская область;21_45_days;SputnikV;1076;34;1;0;287;56;5;4;1363;90;6;4;24637;1099;92;52;6490;1640;312;295;31127;2739;404;347
2022.01_13-10-2022;Челябинская область;45_75_days;AllVaccines;3005;106;4;2;738;103;10;7;3743;209;14;9;24637;1099;92;52;6490;1640;312;295;31127;2739;404;347
2022.01_13-10-2022;Челябинская область;45_75_days;CoviVac;77;3;0;0;15;2;0;0;92;5;0;0;24637;1099;92;52;6490;1640;312;295;31127;2739;404;347
2022.01_13-10-2022;Челябинская область;45_75_days;EpiVacCorona;148;12;1;0;37;2;1;1;185;14;2;1;24637;1099;92;52;6490;1640;312;295;31127;2739;404;347
2022.01_13-10-2022;Челябинская область;45_75_days;SputnikLite;489;13;2;0;191;28;1;2;680;41;3;2;24637;1099;92;52;6490;1640;312;295;31127;2739;404;347
2022.01_13-10-2022;Челябинская область;45_75_days;SputnikV;2291;78;1;2;495;71;8;4;2786;149;9;6;24637;1099;92;52;6490;1640;312;295;31127;2739;404;347
2022.01_13-10-2022;Челябинская область;75_90_days;AllVaccines;895;35;5;0;208;30;4;3;1103;65;9;3;24637;1099;92;52;6490;1640;312;295;31127;2739;404;347
2022.01_13-10-2022;Челябинская область;75_90_days;CoviVac;22;0;0;0;6;0;0;0;28;0;0;0;24637;1099;92;52;6490;1640;312;295;31127;2739;404;347
2022.01_13-10-2022;Челябинская область;75_90_days;EpiVacCorona;10;0;0;0;2;0;0;0;12;0;0;0;24637;1099;92;52;6490;1640;312;295;31127;2739;404;347
2022.01_13-10-2022;Челябинская область;75_90_days;SputnikLite;564;22;3;0;138;22;2;1;702;44;5;1;24637;1099;92;52;6490;1640;312;295;31127;2739;404;347
2022.01_13-10-2022;Челябинская область;75_90_days;SputnikV;299;13;2;0;62;8;2;2;361;21;4;2;24637;1099;92;52;6490;1640;312;295;31127;2739;404;347
2022.01_13-10-2022;Челябинская область;90_105_days;AllVaccines;628;10;0;0;157;25;5;2;785;35;5;2;24637;1099;92;52;6490;1640;312;295;31127;2739;404;347
2022.01_13-10-2022;Челябинская область;90_105_days;CoviVac;16;0;0;0;5;1;0;0;21;1;0;0;24637;1099;92;52;6490;1640;312;295;31127;2739;404;347
2022.01_13-10-2022;Челябинская область;90_105_days;EpiVacCorona;4;0;0;0;2;0;0;0;6;0;0;0;24637;1099;92;52;6490;1640;312;295;31127;2739;404;347
2022.01_13-10-2022;Челябинская область;90_105_days;SputnikLite;368;6;0;0;96;9;3;1;464;15;3;1;24637;1099;92;52;6490;1640;312;295;31127;2739;404;347
2022.01_13-10-2022;Челябинская область;90_105_days;SputnikV;240;4;0;0;54;15;2;1;294;19;2;1;24637;1099;92;52;6490;1640;312;295;31127;2739;404;347
2022.01_13-10-2022;Чеченская Республика;105_165_days;AllVaccines;449;54;7;1;236;70;22;13;685;124;29;14;3126;428;56;15;1145;360;108;61;4271;788;164;76
2022.01_13-10-2022;Чеченская Республика;105_165_days;CoviVac;5;0;0;0;1;1;0;0;6;1;0;0;3126;428;56;15;1145;360;108;61;4271;788;164;76
2022.01_13-10-2022;Чеченская Республика;105_165_days;SputnikLite;6;0;0;0;2;1;1;1;8;1;1;1;3126;428;56;15;1145;360;108;61;4271;788;164;76
2022.01_13-10-2022;Чеченская Республика;105_165_days;SputnikV;438;54;7;1;233;68;21;12;671;122;28;13;3126;428;56;15;1145;360;108;61;4271;788;164;76
2022.01_13-10-2022;Чеченская Республика;165_195_days;AllVaccines;825;104;12;4;210;57;11;3;1035;161;23;7;3126;428;56;15;1145;360;108;61;4271;788;164;76
2022.01_13-10-2022;Чеченская Республика;165_195_days;CoviVac;17;0;0;0;2;2;0;0;19;2;0;0;3126;428;56;15;1145;360;108;61;4271;788;164;76
2022.01_13-10-2022;Чеченская Республика;165_195_days;EpiVacCorona;30;5;1;0;4;0;0;0;34;5;1;0;3126;428;56;15;1145;360;108;61;4271;788;164;76
2022.01_13-10-2022;Чеченская Республика;165_195_days;SputnikV;778;99;11;4;204;55;11;3;982;154;22;7;3126;428;56;15;1145;360;108;61;4271;788;164;76
2022.01_13-10-2022;Чеченская Республика;21_45_days;AllVaccines;187;17;1;0;27;1;0;0;214;18;1;0;3126;428;56;15;1145;360;108;61;4271;788;164;76
2022.01_13-10-2022;Чеченская Республика;21_45_days;EpiVacCorona;17;8;1;0;1;0;0;0;18;8;1;0;3126;428;56;15;1145;360;108;61;4271;788;164;76
2022.01_13-10-2022;Чеченская Республика;21_45_days;SputnikLite;111;4;0;0;19;1;0;0;130;5;0;0;3126;428;56;15;1145;360;108;61;4271;788;164;76
2022.01_13-10-2022;Чеченская Республика;21_45_days;SputnikV;59;5;0;0;7;0;0;0;66;5;0;0;3126;428;56;15;1145;360;108;61;4271;788;164;76
2022.01_13-10-2022;Чеченская Республика;45_75_days;AllVaccines;103;17;2;1;34;15;4;2;137;32;6;3;3126;428;56;15;1145;360;108;61;4271;788;164;76
2022.01_13-10-2022;Чеченская Республика;45_75_days;CoviVac;2;1;1;1;1;1;0;0;3;2;1;1;3126;428;56;15;1145;360;108;61;4271;788;164;76
2022.01_13-10-2022;Чеченская Республика;45_75_days;EpiVacCorona;9;1;0;0;3;0;0;0;12;1;0;0;3126;428;56;15;1145;360;108;61;4271;788;164;76
2022.01_13-10-2022;Чеченская Республика;45_75_days;SputnikLite;14;1;0;0;1;0;0;0;15;1;0;0;3126;428;56;15;1145;360;108;61;4271;788;164;76
2022.01_13-10-2022;Чеченская Республика;45_75_days;SputnikV;78;14;1;0;29;14;4;2;107;28;5;2;3126;428;56;15;1145;360;108;61;4271;788;164;76
2022.01_13-10-2022;Чеченская Республика;75_90_days;AllVaccines;67;9;3;0;18;3;1;1;85;12;4;1;3126;428;56;15;1145;360;108;61;4271;788;164;76
2022.01_13-10-2022;Чеченская Республика;75_90_days;CoviVac;1;0;0;0;1;1;1;1;2;1;1;1;3126;428;56;15;1145;360;108;61;4271;788;164;76
2022.01_13-10-2022;Чеченская Республика;75_90_days;EpiVacCorona;0;0;0;0;1;1;0;0;1;1;0;0;3126;428;56;15;1145;360;108;61;4271;788;164;76
2022.01_13-10-2022;Чеченская Республика;75_90_days;SputnikLite;20;1;1;0;2;0;0;0;22;1;1;0;3126;428;56;15;1145;360;108;61;4271;788;164;76
2022.01_13-10-2022;Чеченская Республика;75_90_days;SputnikV;46;8;2;0;14;1;0;0;60;9;2;0;3126;428;56;15;1145;360;108;61;4271;788;164;76
2022.01_13-10-2022;Чеченская Республика;90_105_days;AllVaccines;45;8;1;0;20;4;2;2;65;12;3;2;3126;428;56;15;1145;360;108;61;4271;788;164;76
2022.01_13-10-2022;Чеченская Республика;90_105_days;CoviVac;1;0;0;0;0;0;0;0;1;0;0;0;3126;428;56;15;1145;360;108;61;4271;788;164;76
2022.01_13-10-2022;Чеченская Республика;90_105_days;SputnikLite;13;3;1;0;1;0;0;0;14;3;1;0;3126;428;56;15;1145;360;108;61;4271;788;164;76
2022.01_13-10-2022;Чеченская Республика;90_105_days;SputnikV;31;5;0;0;19;4;2;2;50;9;2;2;3126;428;56;15;1145;360;108;61;4271;788;164;76
2022.01_13-10-2022;Чувашская Республика;105_165_days;AllVaccines;1406;52;3;2;257;63;10;1;1663;115;13;3;7490;577;49;11;2683;957;238;126;10173;1534;287;137
2022.01_13-10-2022;Чувашская Республика;105_165_days;CoviVac;8;0;0;0;5;2;0;0;13;2;0;0;7490;577;49;11;2683;957;238;126;10173;1534;287;137
2022.01_13-10-2022;Чувашская Республика;105_165_days;EpiVacCorona;44;0;0;0;6;4;1;1;50;4;1;1;7490;577;49;11;2683;957;238;126;10173;1534;287;137
2022.01_13-10-2022;Чувашская Республика;105_165_days;SputnikLite;375;16;0;0;98;23;1;0;473;39;1;0;7490;577;49;11;2683;957;238;126;10173;1534;287;137
2022.01_13-10-2022;Чувашская Республика;105_165_days;SputnikV;979;36;3;2;148;34;8;0;1127;70;11;2;7490;577;49;11;2683;957;238;126;10173;1534;287;137
2022.01_13-10-2022;Чувашская Республика;165_195_days;AllVaccines;1203;33;1;0;209;52;10;3;1412;85;11;3;7490;577;49;11;2683;957;238;126;10173;1534;287;137
2022.01_13-10-2022;Чувашская Республика;165_195_days;CoviVac;14;0;0;0;4;0;0;0;18;0;0;0;7490;577;49;11;2683;957;238;126;10173;1534;287;137
2022.01_13-10-2022;Чувашская Республика;165_195_days;EpiVacCorona;140;4;0;0;32;8;1;0;172;12;1;0;7490;577;49;11;2683;957;238;126;10173;1534;287;137
2022.01_13-10-2022;Чувашская Республика;165_195_days;SputnikLite;22;0;0;0;5;0;0;0;27;0;0;0;7490;577;49;11;2683;957;238;126;10173;1534;287;137
2022.01_13-10-2022;Чувашская Республика;165_195_days;SputnikV;1027;29;1;0;168;44;9;3;1195;73;10;3;7490;577;49;11;2683;957;238;126;10173;1534;287;137
2022.01_13-10-2022;Чувашская Республика;21_45_days;AllVaccines;394;28;2;1;201;45;3;0;595;73;5;1;7490;577;49;11;2683;957;238;126;10173;1534;287;137
2022.01_13-10-2022;Чувашская Республика;21_45_days;CoviVac;7;0;0;0;1;0;0;0;8;0;0;0;7490;577;49;11;2683;957;238;126;10173;1534;287;137
2022.01_13-10-2022;Чувашская Республика;21_45_days;EpiVacCorona;19;2;0;0;6;1;0;0;25;3;0;0;7490;577;49;11;2683;957;238;126;10173;1534;287;137
2022.01_13-10-2022;Чувашская Республика;21_45_days;SputnikLite;107;1;1;1;88;19;2;0;195;20;3;1;7490;577;49;11;2683;957;238;126;10173;1534;287;137
2022.01_13-10-2022;Чувашская Республика;21_45_days;SputnikV;261;25;1;0;106;25;1;0;367;50;2;0;7490;577;49;11;2683;957;238;126;10173;1534;287;137
2022.01_13-10-2022;Чувашская Республика;45_75_days;AllVaccines;665;33;4;1;255;77;15;4;920;110;19;5;7490;577;49;11;2683;957;238;126;10173;1534;287;137
2022.01_13-10-2022;Чувашская Республика;45_75_days;CoviVac;15;0;0;0;5;1;0;0;20;1;0;0;7490;577;49;11;2683;957;238;126;10173;1534;287;137
2022.01_13-10-2022;Чувашская Республика;45_75_days;EpiVacCorona;23;3;0;0;8;4;0;0;31;7;0;0;7490;577;49;11;2683;957;238;126;10173;1534;287;137
2022.01_13-10-2022;Чувашская Республика;45_75_days;SputnikLite;135;5;0;0;96;19;4;1;231;24;4;1;7490;577;49;11;2683;957;238;126;10173;1534;287;137
2022.01_13-10-2022;Чувашская Республика;45_75_days;SputnikV;492;25;4;1;146;53;11;3;638;78;15;4;7490;577;49;11;2683;957;238;126;10173;1534;287;137
2022.01_13-10-2022;Чувашская Республика;75_90_days;AllVaccines;257;17;2;1;61;9;1;0;318;26;3;1;7490;577;49;11;2683;957;238;126;10173;1534;287;137
2022.01_13-10-2022;Чувашская Республика;75_90_days;CoviVac;8;1;0;0;0;0;0;0;8;1;0;0;7490;577;49;11;2683;957;238;126;10173;1534;287;137
2022.01_13-10-2022;Чувашская Республика;75_90_days;EpiVacCorona;4;1;1;1;1;0;0;0;5;1;1;1;7490;577;49;11;2683;957;238;126;10173;1534;287;137
2022.01_13-10-2022;Чувашская Республика;75_90_days;SputnikLite;171;10;1;0;44;6;1;0;215;16;2;0;7490;577;49;11;2683;957;238;126;10173;1534;287;137
2022.01_13-10-2022;Чувашская Республика;75_90_days;SputnikV;74;5;0;0;16;3;0;0;90;8;0;0;7490;577;49;11;2683;957;238;126;10173;1534;287;137
2022.01_13-10-2022;Чувашская Республика;90_105_days;AllVaccines;249;9;0;0;85;22;3;1;334;31;3;1;7490;577;49;11;2683;957;238;126;10173;1534;287;137
2022.01_13-10-2022;Чувашская Республика;90_105_days;CoviVac;5;0;0;0;1;0;0;0;6;0;0;0;7490;577;49;11;2683;957;238;126;10173;1534;287;137
2022.01_13-10-2022;Чувашская Республика;90_105_days;EpiVacCorona;1;0;0;0;0;0;0;0;1;0;0;0;7490;577;49;11;2683;957;238;126;10173;1534;287;137
2022.01_13-10-2022;Чувашская Республика;90_105_days;SputnikLite;206;6;0;0;65;14;3;1;271;20;3;1;7490;577;49;11;2683;957;238;126;10173;1534;287;137
2022.01_13-10-2022;Чувашская Республика;90_105_days;SputnikV;37;3;0;0;19;8;0;0;56;11;0;0;7490;577;49;11;2683;957;238;126;10173;1534;287;137
2022.01_13-10-2022;Чукотский автономный округ;105_165_days;AllVaccines;16;0;0;0;9;0;0;0;25;0;0;0;158;12;2;0;33;10;0;0;191;22;2;0
2022.01_13-10-2022;Чукотский автономный округ;105_165_days;CoviVac;3;0;0;0;3;0;0;0;6;0;0;0;158;12;2;0;33;10;0;0;191;22;2;0
2022.01_13-10-2022;Чукотский автономный округ;105_165_days;SputnikLite;8;0;0;0;3;0;0;0;11;0;0;0;158;12;2;0;33;10;0;0;191;22;2;0
2022.01_13-10-2022;Чукотский автономный округ;105_165_days;SputnikV;5;0;0;0;3;0;0;0;8;0;0;0;158;12;2;0;33;10;0;0;191;22;2;0
2022.01_13-10-2022;Чукотский автономный округ;165_195_days;AllVaccines;17;2;0;0;2;0;0;0;19;2;0;0;158;12;2;0;33;10;0;0;191;22;2;0
2022.01_13-10-2022;Чукотский автономный округ;165_195_days;CoviVac;1;1;0;0;0;0;0;0;1;1;0;0;158;12;2;0;33;10;0;0;191;22;2;0
2022.01_13-10-2022;Чукотский автономный округ;165_195_days;EpiVacCorona;0;0;0;0;2;0;0;0;2;0;0;0;158;12;2;0;33;10;0;0;191;22;2;0
2022.01_13-10-2022;Чукотский автономный округ;165_195_days;SputnikV;16;1;0;0;0;0;0;0;16;1;0;0;158;12;2;0;33;10;0;0;191;22;2;0
2022.01_13-10-2022;Чукотский автономный округ;21_45_days;AllVaccines;16;1;0;0;4;0;0;0;20;1;0;0;158;12;2;0;33;10;0;0;191;22;2;0
2022.01_13-10-2022;Чукотский автономный округ;21_45_days;CoviVac;2;0;0;0;0;0;0;0;2;0;0;0;158;12;2;0;33;10;0;0;191;22;2;0
2022.01_13-10-2022;Чукотский автономный округ;21_45_days;EpiVacCorona;2;0;0;0;0;0;0;0;2;0;0;0;158;12;2;0;33;10;0;0;191;22;2;0
2022.01_13-10-2022;Чукотский автономный округ;21_45_days;SputnikLite;6;1;0;0;4;0;0;0;10;1;0;0;158;12;2;0;33;10;0;0;191;22;2;0
2022.01_13-10-2022;Чукотский автономный округ;21_45_days;SputnikV;6;0;0;0;0;0;0;0;6;0;0;0;158;12;2;0;33;10;0;0;191;22;2;0
2022.01_13-10-2022;Чукотский автономный округ;45_75_days;AllVaccines;22;1;1;0;2;1;0;0;24;2;1;0;158;12;2;0;33;10;0;0;191;22;2;0
2022.01_13-10-2022;Чукотский автономный округ;45_75_days;CoviVac;3;1;1;0;0;0;0;0;3;1;1;0;158;12;2;0;33;10;0;0;191;22;2;0
2022.01_13-10-2022;Чукотский автономный округ;45_75_days;EpiVacCorona;2;0;0;0;0;0;0;0;2;0;0;0;158;12;2;0;33;10;0;0;191;22;2;0
2022.01_13-10-2022;Чукотский автономный округ;45_75_days;SputnikLite;14;0;0;0;1;1;0;0;15;1;0;0;158;12;2;0;33;10;0;0;191;22;2;0
2022.01_13-10-2022;Чукотский автономный округ;45_75_days;SputnikV;3;0;0;0;1;0;0;0;4;0;0;0;158;12;2;0;33;10;0;0;191;22;2;0
2022.01_13-10-2022;Чукотский автономный округ;75_90_days;AllVaccines;20;0;0;0;5;1;0;0;25;1;0;0;158;12;2;0;33;10;0;0;191;22;2;0
2022.01_13-10-2022;Чукотский автономный округ;75_90_days;SputnikLite;19;0;0;0;4;1;0;0;23;1;0;0;158;12;2;0;33;10;0;0;191;22;2;0
2022.01_13-10-2022;Чукотский автономный округ;75_90_days;SputnikV;1;0;0;0;1;0;0;0;2;0;0;0;158;12;2;0;33;10;0;0;191;22;2;0
2022.01_13-10-2022;Чукотский автономный округ;90_105_days;AllVaccines;4;0;0;0;0;0;0;0;4;0;0;0;158;12;2;0;33;10;0;0;191;22;2;0
2022.01_13-10-2022;Чукотский автономный округ;90_105_days;SputnikLite;4;0;0;0;0;0;0;0;4;0;0;0;158;12;2;0;33;10;0;0;191;22;2;0
2022.01_13-10-2022;Ямало-Ненецкий автономный округ;105_165_days;AllVaccines;1385;32;3;1;89;17;3;1;1474;49;6;2;10588;499;33;4;1062;245;39;17;11650;744;72;21
2022.01_13-10-2022;Ямало-Ненецкий автономный округ;105_165_days;CoviVac;22;0;0;0;2;2;0;0;24;2;0;0;10588;499;33;4;1062;245;39;17;11650;744;72;21
2022.01_13-10-2022;Ямало-Ненецкий автономный округ;105_165_days;EpiVacCorona;2;0;0;0;1;1;1;0;3;1;1;0;10588;499;33;4;1062;245;39;17;11650;744;72;21
2022.01_13-10-2022;Ямало-Ненецкий автономный округ;105_165_days;SputnikLite;631;16;2;1;52;5;0;0;683;21;2;1;10588;499;33;4;1062;245;39;17;11650;744;72;21
2022.01_13-10-2022;Ямало-Ненецкий автономный округ;105_165_days;SputnikV;730;16;1;0;34;9;2;1;764;25;3;1;10588;499;33;4;1062;245;39;17;11650;744;72;21
2022.01_13-10-2022;Ямало-Ненецкий автономный округ;165_195_days;AllVaccines;1046;38;1;0;54;12;0;0;1100;50;1;0;10588;499;33;4;1062;245;39;17;11650;744;72;21
2022.01_13-10-2022;Ямало-Ненецкий автономный округ;165_195_days;CoviVac;9;1;0;0;0;0;0;0;9;1;0;0;10588;499;33;4;1062;245;39;17;11650;744;72;21
2022.01_13-10-2022;Ямало-Ненецкий автономный округ;165_195_days;EpiVacCorona;6;0;0;0;1;1;0;0;7;1;0;0;10588;499;33;4;1062;245;39;17;11650;744;72;21
2022.01_13-10-2022;Ямало-Ненецкий автономный округ;165_195_days;SputnikLite;10;0;0;0;0;0;0;0;10;0;0;0;10588;499;33;4;1062;245;39;17;11650;744;72;21
2022.01_13-10-2022;Ямало-Ненецкий автономный округ;165_195_days;SputnikV;1021;37;1;0;53;11;0;0;1074;48;1;0;10588;499;33;4;1062;245;39;17;11650;744;72;21
2022.01_13-10-2022;Ямало-Ненецкий автономный округ;21_45_days;AllVaccines;474;25;2;0;58;13;1;1;532;38;3;1;10588;499;33;4;1062;245;39;17;11650;744;72;21
2022.01_13-10-2022;Ямало-Ненецкий автономный округ;21_45_days;CoviVac;9;0;0;0;2;1;0;0;11;1;0;0;10588;499;33;4;1062;245;39;17;11650;744;72;21
2022.01_13-10-2022;Ямало-Ненецкий автономный округ;21_45_days;EpiVacCorona;2;0;0;0;0;0;0;0;2;0;0;0;10588;499;33;4;1062;245;39;17;11650;744;72;21
2022.01_13-10-2022;Ямало-Ненецкий автономный округ;21_45_days;SputnikLite;217;9;1;0;22;6;1;1;239;15;2;1;10588;499;33;4;1062;245;39;17;11650;744;72;21
2022.01_13-10-2022;Ямало-Ненецкий автономный округ;21_45_days;SputnikV;246;16;1;0;34;6;0;0;280;22;1;0;10588;499;33;4;1062;245;39;17;11650;744;72;21
2022.01_13-10-2022;Ямало-Ненецкий автономный округ;45_75_days;AllVaccines;935;41;2;0;100;16;2;2;1035;57;4;2;10588;499;33;4;1062;245;39;17;11650;744;72;21
2022.01_13-10-2022;Ямало-Ненецкий автономный округ;45_75_days;CoviVac;17;2;1;0;1;0;0;0;18;2;1;0;10588;499;33;4;1062;245;39;17;11650;744;72;21
2022.01_13-10-2022;Ямало-Ненецкий автономный округ;45_75_days;EpiVacCorona;8;1;0;0;0;0;0;0;8;1;0;0;10588;499;33;4;1062;245;39;17;11650;744;72;21
2022.01_13-10-2022;Ямало-Ненецкий автономный округ;45_75_days;SputnikLite;409;19;0;0;61;10;2;2;470;29;2;2;10588;499;33;4;1062;245;39;17;11650;744;72;21
2022.01_13-10-2022;Ямало-Ненецкий автономный округ;45_75_days;SputnikV;501;19;1;0;38;6;0;0;539;25;1;0;10588;499;33;4;1062;245;39;17;11650;744;72;21
2022.01_13-10-2022;Ямало-Ненецкий автономный округ;75_90_days;AllVaccines;335;15;2;0;45;10;1;1;380;25;3;1;10588;499;33;4;1062;245;39;17;11650;744;72;21
2022.01_13-10-2022;Ямало-Ненецкий автономный округ;75_90_days;EpiVacCorona;6;0;0;0;1;0;0;0;7;0;0;0;10588;499;33;4;1062;245;39;17;11650;744;72;21
2022.01_13-10-2022;Ямало-Ненецкий автономный округ;75_90_days;SputnikLite;271;8;2;0;31;6;0;0;302;14;2;0;10588;499;33;4;1062;245;39;17;11650;744;72;21
2022.01_13-10-2022;Ямало-Ненецкий автономный округ;75_90_days;SputnikV;58;7;0;0;13;4;1;1;71;11;1;1;10588;499;33;4;1062;245;39;17;11650;744;72;21
2022.01_13-10-2022;Ямало-Ненецкий автономный округ;90_105_days;AllVaccines;285;12;1;0;20;5;0;0;305;17;1;0;10588;499;33;4;1062;245;39;17;11650;744;72;21
2022.01_13-10-2022;Ямало-Ненецкий автономный округ;90_105_days;SputnikLite;244;11;1;0;16;4;0;0;260;15;1;0;10588;499;33;4;1062;245;39;17;11650;744;72;21
2022.01_13-10-2022;Ямало-Ненецкий автономный округ;90_105_days;SputnikV;41;1;0;0;4;1;0;0;45;2;0;0;10588;499;33;4;1062;245;39;17;11650;744;72;21
2022.01_13-10-2022;Ярославская область;105_165_days;AllVaccines;5369;94;9;1;1032;100;18;10;6401;194;27;11;26727;827;120;46;7861;1670;433;312;34588;2497;553;358
2022.01_13-10-2022;Ярославская область;105_165_days;CoviVac;86;0;0;0;6;0;0;0;92;0;0;0;26727;827;120;46;7861;1670;433;312;34588;2497;553;358
2022.01_13-10-2022;Ярославская область;105_165_days;EpiVacCorona;234;4;0;0;53;8;3;3;287;12;3;3;26727;827;120;46;7861;1670;433;312;34588;2497;553;358
2022.01_13-10-2022;Ярославская область;105_165_days;SputnikLite;1903;30;1;0;320;31;6;3;2223;61;7;3;26727;827;120;46;7861;1670;433;312;34588;2497;553;358
2022.01_13-10-2022;Ярославская область;105_165_days;SputnikV;3146;60;8;1;653;61;9;4;3799;121;17;5;26727;827;120;46;7861;1670;433;312;34588;2497;553;358
2022.01_13-10-2022;Ярославская область;165_195_days;AllVaccines;2462;45;9;3;459;47;6;3;2921;92;15;6;26727;827;120;46;7861;1670;433;312;34588;2497;553;358
2022.01_13-10-2022;Ярославская область;165_195_days;CoviVac;46;0;0;0;4;0;0;0;50;0;0;0;26727;827;120;46;7861;1670;433;312;34588;2497;553;358
2022.01_13-10-2022;Ярославская область;165_195_days;EpiVacCorona;165;2;0;0;35;5;1;0;200;7;1;0;26727;827;120;46;7861;1670;433;312;34588;2497;553;358
2022.01_13-10-2022;Ярославская область;165_195_days;SputnikLite;89;1;0;0;11;0;0;0;100;1;0;0;26727;827;120;46;7861;1670;433;312;34588;2497;553;358
2022.01_13-10-2022;Ярославская область;165_195_days;SputnikV;2162;42;9;3;409;42;5;3;2571;84;14;6;26727;827;120;46;7861;1670;433;312;34588;2497;553;358
2022.01_13-10-2022;Ярославская область;21_45_days;AllVaccines;1284;35;3;1;413;89;14;8;1697;124;17;9;26727;827;120;46;7861;1670;433;312;34588;2497;553;358
2022.01_13-10-2022;Ярославская область;21_45_days;CoviVac;43;0;0;0;12;3;0;0;55;3;0;0;26727;827;120;46;7861;1670;433;312;34588;2497;553;358
2022.01_13-10-2022;Ярославская область;21_45_days;EpiVacCorona;68;1;0;0;24;7;3;0;92;8;3;0;26727;827;120;46;7861;1670;433;312;34588;2497;553;358
2022.01_13-10-2022;Ярославская область;21_45_days;SputnikLite;494;13;0;1;171;43;4;4;665;56;4;5;26727;827;120;46;7861;1670;433;312;34588;2497;553;358
2022.01_13-10-2022;Ярославская область;21_45_days;SputnikV;679;21;3;0;206;36;7;4;885;57;10;4;26727;827;120;46;7861;1670;433;312;34588;2497;553;358
2022.01_13-10-2022;Ярославская область;45_75_days;AllVaccines;1689;27;5;1;538;60;10;6;2227;87;15;7;26727;827;120;46;7861;1670;433;312;34588;2497;553;358
2022.01_13-10-2022;Ярославская область;45_75_days;CoviVac;41;0;0;0;3;0;0;0;44;0;0;0;26727;827;120;46;7861;1670;433;312;34588;2497;553;358
2022.01_13-10-2022;Ярославская область;45_75_days;EpiVacCorona;29;0;0;0;8;3;0;0;37;3;0;0;26727;827;120;46;7861;1670;433;312;34588;2497;553;358
2022.01_13-10-2022;Ярославская область;45_75_days;SputnikLite;923;13;1;0;287;28;3;2;1210;41;4;2;26727;827;120;46;7861;1670;433;312;34588;2497;553;358
2022.01_13-10-2022;Ярославская область;45_75_days;SputnikV;696;14;4;1;240;29;7;4;936;43;11;5;26727;827;120;46;7861;1670;433;312;34588;2497;553;358
2022.01_13-10-2022;Ярославская область;75_90_days;AllVaccines;739;22;4;1;226;28;6;1;965;50;10;2;26727;827;120;46;7861;1670;433;312;34588;2497;553;358
2022.01_13-10-2022;Ярославская область;75_90_days;CoviVac;1;0;0;0;1;0;0;0;2;0;0;0;26727;827;120;46;7861;1670;433;312;34588;2497;553;358
2022.01_13-10-2022;Ярославская область;75_90_days;EpiVacCorona;8;0;0;0;4;1;0;0;12;1;0;0;26727;827;120;46;7861;1670;433;312;34588;2497;553;358
2022.01_13-10-2022;Ярославская область;75_90_days;SputnikLite;531;18;4;1;167;19;4;0;698;37;8;1;26727;827;120;46;7861;1670;433;312;34588;2497;553;358
2022.01_13-10-2022;Ярославская область;75_90_days;SputnikV;199;4;0;0;54;8;2;1;253;12;2;1;26727;827;120;46;7861;1670;433;312;34588;2497;553;358
2022.01_13-10-2022;Ярославская область;90_105_days;AllVaccines;530;5;0;0;185;21;3;3;715;26;3;3;26727;827;120;46;7861;1670;433;312;34588;2497;553;358
2022.01_13-10-2022;Ярославская область;90_105_days;CoviVac;1;0;0;0;0;0;0;0;1;0;0;0;26727;827;120;46;7861;1670;433;312;34588;2497;553;358
2022.01_13-10-2022;Ярославская область;90_105_days;EpiVacCorona;5;0;0;0;1;0;0;0;6;0;0;0;26727;827;120;46;7861;1670;433;312;34588;2497;553;358
2022.01_13-10-2022;Ярославская область;90_105_days;SputnikLite;364;4;0;0;124;13;2;1;488;17;2;1;26727;827;120;46;7861;1670;433;312;34588;2497;553;358
2022.01_13-10-2022;Ярославская область;90_105_days;SputnikV;160;1;0;0;60;8;1;2;220;9;1;2;26727;827;120;46;7861;1670;433;312;34588;2497;553;358
2022.01_13-10-2022;г. Москва;105_165_days;AllVaccines;38691;262;183;18;10988;343;330;111;49679;605;513;129;329149;3485;2809;364;95871;7011;6935;3411;425020;10496;9744;3775
2022.01_13-10-2022;г. Москва;105_165_days;CoviVac;2059;19;12;0;235;8;5;2;2294;27;17;2;329149;3485;2809;364;95871;7011;6935;3411;425020;10496;9744;3775
2022.01_13-10-2022;г. Москва;105_165_days;EpiVacCorona;307;6;6;1;134;8;6;5;441;14;12;6;329149;3485;2809;364;95871;7011;6935;3411;425020;10496;9744;3775
2022.01_13-10-2022;г. Москва;105_165_days;SputnikLite;3261;24;15;0;2796;74;63;26;6057;98;78;26;329149;3485;2809;364;95871;7011;6935;3411;425020;10496;9744;3775
2022.01_13-10-2022;г. Москва;105_165_days;SputnikV;33064;213;150;17;7823;253;256;78;40887;466;406;95;329149;3485;2809;364;95871;7011;6935;3411;425020;10496;9744;3775
2022.01_13-10-2022;г. Москва;165_195_days;AllVaccines;63576;359;309;33;9615;315;275;84;73191;674;584;117;329149;3485;2809;364;95871;7011;6935;3411;425020;10496;9744;3775
2022.01_13-10-2022;г. Москва;165_195_days;CoviVac;2760;42;29;3;220;17;7;1;2980;59;36;4;329149;3485;2809;364;95871;7011;6935;3411;425020;10496;9744;3775
2022.01_13-10-2022;г. Москва;165_195_days;EpiVacCorona;2989;25;28;3;739;41;38;15;3728;66;66;18;329149;3485;2809;364;95871;7011;6935;3411;425020;10496;9744;3775
2022.01_13-10-2022;г. Москва;165_195_days;SputnikLite;1307;9;7;1;323;7;7;2;1630;16;14;3;329149;3485;2809;364;95871;7011;6935;3411;425020;10496;9744;3775
2022.01_13-10-2022;г. Москва;165_195_days;SputnikV;56520;283;245;26;8333;250;223;66;64853;533;468;92;329149;3485;2809;364;95871;7011;6935;3411;425020;10496;9744;3775
2022.01_13-10-2022;г. Москва;21_45_days;AllVaccines;8855;65;43;3;4676;201;173;69;13531;266;216;72;329149;3485;2809;364;95871;7011;6935;3411;425020;10496;9744;3775
2022.01_13-10-2022;г. Москва;21_45_days;CoviVac;863;8;4;0;109;4;2;1;972;12;6;1;329149;3485;2809;364;95871;7011;6935;3411;425020;10496;9744;3775
2022.01_13-10-2022;г. Москва;21_45_days;EpiVacCorona;42;0;0;0;31;4;2;0;73;4;2;0;329149;3485;2809;364;95871;7011;6935;3411;425020;10496;9744;3775
2022.01_13-10-2022;г. Москва;21_45_days;SputnikLite;2323;16;12;1;1939;70;67;30;4262;86;79;31;329149;3485;2809;364;95871;7011;6935;3411;425020;10496;9744;3775
2022.01_13-10-2022;г. Москва;21_45_days;SputnikV;5627;41;27;2;2597;123;102;38;8224;164;129;40;329149;3485;2809;364;95871;7011;6935;3411;425020;10496;9744;3775
2022.01_13-10-2022;г. Москва;45_75_days;AllVaccines;12334;79;54;4;7849;269;224;95;20183;348;278;99;329149;3485;2809;364;95871;7011;6935;3411;425020;10496;9744;3775
2022.01_13-10-2022;г. Москва;45_75_days;CoviVac;821;5;6;0;159;11;5;3;980;16;11;3;329149;3485;2809;364;95871;7011;6935;3411;425020;10496;9744;3775
2022.01_13-10-2022;г. Москва;45_75_days;EpiVacCorona;68;0;0;0;67;7;4;3;135;7;4;3;329149;3485;2809;364;95871;7011;6935;3411;425020;10496;9744;3775
2022.01_13-10-2022;г. Москва;45_75_days;SputnikLite;4125;17;12;0;3280;78;70;28;7405;95;82;28;329149;3485;2809;364;95871;7011;6935;3411;425020;10496;9744;3775
2022.01_13-10-2022;г. Москва;45_75_days;SputnikV;7320;57;36;4;4343;173;145;61;11663;230;181;65;329149;3485;2809;364;95871;7011;6935;3411;425020;10496;9744;3775
2022.01_13-10-2022;г. Москва;75_90_days;AllVaccines;4266;19;21;2;3097;85;70;22;7363;104;91;24;329149;3485;2809;364;95871;7011;6935;3411;425020;10496;9744;3775
2022.01_13-10-2022;г. Москва;75_90_days;CoviVac;126;0;1;0;19;0;1;0;145;0;2;0;329149;3485;2809;364;95871;7011;6935;3411;425020;10496;9744;3775
2022.01_13-10-2022;г. Москва;75_90_days;EpiVacCorona;33;0;0;0;29;4;3;3;62;4;3;3;329149;3485;2809;364;95871;7011;6935;3411;425020;10496;9744;3775
2022.01_13-10-2022;г. Москва;75_90_days;SputnikLite;2130;10;8;2;2107;46;40;10;4237;56;48;12;329149;3485;2809;364;95871;7011;6935;3411;425020;10496;9744;3775
2022.01_13-10-2022;г. Москва;75_90_days;SputnikV;1977;9;12;0;942;35;26;9;2919;44;38;9;329149;3485;2809;364;95871;7011;6935;3411;425020;10496;9744;3775
2022.01_13-10-2022;г. Москва;90_105_days;AllVaccines;3170;22;17;0;2074;61;57;17;5244;83;74;17;329149;3485;2809;364;95871;7011;6935;3411;425020;10496;9744;3775
2022.01_13-10-2022;г. Москва;90_105_days;CoviVac;173;0;2;0;26;2;2;1;199;2;4;1;329149;3485;2809;364;95871;7011;6935;3411;425020;10496;9744;3775
2022.01_13-10-2022;г. Москва;90_105_days;EpiVacCorona;35;1;2;0;22;1;1;2;57;2;3;2;329149;3485;2809;364;95871;7011;6935;3411;425020;10496;9744;3775
2022.01_13-10-2022;г. Москва;90_105_days;SputnikLite;1299;9;4;0;1210;34;25;6;2509;43;29;6;329149;3485;2809;364;95871;7011;6935;3411;425020;10496;9744;3775
2022.01_13-10-2022;г. Москва;90_105_days;SputnikV;1663;12;9;0;816;24;29;8;2479;36;38;8;329149;3485;2809;364;95871;7011;6935;3411;425020;10496;9744;3775
2022.01_13-10-2022;г. Санкт-Петербург;105_165_days;AllVaccines;28335;626;44;6;5764;406;77;41;34099;1032;121;47;169236;6280;601;200;44430;7793;2522;1877;213666;14073;3123;2077
2022.01_13-10-2022;г. Санкт-Петербург;105_165_days;CoviVac;1136;31;1;0;51;2;0;0;1187;33;1;0;169236;6280;601;200;44430;7793;2522;1877;213666;14073;3123;2077
2022.01_13-10-2022;г. Санкт-Петербург;105_165_days;EpiVacCorona;144;9;1;0;51;9;3;1;195;18;4;1;169236;6280;601;200;44430;7793;2522;1877;213666;14073;3123;2077
2022.01_13-10-2022;г. Санкт-Петербург;105_165_days;SputnikLite;11084;243;19;4;1847;124;21;10;12931;367;40;14;169236;6280;601;200;44430;7793;2522;1877;213666;14073;3123;2077
2022.01_13-10-2022;г. Санкт-Петербург;105_165_days;SputnikV;15971;343;23;2;3815;271;53;30;19786;614;76;32;169236;6280;601;200;44430;7793;2522;1877;213666;14073;3123;2077
2022.01_13-10-2022;г. Санкт-Петербург;165_195_days;AllVaccines;14454;271;22;7;2356;218;41;23;16810;489;63;30;169236;6280;601;200;44430;7793;2522;1877;213666;14073;3123;2077
2022.01_13-10-2022;г. Санкт-Петербург;165_195_days;CoviVac;767;18;0;0;42;2;0;0;809;20;0;0;169236;6280;601;200;44430;7793;2522;1877;213666;14073;3123;2077
2022.01_13-10-2022;г. Санкт-Петербург;165_195_days;EpiVacCorona;159;13;1;0;46;12;2;1;205;25;3;1;169236;6280;601;200;44430;7793;2522;1877;213666;14073;3123;2077
2022.01_13-10-2022;г. Санкт-Петербург;165_195_days;SputnikLite;419;7;0;0;27;3;0;0;446;10;0;0;169236;6280;601;200;44430;7793;2522;1877;213666;14073;3123;2077
2022.01_13-10-2022;г. Санкт-Петербург;165_195_days;SputnikV;13109;233;21;7;2241;201;39;22;15350;434;60;29;169236;6280;601;200;44430;7793;2522;1877;213666;14073;3123;2077
2022.01_13-10-2022;г. Санкт-Петербург;21_45_days;AllVaccines;9536;238;12;3;2982;305;60;32;12518;543;72;35;169236;6280;601;200;44430;7793;2522;1877;213666;14073;3123;2077
2022.01_13-10-2022;г. Санкт-Петербург;21_45_days;CoviVac;131;0;0;0;14;4;0;0;145;4;0;0;169236;6280;601;200;44430;7793;2522;1877;213666;14073;3123;2077
2022.01_13-10-2022;г. Санкт-Петербург;21_45_days;EpiVacCorona;191;5;0;0;83;22;7;3;274;27;7;3;169236;6280;601;200;44430;7793;2522;1877;213666;14073;3123;2077
2022.01_13-10-2022;г. Санкт-Петербург;21_45_days;SputnikLite;2650;82;4;2;1322;135;27;14;3972;217;31;16;169236;6280;601;200;44430;7793;2522;1877;213666;14073;3123;2077
2022.01_13-10-2022;г. Санкт-Петербург;21_45_days;SputnikV;6564;151;8;1;1563;144;26;15;8127;295;34;16;169236;6280;601;200;44430;7793;2522;1877;213666;14073;3123;2077
2022.01_13-10-2022;г. Санкт-Петербург;45_75_days;AllVaccines;10399;226;19;7;3408;306;80;48;13807;532;99;55;169236;6280;601;200;44430;7793;2522;1877;213666;14073;3123;2077
2022.01_13-10-2022;г. Санкт-Петербург;45_75_days;CoviVac;253;6;1;0;25;2;0;0;278;8;1;0;169236;6280;601;200;44430;7793;2522;1877;213666;14073;3123;2077
2022.01_13-10-2022;г. Санкт-Петербург;45_75_days;EpiVacCorona;155;9;0;0;67;15;2;1;222;24;2;1;169236;6280;601;200;44430;7793;2522;1877;213666;14073;3123;2077
2022.01_13-10-2022;г. Санкт-Петербург;45_75_days;SputnikLite;3748;74;5;2;1514;112;27;16;5262;186;32;18;169236;6280;601;200;44430;7793;2522;1877;213666;14073;3123;2077
2022.01_13-10-2022;г. Санкт-Петербург;45_75_days;SputnikV;6243;137;13;5;1802;177;51;31;8045;314;64;36;169236;6280;601;200;44430;7793;2522;1877;213666;14073;3123;2077
2022.01_13-10-2022;г. Санкт-Петербург;75_90_days;AllVaccines;3965;94;6;3;1202;115;18;12;5167;209;24;15;169236;6280;601;200;44430;7793;2522;1877;213666;14073;3123;2077
2022.01_13-10-2022;г. Санкт-Петербург;75_90_days;CoviVac;160;5;0;0;12;1;0;0;172;6;0;0;169236;6280;601;200;44430;7793;2522;1877;213666;14073;3123;2077
2022.01_13-10-2022;г. Санкт-Петербург;75_90_days;EpiVacCorona;7;0;0;0;2;0;0;0;9;0;0;0;169236;6280;601;200;44430;7793;2522;1877;213666;14073;3123;2077
2022.01_13-10-2022;г. Санкт-Петербург;75_90_days;SputnikLite;2528;62;2;0;792;67;11;7;3320;129;13;7;169236;6280;601;200;44430;7793;2522;1877;213666;14073;3123;2077
2022.01_13-10-2022;г. Санкт-Петербург;75_90_days;SputnikV;1270;27;4;3;396;47;7;5;1666;74;11;8;169236;6280;601;200;44430;7793;2522;1877;213666;14073;3123;2077
2022.01_13-10-2022;г. Санкт-Петербург;90_105_days;AllVaccines;3354;87;11;3;932;77;13;4;4286;164;24;7;169236;6280;601;200;44430;7793;2522;1877;213666;14073;3123;2077
2022.01_13-10-2022;г. Санкт-Петербург;90_105_days;CoviVac;217;2;1;1;14;1;0;0;231;3;1;1;169236;6280;601;200;44430;7793;2522;1877;213666;14073;3123;2077
2022.01_13-10-2022;г. Санкт-Петербург;90_105_days;EpiVacCorona;3;0;0;0;2;0;0;0;5;0;0;0;169236;6280;601;200;44430;7793;2522;1877;213666;14073;3123;2077
2022.01_13-10-2022;г. Санкт-Петербург;90_105_days;SputnikLite;1971;59;9;2;577;48;11;3;2548;107;20;5;169236;6280;601;200;44430;7793;2522;1877;213666;14073;3123;2077
2022.01_13-10-2022;г. Санкт-Петербург;90_105_days;SputnikV;1163;26;1;0;339;28;2;1;1502;54;3;1;169236;6280;601;200;44430;7793;2522;1877;213666;14073;3123;2077
2022.01_13-10-2022;г. Севастополь;105_165_days;AllVaccines;452;18;0;0;134;22;4;2;586;40;4;2;4873;427;31;17;1694;507;129;108;6567;934;160;125
2022.01_13-10-2022;г. Севастополь;105_165_days;CoviVac;8;0;0;0;3;0;0;0;11;0;0;0;4873;427;31;17;1694;507;129;108;6567;934;160;125
2022.01_13-10-2022;г. Севастополь;105_165_days;EpiVacCorona;18;3;0;0;11;4;0;0;29;7;0;0;4873;427;31;17;1694;507;129;108;6567;934;160;125
2022.01_13-10-2022;г. Севастополь;105_165_days;SputnikLite;45;2;0;0;45;8;2;0;90;10;2;0;4873;427;31;17;1694;507;129;108;6567;934;160;125
2022.01_13-10-2022;г. Севастополь;105_165_days;SputnikV;381;13;0;0;75;10;2;2;456;23;2;2;4873;427;31;17;1694;507;129;108;6567;934;160;125
2022.01_13-10-2022;г. Севастополь;165_195_days;AllVaccines;576;26;1;0;150;33;4;3;726;59;5;3;4873;427;31;17;1694;507;129;108;6567;934;160;125
2022.01_13-10-2022;г. Севастополь;165_195_days;CoviVac;19;1;0;0;3;1;0;0;22;2;0;0;4873;427;31;17;1694;507;129;108;6567;934;160;125
2022.01_13-10-2022;г. Севастополь;165_195_days;EpiVacCorona;26;3;0;0;18;5;0;0;44;8;0;0;4873;427;31;17;1694;507;129;108;6567;934;160;125
2022.01_13-10-2022;г. Севастополь;165_195_days;SputnikLite;3;0;0;0;0;0;0;0;3;0;0;0;4873;427;31;17;1694;507;129;108;6567;934;160;125
2022.01_13-10-2022;г. Севастополь;165_195_days;SputnikV;528;22;1;0;129;27;4;3;657;49;5;3;4873;427;31;17;1694;507;129;108;6567;934;160;125
2022.01_13-10-2022;г. Севастополь;21_45_days;AllVaccines;295;23;0;0;98;16;0;0;393;39;0;0;4873;427;31;17;1694;507;129;108;6567;934;160;125
2022.01_13-10-2022;г. Севастополь;21_45_days;CoviVac;3;0;0;0;1;1;0;0;4;1;0;0;4873;427;31;17;1694;507;129;108;6567;934;160;125
2022.01_13-10-2022;г. Севастополь;21_45_days;EpiVacCorona;6;1;0;0;4;2;0;0;10;3;0;0;4873;427;31;17;1694;507;129;108;6567;934;160;125
2022.01_13-10-2022;г. Севастополь;21_45_days;SputnikLite;90;5;0;0;57;7;0;0;147;12;0;0;4873;427;31;17;1694;507;129;108;6567;934;160;125
2022.01_13-10-2022;г. Севастополь;21_45_days;SputnikV;196;17;0;0;36;6;0;0;232;23;0;0;4873;427;31;17;1694;507;129;108;6567;934;160;125
2022.01_13-10-2022;г. Севастополь;45_75_days;AllVaccines;635;25;3;2;198;39;3;3;833;64;6;5;4873;427;31;17;1694;507;129;108;6567;934;160;125
2022.01_13-10-2022;г. Севастополь;45_75_days;CoviVac;18;2;0;0;6;3;0;0;24;5;0;0;4873;427;31;17;1694;507;129;108;6567;934;160;125
2022.01_13-10-2022;г. Севастополь;45_75_days;EpiVacCorona;20;0;0;0;6;3;0;0;26;3;0;0;4873;427;31;17;1694;507;129;108;6567;934;160;125
2022.01_13-10-2022;г. Севастополь;45_75_days;SputnikLite;151;5;2;2;101;19;3;3;252;24;5;5;4873;427;31;17;1694;507;129;108;6567;934;160;125
2022.01_13-10-2022;г. Севастополь;45_75_days;SputnikV;446;18;1;0;85;14;0;0;531;32;1;0;4873;427;31;17;1694;507;129;108;6567;934;160;125
2022.01_13-10-2022;г. Севастополь;75_90_days;AllVaccines;201;18;1;1;60;6;0;0;261;24;1;1;4873;427;31;17;1694;507;129;108;6567;934;160;125
2022.01_13-10-2022;г. Севастополь;75_90_days;EpiVacCorona;1;0;0;0;0;0;0;0;1;0;0;0;4873;427;31;17;1694;507;129;108;6567;934;160;125
2022.01_13-10-2022;г. Севастополь;75_90_days;SputnikLite;149;10;1;1;51;4;0;0;200;14;1;1;4873;427;31;17;1694;507;129;108;6567;934;160;125
2022.01_13-10-2022;г. Севастополь;75_90_days;SputnikV;51;8;0;0;9;2;0;0;60;10;0;0;4873;427;31;17;1694;507;129;108;6567;934;160;125
2022.01_13-10-2022;г. Севастополь;90_105_days;AllVaccines;79;0;1;0;35;6;1;1;114;6;2;1;4873;427;31;17;1694;507;129;108;6567;934;160;125
2022.01_13-10-2022;г. Севастополь;90_105_days;CoviVac;5;0;0;0;0;0;0;0;5;0;0;0;4873;427;31;17;1694;507;129;108;6567;934;160;125
2022.01_13-10-2022;г. Севастополь;90_105_days;EpiVacCorona;0;0;0;0;1;0;0;0;1;0;0;0;4873;427;31;17;1694;507;129;108;6567;934;160;125
2022.01_13-10-2022;г. Севастополь;90_105_days;SputnikLite;35;0;0;0;25;2;0;0;60;2;0;0;4873;427;31;17;1694;507;129;108;6567;934;160;125
2022.01_13-10-2022;г. Севастополь;90_105_days;SputnikV;39;0;1;0;9;4;1;1;48;4;2;1;4873;427;31;17;1694;507;129;108;6567;934;160;125
2022.02_01-07-2022;Алтайский край;105_165_days;AllVaccines;7895;155;21;5;3054;336;66;19;10949;491;87;24;83812;2487;301;70;31002;5884;1779;942;114814;8371;2080;1012
2022.02_01-07-2022;Алтайский край;105_165_days;CoviVac;119;2;0;0;18;2;0;0;137;4;0;0;83812;2487;301;70;31002;5884;1779;942;114814;8371;2080;1012
2022.02_01-07-2022;Алтайский край;105_165_days;EpiVacCorona;153;4;2;0;37;4;2;0;190;8;4;0;83812;2487;301;70;31002;5884;1779;942;114814;8371;2080;1012
2022.02_01-07-2022;Алтайский край;105_165_days;SputnikLite;3584;83;12;2;1824;190;33;15;5408;273;45;17;83812;2487;301;70;31002;5884;1779;942;114814;8371;2080;1012
2022.02_01-07-2022;Алтайский край;105_165_days;SputnikV;4039;66;7;3;1175;140;31;4;5214;206;38;7;83812;2487;301;70;31002;5884;1779;942;114814;8371;2080;1012
2022.02_01-07-2022;Алтайский край;165_195_days;AllVaccines;12192;166;16;3;1960;152;26;8;14152;318;42;11;83812;2487;301;70;31002;5884;1779;942;114814;8371;2080;1012
2022.02_01-07-2022;Алтайский край;165_195_days;CoviVac;235;2;1;0;11;2;0;0;246;4;1;0;83812;2487;301;70;31002;5884;1779;942;114814;8371;2080;1012
2022.02_01-07-2022;Алтайский край;165_195_days;EpiVacCorona;309;6;0;0;63;10;1;0;372;16;1;0;83812;2487;301;70;31002;5884;1779;942;114814;8371;2080;1012
2022.02_01-07-2022;Алтайский край;165_195_days;SputnikLite;3782;41;3;1;366;21;2;0;4148;62;5;1;83812;2487;301;70;31002;5884;1779;942;114814;8371;2080;1012
2022.02_01-07-2022;Алтайский край;165_195_days;SputnikV;7866;117;12;2;1520;119;23;8;9386;236;35;10;83812;2487;301;70;31002;5884;1779;942;114814;8371;2080;1012
2022.02_01-07-2022;Алтайский край;21_45_days;AllVaccines;2695;59;2;0;1038;104;23;4;3733;163;25;4;83812;2487;301;70;31002;5884;1779;942;114814;8371;2080;1012
2022.02_01-07-2022;Алтайский край;21_45_days;CoviVac;23;0;0;0;7;0;0;0;30;0;0;0;83812;2487;301;70;31002;5884;1779;942;114814;8371;2080;1012
2022.02_01-07-2022;Алтайский край;21_45_days;EpiVacCorona;92;4;0;0;51;15;4;1;143;19;4;1;83812;2487;301;70;31002;5884;1779;942;114814;8371;2080;1012
2022.02_01-07-2022;Алтайский край;21_45_days;SputnikLite;2062;35;0;0;677;45;9;1;2739;80;9;1;83812;2487;301;70;31002;5884;1779;942;114814;8371;2080;1012
2022.02_01-07-2022;Алтайский край;21_45_days;SputnikV;518;20;2;0;303;44;10;2;821;64;12;2;83812;2487;301;70;31002;5884;1779;942;114814;8371;2080;1012
2022.02_01-07-2022;Алтайский край;45_75_days;AllVaccines;5191;125;4;1;2503;345;63;22;7694;470;67;23;83812;2487;301;70;31002;5884;1779;942;114814;8371;2080;1012
2022.02_01-07-2022;Алтайский край;45_75_days;CoviVac;88;2;0;0;14;2;2;0;102;4;2;0;83812;2487;301;70;31002;5884;1779;942;114814;8371;2080;1012
2022.02_01-07-2022;Алтайский край;45_75_days;EpiVacCorona;324;12;1;0;116;26;7;4;440;38;8;4;83812;2487;301;70;31002;5884;1779;942;114814;8371;2080;1012
2022.02_01-07-2022;Алтайский край;45_75_days;SputnikLite;1589;29;0;0;925;106;15;2;2514;135;15;2;83812;2487;301;70;31002;5884;1779;942;114814;8371;2080;1012
2022.02_01-07-2022;Алтайский край;45_75_days;SputnikV;3190;82;3;1;1448;211;39;16;4638;293;42;17;83812;2487;301;70;31002;5884;1779;942;114814;8371;2080;1012
2022.02_01-07-2022;Алтайский край;75_90_days;AllVaccines;3225;92;7;1;1543;190;34;16;4768;282;41;17;83812;2487;301;70;31002;5884;1779;942;114814;8371;2080;1012
2022.02_01-07-2022;Алтайский край;75_90_days;CoviVac;87;4;0;0;21;4;0;0;108;8;0;0;83812;2487;301;70;31002;5884;1779;942;114814;8371;2080;1012
2022.02_01-07-2022;Алтайский край;75_90_days;EpiVacCorona;349;10;1;0;136;26;4;2;485;36;5;2;83812;2487;301;70;31002;5884;1779;942;114814;8371;2080;1012
2022.02_01-07-2022;Алтайский край;75_90_days;SputnikLite;923;18;1;0;549;56;9;3;1472;74;10;3;83812;2487;301;70;31002;5884;1779;942;114814;8371;2080;1012
2022.02_01-07-2022;Алтайский край;75_90_days;SputnikV;1866;60;5;1;837;104;21;11;2703;164;26;12;83812;2487;301;70;31002;5884;1779;942;114814;8371;2080;1012
2022.02_01-07-2022;Алтайский край;90_105_days;AllVaccines;2244;63;9;1;1234;142;21;13;3478;205;30;14;83812;2487;301;70;31002;5884;1779;942;114814;8371;2080;1012
2022.02_01-07-2022;Алтайский край;90_105_days;CoviVac;67;0;0;0;21;2;0;0;88;2;0;0;83812;2487;301;70;31002;5884;1779;942;114814;8371;2080;1012
2022.02_01-07-2022;Алтайский край;90_105_days;EpiVacCorona;213;9;2;1;115;23;4;4;328;32;6;5;83812;2487;301;70;31002;5884;1779;942;114814;8371;2080;1012
2022.02_01-07-2022;Алтайский край;90_105_days;SputnikLite;1123;30;3;0;529;42;5;5;1652;72;8;5;83812;2487;301;70;31002;5884;1779;942;114814;8371;2080;1012
2022.02_01-07-2022;Алтайский край;90_105_days;SputnikV;841;24;4;0;569;75;12;4;1410;99;16;4;83812;2487;301;70;31002;5884;1779;942;114814;8371;2080;1012
2022.02_01-07-2022;Амурская область;105_165_days;AllVaccines;2135;114;4;0;818;91;16;6;2953;205;20;6;20473;1173;111;22;6986;1529;451;209;27459;2702;562;231
2022.02_01-07-2022;Амурская область;105_165_days;CoviVac;46;2;1;0;22;5;0;0;68;7;1;0;20473;1173;111;22;6986;1529;451;209;27459;2702;562;231
2022.02_01-07-2022;Амурская область;105_165_days;EpiVacCorona;29;3;0;0;8;3;1;1;37;6;1;1;20473;1173;111;22;6986;1529;451;209;27459;2702;562;231
2022.02_01-07-2022;Амурская область;105_165_days;SputnikLite;1053;59;1;0;562;52;7;3;1615;111;8;3;20473;1173;111;22;6986;1529;451;209;27459;2702;562;231
2022.02_01-07-2022;Амурская область;105_165_days;SputnikV;1007;50;2;0;226;31;8;2;1233;81;10;2;20473;1173;111;22;6986;1529;451;209;27459;2702;562;231
2022.02_01-07-2022;Амурская область;165_195_days;AllVaccines;2823;135;9;1;484;71;15;2;3307;206;24;3;20473;1173;111;22;6986;1529;451;209;27459;2702;562;231
2022.02_01-07-2022;Амурская область;165_195_days;EpiVacCorona;76;5;0;0;19;3;1;1;95;8;1;1;20473;1173;111;22;6986;1529;451;209;27459;2702;562;231
2022.02_01-07-2022;Амурская область;165_195_days;SputnikLite;629;42;3;1;160;30;8;1;789;72;11;2;20473;1173;111;22;6986;1529;451;209;27459;2702;562;231
2022.02_01-07-2022;Амурская область;165_195_days;SputnikV;2118;88;6;0;305;38;6;0;2423;126;12;0;20473;1173;111;22;6986;1529;451;209;27459;2702;562;231
2022.02_01-07-2022;Амурская область;21_45_days;AllVaccines;735;34;1;0;212;31;5;2;947;65;6;2;20473;1173;111;22;6986;1529;451;209;27459;2702;562;231
2022.02_01-07-2022;Амурская область;21_45_days;CoviVac;12;0;0;0;1;1;0;0;13;1;0;0;20473;1173;111;22;6986;1529;451;209;27459;2702;562;231
2022.02_01-07-2022;Амурская область;21_45_days;EpiVacCorona;43;4;1;0;19;6;2;1;62;10;3;1;20473;1173;111;22;6986;1529;451;209;27459;2702;562;231
2022.02_01-07-2022;Амурская область;21_45_days;SputnikLite;477;17;0;0;155;16;2;0;632;33;2;0;20473;1173;111;22;6986;1529;451;209;27459;2702;562;231
2022.02_01-07-2022;Амурская область;21_45_days;SputnikV;203;13;0;0;37;8;1;1;240;21;1;1;20473;1173;111;22;6986;1529;451;209;27459;2702;562;231
2022.02_01-07-2022;Амурская область;45_75_days;AllVaccines;1492;65;3;1;511;96;22;4;2003;161;25;5;20473;1173;111;22;6986;1529;451;209;27459;2702;562;231
2022.02_01-07-2022;Амурская область;45_75_days;CoviVac;28;1;0;0;6;1;0;0;34;2;0;0;20473;1173;111;22;6986;1529;451;209;27459;2702;562;231
2022.02_01-07-2022;Амурская область;45_75_days;EpiVacCorona;194;9;1;0;80;18;5;1;274;27;6;1;20473;1173;111;22;6986;1529;451;209;27459;2702;562;231
2022.02_01-07-2022;Амурская область;45_75_days;SputnikLite;388;12;0;0;182;31;8;2;570;43;8;2;20473;1173;111;22;6986;1529;451;209;27459;2702;562;231
2022.02_01-07-2022;Амурская область;45_75_days;SputnikV;882;43;2;1;243;46;9;1;1125;89;11;2;20473;1173;111;22;6986;1529;451;209;27459;2702;562;231
2022.02_01-07-2022;Амурская область;75_90_days;AllVaccines;942;40;0;0;374;67;11;3;1316;107;11;3;20473;1173;111;22;6986;1529;451;209;27459;2702;562;231
2022.02_01-07-2022;Амурская область;75_90_days;CoviVac;34;2;0;0;8;1;0;0;42;3;0;0;20473;1173;111;22;6986;1529;451;209;27459;2702;562;231
2022.02_01-07-2022;Амурская область;75_90_days;EpiVacCorona;112;9;0;0;39;6;1;0;151;15;1;0;20473;1173;111;22;6986;1529;451;209;27459;2702;562;231
2022.02_01-07-2022;Амурская область;75_90_days;SputnikLite;237;10;0;0;173;35;7;2;410;45;7;2;20473;1173;111;22;6986;1529;451;209;27459;2702;562;231
2022.02_01-07-2022;Амурская область;75_90_days;SputnikV;559;19;0;0;154;25;3;1;713;44;3;1;20473;1173;111;22;6986;1529;451;209;27459;2702;562;231
2022.02_01-07-2022;Амурская область;90_105_days;AllVaccines;792;34;5;0;405;61;16;5;1197;95;21;5;20473;1173;111;22;6986;1529;451;209;27459;2702;562;231
2022.02_01-07-2022;Амурская область;90_105_days;CoviVac;42;1;0;0;17;3;2;0;59;4;2;0;20473;1173;111;22;6986;1529;451;209;27459;2702;562;231
2022.02_01-07-2022;Амурская область;90_105_days;EpiVacCorona;79;3;1;0;57;15;5;0;136;18;6;0;20473;1173;111;22;6986;1529;451;209;27459;2702;562;231
2022.02_01-07-2022;Амурская область;90_105_days;SputnikLite;398;19;3;0;213;25;7;3;611;44;10;3;20473;1173;111;22;6986;1529;451;209;27459;2702;562;231
2022.02_01-07-2022;Амурская область;90_105_days;SputnikV;273;11;1;0;118;18;2;2;391;29;3;2;20473;1173;111;22;6986;1529;451;209;27459;2702;562;231
2022.02_01-07-2022;Архангельская область;105_165_days;AllVaccines;4114;99;8;3;1908;185;26;20;6022;284;34;23;38969;1259;100;40;17963;3222;706;586;56932;4481;806;626
2022.02_01-07-2022;Архангельская область;105_165_days;CoviVac;41;0;0;0;12;0;0;0;53;0;0;0;38969;1259;100;40;17963;3222;706;586;56932;4481;806;626
2022.02_01-07-2022;Архангельская область;105_165_days;EpiVacCorona;65;1;0;0;29;7;2;2;94;8;2;2;38969;1259;100;40;17963;3222;706;586;56932;4481;806;626
2022.02_01-07-2022;Архангельская область;105_165_days;SputnikLite;2488;70;6;3;1267;119;15;11;3755;189;21;14;38969;1259;100;40;17963;3222;706;586;56932;4481;806;626
2022.02_01-07-2022;Архангельская область;105_165_days;SputnikV;1520;28;2;0;600;59;9;7;2120;87;11;7;38969;1259;100;40;17963;3222;706;586;56932;4481;806;626
2022.02_01-07-2022;Архангельская область;165_195_days;AllVaccines;5486;109;2;1;1278;126;16;9;6764;235;18;10;38969;1259;100;40;17963;3222;706;586;56932;4481;806;626
2022.02_01-07-2022;Архангельская область;165_195_days;CoviVac;40;3;0;0;6;1;0;0;46;4;0;0;38969;1259;100;40;17963;3222;706;586;56932;4481;806;626
2022.02_01-07-2022;Архангельская область;165_195_days;EpiVacCorona;170;6;0;0;45;8;1;0;215;14;1;0;38969;1259;100;40;17963;3222;706;586;56932;4481;806;626
2022.02_01-07-2022;Архангельская область;165_195_days;SputnikLite;1151;24;0;0;174;21;3;1;1325;45;3;1;38969;1259;100;40;17963;3222;706;586;56932;4481;806;626
2022.02_01-07-2022;Архангельская область;165_195_days;SputnikV;4125;76;2;1;1053;96;12;8;5178;172;14;9;38969;1259;100;40;17963;3222;706;586;56932;4481;806;626
2022.02_01-07-2022;Архангельская область;21_45_days;AllVaccines;607;26;1;1;468;48;7;5;1075;74;8;6;38969;1259;100;40;17963;3222;706;586;56932;4481;806;626
2022.02_01-07-2022;Архангельская область;21_45_days;CoviVac;5;2;0;0;5;0;0;0;10;2;0;0;38969;1259;100;40;17963;3222;706;586;56932;4481;806;626
2022.02_01-07-2022;Архангельская область;21_45_days;EpiVacCorona;13;0;0;0;12;5;1;0;25;5;1;0;38969;1259;100;40;17963;3222;706;586;56932;4481;806;626
2022.02_01-07-2022;Архангельская область;21_45_days;SputnikLite;429;18;1;1;340;29;5;4;769;47;6;5;38969;1259;100;40;17963;3222;706;586;56932;4481;806;626
2022.02_01-07-2022;Архангельская область;21_45_days;SputnikV;160;6;0;0;111;14;1;1;271;20;1;1;38969;1259;100;40;17963;3222;706;586;56932;4481;806;626
2022.02_01-07-2022;Архангельская область;45_75_days;AllVaccines;2111;83;1;0;1659;195;23;14;3770;278;24;14;38969;1259;100;40;17963;3222;706;586;56932;4481;806;626
2022.02_01-07-2022;Архангельская область;45_75_days;CoviVac;40;4;0;0;12;2;0;0;52;6;0;0;38969;1259;100;40;17963;3222;706;586;56932;4481;806;626
2022.02_01-07-2022;Архангельская область;45_75_days;EpiVacCorona;144;7;0;0;92;16;3;1;236;23;3;1;38969;1259;100;40;17963;3222;706;586;56932;4481;806;626
2022.02_01-07-2022;Архангельская область;45_75_days;SputnikLite;701;28;0;0;640;67;8;6;1341;95;8;6;38969;1259;100;40;17963;3222;706;586;56932;4481;806;626
2022.02_01-07-2022;Архангельская область;45_75_days;SputnikV;1226;44;1;0;915;110;12;7;2141;154;13;7;38969;1259;100;40;17963;3222;706;586;56932;4481;806;626
2022.02_01-07-2022;Архангельская область;75_90_days;AllVaccines;1431;41;3;0;926;110;8;5;2357;151;11;5;38969;1259;100;40;17963;3222;706;586;56932;4481;806;626
2022.02_01-07-2022;Архангельская область;75_90_days;CoviVac;31;1;0;0;9;2;0;0;40;3;0;0;38969;1259;100;40;17963;3222;706;586;56932;4481;806;626
2022.02_01-07-2022;Архангельская область;75_90_days;EpiVacCorona;131;1;1;0;71;11;1;1;202;12;2;1;38969;1259;100;40;17963;3222;706;586;56932;4481;806;626
2022.02_01-07-2022;Архангельская область;75_90_days;SputnikLite;400;24;0;0;345;38;0;0;745;62;0;0;38969;1259;100;40;17963;3222;706;586;56932;4481;806;626
2022.02_01-07-2022;Архангельская область;75_90_days;SputnikV;869;15;2;0;501;59;7;4;1370;74;9;4;38969;1259;100;40;17963;3222;706;586;56932;4481;806;626
2022.02_01-07-2022;Архангельская область;90_105_days;AllVaccines;1269;41;4;1;708;81;6;3;1977;122;10;4;38969;1259;100;40;17963;3222;706;586;56932;4481;806;626
2022.02_01-07-2022;Архангельская область;90_105_days;CoviVac;46;1;0;0;13;2;1;0;59;3;1;0;38969;1259;100;40;17963;3222;706;586;56932;4481;806;626
2022.02_01-07-2022;Архангельская область;90_105_days;EpiVacCorona;98;5;1;0;51;8;0;0;149;13;1;0;38969;1259;100;40;17963;3222;706;586;56932;4481;806;626
2022.02_01-07-2022;Архангельская область;90_105_days;SputnikLite;601;20;2;1;312;31;3;2;913;51;5;3;38969;1259;100;40;17963;3222;706;586;56932;4481;806;626
2022.02_01-07-2022;Архангельская область;90_105_days;SputnikV;524;15;1;0;332;40;2;1;856;55;3;1;38969;1259;100;40;17963;3222;706;586;56932;4481;806;626
2022.02_01-07-2022;Астраханская область;105_165_days;AllVaccines;1171;26;0;0;554;65;11;4;1725;91;11;4;11184;536;63;18;5947;1138;267;175;17131;1674;330;193
2022.02_01-07-2022;Астраханская область;105_165_days;CoviVac;24;3;0;0;16;2;0;0;40;5;0;0;11184;536;63;18;5947;1138;267;175;17131;1674;330;193
2022.02_01-07-2022;Астраханская область;105_165_days;EpiVacCorona;29;0;0;0;22;5;0;0;51;5;0;0;11184;536;63;18;5947;1138;267;175;17131;1674;330;193
2022.02_01-07-2022;Астраханская область;105_165_days;SputnikLite;523;14;0;0;287;32;7;3;810;46;7;3;11184;536;63;18;5947;1138;267;175;17131;1674;330;193
2022.02_01-07-2022;Астраханская область;105_165_days;SputnikV;595;9;0;0;229;26;4;1;824;35;4;1;11184;536;63;18;5947;1138;267;175;17131;1674;330;193
2022.02_01-07-2022;Астраханская область;165_195_days;AllVaccines;1319;43;4;1;309;33;8;1;1628;76;12;2;11184;536;63;18;5947;1138;267;175;17131;1674;330;193
2022.02_01-07-2022;Астраханская область;165_195_days;CoviVac;14;0;0;0;1;0;0;0;15;0;0;0;11184;536;63;18;5947;1138;267;175;17131;1674;330;193
2022.02_01-07-2022;Астраханская область;165_195_days;EpiVacCorona;17;0;0;0;2;0;0;0;19;0;0;0;11184;536;63;18;5947;1138;267;175;17131;1674;330;193
2022.02_01-07-2022;Астраханская область;165_195_days;SputnikLite;181;8;1;1;49;4;0;0;230;12;1;1;11184;536;63;18;5947;1138;267;175;17131;1674;330;193
2022.02_01-07-2022;Астраханская область;165_195_days;SputnikV;1107;35;3;0;257;29;8;1;1364;64;11;1;11184;536;63;18;5947;1138;267;175;17131;1674;330;193
2022.02_01-07-2022;Астраханская область;21_45_days;AllVaccines;366;8;0;0;143;17;1;1;509;25;1;1;11184;536;63;18;5947;1138;267;175;17131;1674;330;193
2022.02_01-07-2022;Астраханская область;21_45_days;CoviVac;2;0;0;0;4;0;0;0;6;0;0;0;11184;536;63;18;5947;1138;267;175;17131;1674;330;193
2022.02_01-07-2022;Астраханская область;21_45_days;EpiVacCorona;8;0;0;0;0;0;0;0;8;0;0;0;11184;536;63;18;5947;1138;267;175;17131;1674;330;193
2022.02_01-07-2022;Астраханская область;21_45_days;SputnikLite;258;4;0;0;96;11;0;0;354;15;0;0;11184;536;63;18;5947;1138;267;175;17131;1674;330;193
2022.02_01-07-2022;Астраханская область;21_45_days;SputnikV;98;4;0;0;43;6;1;1;141;10;1;1;11184;536;63;18;5947;1138;267;175;17131;1674;330;193
2022.02_01-07-2022;Астраханская область;45_75_days;AllVaccines;829;25;3;0;393;59;6;3;1222;84;9;3;11184;536;63;18;5947;1138;267;175;17131;1674;330;193
2022.02_01-07-2022;Астраханская область;45_75_days;CoviVac;24;0;0;0;9;3;1;0;33;3;1;0;11184;536;63;18;5947;1138;267;175;17131;1674;330;193
2022.02_01-07-2022;Астраханская область;45_75_days;EpiVacCorona;69;6;0;0;33;10;1;0;102;16;1;0;11184;536;63;18;5947;1138;267;175;17131;1674;330;193
2022.02_01-07-2022;Астраханская область;45_75_days;SputnikLite;278;5;0;0;148;20;1;0;426;25;1;0;11184;536;63;18;5947;1138;267;175;17131;1674;330;193
2022.02_01-07-2022;Астраханская область;45_75_days;SputnikV;458;14;3;0;203;26;3;3;661;40;6;3;11184;536;63;18;5947;1138;267;175;17131;1674;330;193
2022.02_01-07-2022;Астраханская область;75_90_days;AllVaccines;521;11;0;0;220;27;5;1;741;38;5;1;11184;536;63;18;5947;1138;267;175;17131;1674;330;193
2022.02_01-07-2022;Астраханская область;75_90_days;CoviVac;7;0;0;0;5;0;0;0;12;0;0;0;11184;536;63;18;5947;1138;267;175;17131;1674;330;193
2022.02_01-07-2022;Астраханская область;75_90_days;EpiVacCorona;32;0;0;0;14;4;1;0;46;4;1;0;11184;536;63;18;5947;1138;267;175;17131;1674;330;193
2022.02_01-07-2022;Астраханская область;75_90_days;SputnikLite;164;6;0;0;91;10;2;1;255;16;2;1;11184;536;63;18;5947;1138;267;175;17131;1674;330;193
2022.02_01-07-2022;Астраханская область;75_90_days;SputnikV;318;5;0;0;110;13;2;0;428;18;2;0;11184;536;63;18;5947;1138;267;175;17131;1674;330;193
2022.02_01-07-2022;Астраханская область;90_105_days;AllVaccines;499;22;2;0;201;28;5;3;700;50;7;3;11184;536;63;18;5947;1138;267;175;17131;1674;330;193
2022.02_01-07-2022;Астраханская область;90_105_days;CoviVac;7;1;1;0;4;1;0;0;11;2;1;0;11184;536;63;18;5947;1138;267;175;17131;1674;330;193
2022.02_01-07-2022;Астраханская область;90_105_days;EpiVacCorona;32;1;0;0;15;5;3;2;47;6;3;2;11184;536;63;18;5947;1138;267;175;17131;1674;330;193
2022.02_01-07-2022;Астраханская область;90_105_days;SputnikLite;202;7;0;0;94;11;1;0;296;18;1;0;11184;536;63;18;5947;1138;267;175;17131;1674;330;193
2022.02_01-07-2022;Астраханская область;90_105_days;SputnikV;258;13;1;0;88;11;1;1;346;24;2;1;11184;536;63;18;5947;1138;267;175;17131;1674;330;193
2022.02_01-07-2022;Белгородская область;105_165_days;AllVaccines;1913;59;5;0;1089;145;21;15;3002;204;26;15;16382;883;83;37;8328;1897;370;344;24710;2780;453;381
2022.02_01-07-2022;Белгородская область;105_165_days;CoviVac;69;3;1;0;23;2;0;0;92;5;1;0;16382;883;83;37;8328;1897;370;344;24710;2780;453;381
2022.02_01-07-2022;Белгородская область;105_165_days;EpiVacCorona;16;1;1;0;16;3;0;0;32;4;1;0;16382;883;83;37;8328;1897;370;344;24710;2780;453;381
2022.02_01-07-2022;Белгородская область;105_165_days;SputnikLite;944;31;2;0;691;80;11;10;1635;111;13;10;16382;883;83;37;8328;1897;370;344;24710;2780;453;381
2022.02_01-07-2022;Белгородская область;105_165_days;SputnikV;884;24;1;0;359;60;10;5;1243;84;11;5;16382;883;83;37;8328;1897;370;344;24710;2780;453;381
2022.02_01-07-2022;Белгородская область;165_195_days;AllVaccines;2343;78;5;2;505;69;11;8;2848;147;16;10;16382;883;83;37;8328;1897;370;344;24710;2780;453;381
2022.02_01-07-2022;Белгородская область;165_195_days;CoviVac;95;4;0;0;23;5;0;0;118;9;0;0;16382;883;83;37;8328;1897;370;344;24710;2780;453;381
2022.02_01-07-2022;Белгородская область;165_195_days;EpiVacCorona;79;3;0;0;32;7;0;0;111;10;0;0;16382;883;83;37;8328;1897;370;344;24710;2780;453;381
2022.02_01-07-2022;Белгородская область;165_195_days;SputnikLite;318;12;1;1;119;9;1;0;437;21;2;1;16382;883;83;37;8328;1897;370;344;24710;2780;453;381
2022.02_01-07-2022;Белгородская область;165_195_days;SputnikV;1851;59;4;1;331;48;10;8;2182;107;14;9;16382;883;83;37;8328;1897;370;344;24710;2780;453;381
2022.02_01-07-2022;Белгородская область;21_45_days;AllVaccines;780;36;2;1;292;34;4;2;1072;70;6;3;16382;883;83;37;8328;1897;370;344;24710;2780;453;381
2022.02_01-07-2022;Белгородская область;21_45_days;CoviVac;6;0;0;0;1;0;0;0;7;0;0;0;16382;883;83;37;8328;1897;370;344;24710;2780;453;381
2022.02_01-07-2022;Белгородская область;21_45_days;EpiVacCorona;6;0;0;0;9;4;2;0;15;4;2;0;16382;883;83;37;8328;1897;370;344;24710;2780;453;381
2022.02_01-07-2022;Белгородская область;21_45_days;SputnikLite;629;28;1;1;241;20;0;1;870;48;1;2;16382;883;83;37;8328;1897;370;344;24710;2780;453;381
2022.02_01-07-2022;Белгородская область;21_45_days;SputnikV;139;8;1;0;41;10;2;1;180;18;3;1;16382;883;83;37;8328;1897;370;344;24710;2780;453;381
2022.02_01-07-2022;Белгородская область;45_75_days;AllVaccines;1467;59;5;2;601;117;16;12;2068;176;21;14;16382;883;83;37;8328;1897;370;344;24710;2780;453;381
2022.02_01-07-2022;Белгородская область;45_75_days;CoviVac;25;0;0;0;13;4;0;0;38;4;0;0;16382;883;83;37;8328;1897;370;344;24710;2780;453;381
2022.02_01-07-2022;Белгородская область;45_75_days;EpiVacCorona;19;0;0;0;10;4;0;0;29;4;0;0;16382;883;83;37;8328;1897;370;344;24710;2780;453;381
2022.02_01-07-2022;Белгородская область;45_75_days;SputnikLite;618;25;1;1;273;49;10;8;891;74;11;9;16382;883;83;37;8328;1897;370;344;24710;2780;453;381
2022.02_01-07-2022;Белгородская область;45_75_days;SputnikV;805;34;4;1;305;60;6;4;1110;94;10;5;16382;883;83;37;8328;1897;370;344;24710;2780;453;381
2022.02_01-07-2022;Белгородская область;75_90_days;AllVaccines;962;35;3;1;504;90;9;2;1466;125;12;3;16382;883;83;37;8328;1897;370;344;24710;2780;453;381
2022.02_01-07-2022;Белгородская область;75_90_days;CoviVac;9;0;0;0;5;0;0;0;14;0;0;0;16382;883;83;37;8328;1897;370;344;24710;2780;453;381
2022.02_01-07-2022;Белгородская область;75_90_days;EpiVacCorona;21;1;0;0;7;3;1;0;28;4;1;0;16382;883;83;37;8328;1897;370;344;24710;2780;453;381
2022.02_01-07-2022;Белгородская область;75_90_days;SputnikLite;468;13;0;0;265;39;5;1;733;52;5;1;16382;883;83;37;8328;1897;370;344;24710;2780;453;381
2022.02_01-07-2022;Белгородская область;75_90_days;SputnikV;464;21;3;1;227;48;3;1;691;69;6;2;16382;883;83;37;8328;1897;370;344;24710;2780;453;381
2022.02_01-07-2022;Белгородская область;90_105_days;AllVaccines;743;42;5;1;358;50;9;2;1101;92;14;3;16382;883;83;37;8328;1897;370;344;24710;2780;453;381
2022.02_01-07-2022;Белгородская область;90_105_days;CoviVac;25;1;0;0;11;2;1;0;36;3;1;0;16382;883;83;37;8328;1897;370;344;24710;2780;453;381
2022.02_01-07-2022;Белгородская область;90_105_days;EpiVacCorona;25;0;0;0;8;3;1;0;33;3;1;0;16382;883;83;37;8328;1897;370;344;24710;2780;453;381
2022.02_01-07-2022;Белгородская область;90_105_days;SputnikLite;359;16;0;0;198;19;5;1;557;35;5;1;16382;883;83;37;8328;1897;370;344;24710;2780;453;381
2022.02_01-07-2022;Белгородская область;90_105_days;SputnikV;334;25;5;1;141;26;2;1;475;51;7;2;16382;883;83;37;8328;1897;370;344;24710;2780;453;381
2022.02_01-07-2022;Брянская область;105_165_days;AllVaccines;3165;60;1;0;1039;97;12;7;4204;157;13;7;26594;758;64;27;10567;2113;383;336;37161;2871;447;363
2022.02_01-07-2022;Брянская область;105_165_days;CoviVac;46;2;0;0;14;0;0;0;60;2;0;0;26594;758;64;27;10567;2113;383;336;37161;2871;447;363
2022.02_01-07-2022;Брянская область;105_165_days;EpiVacCorona;32;1;0;0;6;1;0;0;38;2;0;0;26594;758;64;27;10567;2113;383;336;37161;2871;447;363
2022.02_01-07-2022;Брянская область;105_165_days;SputnikLite;1718;34;1;0;690;65;10;5;2408;99;11;5;26594;758;64;27;10567;2113;383;336;37161;2871;447;363
2022.02_01-07-2022;Брянская область;105_165_days;SputnikV;1369;23;0;0;329;31;2;2;1698;54;2;2;26594;758;64;27;10567;2113;383;336;37161;2871;447;363
2022.02_01-07-2022;Брянская область;165_195_days;AllVaccines;2779;42;4;0;563;53;4;1;3342;95;8;1;26594;758;64;27;10567;2113;383;336;37161;2871;447;363
2022.02_01-07-2022;Брянская область;165_195_days;CoviVac;29;0;0;0;4;0;0;0;33;0;0;0;26594;758;64;27;10567;2113;383;336;37161;2871;447;363
2022.02_01-07-2022;Брянская область;165_195_days;EpiVacCorona;66;3;0;0;18;3;0;0;84;6;0;0;26594;758;64;27;10567;2113;383;336;37161;2871;447;363
2022.02_01-07-2022;Брянская область;165_195_days;SputnikLite;497;2;0;0;92;4;1;0;589;6;1;0;26594;758;64;27;10567;2113;383;336;37161;2871;447;363
2022.02_01-07-2022;Брянская область;165_195_days;SputnikV;2187;37;4;0;449;46;3;1;2636;83;7;1;26594;758;64;27;10567;2113;383;336;37161;2871;447;363
2022.02_01-07-2022;Брянская область;21_45_days;AllVaccines;832;11;1;1;325;38;2;1;1157;49;3;2;26594;758;64;27;10567;2113;383;336;37161;2871;447;363
2022.02_01-07-2022;Брянская область;21_45_days;CoviVac;10;0;0;0;3;1;0;0;13;1;0;0;26594;758;64;27;10567;2113;383;336;37161;2871;447;363
2022.02_01-07-2022;Брянская область;21_45_days;EpiVacCorona;16;2;0;0;12;4;0;0;28;6;0;0;26594;758;64;27;10567;2113;383;336;37161;2871;447;363
2022.02_01-07-2022;Брянская область;21_45_days;SputnikLite;683;6;0;0;250;22;1;0;933;28;1;0;26594;758;64;27;10567;2113;383;336;37161;2871;447;363
2022.02_01-07-2022;Брянская область;21_45_days;SputnikV;123;3;1;1;60;11;1;1;183;14;2;2;26594;758;64;27;10567;2113;383;336;37161;2871;447;363
2022.02_01-07-2022;Брянская область;45_75_days;AllVaccines;1427;32;3;2;787;118;8;7;2214;150;11;9;26594;758;64;27;10567;2113;383;336;37161;2871;447;363
2022.02_01-07-2022;Брянская область;45_75_days;CoviVac;59;1;0;0;16;3;0;0;75;4;0;0;26594;758;64;27;10567;2113;383;336;37161;2871;447;363
2022.02_01-07-2022;Брянская область;45_75_days;EpiVacCorona;157;3;1;1;87;17;1;0;244;20;2;1;26594;758;64;27;10567;2113;383;336;37161;2871;447;363
2022.02_01-07-2022;Брянская область;45_75_days;SputnikLite;359;9;0;0;276;40;3;3;635;49;3;3;26594;758;64;27;10567;2113;383;336;37161;2871;447;363
2022.02_01-07-2022;Брянская область;45_75_days;SputnikV;852;19;2;1;408;58;4;4;1260;77;6;5;26594;758;64;27;10567;2113;383;336;37161;2871;447;363
2022.02_01-07-2022;Брянская область;75_90_days;AllVaccines;1146;23;5;1;595;82;11;7;1741;105;16;8;26594;758;64;27;10567;2113;383;336;37161;2871;447;363
2022.02_01-07-2022;Брянская область;75_90_days;CoviVac;51;1;1;0;15;6;0;0;66;7;1;0;26594;758;64;27;10567;2113;383;336;37161;2871;447;363
2022.02_01-07-2022;Брянская область;75_90_days;EpiVacCorona;110;3;2;0;49;9;1;1;159;12;3;1;26594;758;64;27;10567;2113;383;336;37161;2871;447;363
2022.02_01-07-2022;Брянская область;75_90_days;SputnikLite;389;8;1;1;254;24;7;5;643;32;8;6;26594;758;64;27;10567;2113;383;336;37161;2871;447;363
2022.02_01-07-2022;Брянская область;75_90_days;SputnikV;596;11;1;0;277;43;3;1;873;54;4;1;26594;758;64;27;10567;2113;383;336;37161;2871;447;363
2022.02_01-07-2022;Брянская область;90_105_days;AllVaccines;676;17;2;2;370;39;2;1;1046;56;4;3;26594;758;64;27;10567;2113;383;336;37161;2871;447;363
2022.02_01-07-2022;Брянская область;90_105_days;CoviVac;42;0;0;0;5;1;0;0;47;1;0;0;26594;758;64;27;10567;2113;383;336;37161;2871;447;363
2022.02_01-07-2022;Брянская область;90_105_days;EpiVacCorona;71;3;0;0;35;8;0;0;106;11;0;0;26594;758;64;27;10567;2113;383;336;37161;2871;447;363
2022.02_01-07-2022;Брянская область;90_105_days;SputnikLite;204;1;0;0;119;4;0;0;323;5;0;0;26594;758;64;27;10567;2113;383;336;37161;2871;447;363
2022.02_01-07-2022;Брянская область;90_105_days;SputnikV;359;13;2;2;211;26;2;1;570;39;4;3;26594;758;64;27;10567;2113;383;336;37161;2871;447;363
2022.02_01-07-2022;Владимирская область;105_165_days;AllVaccines;3965;78;5;2;1843;136;19;13;5808;214;24;15;42157;1057;100;33;18709;2508;642;432;60866;3565;742;465
2022.02_01-07-2022;Владимирская область;105_165_days;CoviVac;70;1;0;0;16;1;0;0;86;2;0;0;42157;1057;100;33;18709;2508;642;432;60866;3565;742;465
2022.02_01-07-2022;Владимирская область;105_165_days;EpiVacCorona;59;0;0;0;29;4;0;0;88;4;0;0;42157;1057;100;33;18709;2508;642;432;60866;3565;742;465
2022.02_01-07-2022;Владимирская область;105_165_days;SputnikLite;2235;44;1;0;1152;79;15;9;3387;123;16;9;42157;1057;100;33;18709;2508;642;432;60866;3565;742;465
2022.02_01-07-2022;Владимирская область;105_165_days;SputnikV;1601;33;4;2;646;52;4;4;2247;85;8;6;42157;1057;100;33;18709;2508;642;432;60866;3565;742;465
2022.02_01-07-2022;Владимирская область;165_195_days;AllVaccines;5031;70;5;1;1215;72;10;3;6246;142;15;4;42157;1057;100;33;18709;2508;642;432;60866;3565;742;465
2022.02_01-07-2022;Владимирская область;165_195_days;CoviVac;75;1;0;0;15;0;0;0;90;1;0;0;42157;1057;100;33;18709;2508;642;432;60866;3565;742;465
2022.02_01-07-2022;Владимирская область;165_195_days;EpiVacCorona;143;0;0;0;63;11;3;1;206;11;3;1;42157;1057;100;33;18709;2508;642;432;60866;3565;742;465
2022.02_01-07-2022;Владимирская область;165_195_days;SputnikLite;1783;27;0;0;433;17;0;1;2216;44;0;1;42157;1057;100;33;18709;2508;642;432;60866;3565;742;465
2022.02_01-07-2022;Владимирская область;165_195_days;SputnikV;3030;42;5;1;704;44;7;1;3734;86;12;2;42157;1057;100;33;18709;2508;642;432;60866;3565;742;465
2022.02_01-07-2022;Владимирская область;21_45_days;AllVaccines;739;20;1;0;438;42;10;5;1177;62;11;5;42157;1057;100;33;18709;2508;642;432;60866;3565;742;465
2022.02_01-07-2022;Владимирская область;21_45_days;CoviVac;3;0;0;0;1;0;0;0;4;0;0;0;42157;1057;100;33;18709;2508;642;432;60866;3565;742;465
2022.02_01-07-2022;Владимирская область;21_45_days;EpiVacCorona;52;5;0;0;34;7;3;2;86;12;3;2;42157;1057;100;33;18709;2508;642;432;60866;3565;742;465
2022.02_01-07-2022;Владимирская область;21_45_days;SputnikLite;505;10;1;0;335;23;3;1;840;33;4;1;42157;1057;100;33;18709;2508;642;432;60866;3565;742;465
2022.02_01-07-2022;Владимирская область;21_45_days;SputnikV;179;5;0;0;68;12;4;2;247;17;4;2;42157;1057;100;33;18709;2508;642;432;60866;3565;742;465
2022.02_01-07-2022;Владимирская область;45_75_days;AllVaccines;2769;65;3;2;1201;96;22;14;3970;161;25;16;42157;1057;100;33;18709;2508;642;432;60866;3565;742;465
2022.02_01-07-2022;Владимирская область;45_75_days;CoviVac;51;0;0;0;18;2;0;0;69;2;0;0;42157;1057;100;33;18709;2508;642;432;60866;3565;742;465
2022.02_01-07-2022;Владимирская область;45_75_days;EpiVacCorona;236;12;0;0;137;17;7;7;373;29;7;7;42157;1057;100;33;18709;2508;642;432;60866;3565;742;465
2022.02_01-07-2022;Владимирская область;45_75_days;SputnikLite;751;14;1;0;414;23;5;3;1165;37;6;3;42157;1057;100;33;18709;2508;642;432;60866;3565;742;465
2022.02_01-07-2022;Владимирская область;45_75_days;SputnikV;1731;39;2;2;632;54;10;4;2363;93;12;6;42157;1057;100;33;18709;2508;642;432;60866;3565;742;465
2022.02_01-07-2022;Владимирская область;75_90_days;AllVaccines;1984;36;3;0;944;86;11;4;2928;122;14;4;42157;1057;100;33;18709;2508;642;432;60866;3565;742;465
2022.02_01-07-2022;Владимирская область;75_90_days;CoviVac;92;2;1;0;23;4;0;0;115;6;1;0;42157;1057;100;33;18709;2508;642;432;60866;3565;742;465
2022.02_01-07-2022;Владимирская область;75_90_days;EpiVacCorona;157;1;0;0;88;11;1;0;245;12;1;0;42157;1057;100;33;18709;2508;642;432;60866;3565;742;465
2022.02_01-07-2022;Владимирская область;75_90_days;SputnikLite;651;12;0;0;399;36;4;2;1050;48;4;2;42157;1057;100;33;18709;2508;642;432;60866;3565;742;465
2022.02_01-07-2022;Владимирская область;75_90_days;SputnikV;1084;21;2;0;434;35;6;2;1518;56;8;2;42157;1057;100;33;18709;2508;642;432;60866;3565;742;465
2022.02_01-07-2022;Владимирская область;90_105_days;AllVaccines;1653;31;3;1;743;57;13;7;2396;88;16;8;42157;1057;100;33;18709;2508;642;432;60866;3565;742;465
2022.02_01-07-2022;Владимирская область;90_105_days;CoviVac;63;2;0;0;10;1;0;0;73;3;0;0;42157;1057;100;33;18709;2508;642;432;60866;3565;742;465
2022.02_01-07-2022;Владимирская область;90_105_days;EpiVacCorona;72;1;0;0;39;6;3;2;111;7;3;2;42157;1057;100;33;18709;2508;642;432;60866;3565;742;465
2022.02_01-07-2022;Владимирская область;90_105_days;SputnikLite;985;11;2;1;456;31;6;3;1441;42;8;4;42157;1057;100;33;18709;2508;642;432;60866;3565;742;465
2022.02_01-07-2022;Владимирская область;90_105_days;SputnikV;533;17;1;0;238;19;4;2;771;36;5;2;42157;1057;100;33;18709;2508;642;432;60866;3565;742;465
2022.02_01-07-2022;Волгоградская область;105_165_days;AllVaccines;5397;230;9;0;2060;377;74;24;7457;607;83;24;43624;2320;232;49;18187;4801;1254;647;61811;7121;1486;696
2022.02_01-07-2022;Волгоградская область;105_165_days;CoviVac;129;8;1;0;25;4;1;0;154;12;2;0;43624;2320;232;49;18187;4801;1254;647;61811;7121;1486;696
2022.02_01-07-2022;Волгоградская область;105_165_days;EpiVacCorona;116;11;0;0;47;9;1;0;163;20;1;0;43624;2320;232;49;18187;4801;1254;647;61811;7121;1486;696
2022.02_01-07-2022;Волгоградская область;105_165_days;SputnikLite;2254;112;5;0;1179;192;32;9;3433;304;37;9;43624;2320;232;49;18187;4801;1254;647;61811;7121;1486;696
2022.02_01-07-2022;Волгоградская область;105_165_days;SputnikV;2898;99;3;0;809;172;40;15;3707;271;43;15;43624;2320;232;49;18187;4801;1254;647;61811;7121;1486;696
2022.02_01-07-2022;Волгоградская область;165_195_days;AllVaccines;7554;250;20;5;1430;213;40;13;8984;463;60;18;43624;2320;232;49;18187;4801;1254;647;61811;7121;1486;696
2022.02_01-07-2022;Волгоградская область;165_195_days;CoviVac;192;5;0;0;29;4;2;1;221;9;2;1;43624;2320;232;49;18187;4801;1254;647;61811;7121;1486;696
2022.02_01-07-2022;Волгоградская область;165_195_days;EpiVacCorona;223;1;0;0;60;11;1;1;283;12;1;1;43624;2320;232;49;18187;4801;1254;647;61811;7121;1486;696
2022.02_01-07-2022;Волгоградская область;165_195_days;SputnikLite;2155;85;9;3;442;56;13;5;2597;141;22;8;43624;2320;232;49;18187;4801;1254;647;61811;7121;1486;696
2022.02_01-07-2022;Волгоградская область;165_195_days;SputnikV;4984;159;11;2;899;142;24;6;5883;301;35;8;43624;2320;232;49;18187;4801;1254;647;61811;7121;1486;696
2022.02_01-07-2022;Волгоградская область;21_45_days;AllVaccines;1788;64;6;1;677;137;34;15;2465;201;40;16;43624;2320;232;49;18187;4801;1254;647;61811;7121;1486;696
2022.02_01-07-2022;Волгоградская область;21_45_days;CoviVac;13;0;0;0;4;1;0;0;17;1;0;0;43624;2320;232;49;18187;4801;1254;647;61811;7121;1486;696
2022.02_01-07-2022;Волгоградская область;21_45_days;EpiVacCorona;31;3;0;0;32;17;7;3;63;20;7;3;43624;2320;232;49;18187;4801;1254;647;61811;7121;1486;696
2022.02_01-07-2022;Волгоградская область;21_45_days;SputnikLite;1418;41;3;1;470;70;14;7;1888;111;17;8;43624;2320;232;49;18187;4801;1254;647;61811;7121;1486;696
2022.02_01-07-2022;Волгоградская область;21_45_days;SputnikV;326;20;3;0;171;49;13;5;497;69;16;5;43624;2320;232;49;18187;4801;1254;647;61811;7121;1486;696
2022.02_01-07-2022;Волгоградская область;45_75_days;AllVaccines;3329;150;14;3;1680;386;67;29;5009;536;81;32;43624;2320;232;49;18187;4801;1254;647;61811;7121;1486;696
2022.02_01-07-2022;Волгоградская область;45_75_days;CoviVac;44;3;0;0;10;4;0;0;54;7;0;0;43624;2320;232;49;18187;4801;1254;647;61811;7121;1486;696
2022.02_01-07-2022;Волгоградская область;45_75_days;EpiVacCorona;79;3;0;0;56;19;5;3;135;22;5;3;43624;2320;232;49;18187;4801;1254;647;61811;7121;1486;696
2022.02_01-07-2022;Волгоградская область;45_75_days;SputnikLite;1332;49;4;1;659;138;38;20;1991;187;42;21;43624;2320;232;49;18187;4801;1254;647;61811;7121;1486;696
2022.02_01-07-2022;Волгоградская область;45_75_days;SputnikV;1874;95;10;2;955;225;24;6;2829;320;34;8;43624;2320;232;49;18187;4801;1254;647;61811;7121;1486;696
2022.02_01-07-2022;Волгоградская область;75_90_days;AllVaccines;2514;118;11;2;1286;246;47;17;3800;364;58;19;43624;2320;232;49;18187;4801;1254;647;61811;7121;1486;696
2022.02_01-07-2022;Волгоградская область;75_90_days;CoviVac;14;0;0;0;7;4;2;2;21;4;2;2;43624;2320;232;49;18187;4801;1254;647;61811;7121;1486;696
2022.02_01-07-2022;Волгоградская область;75_90_days;EpiVacCorona;52;3;0;0;21;5;1;0;73;8;1;0;43624;2320;232;49;18187;4801;1254;647;61811;7121;1486;696
2022.02_01-07-2022;Волгоградская область;75_90_days;SputnikLite;703;25;2;0;418;74;17;6;1121;99;19;6;43624;2320;232;49;18187;4801;1254;647;61811;7121;1486;696
2022.02_01-07-2022;Волгоградская область;75_90_days;SputnikV;1745;90;9;2;840;163;27;9;2585;253;36;11;43624;2320;232;49;18187;4801;1254;647;61811;7121;1486;696
2022.02_01-07-2022;Волгоградская область;90_105_days;AllVaccines;1327;61;8;1;609;124;20;7;1936;185;28;8;43624;2320;232;49;18187;4801;1254;647;61811;7121;1486;696
2022.02_01-07-2022;Волгоградская область;90_105_days;CoviVac;30;0;0;0;15;1;0;0;45;1;0;0;43624;2320;232;49;18187;4801;1254;647;61811;7121;1486;696
2022.02_01-07-2022;Волгоградская область;90_105_days;EpiVacCorona;56;4;0;0;21;9;1;0;77;13;1;0;43624;2320;232;49;18187;4801;1254;647;61811;7121;1486;696
2022.02_01-07-2022;Волгоградская область;90_105_days;SputnikLite;301;7;1;0;107;13;1;0;408;20;2;0;43624;2320;232;49;18187;4801;1254;647;61811;7121;1486;696
2022.02_01-07-2022;Волгоградская область;90_105_days;SputnikV;940;50;7;1;466;101;18;7;1406;151;25;8;43624;2320;232;49;18187;4801;1254;647;61811;7121;1486;696
2022.02_01-07-2022;Вологодская область;105_165_days;AllVaccines;4007;87;5;1;1539;119;18;12;5546;206;23;13;39918;1090;88;35;16114;2350;628;423;56032;3440;716;458
2022.02_01-07-2022;Вологодская область;105_165_days;CoviVac;8;0;0;0;0;0;0;0;8;0;0;0;39918;1090;88;35;16114;2350;628;423;56032;3440;716;458
2022.02_01-07-2022;Вологодская область;105_165_days;EpiVacCorona;11;1;0;0;10;0;0;0;21;1;0;0;39918;1090;88;35;16114;2350;628;423;56032;3440;716;458
2022.02_01-07-2022;Вологодская область;105_165_days;SputnikLite;3233;72;3;1;1022;85;9;6;4255;157;12;7;39918;1090;88;35;16114;2350;628;423;56032;3440;716;458
2022.02_01-07-2022;Вологодская область;105_165_days;SputnikV;755;14;2;0;507;34;9;6;1262;48;11;6;39918;1090;88;35;16114;2350;628;423;56032;3440;716;458
2022.02_01-07-2022;Вологодская область;165_195_days;AllVaccines;3973;56;1;0;906;81;17;11;4879;137;18;11;39918;1090;88;35;16114;2350;628;423;56032;3440;716;458
2022.02_01-07-2022;Вологодская область;165_195_days;CoviVac;43;0;0;0;8;0;0;0;51;0;0;0;39918;1090;88;35;16114;2350;628;423;56032;3440;716;458
2022.02_01-07-2022;Вологодская область;165_195_days;EpiVacCorona;36;2;0;0;19;4;0;0;55;6;0;0;39918;1090;88;35;16114;2350;628;423;56032;3440;716;458
2022.02_01-07-2022;Вологодская область;165_195_days;SputnikLite;1749;28;0;0;205;19;2;1;1954;47;2;1;39918;1090;88;35;16114;2350;628;423;56032;3440;716;458
2022.02_01-07-2022;Вологодская область;165_195_days;SputnikV;2145;26;1;0;674;58;15;10;2819;84;16;10;39918;1090;88;35;16114;2350;628;423;56032;3440;716;458
2022.02_01-07-2022;Вологодская область;21_45_days;AllVaccines;770;15;1;0;409;46;5;5;1179;61;6;5;39918;1090;88;35;16114;2350;628;423;56032;3440;716;458
2022.02_01-07-2022;Вологодская область;21_45_days;CoviVac;34;0;0;0;4;0;0;0;38;0;0;0;39918;1090;88;35;16114;2350;628;423;56032;3440;716;458
2022.02_01-07-2022;Вологодская область;21_45_days;EpiVacCorona;37;1;0;0;20;5;0;0;57;6;0;0;39918;1090;88;35;16114;2350;628;423;56032;3440;716;458
2022.02_01-07-2022;Вологодская область;21_45_days;SputnikLite;401;7;1;0;233;21;5;4;634;28;6;4;39918;1090;88;35;16114;2350;628;423;56032;3440;716;458
2022.02_01-07-2022;Вологодская область;21_45_days;SputnikV;298;7;0;0;152;20;0;1;450;27;0;1;39918;1090;88;35;16114;2350;628;423;56032;3440;716;458
2022.02_01-07-2022;Вологодская область;45_75_days;AllVaccines;2898;63;13;6;1351;157;31;17;4249;220;44;23;39918;1090;88;35;16114;2350;628;423;56032;3440;716;458
2022.02_01-07-2022;Вологодская область;45_75_days;CoviVac;135;2;1;1;34;3;0;0;169;5;1;1;39918;1090;88;35;16114;2350;628;423;56032;3440;716;458
2022.02_01-07-2022;Вологодская область;45_75_days;EpiVacCorona;164;2;0;0;61;9;0;0;225;11;0;0;39918;1090;88;35;16114;2350;628;423;56032;3440;716;458
2022.02_01-07-2022;Вологодская область;45_75_days;SputnikLite;625;15;5;3;473;52;12;6;1098;67;17;9;39918;1090;88;35;16114;2350;628;423;56032;3440;716;458
2022.02_01-07-2022;Вологодская область;45_75_days;SputnikV;1974;44;7;2;783;93;19;11;2757;137;26;13;39918;1090;88;35;16114;2350;628;423;56032;3440;716;458
2022.02_01-07-2022;Вологодская область;75_90_days;AllVaccines;1559;26;2;0;866;92;7;3;2425;118;9;3;39918;1090;88;35;16114;2350;628;423;56032;3440;716;458
2022.02_01-07-2022;Вологодская область;75_90_days;CoviVac;94;1;0;0;8;1;0;0;102;2;0;0;39918;1090;88;35;16114;2350;628;423;56032;3440;716;458
2022.02_01-07-2022;Вологодская область;75_90_days;EpiVacCorona;79;2;0;0;35;7;2;1;114;9;2;1;39918;1090;88;35;16114;2350;628;423;56032;3440;716;458
2022.02_01-07-2022;Вологодская область;75_90_days;SputnikLite;411;6;0;0;325;27;1;1;736;33;1;1;39918;1090;88;35;16114;2350;628;423;56032;3440;716;458
2022.02_01-07-2022;Вологодская область;75_90_days;SputnikV;975;17;2;0;498;57;4;1;1473;74;6;1;39918;1090;88;35;16114;2350;628;423;56032;3440;716;458
2022.02_01-07-2022;Вологодская область;90_105_days;AllVaccines;742;19;5;0;427;44;3;1;1169;63;8;1;39918;1090;88;35;16114;2350;628;423;56032;3440;716;458
2022.02_01-07-2022;Вологодская область;90_105_days;CoviVac;46;2;1;0;15;0;0;0;61;2;1;0;39918;1090;88;35;16114;2350;628;423;56032;3440;716;458
2022.02_01-07-2022;Вологодская область;90_105_days;EpiVacCorona;30;1;0;0;22;4;0;0;52;5;0;0;39918;1090;88;35;16114;2350;628;423;56032;3440;716;458
2022.02_01-07-2022;Вологодская область;90_105_days;SputnikLite;280;6;0;0;82;2;0;0;362;8;0;0;39918;1090;88;35;16114;2350;628;423;56032;3440;716;458
2022.02_01-07-2022;Вологодская область;90_105_days;SputnikV;386;10;4;0;308;38;3;1;694;48;7;1;39918;1090;88;35;16114;2350;628;423;56032;3440;716;458
2022.02_01-07-2022;Воронежская область;105_165_days;AllVaccines;10378;180;15;4;4503;381;37;24;14881;561;52;28;86793;2308;150;47;34312;4611;772;556;121105;6919;922;603
2022.02_01-07-2022;Воронежская область;105_165_days;CoviVac;310;8;0;0;73;11;3;0;383;19;3;0;86793;2308;150;47;34312;4611;772;556;121105;6919;922;603
2022.02_01-07-2022;Воронежская область;105_165_days;EpiVacCorona;116;1;0;0;64;5;1;1;180;6;1;1;86793;2308;150;47;34312;4611;772;556;121105;6919;922;603
2022.02_01-07-2022;Воронежская область;105_165_days;SputnikLite;5806;105;9;4;2912;225;14;8;8718;330;23;12;86793;2308;150;47;34312;4611;772;556;121105;6919;922;603
2022.02_01-07-2022;Воронежская область;105_165_days;SputnikV;4146;66;6;0;1454;140;19;15;5600;206;25;15;86793;2308;150;47;34312;4611;772;556;121105;6919;922;603
2022.02_01-07-2022;Воронежская область;165_195_days;AllVaccines;9440;150;9;1;2121;165;13;7;11561;315;22;8;86793;2308;150;47;34312;4611;772;556;121105;6919;922;603
2022.02_01-07-2022;Воронежская область;165_195_days;CoviVac;287;8;0;0;65;8;1;1;352;16;1;1;86793;2308;150;47;34312;4611;772;556;121105;6919;922;603
2022.02_01-07-2022;Воронежская область;165_195_days;EpiVacCorona;307;5;0;0;117;15;3;3;424;20;3;3;86793;2308;150;47;34312;4611;772;556;121105;6919;922;603
2022.02_01-07-2022;Воронежская область;165_195_days;SputnikLite;2417;41;2;0;613;46;3;1;3030;87;5;1;86793;2308;150;47;34312;4611;772;556;121105;6919;922;603
2022.02_01-07-2022;Воронежская область;165_195_days;SputnikV;6429;96;7;1;1326;96;6;2;7755;192;13;3;86793;2308;150;47;34312;4611;772;556;121105;6919;922;603
2022.02_01-07-2022;Воронежская область;21_45_days;AllVaccines;2342;49;2;2;1009;82;9;5;3351;131;11;7;86793;2308;150;47;34312;4611;772;556;121105;6919;922;603
2022.02_01-07-2022;Воронежская область;21_45_days;CoviVac;29;0;0;0;17;0;0;0;46;0;0;0;86793;2308;150;47;34312;4611;772;556;121105;6919;922;603
2022.02_01-07-2022;Воронежская область;21_45_days;EpiVacCorona;76;4;0;0;27;3;2;1;103;7;2;1;86793;2308;150;47;34312;4611;772;556;121105;6919;922;603
2022.02_01-07-2022;Воронежская область;21_45_days;SputnikLite;1782;28;1;1;755;52;3;1;2537;80;4;2;86793;2308;150;47;34312;4611;772;556;121105;6919;922;603
2022.02_01-07-2022;Воронежская область;21_45_days;SputnikV;455;17;1;1;210;27;4;3;665;44;5;4;86793;2308;150;47;34312;4611;772;556;121105;6919;922;603
2022.02_01-07-2022;Воронежская область;45_75_days;AllVaccines;5915;133;8;5;2542;255;25;19;8457;388;33;24;86793;2308;150;47;34312;4611;772;556;121105;6919;922;603
2022.02_01-07-2022;Воронежская область;45_75_days;CoviVac;61;3;0;0;18;3;1;0;79;6;1;0;86793;2308;150;47;34312;4611;772;556;121105;6919;922;603
2022.02_01-07-2022;Воронежская область;45_75_days;EpiVacCorona;360;11;0;0;185;36;6;7;545;47;6;7;86793;2308;150;47;34312;4611;772;556;121105;6919;922;603
2022.02_01-07-2022;Воронежская область;45_75_days;SputnikLite;1518;23;1;2;948;88;4;4;2466;111;5;6;86793;2308;150;47;34312;4611;772;556;121105;6919;922;603
2022.02_01-07-2022;Воронежская область;45_75_days;SputnikV;3976;96;7;3;1391;128;14;8;5367;224;21;11;86793;2308;150;47;34312;4611;772;556;121105;6919;922;603
2022.02_01-07-2022;Воронежская область;75_90_days;AllVaccines;4922;97;7;0;2169;180;26;17;7091;277;33;17;86793;2308;150;47;34312;4611;772;556;121105;6919;922;603
2022.02_01-07-2022;Воронежская область;75_90_days;CoviVac;55;1;0;0;21;0;0;0;76;1;0;0;86793;2308;150;47;34312;4611;772;556;121105;6919;922;603
2022.02_01-07-2022;Воронежская область;75_90_days;EpiVacCorona;204;9;1;0;101;15;2;1;305;24;3;1;86793;2308;150;47;34312;4611;772;556;121105;6919;922;603
2022.02_01-07-2022;Воронежская область;75_90_days;SputnikLite;1543;27;1;0;1059;82;12;11;2602;109;13;11;86793;2308;150;47;34312;4611;772;556;121105;6919;922;603
2022.02_01-07-2022;Воронежская область;75_90_days;SputnikV;3120;60;5;0;988;83;12;5;4108;143;17;5;86793;2308;150;47;34312;4611;772;556;121105;6919;922;603
2022.02_01-07-2022;Воронежская область;90_105_days;AllVaccines;5634;100;6;2;1516;127;15;9;7150;227;21;11;86793;2308;150;47;34312;4611;772;556;121105;6919;922;603
2022.02_01-07-2022;Воронежская область;90_105_days;CoviVac;72;2;0;0;12;1;0;0;84;3;0;0;86793;2308;150;47;34312;4611;772;556;121105;6919;922;603
2022.02_01-07-2022;Воронежская область;90_105_days;EpiVacCorona;294;7;0;0;94;6;1;0;388;13;1;0;86793;2308;150;47;34312;4611;772;556;121105;6919;922;603
2022.02_01-07-2022;Воронежская область;90_105_days;SputnikLite;584;6;0;0;371;30;3;3;955;36;3;3;86793;2308;150;47;34312;4611;772;556;121105;6919;922;603
2022.02_01-07-2022;Воронежская область;90_105_days;SputnikV;4684;85;6;2;1039;90;11;6;5723;175;17;8;86793;2308;150;47;34312;4611;772;556;121105;6919;922;603
2022.02_01-07-2022;Еврейская автономная область;105_165_days;AllVaccines;180;8;0;0;76;13;1;1;256;21;1;1;2471;270;4;6;921;267;25;31;3392;537;29;37
2022.02_01-07-2022;Еврейская автономная область;105_165_days;EpiVacCorona;2;0;0;0;2;0;0;0;4;0;0;0;2471;270;4;6;921;267;25;31;3392;537;29;37
2022.02_01-07-2022;Еврейская автономная область;105_165_days;SputnikLite;91;4;0;0;39;5;0;0;130;9;0;0;2471;270;4;6;921;267;25;31;3392;537;29;37
2022.02_01-07-2022;Еврейская автономная область;105_165_days;SputnikV;87;4;0;0;35;8;1;1;122;12;1;1;2471;270;4;6;921;267;25;31;3392;537;29;37
2022.02_01-07-2022;Еврейская автономная область;165_195_days;AllVaccines;198;12;0;0;42;7;2;1;240;19;2;1;2471;270;4;6;921;267;25;31;3392;537;29;37
2022.02_01-07-2022;Еврейская автономная область;165_195_days;CoviVac;3;1;0;0;0;0;0;0;3;1;0;0;2471;270;4;6;921;267;25;31;3392;537;29;37
2022.02_01-07-2022;Еврейская автономная область;165_195_days;EpiVacCorona;19;0;0;0;2;0;0;0;21;0;0;0;2471;270;4;6;921;267;25;31;3392;537;29;37
2022.02_01-07-2022;Еврейская автономная область;165_195_days;SputnikLite;11;2;0;0;8;3;2;1;19;5;2;1;2471;270;4;6;921;267;25;31;3392;537;29;37
2022.02_01-07-2022;Еврейская автономная область;165_195_days;SputnikV;165;9;0;0;32;4;0;0;197;13;0;0;2471;270;4;6;921;267;25;31;3392;537;29;37
2022.02_01-07-2022;Еврейская автономная область;21_45_days;AllVaccines;122;10;0;0;42;7;0;0;164;17;0;0;2471;270;4;6;921;267;25;31;3392;537;29;37
2022.02_01-07-2022;Еврейская автономная область;21_45_days;CoviVac;11;1;0;0;1;0;0;0;12;1;0;0;2471;270;4;6;921;267;25;31;3392;537;29;37
2022.02_01-07-2022;Еврейская автономная область;21_45_days;EpiVacCorona;33;1;0;0;12;2;0;0;45;3;0;0;2471;270;4;6;921;267;25;31;3392;537;29;37
2022.02_01-07-2022;Еврейская автономная область;21_45_days;SputnikLite;63;7;0;0;25;5;0;0;88;12;0;0;2471;270;4;6;921;267;25;31;3392;537;29;37
2022.02_01-07-2022;Еврейская автономная область;21_45_days;SputnikV;15;1;0;0;4;0;0;0;19;1;0;0;2471;270;4;6;921;267;25;31;3392;537;29;37
2022.02_01-07-2022;Еврейская автономная область;45_75_days;AllVaccines;270;17;0;0;90;19;2;0;360;36;2;0;2471;270;4;6;921;267;25;31;3392;537;29;37
2022.02_01-07-2022;Еврейская автономная область;45_75_days;CoviVac;11;0;0;0;1;0;0;0;12;0;0;0;2471;270;4;6;921;267;25;31;3392;537;29;37
2022.02_01-07-2022;Еврейская автономная область;45_75_days;EpiVacCorona;20;1;0;0;6;1;1;0;26;2;1;0;2471;270;4;6;921;267;25;31;3392;537;29;37
2022.02_01-07-2022;Еврейская автономная область;45_75_days;SputnikLite;65;3;0;0;45;8;1;0;110;11;1;0;2471;270;4;6;921;267;25;31;3392;537;29;37
2022.02_01-07-2022;Еврейская автономная область;45_75_days;SputnikV;174;13;0;0;38;10;0;0;212;23;0;0;2471;270;4;6;921;267;25;31;3392;537;29;37
2022.02_01-07-2022;Еврейская автономная область;75_90_days;AllVaccines;104;6;0;0;28;4;0;1;132;10;0;1;2471;270;4;6;921;267;25;31;3392;537;29;37
2022.02_01-07-2022;Еврейская автономная область;75_90_days;EpiVacCorona;26;2;0;0;5;1;0;0;31;3;0;0;2471;270;4;6;921;267;25;31;3392;537;29;37
2022.02_01-07-2022;Еврейская автономная область;75_90_days;SputnikLite;30;4;0;0;10;1;0;0;40;5;0;0;2471;270;4;6;921;267;25;31;3392;537;29;37
2022.02_01-07-2022;Еврейская автономная область;75_90_days;SputnikV;48;0;0;0;13;2;0;1;61;2;0;1;2471;270;4;6;921;267;25;31;3392;537;29;37
2022.02_01-07-2022;Еврейская автономная область;90_105_days;AllVaccines;101;15;0;0;27;12;2;1;128;27;2;1;2471;270;4;6;921;267;25;31;3392;537;29;37
2022.02_01-07-2022;Еврейская автономная область;90_105_days;CoviVac;1;0;0;0;0;0;0;0;1;0;0;0;2471;270;4;6;921;267;25;31;3392;537;29;37
2022.02_01-07-2022;Еврейская автономная область;90_105_days;EpiVacCorona;18;0;0;0;1;0;0;0;19;0;0;0;2471;270;4;6;921;267;25;31;3392;537;29;37
2022.02_01-07-2022;Еврейская автономная область;90_105_days;SputnikLite;31;2;0;0;10;1;0;0;41;3;0;0;2471;270;4;6;921;267;25;31;3392;537;29;37
2022.02_01-07-2022;Еврейская автономная область;90_105_days;SputnikV;51;13;0;0;16;11;2;1;67;24;2;1;2471;270;4;6;921;267;25;31;3392;537;29;37
2022.02_01-07-2022;Забайкальский край;105_165_days;AllVaccines;3377;133;4;2;1149;207;23;6;4526;340;27;8;27912;1785;107;23;8764;2078;367;169;36676;3863;474;192
2022.02_01-07-2022;Забайкальский край;105_165_days;CoviVac;35;0;0;0;3;0;0;0;38;0;0;0;27912;1785;107;23;8764;2078;367;169;36676;3863;474;192
2022.02_01-07-2022;Забайкальский край;105_165_days;EpiVacCorona;14;0;0;0;2;0;0;0;16;0;0;0;27912;1785;107;23;8764;2078;367;169;36676;3863;474;192
2022.02_01-07-2022;Забайкальский край;105_165_days;SputnikLite;2321;98;3;1;842;151;13;4;3163;249;16;5;27912;1785;107;23;8764;2078;367;169;36676;3863;474;192
2022.02_01-07-2022;Забайкальский край;105_165_days;SputnikV;1007;35;1;1;302;56;10;2;1309;91;11;3;27912;1785;107;23;8764;2078;367;169;36676;3863;474;192
2022.02_01-07-2022;Забайкальский край;165_195_days;AllVaccines;4065;188;6;0;615;97;6;1;4680;285;12;1;27912;1785;107;23;8764;2078;367;169;36676;3863;474;192
2022.02_01-07-2022;Забайкальский край;165_195_days;CoviVac;22;1;0;0;0;0;0;0;22;1;0;0;27912;1785;107;23;8764;2078;367;169;36676;3863;474;192
2022.02_01-07-2022;Забайкальский край;165_195_days;EpiVacCorona;79;5;1;0;21;5;1;0;100;10;2;0;27912;1785;107;23;8764;2078;367;169;36676;3863;474;192
2022.02_01-07-2022;Забайкальский край;165_195_days;SputnikLite;1203;64;1;0;48;3;0;0;1251;67;1;0;27912;1785;107;23;8764;2078;367;169;36676;3863;474;192
2022.02_01-07-2022;Забайкальский край;165_195_days;SputnikV;2761;118;4;0;546;89;5;1;3307;207;9;1;27912;1785;107;23;8764;2078;367;169;36676;3863;474;192
2022.02_01-07-2022;Забайкальский край;21_45_days;AllVaccines;1043;49;3;1;276;37;6;3;1319;86;9;4;27912;1785;107;23;8764;2078;367;169;36676;3863;474;192
2022.02_01-07-2022;Забайкальский край;21_45_days;CoviVac;12;0;0;0;0;0;0;0;12;0;0;0;27912;1785;107;23;8764;2078;367;169;36676;3863;474;192
2022.02_01-07-2022;Забайкальский край;21_45_days;EpiVacCorona;70;2;1;1;17;0;0;0;87;2;1;1;27912;1785;107;23;8764;2078;367;169;36676;3863;474;192
2022.02_01-07-2022;Забайкальский край;21_45_days;SputnikLite;656;24;1;0;172;23;3;1;828;47;4;1;27912;1785;107;23;8764;2078;367;169;36676;3863;474;192
2022.02_01-07-2022;Забайкальский край;21_45_days;SputnikV;305;23;1;0;87;14;3;2;392;37;4;2;27912;1785;107;23;8764;2078;367;169;36676;3863;474;192
2022.02_01-07-2022;Забайкальский край;45_75_days;AllVaccines;2403;133;7;0;902;164;17;6;3305;297;24;6;27912;1785;107;23;8764;2078;367;169;36676;3863;474;192
2022.02_01-07-2022;Забайкальский край;45_75_days;CoviVac;45;2;0;0;2;0;0;0;47;2;0;0;27912;1785;107;23;8764;2078;367;169;36676;3863;474;192
2022.02_01-07-2022;Забайкальский край;45_75_days;EpiVacCorona;197;15;1;0;58;18;1;1;255;33;2;1;27912;1785;107;23;8764;2078;367;169;36676;3863;474;192
2022.02_01-07-2022;Забайкальский край;45_75_days;SputnikLite;786;29;3;0;301;42;5;2;1087;71;8;2;27912;1785;107;23;8764;2078;367;169;36676;3863;474;192
2022.02_01-07-2022;Забайкальский край;45_75_days;SputnikV;1375;87;3;0;541;104;11;3;1916;191;14;3;27912;1785;107;23;8764;2078;367;169;36676;3863;474;192
2022.02_01-07-2022;Забайкальский край;75_90_days;AllVaccines;1673;72;5;1;658;110;9;1;2331;182;14;2;27912;1785;107;23;8764;2078;367;169;36676;3863;474;192
2022.02_01-07-2022;Забайкальский край;75_90_days;CoviVac;34;0;0;0;2;1;0;0;36;1;0;0;27912;1785;107;23;8764;2078;367;169;36676;3863;474;192
2022.02_01-07-2022;Забайкальский край;75_90_days;EpiVacCorona;83;5;0;0;36;12;1;1;119;17;1;1;27912;1785;107;23;8764;2078;367;169;36676;3863;474;192
2022.02_01-07-2022;Забайкальский край;75_90_days;SputnikLite;588;25;1;0;243;34;2;0;831;59;3;0;27912;1785;107;23;8764;2078;367;169;36676;3863;474;192
2022.02_01-07-2022;Забайкальский край;75_90_days;SputnikV;968;42;4;1;377;63;6;0;1345;105;10;1;27912;1785;107;23;8764;2078;367;169;36676;3863;474;192
2022.02_01-07-2022;Забайкальский край;90_105_days;AllVaccines;974;91;5;2;422;70;8;1;1396;161;13;3;27912;1785;107;23;8764;2078;367;169;36676;3863;474;192
2022.02_01-07-2022;Забайкальский край;90_105_days;CoviVac;29;1;0;0;3;0;0;0;32;1;0;0;27912;1785;107;23;8764;2078;367;169;36676;3863;474;192
2022.02_01-07-2022;Забайкальский край;90_105_days;EpiVacCorona;25;2;1;0;9;1;1;0;34;3;2;0;27912;1785;107;23;8764;2078;367;169;36676;3863;474;192
2022.02_01-07-2022;Забайкальский край;90_105_days;SputnikLite;499;21;2;1;174;22;1;0;673;43;3;1;27912;1785;107;23;8764;2078;367;169;36676;3863;474;192
2022.02_01-07-2022;Забайкальский край;90_105_days;SputnikV;421;67;2;1;236;47;6;1;657;114;8;2;27912;1785;107;23;8764;2078;367;169;36676;3863;474;192
2022.02_01-07-2022;Ивановская область;105_165_days;AllVaccines;1445;25;1;0;1181;99;8;6;2626;124;9;6;19714;590;55;31;12741;1962;367;388;32455;2552;422;419
2022.02_01-07-2022;Ивановская область;105_165_days;CoviVac;15;0;0;0;2;0;0;0;17;0;0;0;19714;590;55;31;12741;1962;367;388;32455;2552;422;419
2022.02_01-07-2022;Ивановская область;105_165_days;EpiVacCorona;12;0;0;0;13;3;1;1;25;3;1;1;19714;590;55;31;12741;1962;367;388;32455;2552;422;419
2022.02_01-07-2022;Ивановская область;105_165_days;SputnikLite;899;17;1;0;830;65;4;2;1729;82;5;2;19714;590;55;31;12741;1962;367;388;32455;2552;422;419
2022.02_01-07-2022;Ивановская область;105_165_days;SputnikV;519;8;0;0;336;31;3;3;855;39;3;3;19714;590;55;31;12741;1962;367;388;32455;2552;422;419
2022.02_01-07-2022;Ивановская область;165_195_days;AllVaccines;1973;22;5;2;578;40;2;2;2551;62;7;4;19714;590;55;31;12741;1962;367;388;32455;2552;422;419
2022.02_01-07-2022;Ивановская область;165_195_days;CoviVac;22;1;0;0;5;0;0;0;27;1;0;0;19714;590;55;31;12741;1962;367;388;32455;2552;422;419
2022.02_01-07-2022;Ивановская область;165_195_days;EpiVacCorona;31;0;0;0;27;4;0;0;58;4;0;0;19714;590;55;31;12741;1962;367;388;32455;2552;422;419
2022.02_01-07-2022;Ивановская область;165_195_days;SputnikLite;358;1;0;0;119;4;0;0;477;5;0;0;19714;590;55;31;12741;1962;367;388;32455;2552;422;419
2022.02_01-07-2022;Ивановская область;165_195_days;SputnikV;1562;20;5;2;427;32;2;2;1989;52;7;4;19714;590;55;31;12741;1962;367;388;32455;2552;422;419
2022.02_01-07-2022;Ивановская область;21_45_days;AllVaccines;384;9;0;0;255;19;2;3;639;28;2;3;19714;590;55;31;12741;1962;367;388;32455;2552;422;419
2022.02_01-07-2022;Ивановская область;21_45_days;CoviVac;6;0;0;0;1;0;0;0;7;0;0;0;19714;590;55;31;12741;1962;367;388;32455;2552;422;419
2022.02_01-07-2022;Ивановская область;21_45_days;EpiVacCorona;6;1;0;0;11;3;0;0;17;4;0;0;19714;590;55;31;12741;1962;367;388;32455;2552;422;419
2022.02_01-07-2022;Ивановская область;21_45_days;SputnikLite;310;7;0;0;200;12;1;2;510;19;1;2;19714;590;55;31;12741;1962;367;388;32455;2552;422;419
2022.02_01-07-2022;Ивановская область;21_45_days;SputnikV;62;1;0;0;43;4;1;1;105;5;1;1;19714;590;55;31;12741;1962;367;388;32455;2552;422;419
2022.02_01-07-2022;Ивановская область;45_75_days;AllVaccines;682;20;1;0;661;74;14;12;1343;94;15;12;19714;590;55;31;12741;1962;367;388;32455;2552;422;419
2022.02_01-07-2022;Ивановская область;45_75_days;CoviVac;33;0;0;0;3;0;0;0;36;0;0;0;19714;590;55;31;12741;1962;367;388;32455;2552;422;419
2022.02_01-07-2022;Ивановская область;45_75_days;EpiVacCorona;37;3;1;0;50;9;2;1;87;12;3;1;19714;590;55;31;12741;1962;367;388;32455;2552;422;419
2022.02_01-07-2022;Ивановская область;45_75_days;SputnikLite;264;3;0;0;265;18;4;2;529;21;4;2;19714;590;55;31;12741;1962;367;388;32455;2552;422;419
2022.02_01-07-2022;Ивановская область;45_75_days;SputnikV;348;14;0;0;343;47;8;9;691;61;8;9;19714;590;55;31;12741;1962;367;388;32455;2552;422;419
2022.02_01-07-2022;Ивановская область;75_90_days;AllVaccines;539;19;3;1;522;35;4;3;1061;54;7;4;19714;590;55;31;12741;1962;367;388;32455;2552;422;419
2022.02_01-07-2022;Ивановская область;75_90_days;CoviVac;11;1;0;0;3;0;0;0;14;1;0;0;19714;590;55;31;12741;1962;367;388;32455;2552;422;419
2022.02_01-07-2022;Ивановская область;75_90_days;EpiVacCorona;12;1;0;0;23;0;0;0;35;1;0;0;19714;590;55;31;12741;1962;367;388;32455;2552;422;419
2022.02_01-07-2022;Ивановская область;75_90_days;SputnikLite;253;10;1;0;245;11;1;1;498;21;2;1;19714;590;55;31;12741;1962;367;388;32455;2552;422;419
2022.02_01-07-2022;Ивановская область;75_90_days;SputnikV;263;7;2;1;251;24;3;2;514;31;5;3;19714;590;55;31;12741;1962;367;388;32455;2552;422;419
2022.02_01-07-2022;Ивановская область;90_105_days;AllVaccines;525;8;0;0;582;42;3;5;1107;50;3;5;19714;590;55;31;12741;1962;367;388;32455;2552;422;419
2022.02_01-07-2022;Ивановская область;90_105_days;CoviVac;17;0;0;0;1;0;0;0;18;0;0;0;19714;590;55;31;12741;1962;367;388;32455;2552;422;419
2022.02_01-07-2022;Ивановская область;90_105_days;EpiVacCorona;15;0;0;0;13;3;0;1;28;3;0;1;19714;590;55;31;12741;1962;367;388;32455;2552;422;419
2022.02_01-07-2022;Ивановская область;90_105_days;SputnikLite;273;2;0;0;305;23;2;3;578;25;2;3;19714;590;55;31;12741;1962;367;388;32455;2552;422;419
2022.02_01-07-2022;Ивановская область;90_105_days;SputnikV;220;6;0;0;263;16;1;1;483;22;1;1;19714;590;55;31;12741;1962;367;388;32455;2552;422;419
2022.02_01-07-2022;Иркутская область;105_165_days;AllVaccines;7322;193;10;1;2786;470;44;30;10108;663;54;31;77618;3100;237;97;25521;6099;1063;802;103139;9199;1300;899
2022.02_01-07-2022;Иркутская область;105_165_days;CoviVac;124;6;3;0;36;7;1;1;160;13;4;1;77618;3100;237;97;25521;6099;1063;802;103139;9199;1300;899
2022.02_01-07-2022;Иркутская область;105_165_days;EpiVacCorona;304;11;0;0;103;25;4;3;407;36;4;3;77618;3100;237;97;25521;6099;1063;802;103139;9199;1300;899
2022.02_01-07-2022;Иркутская область;105_165_days;SputnikLite;3189;90;2;0;1745;266;18;15;4934;356;20;15;77618;3100;237;97;25521;6099;1063;802;103139;9199;1300;899
2022.02_01-07-2022;Иркутская область;105_165_days;SputnikV;3705;86;5;1;902;172;21;11;4607;258;26;12;77618;3100;237;97;25521;6099;1063;802;103139;9199;1300;899
2022.02_01-07-2022;Иркутская область;165_195_days;AllVaccines;6372;151;6;1;1430;214;17;13;7802;365;23;14;77618;3100;237;97;25521;6099;1063;802;103139;9199;1300;899
2022.02_01-07-2022;Иркутская область;165_195_days;CoviVac;172;6;0;0;38;4;0;0;210;10;0;0;77618;3100;237;97;25521;6099;1063;802;103139;9199;1300;899
2022.02_01-07-2022;Иркутская область;165_195_days;EpiVacCorona;386;13;1;0;90;17;1;0;476;30;2;0;77618;3100;237;97;25521;6099;1063;802;103139;9199;1300;899
2022.02_01-07-2022;Иркутская область;165_195_days;SputnikLite;827;22;0;0;284;58;6;4;1111;80;6;4;77618;3100;237;97;25521;6099;1063;802;103139;9199;1300;899
2022.02_01-07-2022;Иркутская область;165_195_days;SputnikV;4987;110;5;1;1018;135;10;9;6005;245;15;10;77618;3100;237;97;25521;6099;1063;802;103139;9199;1300;899
2022.02_01-07-2022;Иркутская область;21_45_days;AllVaccines;2286;71;1;0;822;129;9;5;3108;200;10;5;77618;3100;237;97;25521;6099;1063;802;103139;9199;1300;899
2022.02_01-07-2022;Иркутская область;21_45_days;CoviVac;13;1;0;0;8;3;0;0;21;4;0;0;77618;3100;237;97;25521;6099;1063;802;103139;9199;1300;899
2022.02_01-07-2022;Иркутская область;21_45_days;EpiVacCorona;58;1;0;0;22;9;0;0;80;10;0;0;77618;3100;237;97;25521;6099;1063;802;103139;9199;1300;899
2022.02_01-07-2022;Иркутская область;21_45_days;SputnikLite;1464;37;0;0;607;92;6;3;2071;129;6;3;77618;3100;237;97;25521;6099;1063;802;103139;9199;1300;899
2022.02_01-07-2022;Иркутская область;21_45_days;SputnikV;751;32;1;0;185;25;3;2;936;57;4;2;77618;3100;237;97;25521;6099;1063;802;103139;9199;1300;899
2022.02_01-07-2022;Иркутская область;45_75_days;AllVaccines;8666;244;14;6;2317;345;44;18;10983;589;58;24;77618;3100;237;97;25521;6099;1063;802;103139;9199;1300;899
2022.02_01-07-2022;Иркутская область;45_75_days;CoviVac;140;2;0;0;30;8;2;2;170;10;2;2;77618;3100;237;97;25521;6099;1063;802;103139;9199;1300;899
2022.02_01-07-2022;Иркутская область;45_75_days;EpiVacCorona;225;10;1;1;84;19;5;3;309;29;6;4;77618;3100;237;97;25521;6099;1063;802;103139;9199;1300;899
2022.02_01-07-2022;Иркутская область;45_75_days;SputnikLite;2195;60;5;1;1089;150;17;4;3284;210;22;5;77618;3100;237;97;25521;6099;1063;802;103139;9199;1300;899
2022.02_01-07-2022;Иркутская область;45_75_days;SputnikV;6106;172;8;4;1114;168;20;9;7220;340;28;13;77618;3100;237;97;25521;6099;1063;802;103139;9199;1300;899
2022.02_01-07-2022;Иркутская область;75_90_days;AllVaccines;5512;141;7;3;1641;246;27;15;7153;387;34;18;77618;3100;237;97;25521;6099;1063;802;103139;9199;1300;899
2022.02_01-07-2022;Иркутская область;75_90_days;CoviVac;126;2;0;0;21;3;0;0;147;5;0;0;77618;3100;237;97;25521;6099;1063;802;103139;9199;1300;899
2022.02_01-07-2022;Иркутская область;75_90_days;EpiVacCorona;135;8;0;0;38;13;2;2;173;21;2;2;77618;3100;237;97;25521;6099;1063;802;103139;9199;1300;899
2022.02_01-07-2022;Иркутская область;75_90_days;SputnikLite;1492;40;2;1;843;103;12;8;2335;143;14;9;77618;3100;237;97;25521;6099;1063;802;103139;9199;1300;899
2022.02_01-07-2022;Иркутская область;75_90_days;SputnikV;3759;91;5;2;739;127;13;5;4498;218;18;7;77618;3100;237;97;25521;6099;1063;802;103139;9199;1300;899
2022.02_01-07-2022;Иркутская область;90_105_days;AllVaccines;2730;75;3;0;862;145;12;10;3592;220;15;10;77618;3100;237;97;25521;6099;1063;802;103139;9199;1300;899
2022.02_01-07-2022;Иркутская область;90_105_days;CoviVac;96;0;0;0;15;2;1;0;111;2;1;0;77618;3100;237;97;25521;6099;1063;802;103139;9199;1300;899
2022.02_01-07-2022;Иркутская область;90_105_days;EpiVacCorona;116;7;0;0;38;7;0;0;154;14;0;0;77618;3100;237;97;25521;6099;1063;802;103139;9199;1300;899
2022.02_01-07-2022;Иркутская область;90_105_days;SputnikLite;689;23;2;0;401;61;5;4;1090;84;7;4;77618;3100;237;97;25521;6099;1063;802;103139;9199;1300;899
2022.02_01-07-2022;Иркутская область;90_105_days;SputnikV;1829;45;1;0;408;75;6;6;2237;120;7;6;77618;3100;237;97;25521;6099;1063;802;103139;9199;1300;899
2022.02_01-07-2022;Кабардино-Балкарская Республика;105_165_days;AllVaccines;909;45;8;1;444;69;31;4;1353;114;39;5;9608;529;94;13;5817;1308;561;175;15425;1837;655;188
2022.02_01-07-2022;Кабардино-Балкарская Республика;105_165_days;CoviVac;6;0;0;0;4;1;0;0;10;1;0;0;9608;529;94;13;5817;1308;561;175;15425;1837;655;188
2022.02_01-07-2022;Кабардино-Балкарская Республика;105_165_days;EpiVacCorona;8;0;0;0;2;0;0;0;10;0;0;0;9608;529;94;13;5817;1308;561;175;15425;1837;655;188
2022.02_01-07-2022;Кабардино-Балкарская Республика;105_165_days;SputnikLite;558;25;5;0;266;40;17;2;824;65;22;2;9608;529;94;13;5817;1308;561;175;15425;1837;655;188
2022.02_01-07-2022;Кабардино-Балкарская Республика;105_165_days;SputnikV;337;20;3;1;172;28;14;2;509;48;17;3;9608;529;94;13;5817;1308;561;175;15425;1837;655;188
2022.02_01-07-2022;Кабардино-Балкарская Республика;165_195_days;AllVaccines;1410;40;7;0;426;58;19;6;1836;98;26;6;9608;529;94;13;5817;1308;561;175;15425;1837;655;188
2022.02_01-07-2022;Кабардино-Балкарская Республика;165_195_days;CoviVac;11;1;0;0;3;0;0;0;14;1;0;0;9608;529;94;13;5817;1308;561;175;15425;1837;655;188
2022.02_01-07-2022;Кабардино-Балкарская Республика;165_195_days;EpiVacCorona;25;0;0;0;17;2;0;0;42;2;0;0;9608;529;94;13;5817;1308;561;175;15425;1837;655;188
2022.02_01-07-2022;Кабардино-Балкарская Республика;165_195_days;SputnikLite;276;12;4;0;76;15;4;1;352;27;8;1;9608;529;94;13;5817;1308;561;175;15425;1837;655;188
2022.02_01-07-2022;Кабардино-Балкарская Республика;165_195_days;SputnikV;1098;27;3;0;330;41;15;5;1428;68;18;5;9608;529;94;13;5817;1308;561;175;15425;1837;655;188
2022.02_01-07-2022;Кабардино-Балкарская Республика;21_45_days;AllVaccines;405;5;0;0;165;16;8;2;570;21;8;2;9608;529;94;13;5817;1308;561;175;15425;1837;655;188
2022.02_01-07-2022;Кабардино-Балкарская Республика;21_45_days;CoviVac;3;0;0;0;0;0;0;0;3;0;0;0;9608;529;94;13;5817;1308;561;175;15425;1837;655;188
2022.02_01-07-2022;Кабардино-Балкарская Республика;21_45_days;EpiVacCorona;23;0;0;0;7;2;1;0;30;2;1;0;9608;529;94;13;5817;1308;561;175;15425;1837;655;188
2022.02_01-07-2022;Кабардино-Балкарская Республика;21_45_days;SputnikLite;344;4;0;0;121;11;4;1;465;15;4;1;9608;529;94;13;5817;1308;561;175;15425;1837;655;188
2022.02_01-07-2022;Кабардино-Балкарская Республика;21_45_days;SputnikV;35;1;0;0;37;3;3;1;72;4;3;1;9608;529;94;13;5817;1308;561;175;15425;1837;655;188
2022.02_01-07-2022;Кабардино-Балкарская Республика;45_75_days;AllVaccines;384;9;3;0;245;46;12;4;629;55;15;4;9608;529;94;13;5817;1308;561;175;15425;1837;655;188
2022.02_01-07-2022;Кабардино-Балкарская Республика;45_75_days;CoviVac;8;1;0;0;2;0;0;0;10;1;0;0;9608;529;94;13;5817;1308;561;175;15425;1837;655;188
2022.02_01-07-2022;Кабардино-Балкарская Республика;45_75_days;EpiVacCorona;22;0;0;0;7;1;0;0;29;1;0;0;9608;529;94;13;5817;1308;561;175;15425;1837;655;188
2022.02_01-07-2022;Кабардино-Балкарская Республика;45_75_days;SputnikLite;190;5;2;0;109;19;8;3;299;24;10;3;9608;529;94;13;5817;1308;561;175;15425;1837;655;188
2022.02_01-07-2022;Кабардино-Балкарская Республика;45_75_days;SputnikV;164;3;1;0;127;26;4;1;291;29;5;1;9608;529;94;13;5817;1308;561;175;15425;1837;655;188
2022.02_01-07-2022;Кабардино-Балкарская Республика;75_90_days;AllVaccines;290;15;1;1;133;18;10;2;423;33;11;3;9608;529;94;13;5817;1308;561;175;15425;1837;655;188
2022.02_01-07-2022;Кабардино-Балкарская Республика;75_90_days;CoviVac;3;0;0;0;0;0;0;0;3;0;0;0;9608;529;94;13;5817;1308;561;175;15425;1837;655;188
2022.02_01-07-2022;Кабардино-Балкарская Республика;75_90_days;EpiVacCorona;9;2;0;0;5;1;1;1;14;3;1;1;9608;529;94;13;5817;1308;561;175;15425;1837;655;188
2022.02_01-07-2022;Кабардино-Балкарская Республика;75_90_days;SputnikLite;124;3;0;0;69;7;5;0;193;10;5;0;9608;529;94;13;5817;1308;561;175;15425;1837;655;188
2022.02_01-07-2022;Кабардино-Балкарская Республика;75_90_days;SputnikV;154;10;1;1;59;10;4;1;213;20;5;2;9608;529;94;13;5817;1308;561;175;15425;1837;655;188
2022.02_01-07-2022;Кабардино-Балкарская Республика;90_105_days;AllVaccines;366;10;5;0;211;28;11;4;577;38;16;4;9608;529;94;13;5817;1308;561;175;15425;1837;655;188
2022.02_01-07-2022;Кабардино-Балкарская Республика;90_105_days;CoviVac;3;0;0;0;2;0;0;0;5;0;0;0;9608;529;94;13;5817;1308;561;175;15425;1837;655;188
2022.02_01-07-2022;Кабардино-Балкарская Республика;90_105_days;EpiVacCorona;4;0;0;0;0;0;0;0;4;0;0;0;9608;529;94;13;5817;1308;561;175;15425;1837;655;188
2022.02_01-07-2022;Кабардино-Балкарская Республика;90_105_days;SputnikLite;255;8;3;0;145;18;8;3;400;26;11;3;9608;529;94;13;5817;1308;561;175;15425;1837;655;188
2022.02_01-07-2022;Кабардино-Балкарская Республика;90_105_days;SputnikV;104;2;2;0;64;10;3;1;168;12;5;1;9608;529;94;13;5817;1308;561;175;15425;1837;655;188
2022.02_01-07-2022;Калининградская область;105_165_days;AllVaccines;2752;86;1;0;1327;226;20;9;4079;312;21;9;25469;1127;53;20;11841;2760;451;307;37310;3887;504;327
2022.02_01-07-2022;Калининградская область;105_165_days;CoviVac;49;1;0;0;11;3;0;0;60;4;0;0;25469;1127;53;20;11841;2760;451;307;37310;3887;504;327
2022.02_01-07-2022;Калининградская область;105_165_days;EpiVacCorona;55;2;0;0;28;9;0;0;83;11;0;0;25469;1127;53;20;11841;2760;451;307;37310;3887;504;327
2022.02_01-07-2022;Калининградская область;105_165_days;SputnikLite;1598;45;0;0;762;120;12;5;2360;165;12;5;25469;1127;53;20;11841;2760;451;307;37310;3887;504;327
2022.02_01-07-2022;Калининградская область;105_165_days;SputnikV;1050;38;1;0;526;94;8;4;1576;132;9;4;25469;1127;53;20;11841;2760;451;307;37310;3887;504;327
2022.02_01-07-2022;Калининградская область;165_195_days;AllVaccines;3263;108;1;0;691;100;10;9;3954;208;11;9;25469;1127;53;20;11841;2760;451;307;37310;3887;504;327
2022.02_01-07-2022;Калининградская область;165_195_days;CoviVac;19;0;0;0;6;1;0;0;25;1;0;0;25469;1127;53;20;11841;2760;451;307;37310;3887;504;327
2022.02_01-07-2022;Калининградская область;165_195_days;EpiVacCorona;411;16;0;0;106;19;1;1;517;35;1;1;25469;1127;53;20;11841;2760;451;307;37310;3887;504;327
2022.02_01-07-2022;Калининградская область;165_195_days;SputnikLite;984;33;0;0;170;25;4;3;1154;58;4;3;25469;1127;53;20;11841;2760;451;307;37310;3887;504;327
2022.02_01-07-2022;Калининградская область;165_195_days;SputnikV;1849;59;1;0;409;55;5;5;2258;114;6;5;25469;1127;53;20;11841;2760;451;307;37310;3887;504;327
2022.02_01-07-2022;Калининградская область;21_45_days;AllVaccines;694;24;0;0;417;65;9;6;1111;89;9;6;25469;1127;53;20;11841;2760;451;307;37310;3887;504;327
2022.02_01-07-2022;Калининградская область;21_45_days;CoviVac;8;0;0;0;7;1;0;0;15;1;0;0;25469;1127;53;20;11841;2760;451;307;37310;3887;504;327
2022.02_01-07-2022;Калининградская область;21_45_days;EpiVacCorona;20;0;0;0;14;6;3;3;34;6;3;3;25469;1127;53;20;11841;2760;451;307;37310;3887;504;327
2022.02_01-07-2022;Калининградская область;21_45_days;SputnikLite;479;15;0;0;292;34;1;0;771;49;1;0;25469;1127;53;20;11841;2760;451;307;37310;3887;504;327
2022.02_01-07-2022;Калининградская область;21_45_days;SputnikV;187;9;0;0;104;24;5;3;291;33;5;3;25469;1127;53;20;11841;2760;451;307;37310;3887;504;327
2022.02_01-07-2022;Калининградская область;45_75_days;AllVaccines;1640;61;3;0;987;168;14;4;2627;229;17;4;25469;1127;53;20;11841;2760;451;307;37310;3887;504;327
2022.02_01-07-2022;Калининградская область;45_75_days;CoviVac;46;5;0;0;13;1;1;0;59;6;1;0;25469;1127;53;20;11841;2760;451;307;37310;3887;504;327
2022.02_01-07-2022;Калининградская область;45_75_days;EpiVacCorona;59;3;0;0;42;12;0;0;101;15;0;0;25469;1127;53;20;11841;2760;451;307;37310;3887;504;327
2022.02_01-07-2022;Калининградская область;45_75_days;SputnikLite;414;15;0;0;359;43;3;1;773;58;3;1;25469;1127;53;20;11841;2760;451;307;37310;3887;504;327
2022.02_01-07-2022;Калининградская область;45_75_days;SputnikV;1121;38;3;0;573;112;10;3;1694;150;13;3;25469;1127;53;20;11841;2760;451;307;37310;3887;504;327
2022.02_01-07-2022;Калининградская область;75_90_days;AllVaccines;1097;38;1;0;636;101;8;4;1733;139;9;4;25469;1127;53;20;11841;2760;451;307;37310;3887;504;327
2022.02_01-07-2022;Калининградская область;75_90_days;CoviVac;36;3;1;0;8;4;1;1;44;7;2;1;25469;1127;53;20;11841;2760;451;307;37310;3887;504;327
2022.02_01-07-2022;Калининградская область;75_90_days;EpiVacCorona;54;4;0;0;15;4;0;0;69;8;0;0;25469;1127;53;20;11841;2760;451;307;37310;3887;504;327
2022.02_01-07-2022;Калининградская область;75_90_days;SputnikLite;250;4;0;0;242;31;3;2;492;35;3;2;25469;1127;53;20;11841;2760;451;307;37310;3887;504;327
2022.02_01-07-2022;Калининградская область;75_90_days;SputnikV;757;27;0;0;371;62;4;1;1128;89;4;1;25469;1127;53;20;11841;2760;451;307;37310;3887;504;327
2022.02_01-07-2022;Калининградская область;90_105_days;AllVaccines;971;26;1;1;511;84;8;3;1482;110;9;4;25469;1127;53;20;11841;2760;451;307;37310;3887;504;327
2022.02_01-07-2022;Калининградская область;90_105_days;CoviVac;13;0;0;0;2;1;0;0;15;1;0;0;25469;1127;53;20;11841;2760;451;307;37310;3887;504;327
2022.02_01-07-2022;Калининградская область;90_105_days;EpiVacCorona;36;2;0;0;19;1;1;1;55;3;1;1;25469;1127;53;20;11841;2760;451;307;37310;3887;504;327
2022.02_01-07-2022;Калининградская область;90_105_days;SputnikLite;203;5;0;0;194;27;1;0;397;32;1;0;25469;1127;53;20;11841;2760;451;307;37310;3887;504;327
2022.02_01-07-2022;Калининградская область;90_105_days;SputnikV;719;19;1;1;296;55;6;2;1015;74;7;3;25469;1127;53;20;11841;2760;451;307;37310;3887;504;327
2022.02_01-07-2022;Калужская область;105_165_days;AllVaccines;1593;40;2;0;674;85;11;6;2267;125;13;6;14602;654;54;17;7132;1949;437;338;21734;2603;491;355
2022.02_01-07-2022;Калужская область;105_165_days;CoviVac;43;1;0;0;6;0;0;0;49;1;0;0;14602;654;54;17;7132;1949;437;338;21734;2603;491;355
2022.02_01-07-2022;Калужская область;105_165_days;EpiVacCorona;37;2;0;0;21;5;0;0;58;7;0;0;14602;654;54;17;7132;1949;437;338;21734;2603;491;355
2022.02_01-07-2022;Калужская область;105_165_days;SputnikLite;978;25;1;0;455;60;10;5;1433;85;11;5;14602;654;54;17;7132;1949;437;338;21734;2603;491;355
2022.02_01-07-2022;Калужская область;105_165_days;SputnikV;535;12;1;0;192;20;1;1;727;32;2;1;14602;654;54;17;7132;1949;437;338;21734;2603;491;355
2022.02_01-07-2022;Калужская область;165_195_days;AllVaccines;1462;32;2;0;449;62;10;6;1911;94;12;6;14602;654;54;17;7132;1949;437;338;21734;2603;491;355
2022.02_01-07-2022;Калужская область;165_195_days;CoviVac;26;0;0;0;4;0;0;0;30;0;0;0;14602;654;54;17;7132;1949;437;338;21734;2603;491;355
2022.02_01-07-2022;Калужская область;165_195_days;EpiVacCorona;77;3;1;0;43;11;2;1;120;14;3;1;14602;654;54;17;7132;1949;437;338;21734;2603;491;355
2022.02_01-07-2022;Калужская область;165_195_days;SputnikLite;291;4;0;0;110;14;1;0;401;18;1;0;14602;654;54;17;7132;1949;437;338;21734;2603;491;355
2022.02_01-07-2022;Калужская область;165_195_days;SputnikV;1068;25;1;0;292;37;7;5;1360;62;8;5;14602;654;54;17;7132;1949;437;338;21734;2603;491;355
2022.02_01-07-2022;Калужская область;21_45_days;AllVaccines;379;13;2;0;187;30;4;4;566;43;6;4;14602;654;54;17;7132;1949;437;338;21734;2603;491;355
2022.02_01-07-2022;Калужская область;21_45_days;CoviVac;2;0;0;0;2;0;0;0;4;0;0;0;14602;654;54;17;7132;1949;437;338;21734;2603;491;355
2022.02_01-07-2022;Калужская область;21_45_days;EpiVacCorona;11;0;0;0;8;5;1;1;19;5;1;1;14602;654;54;17;7132;1949;437;338;21734;2603;491;355
2022.02_01-07-2022;Калужская область;21_45_days;SputnikLite;262;7;2;0;135;19;3;3;397;26;5;3;14602;654;54;17;7132;1949;437;338;21734;2603;491;355
2022.02_01-07-2022;Калужская область;21_45_days;SputnikV;104;6;0;0;42;6;0;0;146;12;0;0;14602;654;54;17;7132;1949;437;338;21734;2603;491;355
2022.02_01-07-2022;Калужская область;45_75_days;AllVaccines;1266;53;3;2;534;102;10;8;1800;155;13;10;14602;654;54;17;7132;1949;437;338;21734;2603;491;355
2022.02_01-07-2022;Калужская область;45_75_days;CoviVac;21;1;0;0;10;1;0;0;31;2;0;0;14602;654;54;17;7132;1949;437;338;21734;2603;491;355
2022.02_01-07-2022;Калужская область;45_75_days;EpiVacCorona;72;6;1;0;45;11;2;0;117;17;3;0;14602;654;54;17;7132;1949;437;338;21734;2603;491;355
2022.02_01-07-2022;Калужская область;45_75_days;SputnikLite;260;9;1;1;179;34;1;3;439;43;2;4;14602;654;54;17;7132;1949;437;338;21734;2603;491;355
2022.02_01-07-2022;Калужская область;45_75_days;SputnikV;913;37;1;1;300;56;7;5;1213;93;8;6;14602;654;54;17;7132;1949;437;338;21734;2603;491;355
2022.02_01-07-2022;Калужская область;75_90_days;AllVaccines;1198;27;5;3;404;59;12;7;1602;86;17;10;14602;654;54;17;7132;1949;437;338;21734;2603;491;355
2022.02_01-07-2022;Калужская область;75_90_days;CoviVac;79;4;1;1;16;3;1;0;95;7;2;1;14602;654;54;17;7132;1949;437;338;21734;2603;491;355
2022.02_01-07-2022;Калужская область;75_90_days;EpiVacCorona;69;1;0;0;29;6;2;1;98;7;2;1;14602;654;54;17;7132;1949;437;338;21734;2603;491;355
2022.02_01-07-2022;Калужская область;75_90_days;SputnikLite;202;5;0;0;131;13;4;3;333;18;4;3;14602;654;54;17;7132;1949;437;338;21734;2603;491;355
2022.02_01-07-2022;Калужская область;75_90_days;SputnikV;848;17;4;2;228;37;5;3;1076;54;9;5;14602;654;54;17;7132;1949;437;338;21734;2603;491;355
2022.02_01-07-2022;Калужская область;90_105_days;AllVaccines;592;23;2;0;228;37;3;2;820;60;5;2;14602;654;54;17;7132;1949;437;338;21734;2603;491;355
2022.02_01-07-2022;Калужская область;90_105_days;CoviVac;50;3;0;0;14;1;0;0;64;4;0;0;14602;654;54;17;7132;1949;437;338;21734;2603;491;355
2022.02_01-07-2022;Калужская область;90_105_days;EpiVacCorona;41;1;0;0;18;6;2;1;59;7;2;1;14602;654;54;17;7132;1949;437;338;21734;2603;491;355
2022.02_01-07-2022;Калужская область;90_105_days;SputnikLite;135;5;2;0;51;7;1;1;186;12;3;1;14602;654;54;17;7132;1949;437;338;21734;2603;491;355
2022.02_01-07-2022;Калужская область;90_105_days;SputnikV;366;14;0;0;145;23;0;0;511;37;0;0;14602;654;54;17;7132;1949;437;338;21734;2603;491;355
2022.02_01-07-2022;Камчатский край;105_165_days;AllVaccines;865;20;0;0;304;35;1;0;1169;55;1;0;9593;395;29;14;3344;687;145;93;12937;1082;174;107
2022.02_01-07-2022;Камчатский край;105_165_days;CoviVac;1;0;0;0;0;0;0;0;1;0;0;0;9593;395;29;14;3344;687;145;93;12937;1082;174;107
2022.02_01-07-2022;Камчатский край;105_165_days;EpiVacCorona;62;0;0;0;18;5;0;0;80;5;0;0;9593;395;29;14;3344;687;145;93;12937;1082;174;107
2022.02_01-07-2022;Камчатский край;105_165_days;SputnikLite;407;10;0;0;184;19;1;0;591;29;1;0;9593;395;29;14;3344;687;145;93;12937;1082;174;107
2022.02_01-07-2022;Камчатский край;105_165_days;SputnikV;395;10;0;0;102;11;0;0;497;21;0;0;9593;395;29;14;3344;687;145;93;12937;1082;174;107
2022.02_01-07-2022;Камчатский край;165_195_days;AllVaccines;832;16;1;0;192;16;1;0;1024;32;2;0;9593;395;29;14;3344;687;145;93;12937;1082;174;107
2022.02_01-07-2022;Камчатский край;165_195_days;CoviVac;3;0;0;0;0;0;0;0;3;0;0;0;9593;395;29;14;3344;687;145;93;12937;1082;174;107
2022.02_01-07-2022;Камчатский край;165_195_days;EpiVacCorona;44;3;0;0;16;3;1;0;60;6;1;0;9593;395;29;14;3344;687;145;93;12937;1082;174;107
2022.02_01-07-2022;Камчатский край;165_195_days;SputnikLite;192;1;0;0;43;1;0;0;235;2;0;0;9593;395;29;14;3344;687;145;93;12937;1082;174;107
2022.02_01-07-2022;Камчатский край;165_195_days;SputnikV;593;12;1;0;133;12;0;0;726;24;1;0;9593;395;29;14;3344;687;145;93;12937;1082;174;107
2022.02_01-07-2022;Камчатский край;21_45_days;AllVaccines;150;6;0;0;61;9;2;0;211;15;2;0;9593;395;29;14;3344;687;145;93;12937;1082;174;107
2022.02_01-07-2022;Камчатский край;21_45_days;EpiVacCorona;4;0;0;0;3;1;0;0;7;1;0;0;9593;395;29;14;3344;687;145;93;12937;1082;174;107
2022.02_01-07-2022;Камчатский край;21_45_days;SputnikLite;102;6;0;0;49;6;1;0;151;12;1;0;9593;395;29;14;3344;687;145;93;12937;1082;174;107
2022.02_01-07-2022;Камчатский край;21_45_days;SputnikV;44;0;0;0;9;2;1;0;53;2;1;0;9593;395;29;14;3344;687;145;93;12937;1082;174;107
2022.02_01-07-2022;Камчатский край;45_75_days;AllVaccines;553;17;0;0;207;33;2;1;760;50;2;1;9593;395;29;14;3344;687;145;93;12937;1082;174;107
2022.02_01-07-2022;Камчатский край;45_75_days;CoviVac;6;0;0;0;1;0;0;0;7;0;0;0;9593;395;29;14;3344;687;145;93;12937;1082;174;107
2022.02_01-07-2022;Камчатский край;45_75_days;EpiVacCorona;25;0;0;0;10;2;0;0;35;2;0;0;9593;395;29;14;3344;687;145;93;12937;1082;174;107
2022.02_01-07-2022;Камчатский край;45_75_days;SputnikLite;191;7;0;0;101;15;2;1;292;22;2;1;9593;395;29;14;3344;687;145;93;12937;1082;174;107
2022.02_01-07-2022;Камчатский край;45_75_days;SputnikV;331;10;0;0;95;16;0;0;426;26;0;0;9593;395;29;14;3344;687;145;93;12937;1082;174;107
2022.02_01-07-2022;Камчатский край;75_90_days;AllVaccines;345;11;1;1;119;19;2;2;464;30;3;3;9593;395;29;14;3344;687;145;93;12937;1082;174;107
2022.02_01-07-2022;Камчатский край;75_90_days;CoviVac;8;0;0;0;0;0;0;0;8;0;0;0;9593;395;29;14;3344;687;145;93;12937;1082;174;107
2022.02_01-07-2022;Камчатский край;75_90_days;EpiVacCorona;9;0;0;0;4;1;0;0;13;1;0;0;9593;395;29;14;3344;687;145;93;12937;1082;174;107
2022.02_01-07-2022;Камчатский край;75_90_days;SputnikLite;143;5;0;0;67;10;2;2;210;15;2;2;9593;395;29;14;3344;687;145;93;12937;1082;174;107
2022.02_01-07-2022;Камчатский край;75_90_days;SputnikV;185;6;1;1;48;8;0;0;233;14;1;1;9593;395;29;14;3344;687;145;93;12937;1082;174;107
2022.02_01-07-2022;Камчатский край;90_105_days;AllVaccines;329;6;0;0;126;18;2;1;455;24;2;1;9593;395;29;14;3344;687;145;93;12937;1082;174;107
2022.02_01-07-2022;Камчатский край;90_105_days;CoviVac;5;0;0;0;0;0;0;0;5;0;0;0;9593;395;29;14;3344;687;145;93;12937;1082;174;107
2022.02_01-07-2022;Камчатский край;90_105_days;EpiVacCorona;8;1;0;0;2;0;0;0;10;1;0;0;9593;395;29;14;3344;687;145;93;12937;1082;174;107
2022.02_01-07-2022;Камчатский край;90_105_days;SputnikLite;249;3;0;0;102;17;2;1;351;20;2;1;9593;395;29;14;3344;687;145;93;12937;1082;174;107
2022.02_01-07-2022;Камчатский край;90_105_days;SputnikV;67;2;0;0;22;1;0;0;89;3;0;0;9593;395;29;14;3344;687;145;93;12937;1082;174;107
2022.02_01-07-2022;Карачаево-Черкесская Республика;105_165_days;AllVaccines;522;21;3;0;265;32;5;2;787;53;8;2;6430;269;32;10;3539;631;147;85;9969;900;179;95
2022.02_01-07-2022;Карачаево-Черкесская Республика;105_165_days;CoviVac;6;1;0;0;6;2;0;0;12;3;0;0;6430;269;32;10;3539;631;147;85;9969;900;179;95
2022.02_01-07-2022;Карачаево-Черкесская Республика;105_165_days;EpiVacCorona;16;2;0;0;2;1;1;0;18;3;1;0;6430;269;32;10;3539;631;147;85;9969;900;179;95
2022.02_01-07-2022;Карачаево-Черкесская Республика;105_165_days;SputnikLite;267;9;3;0;154;14;3;2;421;23;6;2;6430;269;32;10;3539;631;147;85;9969;900;179;95
2022.02_01-07-2022;Карачаево-Черкесская Республика;105_165_days;SputnikV;233;9;0;0;103;15;1;0;336;24;1;0;6430;269;32;10;3539;631;147;85;9969;900;179;95
2022.02_01-07-2022;Карачаево-Черкесская Республика;165_195_days;AllVaccines;771;21;2;1;215;30;8;3;986;51;10;4;6430;269;32;10;3539;631;147;85;9969;900;179;95
2022.02_01-07-2022;Карачаево-Черкесская Республика;165_195_days;CoviVac;19;2;0;0;4;0;0;0;23;2;0;0;6430;269;32;10;3539;631;147;85;9969;900;179;95
2022.02_01-07-2022;Карачаево-Черкесская Республика;165_195_days;EpiVacCorona;47;2;0;0;8;1;0;0;55;3;0;0;6430;269;32;10;3539;631;147;85;9969;900;179;95
2022.02_01-07-2022;Карачаево-Черкесская Республика;165_195_days;SputnikLite;196;5;0;0;67;9;2;0;263;14;2;0;6430;269;32;10;3539;631;147;85;9969;900;179;95
2022.02_01-07-2022;Карачаево-Черкесская Республика;165_195_days;SputnikV;509;12;2;1;136;20;6;3;645;32;8;4;6430;269;32;10;3539;631;147;85;9969;900;179;95
2022.02_01-07-2022;Карачаево-Черкесская Республика;21_45_days;AllVaccines;297;13;2;0;125;19;2;2;422;32;4;2;6430;269;32;10;3539;631;147;85;9969;900;179;95
2022.02_01-07-2022;Карачаево-Черкесская Республика;21_45_days;CoviVac;2;1;1;0;1;1;0;0;3;2;1;0;6430;269;32;10;3539;631;147;85;9969;900;179;95
2022.02_01-07-2022;Карачаево-Черкесская Республика;21_45_days;EpiVacCorona;26;2;1;0;5;1;0;0;31;3;1;0;6430;269;32;10;3539;631;147;85;9969;900;179;95
2022.02_01-07-2022;Карачаево-Черкесская Республика;21_45_days;SputnikLite;206;6;0;0;83;11;2;2;289;17;2;2;6430;269;32;10;3539;631;147;85;9969;900;179;95
2022.02_01-07-2022;Карачаево-Черкесская Республика;21_45_days;SputnikV;63;4;0;0;36;6;0;0;99;10;0;0;6430;269;32;10;3539;631;147;85;9969;900;179;95
2022.02_01-07-2022;Карачаево-Черкесская Республика;45_75_days;AllVaccines;379;10;0;0;167;25;4;0;546;35;4;0;6430;269;32;10;3539;631;147;85;9969;900;179;95
2022.02_01-07-2022;Карачаево-Черкесская Республика;45_75_days;CoviVac;10;0;0;0;2;1;0;0;12;1;0;0;6430;269;32;10;3539;631;147;85;9969;900;179;95
2022.02_01-07-2022;Карачаево-Черкесская Республика;45_75_days;EpiVacCorona;9;0;0;0;5;2;0;0;14;2;0;0;6430;269;32;10;3539;631;147;85;9969;900;179;95
2022.02_01-07-2022;Карачаево-Черкесская Республика;45_75_days;SputnikLite;202;3;0;0;103;14;1;0;305;17;1;0;6430;269;32;10;3539;631;147;85;9969;900;179;95
2022.02_01-07-2022;Карачаево-Черкесская Республика;45_75_days;SputnikV;158;7;0;0;57;8;3;0;215;15;3;0;6430;269;32;10;3539;631;147;85;9969;900;179;95
2022.02_01-07-2022;Карачаево-Черкесская Республика;75_90_days;AllVaccines;219;12;2;1;109;15;3;2;328;27;5;3;6430;269;32;10;3539;631;147;85;9969;900;179;95
2022.02_01-07-2022;Карачаево-Черкесская Республика;75_90_days;CoviVac;1;1;0;0;0;0;0;0;1;1;0;0;6430;269;32;10;3539;631;147;85;9969;900;179;95
2022.02_01-07-2022;Карачаево-Черкесская Республика;75_90_days;SputnikLite;153;8;1;0;70;7;1;0;223;15;2;0;6430;269;32;10;3539;631;147;85;9969;900;179;95
2022.02_01-07-2022;Карачаево-Черкесская Республика;75_90_days;SputnikV;65;3;1;1;39;8;2;2;104;11;3;3;6430;269;32;10;3539;631;147;85;9969;900;179;95
2022.02_01-07-2022;Карачаево-Черкесская Республика;90_105_days;AllVaccines;204;5;0;0;114;13;3;2;318;18;3;2;6430;269;32;10;3539;631;147;85;9969;900;179;95
2022.02_01-07-2022;Карачаево-Черкесская Республика;90_105_days;EpiVacCorona;2;0;0;0;4;2;1;0;6;2;1;0;6430;269;32;10;3539;631;147;85;9969;900;179;95
2022.02_01-07-2022;Карачаево-Черкесская Республика;90_105_days;SputnikLite;160;4;0;0;79;6;2;2;239;10;2;2;6430;269;32;10;3539;631;147;85;9969;900;179;95
2022.02_01-07-2022;Карачаево-Черкесская Республика;90_105_days;SputnikV;42;1;0;0;31;5;0;0;73;6;0;0;6430;269;32;10;3539;631;147;85;9969;900;179;95
2022.02_01-07-2022;Кемеровская область;105_165_days;AllVaccines;2938;117;2;1;1475;264;26;20;4413;381;28;21;35313;2068;150;95;20036;5415;913;843;55349;7483;1063;938
2022.02_01-07-2022;Кемеровская область;105_165_days;CoviVac;83;1;0;0;29;2;0;0;112;3;0;0;35313;2068;150;95;20036;5415;913;843;55349;7483;1063;938
2022.02_01-07-2022;Кемеровская область;105_165_days;EpiVacCorona;42;2;0;0;22;3;0;0;64;5;0;0;35313;2068;150;95;20036;5415;913;843;55349;7483;1063;938
2022.02_01-07-2022;Кемеровская область;105_165_days;SputnikLite;724;30;1;1;759;135;20;12;1483;165;21;13;35313;2068;150;95;20036;5415;913;843;55349;7483;1063;938
2022.02_01-07-2022;Кемеровская область;105_165_days;SputnikV;2089;84;1;0;665;124;6;8;2754;208;7;8;35313;2068;150;95;20036;5415;913;843;55349;7483;1063;938
2022.02_01-07-2022;Кемеровская область;165_195_days;AllVaccines;4289;159;3;1;1015;136;18;6;5304;295;21;7;35313;2068;150;95;20036;5415;913;843;55349;7483;1063;938
2022.02_01-07-2022;Кемеровская область;165_195_days;CoviVac;37;2;0;0;6;1;0;0;43;3;0;0;35313;2068;150;95;20036;5415;913;843;55349;7483;1063;938
2022.02_01-07-2022;Кемеровская область;165_195_days;EpiVacCorona;72;5;0;0;27;3;0;0;99;8;0;0;35313;2068;150;95;20036;5415;913;843;55349;7483;1063;938
2022.02_01-07-2022;Кемеровская область;165_195_days;SputnikLite;210;13;0;0;88;13;1;0;298;26;1;0;35313;2068;150;95;20036;5415;913;843;55349;7483;1063;938
2022.02_01-07-2022;Кемеровская область;165_195_days;SputnikV;3970;139;3;1;894;119;17;6;4864;258;20;7;35313;2068;150;95;20036;5415;913;843;55349;7483;1063;938
2022.02_01-07-2022;Кемеровская область;21_45_days;AllVaccines;1724;62;3;3;736;127;14;9;2460;189;17;12;35313;2068;150;95;20036;5415;913;843;55349;7483;1063;938
2022.02_01-07-2022;Кемеровская область;21_45_days;CoviVac;10;0;0;0;3;0;0;0;13;0;0;0;35313;2068;150;95;20036;5415;913;843;55349;7483;1063;938
2022.02_01-07-2022;Кемеровская область;21_45_days;EpiVacCorona;96;4;0;0;93;26;5;2;189;30;5;2;35313;2068;150;95;20036;5415;913;843;55349;7483;1063;938
2022.02_01-07-2022;Кемеровская область;21_45_days;SputnikLite;1245;44;3;2;478;66;7;5;1723;110;10;7;35313;2068;150;95;20036;5415;913;843;55349;7483;1063;938
2022.02_01-07-2022;Кемеровская область;21_45_days;SputnikV;373;14;0;1;162;35;2;2;535;49;2;3;35313;2068;150;95;20036;5415;913;843;55349;7483;1063;938
2022.02_01-07-2022;Кемеровская область;45_75_days;AllVaccines;2883;132;7;4;1446;262;23;13;4329;394;30;17;35313;2068;150;95;20036;5415;913;843;55349;7483;1063;938
2022.02_01-07-2022;Кемеровская область;45_75_days;CoviVac;48;3;0;0;17;2;0;0;65;5;0;0;35313;2068;150;95;20036;5415;913;843;55349;7483;1063;938
2022.02_01-07-2022;Кемеровская область;45_75_days;EpiVacCorona;131;8;0;0;83;20;1;3;214;28;1;3;35313;2068;150;95;20036;5415;913;843;55349;7483;1063;938
2022.02_01-07-2022;Кемеровская область;45_75_days;SputnikLite;715;21;3;2;490;81;7;2;1205;102;10;4;35313;2068;150;95;20036;5415;913;843;55349;7483;1063;938
2022.02_01-07-2022;Кемеровская область;45_75_days;SputnikV;1989;100;4;2;856;159;15;8;2845;259;19;10;35313;2068;150;95;20036;5415;913;843;55349;7483;1063;938
2022.02_01-07-2022;Кемеровская область;75_90_days;AllVaccines;1162;58;4;3;739;139;19;12;1901;197;23;15;35313;2068;150;95;20036;5415;913;843;55349;7483;1063;938
2022.02_01-07-2022;Кемеровская область;75_90_days;CoviVac;33;0;0;0;7;1;0;1;40;1;0;1;35313;2068;150;95;20036;5415;913;843;55349;7483;1063;938
2022.02_01-07-2022;Кемеровская область;75_90_days;EpiVacCorona;73;5;1;1;48;12;3;1;121;17;4;2;35313;2068;150;95;20036;5415;913;843;55349;7483;1063;938
2022.02_01-07-2022;Кемеровская область;75_90_days;SputnikLite;385;21;1;1;322;55;7;4;707;76;8;5;35313;2068;150;95;20036;5415;913;843;55349;7483;1063;938
2022.02_01-07-2022;Кемеровская область;75_90_days;SputnikV;671;32;2;1;362;71;9;6;1033;103;11;7;35313;2068;150;95;20036;5415;913;843;55349;7483;1063;938
2022.02_01-07-2022;Кемеровская область;90_105_days;AllVaccines;860;28;1;2;640;124;11;7;1500;152;12;9;35313;2068;150;95;20036;5415;913;843;55349;7483;1063;938
2022.02_01-07-2022;Кемеровская область;90_105_days;CoviVac;21;1;0;0;3;1;0;0;24;2;0;0;35313;2068;150;95;20036;5415;913;843;55349;7483;1063;938
2022.02_01-07-2022;Кемеровская область;90_105_days;EpiVacCorona;32;5;1;1;30;12;0;0;62;17;1;1;35313;2068;150;95;20036;5415;913;843;55349;7483;1063;938
2022.02_01-07-2022;Кемеровская область;90_105_days;SputnikLite;355;12;0;0;320;52;6;6;675;64;6;6;35313;2068;150;95;20036;5415;913;843;55349;7483;1063;938
2022.02_01-07-2022;Кемеровская область;90_105_days;SputnikV;452;10;0;1;287;59;5;1;739;69;5;2;35313;2068;150;95;20036;5415;913;843;55349;7483;1063;938
2022.02_01-07-2022;Кировская область;105_165_days;AllVaccines;5582;176;6;0;2879;397;16;14;8461;573;22;14;53762;2372;54;25;22651;4781;486;436;76413;7153;540;461
2022.02_01-07-2022;Кировская область;105_165_days;CoviVac;106;6;0;0;10;1;0;0;116;7;0;0;53762;2372;54;25;22651;4781;486;436;76413;7153;540;461
2022.02_01-07-2022;Кировская область;105_165_days;EpiVacCorona;53;4;0;0;20;3;0;0;73;7;0;0;53762;2372;54;25;22651;4781;486;436;76413;7153;540;461
2022.02_01-07-2022;Кировская область;105_165_days;SputnikLite;4530;136;6;0;2166;295;10;10;6696;431;16;10;53762;2372;54;25;22651;4781;486;436;76413;7153;540;461
2022.02_01-07-2022;Кировская область;105_165_days;SputnikV;893;30;0;0;683;98;6;4;1576;128;6;4;53762;2372;54;25;22651;4781;486;436;76413;7153;540;461
2022.02_01-07-2022;Кировская область;165_195_days;AllVaccines;4399;142;4;0;1173;170;6;5;5572;312;10;5;53762;2372;54;25;22651;4781;486;436;76413;7153;540;461
2022.02_01-07-2022;Кировская область;165_195_days;CoviVac;34;1;0;0;2;0;0;0;36;1;0;0;53762;2372;54;25;22651;4781;486;436;76413;7153;540;461
2022.02_01-07-2022;Кировская область;165_195_days;EpiVacCorona;99;6;0;0;37;8;1;1;136;14;1;1;53762;2372;54;25;22651;4781;486;436;76413;7153;540;461
2022.02_01-07-2022;Кировская область;165_195_days;SputnikLite;1580;54;1;0;276;28;1;1;1856;82;2;1;53762;2372;54;25;22651;4781;486;436;76413;7153;540;461
2022.02_01-07-2022;Кировская область;165_195_days;SputnikV;2686;81;3;0;858;134;4;3;3544;215;7;3;53762;2372;54;25;22651;4781;486;436;76413;7153;540;461
2022.02_01-07-2022;Кировская область;21_45_days;AllVaccines;1817;69;1;1;944;138;2;3;2761;207;3;4;53762;2372;54;25;22651;4781;486;436;76413;7153;540;461
2022.02_01-07-2022;Кировская область;21_45_days;CoviVac;31;2;0;0;11;1;0;0;42;3;0;0;53762;2372;54;25;22651;4781;486;436;76413;7153;540;461
2022.02_01-07-2022;Кировская область;21_45_days;EpiVacCorona;80;14;1;1;41;9;0;0;121;23;1;1;53762;2372;54;25;22651;4781;486;436;76413;7153;540;461
2022.02_01-07-2022;Кировская область;21_45_days;SputnikLite;1441;42;0;0;711;98;1;3;2152;140;1;3;53762;2372;54;25;22651;4781;486;436;76413;7153;540;461
2022.02_01-07-2022;Кировская область;21_45_days;SputnikV;265;11;0;0;181;30;1;0;446;41;1;0;53762;2372;54;25;22651;4781;486;436;76413;7153;540;461
2022.02_01-07-2022;Кировская область;45_75_days;AllVaccines;4362;161;2;0;2185;353;11;10;6547;514;13;10;53762;2372;54;25;22651;4781;486;436;76413;7153;540;461
2022.02_01-07-2022;Кировская область;45_75_days;CoviVac;126;5;1;0;19;3;0;0;145;8;1;0;53762;2372;54;25;22651;4781;486;436;76413;7153;540;461
2022.02_01-07-2022;Кировская область;45_75_days;EpiVacCorona;307;18;0;0;131;33;1;1;438;51;1;1;53762;2372;54;25;22651;4781;486;436;76413;7153;540;461
2022.02_01-07-2022;Кировская область;45_75_days;SputnikLite;1449;49;0;0;787;107;4;4;2236;156;4;4;53762;2372;54;25;22651;4781;486;436;76413;7153;540;461
2022.02_01-07-2022;Кировская область;45_75_days;SputnikV;2480;89;1;0;1248;210;6;5;3728;299;7;5;53762;2372;54;25;22651;4781;486;436;76413;7153;540;461
2022.02_01-07-2022;Кировская область;75_90_days;AllVaccines;4140;136;0;0;1864;295;11;6;6004;431;11;6;53762;2372;54;25;22651;4781;486;436;76413;7153;540;461
2022.02_01-07-2022;Кировская область;75_90_days;CoviVac;215;4;0;0;27;3;0;0;242;7;0;0;53762;2372;54;25;22651;4781;486;436;76413;7153;540;461
2022.02_01-07-2022;Кировская область;75_90_days;EpiVacCorona;246;9;0;0;73;17;2;1;319;26;2;1;53762;2372;54;25;22651;4781;486;436;76413;7153;540;461
2022.02_01-07-2022;Кировская область;75_90_days;SputnikLite;1398;46;0;0;796;120;6;3;2194;166;6;3;53762;2372;54;25;22651;4781;486;436;76413;7153;540;461
2022.02_01-07-2022;Кировская область;75_90_days;SputnikV;2281;77;0;0;968;155;3;2;3249;232;3;2;53762;2372;54;25;22651;4781;486;436;76413;7153;540;461
2022.02_01-07-2022;Кировская область;90_105_days;AllVaccines;2523;82;0;1;1280;200;6;5;3803;282;6;6;53762;2372;54;25;22651;4781;486;436;76413;7153;540;461
2022.02_01-07-2022;Кировская область;90_105_days;CoviVac;147;7;0;0;17;1;0;0;164;8;0;0;53762;2372;54;25;22651;4781;486;436;76413;7153;540;461
2022.02_01-07-2022;Кировская область;90_105_days;EpiVacCorona;151;7;0;0;69;18;0;0;220;25;0;0;53762;2372;54;25;22651;4781;486;436;76413;7153;540;461
2022.02_01-07-2022;Кировская область;90_105_days;SputnikLite;1134;33;0;1;617;82;2;2;1751;115;2;3;53762;2372;54;25;22651;4781;486;436;76413;7153;540;461
2022.02_01-07-2022;Кировская область;90_105_days;SputnikV;1091;35;0;0;577;99;4;3;1668;134;4;3;53762;2372;54;25;22651;4781;486;436;76413;7153;540;461
2022.02_01-07-2022;Костромская область;105_165_days;AllVaccines;1250;39;1;1;603;84;6;5;1853;123;7;6;12833;446;26;16;5978;1204;141;114;18811;1650;167;130
2022.02_01-07-2022;Костромская область;105_165_days;CoviVac;5;0;0;0;1;1;0;0;6;1;0;0;12833;446;26;16;5978;1204;141;114;18811;1650;167;130
2022.02_01-07-2022;Костромская область;105_165_days;EpiVacCorona;2;0;0;0;1;0;0;0;3;0;0;0;12833;446;26;16;5978;1204;141;114;18811;1650;167;130
2022.02_01-07-2022;Костромская область;105_165_days;SputnikLite;807;24;0;0;394;55;4;2;1201;79;4;2;12833;446;26;16;5978;1204;141;114;18811;1650;167;130
2022.02_01-07-2022;Костромская область;105_165_days;SputnikV;436;15;1;1;207;28;2;3;643;43;3;4;12833;446;26;16;5978;1204;141;114;18811;1650;167;130
2022.02_01-07-2022;Костромская область;165_195_days;AllVaccines;1767;26;1;0;337;42;1;0;2104;68;2;0;12833;446;26;16;5978;1204;141;114;18811;1650;167;130
2022.02_01-07-2022;Костромская область;165_195_days;CoviVac;30;0;0;0;5;1;0;0;35;1;0;0;12833;446;26;16;5978;1204;141;114;18811;1650;167;130
2022.02_01-07-2022;Костромская область;165_195_days;SputnikLite;434;5;1;0;72;8;0;0;506;13;1;0;12833;446;26;16;5978;1204;141;114;18811;1650;167;130
2022.02_01-07-2022;Костромская область;165_195_days;SputnikV;1303;21;0;0;260;33;1;0;1563;54;1;0;12833;446;26;16;5978;1204;141;114;18811;1650;167;130
2022.02_01-07-2022;Костромская область;21_45_days;AllVaccines;225;8;1;0;116;14;2;1;341;22;3;1;12833;446;26;16;5978;1204;141;114;18811;1650;167;130
2022.02_01-07-2022;Костромская область;21_45_days;CoviVac;3;0;0;0;1;0;0;0;4;0;0;0;12833;446;26;16;5978;1204;141;114;18811;1650;167;130
2022.02_01-07-2022;Костромская область;21_45_days;EpiVacCorona;14;0;0;0;12;3;1;0;26;3;1;0;12833;446;26;16;5978;1204;141;114;18811;1650;167;130
2022.02_01-07-2022;Костромская область;21_45_days;SputnikLite;162;7;0;0;87;6;1;1;249;13;1;1;12833;446;26;16;5978;1204;141;114;18811;1650;167;130
2022.02_01-07-2022;Костромская область;21_45_days;SputnikV;46;1;1;0;16;5;0;0;62;6;1;0;12833;446;26;16;5978;1204;141;114;18811;1650;167;130
2022.02_01-07-2022;Костромская область;45_75_days;AllVaccines;873;34;2;1;421;58;6;3;1294;92;8;4;12833;446;26;16;5978;1204;141;114;18811;1650;167;130
2022.02_01-07-2022;Костромская область;45_75_days;CoviVac;14;0;0;0;6;0;0;0;20;0;0;0;12833;446;26;16;5978;1204;141;114;18811;1650;167;130
2022.02_01-07-2022;Костромская область;45_75_days;EpiVacCorona;113;9;1;1;49;16;2;2;162;25;3;3;12833;446;26;16;5978;1204;141;114;18811;1650;167;130
2022.02_01-07-2022;Костромская область;45_75_days;SputnikLite;400;13;1;0;171;20;2;0;571;33;3;0;12833;446;26;16;5978;1204;141;114;18811;1650;167;130
2022.02_01-07-2022;Костромская область;45_75_days;SputnikV;346;12;0;0;195;22;2;1;541;34;2;1;12833;446;26;16;5978;1204;141;114;18811;1650;167;130
2022.02_01-07-2022;Костромская область;75_90_days;AllVaccines;506;21;1;0;309;36;3;2;815;57;4;2;12833;446;26;16;5978;1204;141;114;18811;1650;167;130
2022.02_01-07-2022;Костромская область;75_90_days;CoviVac;26;0;0;0;6;1;0;0;32;1;0;0;12833;446;26;16;5978;1204;141;114;18811;1650;167;130
2022.02_01-07-2022;Костромская область;75_90_days;EpiVacCorona;35;2;0;0;9;1;0;0;44;3;0;0;12833;446;26;16;5978;1204;141;114;18811;1650;167;130
2022.02_01-07-2022;Костромская область;75_90_days;SputnikLite;229;13;0;0;145;16;2;2;374;29;2;2;12833;446;26;16;5978;1204;141;114;18811;1650;167;130
2022.02_01-07-2022;Костромская область;75_90_days;SputnikV;216;6;1;0;149;18;1;0;365;24;2;0;12833;446;26;16;5978;1204;141;114;18811;1650;167;130
2022.02_01-07-2022;Костромская область;90_105_days;AllVaccines;524;19;0;0;280;45;2;1;804;64;2;1;12833;446;26;16;5978;1204;141;114;18811;1650;167;130
2022.02_01-07-2022;Костромская область;90_105_days;CoviVac;27;0;0;0;9;2;0;0;36;2;0;0;12833;446;26;16;5978;1204;141;114;18811;1650;167;130
2022.02_01-07-2022;Костромская область;90_105_days;EpiVacCorona;8;3;0;0;7;3;0;0;15;6;0;0;12833;446;26;16;5978;1204;141;114;18811;1650;167;130
2022.02_01-07-2022;Костромская область;90_105_days;SputnikLite;349;12;0;0;162;21;2;1;511;33;2;1;12833;446;26;16;5978;1204;141;114;18811;1650;167;130
2022.02_01-07-2022;Костромская область;90_105_days;SputnikV;140;4;0;0;102;19;0;0;242;23;0;0;12833;446;26;16;5978;1204;141;114;18811;1650;167;130
2022.02_01-07-2022;Краснодарский край;105_165_days;AllVaccines;6121;217;15;3;2527;469;124;71;8648;686;139;74;73851;3478;417;134;26834;6901;2189;1449;100685;10379;2606;1583
2022.02_01-07-2022;Краснодарский край;105_165_days;CoviVac;204;8;0;0;50;9;2;1;254;17;2;1;73851;3478;417;134;26834;6901;2189;1449;100685;10379;2606;1583
2022.02_01-07-2022;Краснодарский край;105_165_days;EpiVacCorona;151;8;0;0;72;23;11;4;223;31;11;4;73851;3478;417;134;26834;6901;2189;1449;100685;10379;2606;1583
2022.02_01-07-2022;Краснодарский край;105_165_days;SputnikLite;1154;46;3;0;1049;141;26;14;2203;187;29;14;73851;3478;417;134;26834;6901;2189;1449;100685;10379;2606;1583
2022.02_01-07-2022;Краснодарский край;105_165_days;SputnikV;4612;155;12;3;1356;296;85;52;5968;451;97;55;73851;3478;417;134;26834;6901;2189;1449;100685;10379;2606;1583
2022.02_01-07-2022;Краснодарский край;165_195_days;AllVaccines;11215;317;39;7;1939;276;77;29;13154;593;116;36;73851;3478;417;134;26834;6901;2189;1449;100685;10379;2606;1583
2022.02_01-07-2022;Краснодарский край;165_195_days;CoviVac;171;3;1;0;42;6;0;0;213;9;1;0;73851;3478;417;134;26834;6901;2189;1449;100685;10379;2606;1583
2022.02_01-07-2022;Краснодарский край;165_195_days;EpiVacCorona;50;6;1;0;20;8;3;1;70;14;4;1;73851;3478;417;134;26834;6901;2189;1449;100685;10379;2606;1583
2022.02_01-07-2022;Краснодарский край;165_195_days;SputnikLite;385;9;1;1;212;24;2;0;597;33;3;1;73851;3478;417;134;26834;6901;2189;1449;100685;10379;2606;1583
2022.02_01-07-2022;Краснодарский край;165_195_days;SputnikV;10609;299;36;6;1665;238;72;28;12274;537;108;34;73851;3478;417;134;26834;6901;2189;1449;100685;10379;2606;1583
2022.02_01-07-2022;Краснодарский край;21_45_days;AllVaccines;2070;76;8;2;857;169;41;30;2927;245;49;32;73851;3478;417;134;26834;6901;2189;1449;100685;10379;2606;1583
2022.02_01-07-2022;Краснодарский край;21_45_days;CoviVac;26;2;0;0;6;0;0;0;32;2;0;0;73851;3478;417;134;26834;6901;2189;1449;100685;10379;2606;1583
2022.02_01-07-2022;Краснодарский край;21_45_days;EpiVacCorona;39;3;1;0;17;8;4;3;56;11;5;3;73851;3478;417;134;26834;6901;2189;1449;100685;10379;2606;1583
2022.02_01-07-2022;Краснодарский край;21_45_days;SputnikLite;1186;20;4;1;487;63;15;12;1673;83;19;13;73851;3478;417;134;26834;6901;2189;1449;100685;10379;2606;1583
2022.02_01-07-2022;Краснодарский край;21_45_days;SputnikV;819;51;3;1;347;98;22;15;1166;149;25;16;73851;3478;417;134;26834;6901;2189;1449;100685;10379;2606;1583
2022.02_01-07-2022;Краснодарский край;45_75_days;AllVaccines;5391;209;23;8;2199;422;117;72;7590;631;140;80;73851;3478;417;134;26834;6901;2189;1449;100685;10379;2606;1583
2022.02_01-07-2022;Краснодарский край;45_75_days;CoviVac;82;6;1;0;20;5;4;1;102;11;5;1;73851;3478;417;134;26834;6901;2189;1449;100685;10379;2606;1583
2022.02_01-07-2022;Краснодарский край;45_75_days;EpiVacCorona;127;9;3;1;65;22;6;5;192;31;9;6;73851;3478;417;134;26834;6901;2189;1449;100685;10379;2606;1583
2022.02_01-07-2022;Краснодарский край;45_75_days;SputnikLite;1035;33;4;3;637;107;29;17;1672;140;33;20;73851;3478;417;134;26834;6901;2189;1449;100685;10379;2606;1583
2022.02_01-07-2022;Краснодарский край;45_75_days;SputnikV;4147;161;15;4;1477;288;78;49;5624;449;93;53;73851;3478;417;134;26834;6901;2189;1449;100685;10379;2606;1583
2022.02_01-07-2022;Краснодарский край;75_90_days;AllVaccines;2740;101;11;4;1183;193;43;21;3923;294;54;25;73851;3478;417;134;26834;6901;2189;1449;100685;10379;2606;1583
2022.02_01-07-2022;Краснодарский край;75_90_days;CoviVac;57;0;0;0;15;3;0;0;72;3;0;0;73851;3478;417;134;26834;6901;2189;1449;100685;10379;2606;1583
2022.02_01-07-2022;Краснодарский край;75_90_days;EpiVacCorona;73;0;0;0;45;10;1;0;118;10;1;0;73851;3478;417;134;26834;6901;2189;1449;100685;10379;2606;1583
2022.02_01-07-2022;Краснодарский край;75_90_days;SputnikLite;605;14;1;0;467;61;10;4;1072;75;11;4;73851;3478;417;134;26834;6901;2189;1449;100685;10379;2606;1583
2022.02_01-07-2022;Краснодарский край;75_90_days;SputnikV;2005;87;10;4;656;119;32;17;2661;206;42;21;73851;3478;417;134;26834;6901;2189;1449;100685;10379;2606;1583
2022.02_01-07-2022;Краснодарский край;90_105_days;AllVaccines;1962;58;6;3;817;159;52;26;2779;217;58;29;73851;3478;417;134;26834;6901;2189;1449;100685;10379;2606;1583
2022.02_01-07-2022;Краснодарский край;90_105_days;CoviVac;73;5;1;1;27;3;1;0;100;8;2;1;73851;3478;417;134;26834;6901;2189;1449;100685;10379;2606;1583
2022.02_01-07-2022;Краснодарский край;90_105_days;EpiVacCorona;51;4;0;0;35;10;4;2;86;14;4;2;73851;3478;417;134;26834;6901;2189;1449;100685;10379;2606;1583
2022.02_01-07-2022;Краснодарский край;90_105_days;SputnikLite;339;9;2;1;276;44;9;4;615;53;11;5;73851;3478;417;134;26834;6901;2189;1449;100685;10379;2606;1583
2022.02_01-07-2022;Краснодарский край;90_105_days;SputnikV;1499;40;3;1;479;102;38;20;1978;142;41;21;73851;3478;417;134;26834;6901;2189;1449;100685;10379;2606;1583
2022.02_01-07-2022;Красноярский край;105_165_days;AllVaccines;10335;206;22;7;2951;376;60;32;13286;582;82;39;90618;2830;251;87;29765;6455;1586;1071;120383;9285;1837;1158
2022.02_01-07-2022;Красноярский край;105_165_days;CoviVac;235;4;0;0;33;2;1;1;268;6;1;1;90618;2830;251;87;29765;6455;1586;1071;120383;9285;1837;1158
2022.02_01-07-2022;Красноярский край;105_165_days;EpiVacCorona;150;6;1;0;77;21;7;2;227;27;8;2;90618;2830;251;87;29765;6455;1586;1071;120383;9285;1837;1158
2022.02_01-07-2022;Красноярский край;105_165_days;SputnikLite;5211;111;10;2;1588;200;26;16;6799;311;36;18;90618;2830;251;87;29765;6455;1586;1071;120383;9285;1837;1158
2022.02_01-07-2022;Красноярский край;105_165_days;SputnikV;4739;85;11;5;1253;153;26;13;5992;238;37;18;90618;2830;251;87;29765;6455;1586;1071;120383;9285;1837;1158
2022.02_01-07-2022;Красноярский край;165_195_days;AllVaccines;14243;236;9;4;2391;265;41;20;16634;501;50;24;90618;2830;251;87;29765;6455;1586;1071;120383;9285;1837;1158
2022.02_01-07-2022;Красноярский край;165_195_days;CoviVac;278;5;0;0;26;1;0;0;304;6;0;0;90618;2830;251;87;29765;6455;1586;1071;120383;9285;1837;1158
2022.02_01-07-2022;Красноярский край;165_195_days;EpiVacCorona;510;10;0;0;166;30;6;4;676;40;6;4;90618;2830;251;87;29765;6455;1586;1071;120383;9285;1837;1158
2022.02_01-07-2022;Красноярский край;165_195_days;SputnikLite;4526;75;2;0;476;45;4;1;5002;120;6;1;90618;2830;251;87;29765;6455;1586;1071;120383;9285;1837;1158
2022.02_01-07-2022;Красноярский край;165_195_days;SputnikV;8929;146;7;4;1723;189;31;15;10652;335;38;19;90618;2830;251;87;29765;6455;1586;1071;120383;9285;1837;1158
2022.02_01-07-2022;Красноярский край;21_45_days;AllVaccines;2746;71;3;0;1035;148;26;17;3781;219;29;17;90618;2830;251;87;29765;6455;1586;1071;120383;9285;1837;1158
2022.02_01-07-2022;Красноярский край;21_45_days;CoviVac;24;1;0;0;7;0;0;0;31;1;0;0;90618;2830;251;87;29765;6455;1586;1071;120383;9285;1837;1158
2022.02_01-07-2022;Красноярский край;21_45_days;EpiVacCorona;71;2;0;0;45;17;5;3;116;19;5;3;90618;2830;251;87;29765;6455;1586;1071;120383;9285;1837;1158
2022.02_01-07-2022;Красноярский край;21_45_days;SputnikLite;1766;40;2;0;679;70;15;8;2445;110;17;8;90618;2830;251;87;29765;6455;1586;1071;120383;9285;1837;1158
2022.02_01-07-2022;Красноярский край;21_45_days;SputnikV;885;28;1;0;304;61;6;6;1189;89;7;6;90618;2830;251;87;29765;6455;1586;1071;120383;9285;1837;1158
2022.02_01-07-2022;Красноярский край;45_75_days;AllVaccines;6797;154;12;2;2548;372;65;34;9345;526;77;36;90618;2830;251;87;29765;6455;1586;1071;120383;9285;1837;1158
2022.02_01-07-2022;Красноярский край;45_75_days;CoviVac;123;6;0;0;34;7;0;0;157;13;0;0;90618;2830;251;87;29765;6455;1586;1071;120383;9285;1837;1158
2022.02_01-07-2022;Красноярский край;45_75_days;EpiVacCorona;388;13;5;1;203;55;16;8;591;68;21;9;90618;2830;251;87;29765;6455;1586;1071;120383;9285;1837;1158
2022.02_01-07-2022;Красноярский край;45_75_days;SputnikLite;1793;47;2;0;899;98;11;6;2692;145;13;6;90618;2830;251;87;29765;6455;1586;1071;120383;9285;1837;1158
2022.02_01-07-2022;Красноярский край;45_75_days;SputnikV;4493;88;5;1;1412;212;38;20;5905;300;43;21;90618;2830;251;87;29765;6455;1586;1071;120383;9285;1837;1158
2022.02_01-07-2022;Красноярский край;75_90_days;AllVaccines;3651;106;12;6;1491;207;34;21;5142;313;46;27;90618;2830;251;87;29765;6455;1586;1071;120383;9285;1837;1158
2022.02_01-07-2022;Красноярский край;75_90_days;CoviVac;91;5;0;0;25;4;0;0;116;9;0;0;90618;2830;251;87;29765;6455;1586;1071;120383;9285;1837;1158
2022.02_01-07-2022;Красноярский край;75_90_days;EpiVacCorona;178;10;2;0;125;32;4;1;303;42;6;1;90618;2830;251;87;29765;6455;1586;1071;120383;9285;1837;1158
2022.02_01-07-2022;Красноярский край;75_90_days;SputnikLite;1262;31;5;1;637;70;14;12;1899;101;19;13;90618;2830;251;87;29765;6455;1586;1071;120383;9285;1837;1158
2022.02_01-07-2022;Красноярский край;75_90_days;SputnikV;2120;60;5;5;704;101;16;8;2824;161;21;13;90618;2830;251;87;29765;6455;1586;1071;120383;9285;1837;1158
2022.02_01-07-2022;Красноярский край;90_105_days;AllVaccines;1914;34;5;1;824;112;19;9;2738;146;24;10;90618;2830;251;87;29765;6455;1586;1071;120383;9285;1837;1158
2022.02_01-07-2022;Красноярский край;90_105_days;CoviVac;60;0;0;0;18;2;0;0;78;2;0;0;90618;2830;251;87;29765;6455;1586;1071;120383;9285;1837;1158
2022.02_01-07-2022;Красноярский край;90_105_days;EpiVacCorona;89;0;0;0;49;16;0;0;138;16;0;0;90618;2830;251;87;29765;6455;1586;1071;120383;9285;1837;1158
2022.02_01-07-2022;Красноярский край;90_105_days;SputnikLite;832;15;3;0;261;27;6;2;1093;42;9;2;90618;2830;251;87;29765;6455;1586;1071;120383;9285;1837;1158
2022.02_01-07-2022;Красноярский край;90_105_days;SputnikV;933;19;2;1;496;67;13;7;1429;86;15;8;90618;2830;251;87;29765;6455;1586;1071;120383;9285;1837;1158
2022.02_01-07-2022;Курганская область;105_165_days;AllVaccines;3743;66;13;1;1498;122;26;6;5241;188;39;7;29033;861;105;27;12324;1842;525;201;41357;2703;630;228
2022.02_01-07-2022;Курганская область;105_165_days;CoviVac;43;2;0;0;16;1;0;0;59;3;0;0;29033;861;105;27;12324;1842;525;201;41357;2703;630;228
2022.02_01-07-2022;Курганская область;105_165_days;EpiVacCorona;6;0;0;0;4;2;1;0;10;2;1;0;29033;861;105;27;12324;1842;525;201;41357;2703;630;228
2022.02_01-07-2022;Курганская область;105_165_days;SputnikLite;2239;41;10;0;1068;75;12;4;3307;116;22;4;29033;861;105;27;12324;1842;525;201;41357;2703;630;228
2022.02_01-07-2022;Курганская область;105_165_days;SputnikV;1455;23;3;1;410;44;13;2;1865;67;16;3;29033;861;105;27;12324;1842;525;201;41357;2703;630;228
2022.02_01-07-2022;Курганская область;165_195_days;AllVaccines;3047;52;5;0;852;80;19;5;3899;132;24;5;29033;861;105;27;12324;1842;525;201;41357;2703;630;228
2022.02_01-07-2022;Курганская область;165_195_days;CoviVac;44;0;0;0;7;1;1;0;51;1;1;0;29033;861;105;27;12324;1842;525;201;41357;2703;630;228
2022.02_01-07-2022;Курганская область;165_195_days;EpiVacCorona;10;0;0;0;4;1;0;0;14;1;0;0;29033;861;105;27;12324;1842;525;201;41357;2703;630;228
2022.02_01-07-2022;Курганская область;165_195_days;SputnikLite;505;12;1;0;233;17;5;0;738;29;6;0;29033;861;105;27;12324;1842;525;201;41357;2703;630;228
2022.02_01-07-2022;Курганская область;165_195_days;SputnikV;2488;40;4;0;608;61;13;5;3096;101;17;5;29033;861;105;27;12324;1842;525;201;41357;2703;630;228
2022.02_01-07-2022;Курганская область;21_45_days;AllVaccines;1220;38;3;1;534;54;12;2;1754;92;15;3;29033;861;105;27;12324;1842;525;201;41357;2703;630;228
2022.02_01-07-2022;Курганская область;21_45_days;CoviVac;18;0;0;0;3;0;0;0;21;0;0;0;29033;861;105;27;12324;1842;525;201;41357;2703;630;228
2022.02_01-07-2022;Курганская область;21_45_days;EpiVacCorona;46;1;0;0;41;7;3;1;87;8;3;1;29033;861;105;27;12324;1842;525;201;41357;2703;630;228
2022.02_01-07-2022;Курганская область;21_45_days;SputnikLite;935;30;3;1;392;34;6;0;1327;64;9;1;29033;861;105;27;12324;1842;525;201;41357;2703;630;228
2022.02_01-07-2022;Курганская область;21_45_days;SputnikV;221;7;0;0;98;13;3;1;319;20;3;1;29033;861;105;27;12324;1842;525;201;41357;2703;630;228
2022.02_01-07-2022;Курганская область;45_75_days;AllVaccines;1782;53;6;3;1047;135;33;8;2829;188;39;11;29033;861;105;27;12324;1842;525;201;41357;2703;630;228
2022.02_01-07-2022;Курганская область;45_75_days;CoviVac;44;0;0;0;23;4;1;0;67;4;1;0;29033;861;105;27;12324;1842;525;201;41357;2703;630;228
2022.02_01-07-2022;Курганская область;45_75_days;EpiVacCorona;37;0;0;0;22;5;3;1;59;5;3;1;29033;861;105;27;12324;1842;525;201;41357;2703;630;228
2022.02_01-07-2022;Курганская область;45_75_days;SputnikLite;621;13;2;1;485;57;14;5;1106;70;16;6;29033;861;105;27;12324;1842;525;201;41357;2703;630;228
2022.02_01-07-2022;Курганская область;45_75_days;SputnikV;1080;40;4;2;517;69;15;2;1597;109;19;4;29033;861;105;27;12324;1842;525;201;41357;2703;630;228
2022.02_01-07-2022;Курганская область;75_90_days;AllVaccines;1940;35;6;1;800;77;18;8;2740;112;24;9;29033;861;105;27;12324;1842;525;201;41357;2703;630;228
2022.02_01-07-2022;Курганская область;75_90_days;CoviVac;45;1;0;0;9;2;0;0;54;3;0;0;29033;861;105;27;12324;1842;525;201;41357;2703;630;228
2022.02_01-07-2022;Курганская область;75_90_days;EpiVacCorona;26;0;0;0;14;5;2;2;40;5;2;2;29033;861;105;27;12324;1842;525;201;41357;2703;630;228
2022.02_01-07-2022;Курганская область;75_90_days;SputnikLite;381;4;0;0;313;24;3;1;694;28;3;1;29033;861;105;27;12324;1842;525;201;41357;2703;630;228
2022.02_01-07-2022;Курганская область;75_90_days;SputnikV;1488;30;6;1;464;46;13;5;1952;76;19;6;29033;861;105;27;12324;1842;525;201;41357;2703;630;228
2022.02_01-07-2022;Курганская область;90_105_days;AllVaccines;2548;52;8;3;925;77;13;5;3473;129;21;8;29033;861;105;27;12324;1842;525;201;41357;2703;630;228
2022.02_01-07-2022;Курганская область;90_105_days;CoviVac;64;3;1;1;12;2;1;1;76;5;2;2;29033;861;105;27;12324;1842;525;201;41357;2703;630;228
2022.02_01-07-2022;Курганская область;90_105_days;EpiVacCorona;40;3;0;0;8;1;0;0;48;4;0;0;29033;861;105;27;12324;1842;525;201;41357;2703;630;228
2022.02_01-07-2022;Курганская область;90_105_days;SputnikLite;441;8;1;1;396;32;5;2;837;40;6;3;29033;861;105;27;12324;1842;525;201;41357;2703;630;228
2022.02_01-07-2022;Курганская область;90_105_days;SputnikV;2003;38;6;1;509;42;7;2;2512;80;13;3;29033;861;105;27;12324;1842;525;201;41357;2703;630;228
2022.02_01-07-2022;Курская область;105_165_days;AllVaccines;1456;61;3;0;820;201;39;18;2276;262;42;18;11778;868;106;31;6485;2086;594;412;18263;2954;700;443
2022.02_01-07-2022;Курская область;105_165_days;CoviVac;56;2;0;0;8;2;0;0;64;4;0;0;11778;868;106;31;6485;2086;594;412;18263;2954;700;443
2022.02_01-07-2022;Курская область;105_165_days;EpiVacCorona;19;2;0;0;9;3;1;0;28;5;1;0;11778;868;106;31;6485;2086;594;412;18263;2954;700;443
2022.02_01-07-2022;Курская область;105_165_days;SputnikLite;798;37;2;0;549;135;26;12;1347;172;28;12;11778;868;106;31;6485;2086;594;412;18263;2954;700;443
2022.02_01-07-2022;Курская область;105_165_days;SputnikV;583;20;1;0;254;61;12;6;837;81;13;6;11778;868;106;31;6485;2086;594;412;18263;2954;700;443
2022.02_01-07-2022;Курская область;165_195_days;AllVaccines;1837;68;4;0;450;79;17;8;2287;147;21;8;11778;868;106;31;6485;2086;594;412;18263;2954;700;443
2022.02_01-07-2022;Курская область;165_195_days;CoviVac;48;1;0;0;6;1;0;0;54;2;0;0;11778;868;106;31;6485;2086;594;412;18263;2954;700;443
2022.02_01-07-2022;Курская область;165_195_days;EpiVacCorona;41;2;1;0;22;1;0;0;63;3;1;0;11778;868;106;31;6485;2086;594;412;18263;2954;700;443
2022.02_01-07-2022;Курская область;165_195_days;SputnikLite;300;10;1;0;110;23;4;3;410;33;5;3;11778;868;106;31;6485;2086;594;412;18263;2954;700;443
2022.02_01-07-2022;Курская область;165_195_days;SputnikV;1448;55;2;0;312;54;13;5;1760;109;15;5;11778;868;106;31;6485;2086;594;412;18263;2954;700;443
2022.02_01-07-2022;Курская область;21_45_days;AllVaccines;429;15;4;0;183;38;10;4;612;53;14;4;11778;868;106;31;6485;2086;594;412;18263;2954;700;443
2022.02_01-07-2022;Курская область;21_45_days;CoviVac;5;0;0;0;1;0;0;0;6;0;0;0;11778;868;106;31;6485;2086;594;412;18263;2954;700;443
2022.02_01-07-2022;Курская область;21_45_days;EpiVacCorona;15;4;2;0;20;9;3;2;35;13;5;2;11778;868;106;31;6485;2086;594;412;18263;2954;700;443
2022.02_01-07-2022;Курская область;21_45_days;SputnikLite;348;6;2;0;131;16;4;1;479;22;6;1;11778;868;106;31;6485;2086;594;412;18263;2954;700;443
2022.02_01-07-2022;Курская область;21_45_days;SputnikV;61;5;0;0;31;13;3;1;92;18;3;1;11778;868;106;31;6485;2086;594;412;18263;2954;700;443
2022.02_01-07-2022;Курская область;45_75_days;AllVaccines;766;58;10;1;424;113;27;10;1190;171;37;11;11778;868;106;31;6485;2086;594;412;18263;2954;700;443
2022.02_01-07-2022;Курская область;45_75_days;CoviVac;48;3;1;0;18;10;1;1;66;13;2;1;11778;868;106;31;6485;2086;594;412;18263;2954;700;443
2022.02_01-07-2022;Курская область;45_75_days;EpiVacCorona;54;9;1;0;44;14;8;2;98;23;9;2;11778;868;106;31;6485;2086;594;412;18263;2954;700;443
2022.02_01-07-2022;Курская область;45_75_days;SputnikLite;316;14;5;1;141;32;8;3;457;46;13;4;11778;868;106;31;6485;2086;594;412;18263;2954;700;443
2022.02_01-07-2022;Курская область;45_75_days;SputnikV;348;32;3;0;221;57;10;4;569;89;13;4;11778;868;106;31;6485;2086;594;412;18263;2954;700;443
2022.02_01-07-2022;Курская область;75_90_days;AllVaccines;435;23;3;1;295;70;16;10;730;93;19;11;11778;868;106;31;6485;2086;594;412;18263;2954;700;443
2022.02_01-07-2022;Курская область;75_90_days;CoviVac;9;0;0;0;2;1;0;0;11;1;0;0;11778;868;106;31;6485;2086;594;412;18263;2954;700;443
2022.02_01-07-2022;Курская область;75_90_days;EpiVacCorona;18;1;0;0;24;9;4;2;42;10;4;2;11778;868;106;31;6485;2086;594;412;18263;2954;700;443
2022.02_01-07-2022;Курская область;75_90_days;SputnikLite;188;4;0;0;132;32;6;4;320;36;6;4;11778;868;106;31;6485;2086;594;412;18263;2954;700;443
2022.02_01-07-2022;Курская область;75_90_days;SputnikV;220;18;3;1;137;28;6;4;357;46;9;5;11778;868;106;31;6485;2086;594;412;18263;2954;700;443
2022.02_01-07-2022;Курская область;90_105_days;AllVaccines;577;35;1;0;315;79;15;9;892;114;16;9;11778;868;106;31;6485;2086;594;412;18263;2954;700;443
2022.02_01-07-2022;Курская область;90_105_days;CoviVac;19;1;0;0;6;1;0;0;25;2;0;0;11778;868;106;31;6485;2086;594;412;18263;2954;700;443
2022.02_01-07-2022;Курская область;90_105_days;EpiVacCorona;34;4;1;0;9;4;1;1;43;8;2;1;11778;868;106;31;6485;2086;594;412;18263;2954;700;443
2022.02_01-07-2022;Курская область;90_105_days;SputnikLite;232;8;0;0;161;33;5;4;393;41;5;4;11778;868;106;31;6485;2086;594;412;18263;2954;700;443
2022.02_01-07-2022;Курская область;90_105_days;SputnikV;292;22;0;0;139;41;9;4;431;63;9;4;11778;868;106;31;6485;2086;594;412;18263;2954;700;443
2022.02_01-07-2022;Ленинградская область;105_165_days;AllVaccines;5937;96;11;6;2325;175;31;24;8262;271;42;30;58430;1089;124;64;22032;2994;608;540;80462;4083;732;604
2022.02_01-07-2022;Ленинградская область;105_165_days;CoviVac;230;3;0;0;32;3;0;1;262;6;0;1;58430;1089;124;64;22032;2994;608;540;80462;4083;732;604
2022.02_01-07-2022;Ленинградская область;105_165_days;EpiVacCorona;21;0;0;0;6;2;0;1;27;2;0;1;58430;1089;124;64;22032;2994;608;540;80462;4083;732;604
2022.02_01-07-2022;Ленинградская область;105_165_days;SputnikLite;2963;41;5;1;1298;94;17;10;4261;135;22;11;58430;1089;124;64;22032;2994;608;540;80462;4083;732;604
2022.02_01-07-2022;Ленинградская область;105_165_days;SputnikV;2723;52;6;5;989;76;14;12;3712;128;20;17;58430;1089;124;64;22032;2994;608;540;80462;4083;732;604
2022.02_01-07-2022;Ленинградская область;165_195_days;AllVaccines;6828;81;4;0;1564;106;14;9;8392;187;18;9;58430;1089;124;64;22032;2994;608;540;80462;4083;732;604
2022.02_01-07-2022;Ленинградская область;165_195_days;CoviVac;279;7;0;0;37;2;0;0;316;9;0;0;58430;1089;124;64;22032;2994;608;540;80462;4083;732;604
2022.02_01-07-2022;Ленинградская область;165_195_days;EpiVacCorona;64;1;0;0;23;4;1;0;87;5;1;0;58430;1089;124;64;22032;2994;608;540;80462;4083;732;604
2022.02_01-07-2022;Ленинградская область;165_195_days;SputnikLite;1231;14;0;0;230;9;0;2;1461;23;0;2;58430;1089;124;64;22032;2994;608;540;80462;4083;732;604
2022.02_01-07-2022;Ленинградская область;165_195_days;SputnikV;5254;59;4;0;1274;91;13;7;6528;150;17;7;58430;1089;124;64;22032;2994;608;540;80462;4083;732;604
2022.02_01-07-2022;Ленинградская область;21_45_days;AllVaccines;1140;20;2;0;587;70;13;6;1727;90;15;6;58430;1089;124;64;22032;2994;608;540;80462;4083;732;604
2022.02_01-07-2022;Ленинградская область;21_45_days;CoviVac;20;0;0;0;6;0;0;0;26;0;0;0;58430;1089;124;64;22032;2994;608;540;80462;4083;732;604
2022.02_01-07-2022;Ленинградская область;21_45_days;EpiVacCorona;23;0;0;0;23;7;1;1;46;7;1;1;58430;1089;124;64;22032;2994;608;540;80462;4083;732;604
2022.02_01-07-2022;Ленинградская область;21_45_days;SputnikLite;603;9;1;0;377;35;7;2;980;44;8;2;58430;1089;124;64;22032;2994;608;540;80462;4083;732;604
2022.02_01-07-2022;Ленинградская область;21_45_days;SputnikV;494;11;1;0;181;28;5;3;675;39;6;3;58430;1089;124;64;22032;2994;608;540;80462;4083;732;604
2022.02_01-07-2022;Ленинградская область;45_75_days;AllVaccines;3652;88;6;2;1736;183;21;11;5388;271;27;13;58430;1089;124;64;22032;2994;608;540;80462;4083;732;604
2022.02_01-07-2022;Ленинградская область;45_75_days;CoviVac;72;3;0;0;7;0;0;0;79;3;0;0;58430;1089;124;64;22032;2994;608;540;80462;4083;732;604
2022.02_01-07-2022;Ленинградская область;45_75_days;EpiVacCorona;153;4;1;0;99;28;3;1;252;32;4;1;58430;1089;124;64;22032;2994;608;540;80462;4083;732;604
2022.02_01-07-2022;Ленинградская область;45_75_days;SputnikLite;795;15;0;0;606;51;4;3;1401;66;4;3;58430;1089;124;64;22032;2994;608;540;80462;4083;732;604
2022.02_01-07-2022;Ленинградская область;45_75_days;SputnikV;2632;66;5;2;1024;104;14;7;3656;170;19;9;58430;1089;124;64;22032;2994;608;540;80462;4083;732;604
2022.02_01-07-2022;Ленинградская область;75_90_days;AllVaccines;2416;44;8;1;1076;100;20;12;3492;144;28;13;58430;1089;124;64;22032;2994;608;540;80462;4083;732;604
2022.02_01-07-2022;Ленинградская область;75_90_days;CoviVac;52;3;0;0;4;0;0;0;56;3;0;0;58430;1089;124;64;22032;2994;608;540;80462;4083;732;604
2022.02_01-07-2022;Ленинградская область;75_90_days;EpiVacCorona;91;4;1;1;42;8;0;0;133;12;1;1;58430;1089;124;64;22032;2994;608;540;80462;4083;732;604
2022.02_01-07-2022;Ленинградская область;75_90_days;SputnikLite;719;9;0;0;484;39;8;4;1203;48;8;4;58430;1089;124;64;22032;2994;608;540;80462;4083;732;604
2022.02_01-07-2022;Ленинградская область;75_90_days;SputnikV;1554;28;7;0;546;53;12;8;2100;81;19;8;58430;1089;124;64;22032;2994;608;540;80462;4083;732;604
2022.02_01-07-2022;Ленинградская область;90_105_days;AllVaccines;1597;26;3;0;724;44;7;4;2321;70;10;4;58430;1089;124;64;22032;2994;608;540;80462;4083;732;604
2022.02_01-07-2022;Ленинградская область;90_105_days;CoviVac;62;0;0;0;15;1;0;0;77;1;0;0;58430;1089;124;64;22032;2994;608;540;80462;4083;732;604
2022.02_01-07-2022;Ленинградская область;90_105_days;EpiVacCorona;56;1;0;0;23;3;0;0;79;4;0;0;58430;1089;124;64;22032;2994;608;540;80462;4083;732;604
2022.02_01-07-2022;Ленинградская область;90_105_days;SputnikLite;548;7;0;0;298;14;3;3;846;21;3;3;58430;1089;124;64;22032;2994;608;540;80462;4083;732;604
2022.02_01-07-2022;Ленинградская область;90_105_days;SputnikV;931;18;3;0;388;26;4;1;1319;44;7;1;58430;1089;124;64;22032;2994;608;540;80462;4083;732;604
2022.02_01-07-2022;Липецкая область;105_165_days;AllVaccines;2754;73;5;2;1062;143;13;9;3816;216;18;11;22195;868;47;24;9890;1992;349;294;32085;2860;396;318
2022.02_01-07-2022;Липецкая область;105_165_days;CoviVac;78;2;0;0;6;1;0;0;84;3;0;0;22195;868;47;24;9890;1992;349;294;32085;2860;396;318
2022.02_01-07-2022;Липецкая область;105_165_days;EpiVacCorona;30;2;0;0;16;5;0;0;46;7;0;0;22195;868;47;24;9890;1992;349;294;32085;2860;396;318
2022.02_01-07-2022;Липецкая область;105_165_days;SputnikLite;1119;30;1;0;702;89;4;3;1821;119;5;3;22195;868;47;24;9890;1992;349;294;32085;2860;396;318
2022.02_01-07-2022;Липецкая область;105_165_days;SputnikV;1527;39;4;2;338;48;9;6;1865;87;13;8;22195;868;47;24;9890;1992;349;294;32085;2860;396;318
2022.02_01-07-2022;Липецкая область;165_195_days;AllVaccines;3072;95;4;1;579;72;4;5;3651;167;8;6;22195;868;47;24;9890;1992;349;294;32085;2860;396;318
2022.02_01-07-2022;Липецкая область;165_195_days;CoviVac;70;4;0;0;9;1;0;0;79;5;0;0;22195;868;47;24;9890;1992;349;294;32085;2860;396;318
2022.02_01-07-2022;Липецкая область;165_195_days;EpiVacCorona;33;1;0;0;20;1;0;0;53;2;0;0;22195;868;47;24;9890;1992;349;294;32085;2860;396;318
2022.02_01-07-2022;Липецкая область;165_195_days;SputnikLite;303;13;0;0;100;11;1;1;403;24;1;1;22195;868;47;24;9890;1992;349;294;32085;2860;396;318
2022.02_01-07-2022;Липецкая область;165_195_days;SputnikV;2666;77;4;1;450;59;3;4;3116;136;7;5;22195;868;47;24;9890;1992;349;294;32085;2860;396;318
2022.02_01-07-2022;Липецкая область;21_45_days;AllVaccines;556;19;0;0;244;27;2;2;800;46;2;2;22195;868;47;24;9890;1992;349;294;32085;2860;396;318
2022.02_01-07-2022;Липецкая область;21_45_days;CoviVac;3;2;0;0;0;0;0;0;3;2;0;0;22195;868;47;24;9890;1992;349;294;32085;2860;396;318
2022.02_01-07-2022;Липецкая область;21_45_days;EpiVacCorona;31;3;0;0;18;6;0;0;49;9;0;0;22195;868;47;24;9890;1992;349;294;32085;2860;396;318
2022.02_01-07-2022;Липецкая область;21_45_days;SputnikLite;380;9;0;0;185;15;2;2;565;24;2;2;22195;868;47;24;9890;1992;349;294;32085;2860;396;318
2022.02_01-07-2022;Липецкая область;21_45_days;SputnikV;142;5;0;0;41;6;0;0;183;11;0;0;22195;868;47;24;9890;1992;349;294;32085;2860;396;318
2022.02_01-07-2022;Липецкая область;45_75_days;AllVaccines;1434;50;0;0;652;96;13;11;2086;146;13;11;22195;868;47;24;9890;1992;349;294;32085;2860;396;318
2022.02_01-07-2022;Липецкая область;45_75_days;CoviVac;20;3;0;0;3;0;0;0;23;3;0;0;22195;868;47;24;9890;1992;349;294;32085;2860;396;318
2022.02_01-07-2022;Липецкая область;45_75_days;EpiVacCorona;95;6;0;0;55;9;1;1;150;15;1;1;22195;868;47;24;9890;1992;349;294;32085;2860;396;318
2022.02_01-07-2022;Липецкая область;45_75_days;SputnikLite;308;8;0;0;227;18;2;1;535;26;2;1;22195;868;47;24;9890;1992;349;294;32085;2860;396;318
2022.02_01-07-2022;Липецкая область;45_75_days;SputnikV;1011;33;0;0;367;69;10;9;1378;102;10;9;22195;868;47;24;9890;1992;349;294;32085;2860;396;318
2022.02_01-07-2022;Липецкая область;75_90_days;AllVaccines;1647;51;1;1;518;67;9;6;2165;118;10;7;22195;868;47;24;9890;1992;349;294;32085;2860;396;318
2022.02_01-07-2022;Липецкая область;75_90_days;CoviVac;7;0;0;0;2;0;0;0;9;0;0;0;22195;868;47;24;9890;1992;349;294;32085;2860;396;318
2022.02_01-07-2022;Липецкая область;75_90_days;EpiVacCorona;72;6;0;0;15;3;0;0;87;9;0;0;22195;868;47;24;9890;1992;349;294;32085;2860;396;318
2022.02_01-07-2022;Липецкая область;75_90_days;SputnikLite;357;4;0;0;232;23;4;3;589;27;4;3;22195;868;47;24;9890;1992;349;294;32085;2860;396;318
2022.02_01-07-2022;Липецкая область;75_90_days;SputnikV;1211;41;1;1;269;41;5;3;1480;82;6;4;22195;868;47;24;9890;1992;349;294;32085;2860;396;318
2022.02_01-07-2022;Липецкая область;90_105_days;AllVaccines;1720;34;1;0;557;64;7;6;2277;98;8;6;22195;868;47;24;9890;1992;349;294;32085;2860;396;318
2022.02_01-07-2022;Липецкая область;90_105_days;CoviVac;6;0;0;0;3;1;0;0;9;1;0;0;22195;868;47;24;9890;1992;349;294;32085;2860;396;318
2022.02_01-07-2022;Липецкая область;90_105_days;EpiVacCorona;105;1;0;0;15;5;0;0;120;6;0;0;22195;868;47;24;9890;1992;349;294;32085;2860;396;318
2022.02_01-07-2022;Липецкая область;90_105_days;SputnikLite;444;10;0;0;303;31;3;3;747;41;3;3;22195;868;47;24;9890;1992;349;294;32085;2860;396;318
2022.02_01-07-2022;Липецкая область;90_105_days;SputnikV;1165;23;1;0;236;27;4;3;1401;50;5;3;22195;868;47;24;9890;1992;349;294;32085;2860;396;318
2022.02_01-07-2022;Магаданская область;105_165_days;AllVaccines;369;6;2;1;134;11;3;1;503;17;5;2;3743;174;11;5;1356;291;50;23;5099;465;61;28
2022.02_01-07-2022;Магаданская область;105_165_days;CoviVac;4;0;0;0;2;0;0;0;6;0;0;0;3743;174;11;5;1356;291;50;23;5099;465;61;28
2022.02_01-07-2022;Магаданская область;105_165_days;SputnikLite;232;5;2;1;85;8;0;0;317;13;2;1;3743;174;11;5;1356;291;50;23;5099;465;61;28
2022.02_01-07-2022;Магаданская область;105_165_days;SputnikV;133;1;0;0;47;3;3;1;180;4;3;1;3743;174;11;5;1356;291;50;23;5099;465;61;28
2022.02_01-07-2022;Магаданская область;165_195_days;AllVaccines;365;11;0;0;80;6;1;0;445;17;1;0;3743;174;11;5;1356;291;50;23;5099;465;61;28
2022.02_01-07-2022;Магаданская область;165_195_days;CoviVac;7;0;0;0;2;0;0;0;9;0;0;0;3743;174;11;5;1356;291;50;23;5099;465;61;28
2022.02_01-07-2022;Магаданская область;165_195_days;SputnikLite;137;3;0;0;21;0;0;0;158;3;0;0;3743;174;11;5;1356;291;50;23;5099;465;61;28
2022.02_01-07-2022;Магаданская область;165_195_days;SputnikV;221;8;0;0;57;6;1;0;278;14;1;0;3743;174;11;5;1356;291;50;23;5099;465;61;28
2022.02_01-07-2022;Магаданская область;21_45_days;AllVaccines;110;3;0;0;59;10;1;0;169;13;1;0;3743;174;11;5;1356;291;50;23;5099;465;61;28
2022.02_01-07-2022;Магаданская область;21_45_days;CoviVac;6;0;0;0;2;0;0;0;8;0;0;0;3743;174;11;5;1356;291;50;23;5099;465;61;28
2022.02_01-07-2022;Магаданская область;21_45_days;EpiVacCorona;6;0;0;0;3;0;0;0;9;0;0;0;3743;174;11;5;1356;291;50;23;5099;465;61;28
2022.02_01-07-2022;Магаданская область;21_45_days;SputnikLite;79;2;0;0;44;8;1;0;123;10;1;0;3743;174;11;5;1356;291;50;23;5099;465;61;28
2022.02_01-07-2022;Магаданская область;21_45_days;SputnikV;19;1;0;0;10;2;0;0;29;3;0;0;3743;174;11;5;1356;291;50;23;5099;465;61;28
2022.02_01-07-2022;Магаданская область;45_75_days;AllVaccines;257;15;0;0;96;19;3;1;353;34;3;1;3743;174;11;5;1356;291;50;23;5099;465;61;28
2022.02_01-07-2022;Магаданская область;45_75_days;CoviVac;4;0;0;0;2;0;0;0;6;0;0;0;3743;174;11;5;1356;291;50;23;5099;465;61;28
2022.02_01-07-2022;Магаданская область;45_75_days;EpiVacCorona;44;1;0;0;8;0;0;0;52;1;0;0;3743;174;11;5;1356;291;50;23;5099;465;61;28
2022.02_01-07-2022;Магаданская область;45_75_days;SputnikLite;107;9;0;0;59;13;2;0;166;22;2;0;3743;174;11;5;1356;291;50;23;5099;465;61;28
2022.02_01-07-2022;Магаданская область;45_75_days;SputnikV;102;5;0;0;27;6;1;1;129;11;1;1;3743;174;11;5;1356;291;50;23;5099;465;61;28
2022.02_01-07-2022;Магаданская область;75_90_days;AllVaccines;110;3;1;0;64;9;1;2;174;12;2;2;3743;174;11;5;1356;291;50;23;5099;465;61;28
2022.02_01-07-2022;Магаданская область;75_90_days;CoviVac;0;0;0;0;2;0;0;0;2;0;0;0;3743;174;11;5;1356;291;50;23;5099;465;61;28
2022.02_01-07-2022;Магаданская область;75_90_days;EpiVacCorona;14;0;0;0;8;2;1;1;22;2;1;1;3743;174;11;5;1356;291;50;23;5099;465;61;28
2022.02_01-07-2022;Магаданская область;75_90_days;SputnikLite;61;2;1;0;43;6;0;1;104;8;1;1;3743;174;11;5;1356;291;50;23;5099;465;61;28
2022.02_01-07-2022;Магаданская область;75_90_days;SputnikV;35;1;0;0;11;1;0;0;46;2;0;0;3743;174;11;5;1356;291;50;23;5099;465;61;28
2022.02_01-07-2022;Магаданская область;90_105_days;AllVaccines;95;5;0;0;46;2;0;0;141;7;0;0;3743;174;11;5;1356;291;50;23;5099;465;61;28
2022.02_01-07-2022;Магаданская область;90_105_days;CoviVac;13;0;0;0;2;0;0;0;15;0;0;0;3743;174;11;5;1356;291;50;23;5099;465;61;28
2022.02_01-07-2022;Магаданская область;90_105_days;SputnikLite;65;4;0;0;33;2;0;0;98;6;0;0;3743;174;11;5;1356;291;50;23;5099;465;61;28
2022.02_01-07-2022;Магаданская область;90_105_days;SputnikV;17;1;0;0;11;0;0;0;28;1;0;0;3743;174;11;5;1356;291;50;23;5099;465;61;28
2022.02_01-07-2022;Московская область;105_165_days;AllVaccines;8785;141;28;2;4421;338;127;49;13206;479;155;51;133653;2881;637;109;52883;6976;2531;1221;186536;9857;3168;1330
2022.02_01-07-2022;Московская область;105_165_days;CoviVac;271;6;3;0;118;13;4;2;389;19;7;2;133653;2881;637;109;52883;6976;2531;1221;186536;9857;3168;1330
2022.02_01-07-2022;Московская область;105_165_days;EpiVacCorona;123;6;2;0;107;15;5;2;230;21;7;2;133653;2881;637;109;52883;6976;2531;1221;186536;9857;3168;1330
2022.02_01-07-2022;Московская область;105_165_days;SputnikLite;2271;29;3;0;2253;159;64;27;4524;188;67;27;133653;2881;637;109;52883;6976;2531;1221;186536;9857;3168;1330
2022.02_01-07-2022;Московская область;105_165_days;SputnikV;6120;100;20;2;1943;151;54;18;8063;251;74;20;133653;2881;637;109;52883;6976;2531;1221;186536;9857;3168;1330
2022.02_01-07-2022;Московская область;165_195_days;AllVaccines;15220;231;71;7;3752;241;78;20;18972;472;149;27;133653;2881;637;109;52883;6976;2531;1221;186536;9857;3168;1330
2022.02_01-07-2022;Московская область;165_195_days;CoviVac;293;6;2;0;86;4;0;0;379;10;2;0;133653;2881;637;109;52883;6976;2531;1221;186536;9857;3168;1330
2022.02_01-07-2022;Московская область;165_195_days;EpiVacCorona;145;5;1;1;75;7;2;2;220;12;3;3;133653;2881;637;109;52883;6976;2531;1221;186536;9857;3168;1330
2022.02_01-07-2022;Московская область;165_195_days;SputnikLite;465;4;1;0;322;16;4;0;787;20;5;0;133653;2881;637;109;52883;6976;2531;1221;186536;9857;3168;1330
2022.02_01-07-2022;Московская область;165_195_days;SputnikV;14317;216;67;6;3269;214;72;18;17586;430;139;24;133653;2881;637;109;52883;6976;2531;1221;186536;9857;3168;1330
2022.02_01-07-2022;Московская область;21_45_days;AllVaccines;2819;43;15;1;1354;105;39;11;4173;148;54;12;133653;2881;637;109;52883;6976;2531;1221;186536;9857;3168;1330
2022.02_01-07-2022;Московская область;21_45_days;CoviVac;22;1;0;0;12;1;0;0;34;2;0;0;133653;2881;637;109;52883;6976;2531;1221;186536;9857;3168;1330
2022.02_01-07-2022;Московская область;21_45_days;EpiVacCorona;36;2;1;0;34;5;2;0;70;7;3;0;133653;2881;637;109;52883;6976;2531;1221;186536;9857;3168;1330
2022.02_01-07-2022;Московская область;21_45_days;SputnikLite;1886;24;13;1;982;59;22;6;2868;83;35;7;133653;2881;637;109;52883;6976;2531;1221;186536;9857;3168;1330
2022.02_01-07-2022;Московская область;21_45_days;SputnikV;875;16;1;0;326;40;15;5;1201;56;16;5;133653;2881;637;109;52883;6976;2531;1221;186536;9857;3168;1330
2022.02_01-07-2022;Московская область;45_75_days;AllVaccines;5346;109;25;3;2793;226;77;21;8139;335;102;24;133653;2881;637;109;52883;6976;2531;1221;186536;9857;3168;1330
2022.02_01-07-2022;Московская область;45_75_days;CoviVac;135;5;2;1;70;8;3;1;205;13;5;2;133653;2881;637;109;52883;6976;2531;1221;186536;9857;3168;1330
2022.02_01-07-2022;Московская область;45_75_days;EpiVacCorona;134;8;0;1;159;21;5;4;293;29;5;5;133653;2881;637;109;52883;6976;2531;1221;186536;9857;3168;1330
2022.02_01-07-2022;Московская область;45_75_days;SputnikLite;1194;18;8;0;954;58;22;7;2148;76;30;7;133653;2881;637;109;52883;6976;2531;1221;186536;9857;3168;1330
2022.02_01-07-2022;Московская область;45_75_days;SputnikV;3883;78;15;1;1610;139;47;9;5493;217;62;10;133653;2881;637;109;52883;6976;2531;1221;186536;9857;3168;1330
2022.02_01-07-2022;Московская область;75_90_days;AllVaccines;3556;61;19;1;1932;168;53;16;5488;229;72;17;133653;2881;637;109;52883;6976;2531;1221;186536;9857;3168;1330
2022.02_01-07-2022;Московская область;75_90_days;CoviVac;59;0;0;0;29;2;0;0;88;2;0;0;133653;2881;637;109;52883;6976;2531;1221;186536;9857;3168;1330
2022.02_01-07-2022;Московская область;75_90_days;EpiVacCorona;99;3;0;0;89;15;4;2;188;18;4;2;133653;2881;637;109;52883;6976;2531;1221;186536;9857;3168;1330
2022.02_01-07-2022;Московская область;75_90_days;SputnikLite;789;9;0;0;644;49;15;4;1433;58;15;4;133653;2881;637;109;52883;6976;2531;1221;186536;9857;3168;1330
2022.02_01-07-2022;Московская область;75_90_days;SputnikV;2609;49;19;1;1170;102;34;10;3779;151;53;11;133653;2881;637;109;52883;6976;2531;1221;186536;9857;3168;1330
2022.02_01-07-2022;Московская область;90_105_days;AllVaccines;3457;61;20;2;1889;163;58;18;5346;224;78;20;133653;2881;637;109;52883;6976;2531;1221;186536;9857;3168;1330
2022.02_01-07-2022;Московская область;90_105_days;CoviVac;78;0;0;0;54;6;3;0;132;6;3;0;133653;2881;637;109;52883;6976;2531;1221;186536;9857;3168;1330
2022.02_01-07-2022;Московская область;90_105_days;EpiVacCorona;70;3;1;0;78;15;7;1;148;18;8;1;133653;2881;637;109;52883;6976;2531;1221;186536;9857;3168;1330
2022.02_01-07-2022;Московская область;90_105_days;SputnikLite;867;21;3;0;792;58;19;8;1659;79;22;8;133653;2881;637;109;52883;6976;2531;1221;186536;9857;3168;1330
2022.02_01-07-2022;Московская область;90_105_days;SputnikV;2442;37;16;2;965;84;29;9;3407;121;45;11;133653;2881;637;109;52883;6976;2531;1221;186536;9857;3168;1330
2022.02_01-07-2022;Мурманская область;105_165_days;AllVaccines;1996;67;5;2;714;79;8;2;2710;146;13;4;22263;944;69;29;7241;1443;286;208;29504;2387;355;237
2022.02_01-07-2022;Мурманская область;105_165_days;CoviVac;15;0;0;0;2;1;0;0;17;1;0;0;22263;944;69;29;7241;1443;286;208;29504;2387;355;237
2022.02_01-07-2022;Мурманская область;105_165_days;EpiVacCorona;32;2;0;0;7;0;0;0;39;2;0;0;22263;944;69;29;7241;1443;286;208;29504;2387;355;237
2022.02_01-07-2022;Мурманская область;105_165_days;SputnikLite;1202;41;4;2;484;42;4;1;1686;83;8;3;22263;944;69;29;7241;1443;286;208;29504;2387;355;237
2022.02_01-07-2022;Мурманская область;105_165_days;SputnikV;747;24;1;0;221;36;4;1;968;60;5;1;22263;944;69;29;7241;1443;286;208;29504;2387;355;237
2022.02_01-07-2022;Мурманская область;165_195_days;AllVaccines;2991;73;4;1;468;44;7;3;3459;117;11;4;22263;944;69;29;7241;1443;286;208;29504;2387;355;237
2022.02_01-07-2022;Мурманская область;165_195_days;CoviVac;67;0;0;0;7;0;0;0;74;0;0;0;22263;944;69;29;7241;1443;286;208;29504;2387;355;237
2022.02_01-07-2022;Мурманская область;165_195_days;EpiVacCorona;20;2;0;0;7;2;0;0;27;4;0;0;22263;944;69;29;7241;1443;286;208;29504;2387;355;237
2022.02_01-07-2022;Мурманская область;165_195_days;SputnikLite;917;28;2;0;118;7;1;0;1035;35;3;0;22263;944;69;29;7241;1443;286;208;29504;2387;355;237
2022.02_01-07-2022;Мурманская область;165_195_days;SputnikV;1987;43;2;1;336;35;6;3;2323;78;8;4;22263;944;69;29;7241;1443;286;208;29504;2387;355;237
2022.02_01-07-2022;Мурманская область;21_45_days;AllVaccines;529;17;0;0;208;25;1;0;737;42;1;0;22263;944;69;29;7241;1443;286;208;29504;2387;355;237
2022.02_01-07-2022;Мурманская область;21_45_days;CoviVac;13;1;0;0;2;1;0;0;15;2;0;0;22263;944;69;29;7241;1443;286;208;29504;2387;355;237
2022.02_01-07-2022;Мурманская область;21_45_days;EpiVacCorona;14;1;0;0;5;2;0;0;19;3;0;0;22263;944;69;29;7241;1443;286;208;29504;2387;355;237
2022.02_01-07-2022;Мурманская область;21_45_days;SputnikLite;352;8;0;0;138;10;0;0;490;18;0;0;22263;944;69;29;7241;1443;286;208;29504;2387;355;237
2022.02_01-07-2022;Мурманская область;21_45_days;SputnikV;150;7;0;0;63;12;1;0;213;19;1;0;22263;944;69;29;7241;1443;286;208;29504;2387;355;237
2022.02_01-07-2022;Мурманская область;45_75_days;AllVaccines;1571;43;2;1;550;79;11;9;2121;122;13;10;22263;944;69;29;7241;1443;286;208;29504;2387;355;237
2022.02_01-07-2022;Мурманская область;45_75_days;CoviVac;84;1;0;0;11;1;0;0;95;2;0;0;22263;944;69;29;7241;1443;286;208;29504;2387;355;237
2022.02_01-07-2022;Мурманская область;45_75_days;EpiVacCorona;157;7;1;1;31;5;0;0;188;12;1;1;22263;944;69;29;7241;1443;286;208;29504;2387;355;237
2022.02_01-07-2022;Мурманская область;45_75_days;SputnikLite;587;15;0;0;259;32;4;3;846;47;4;3;22263;944;69;29;7241;1443;286;208;29504;2387;355;237
2022.02_01-07-2022;Мурманская область;45_75_days;SputnikV;743;20;1;0;249;41;7;6;992;61;8;6;22263;944;69;29;7241;1443;286;208;29504;2387;355;237
2022.02_01-07-2022;Мурманская область;75_90_days;AllVaccines;739;27;2;0;286;24;1;1;1025;51;3;1;22263;944;69;29;7241;1443;286;208;29504;2387;355;237
2022.02_01-07-2022;Мурманская область;75_90_days;CoviVac;24;1;0;0;3;0;0;0;27;1;0;0;22263;944;69;29;7241;1443;286;208;29504;2387;355;237
2022.02_01-07-2022;Мурманская область;75_90_days;EpiVacCorona;33;4;0;0;16;1;1;1;49;5;1;1;22263;944;69;29;7241;1443;286;208;29504;2387;355;237
2022.02_01-07-2022;Мурманская область;75_90_days;SputnikLite;463;14;2;0;158;16;0;0;621;30;2;0;22263;944;69;29;7241;1443;286;208;29504;2387;355;237
2022.02_01-07-2022;Мурманская область;75_90_days;SputnikV;219;8;0;0;109;7;0;0;328;15;0;0;22263;944;69;29;7241;1443;286;208;29504;2387;355;237
2022.02_01-07-2022;Мурманская область;90_105_days;AllVaccines;664;27;1;1;357;47;3;2;1021;74;4;3;22263;944;69;29;7241;1443;286;208;29504;2387;355;237
2022.02_01-07-2022;Мурманская область;90_105_days;CoviVac;32;0;0;0;3;0;0;0;35;0;0;0;22263;944;69;29;7241;1443;286;208;29504;2387;355;237
2022.02_01-07-2022;Мурманская область;90_105_days;EpiVacCorona;22;1;0;0;18;4;0;0;40;5;0;0;22263;944;69;29;7241;1443;286;208;29504;2387;355;237
2022.02_01-07-2022;Мурманская область;90_105_days;SputnikLite;481;21;1;1;256;29;2;1;737;50;3;2;22263;944;69;29;7241;1443;286;208;29504;2387;355;237
2022.02_01-07-2022;Мурманская область;90_105_days;SputnikV;129;5;0;0;80;14;1;1;209;19;1;1;22263;944;69;29;7241;1443;286;208;29504;2387;355;237
2022.02_01-07-2022;Ненецкий автономный округ;105_165_days;AllVaccines;160;3;1;0;47;5;0;0;207;8;1;0;2367;52;3;0;627;53;14;4;2994;105;17;4
2022.02_01-07-2022;Ненецкий автономный округ;105_165_days;CoviVac;9;1;0;0;1;0;0;0;10;1;0;0;2367;52;3;0;627;53;14;4;2994;105;17;4
2022.02_01-07-2022;Ненецкий автономный округ;105_165_days;EpiVacCorona;1;0;0;0;0;0;0;0;1;0;0;0;2367;52;3;0;627;53;14;4;2994;105;17;4
2022.02_01-07-2022;Ненецкий автономный округ;105_165_days;SputnikLite;130;2;1;0;43;5;0;0;173;7;1;0;2367;52;3;0;627;53;14;4;2994;105;17;4
2022.02_01-07-2022;Ненецкий автономный округ;105_165_days;SputnikV;20;0;0;0;3;0;0;0;23;0;0;0;2367;52;3;0;627;53;14;4;2994;105;17;4
2022.02_01-07-2022;Ненецкий автономный округ;165_195_days;AllVaccines;125;4;0;0;30;1;0;0;155;5;0;0;2367;52;3;0;627;53;14;4;2994;105;17;4
2022.02_01-07-2022;Ненецкий автономный округ;165_195_days;CoviVac;9;1;0;0;4;0;0;0;13;1;0;0;2367;52;3;0;627;53;14;4;2994;105;17;4
2022.02_01-07-2022;Ненецкий автономный округ;165_195_days;EpiVacCorona;35;2;0;0;2;0;0;0;37;2;0;0;2367;52;3;0;627;53;14;4;2994;105;17;4
2022.02_01-07-2022;Ненецкий автономный округ;165_195_days;SputnikLite;41;0;0;0;17;1;0;0;58;1;0;0;2367;52;3;0;627;53;14;4;2994;105;17;4
2022.02_01-07-2022;Ненецкий автономный округ;165_195_days;SputnikV;40;1;0;0;7;0;0;0;47;1;0;0;2367;52;3;0;627;53;14;4;2994;105;17;4
2022.02_01-07-2022;Ненецкий автономный округ;21_45_days;AllVaccines;42;0;0;0;16;1;0;0;58;1;0;0;2367;52;3;0;627;53;14;4;2994;105;17;4
2022.02_01-07-2022;Ненецкий автономный округ;21_45_days;EpiVacCorona;0;0;0;0;1;1;0;0;1;1;0;0;2367;52;3;0;627;53;14;4;2994;105;17;4
2022.02_01-07-2022;Ненецкий автономный округ;21_45_days;SputnikLite;35;0;0;0;15;0;0;0;50;0;0;0;2367;52;3;0;627;53;14;4;2994;105;17;4
2022.02_01-07-2022;Ненецкий автономный округ;21_45_days;SputnikV;7;0;0;0;0;0;0;0;7;0;0;0;2367;52;3;0;627;53;14;4;2994;105;17;4
2022.02_01-07-2022;Ненецкий автономный округ;45_75_days;AllVaccines;109;1;0;0;44;3;1;0;153;4;1;0;2367;52;3;0;627;53;14;4;2994;105;17;4
2022.02_01-07-2022;Ненецкий автономный округ;45_75_days;EpiVacCorona;6;0;0;0;3;0;0;0;9;0;0;0;2367;52;3;0;627;53;14;4;2994;105;17;4
2022.02_01-07-2022;Ненецкий автономный округ;45_75_days;SputnikLite;67;1;0;0;34;2;1;0;101;3;1;0;2367;52;3;0;627;53;14;4;2994;105;17;4
2022.02_01-07-2022;Ненецкий автономный округ;45_75_days;SputnikV;36;0;0;0;7;1;0;0;43;1;0;0;2367;52;3;0;627;53;14;4;2994;105;17;4
2022.02_01-07-2022;Ненецкий автономный округ;75_90_days;AllVaccines;93;1;0;0;27;1;0;0;120;2;0;0;2367;52;3;0;627;53;14;4;2994;105;17;4
2022.02_01-07-2022;Ненецкий автономный округ;75_90_days;EpiVacCorona;3;0;0;0;0;0;0;0;3;0;0;0;2367;52;3;0;627;53;14;4;2994;105;17;4
2022.02_01-07-2022;Ненецкий автономный округ;75_90_days;SputnikLite;69;1;0;0;24;1;0;0;93;2;0;0;2367;52;3;0;627;53;14;4;2994;105;17;4
2022.02_01-07-2022;Ненецкий автономный округ;75_90_days;SputnikV;21;0;0;0;3;0;0;0;24;0;0;0;2367;52;3;0;627;53;14;4;2994;105;17;4
2022.02_01-07-2022;Ненецкий автономный округ;90_105_days;AllVaccines;82;0;0;0;24;2;0;0;106;2;0;0;2367;52;3;0;627;53;14;4;2994;105;17;4
2022.02_01-07-2022;Ненецкий автономный округ;90_105_days;SputnikLite;71;0;0;0;23;2;0;0;94;2;0;0;2367;52;3;0;627;53;14;4;2994;105;17;4
2022.02_01-07-2022;Ненецкий автономный округ;90_105_days;SputnikV;11;0;0;0;1;0;0;0;12;0;0;0;2367;52;3;0;627;53;14;4;2994;105;17;4
2022.02_01-07-2022;Нижегородская область;105_165_days;AllVaccines;9658;198;14;5;4053;464;43;18;13711;662;57;23;90738;3044;207;84;37623;7348;1233;951;128361;10392;1440;1035
2022.02_01-07-2022;Нижегородская область;105_165_days;CoviVac;345;6;0;0;74;10;0;0;419;16;0;0;90738;3044;207;84;37623;7348;1233;951;128361;10392;1440;1035
2022.02_01-07-2022;Нижегородская область;105_165_days;EpiVacCorona;132;5;0;0;79;13;2;1;211;18;2;1;90738;3044;207;84;37623;7348;1233;951;128361;10392;1440;1035
2022.02_01-07-2022;Нижегородская область;105_165_days;SputnikLite;6031;112;7;3;2582;263;25;8;8613;375;32;11;90738;3044;207;84;37623;7348;1233;951;128361;10392;1440;1035
2022.02_01-07-2022;Нижегородская область;105_165_days;SputnikV;3150;75;7;2;1318;178;16;9;4468;253;23;11;90738;3044;207;84;37623;7348;1233;951;128361;10392;1440;1035
2022.02_01-07-2022;Нижегородская область;165_195_days;AllVaccines;11748;214;16;2;2125;196;18;10;13873;410;34;12;90738;3044;207;84;37623;7348;1233;951;128361;10392;1440;1035
2022.02_01-07-2022;Нижегородская область;165_195_days;CoviVac;301;13;0;0;24;3;0;0;325;16;0;0;90738;3044;207;84;37623;7348;1233;951;128361;10392;1440;1035
2022.02_01-07-2022;Нижегородская область;165_195_days;EpiVacCorona;555;17;0;0;160;27;4;2;715;44;4;2;90738;3044;207;84;37623;7348;1233;951;128361;10392;1440;1035
2022.02_01-07-2022;Нижегородская область;165_195_days;SputnikLite;3718;66;4;2;599;42;2;1;4317;108;6;3;90738;3044;207;84;37623;7348;1233;951;128361;10392;1440;1035
2022.02_01-07-2022;Нижегородская область;165_195_days;SputnikV;7174;118;12;0;1342;124;12;7;8516;242;24;7;90738;3044;207;84;37623;7348;1233;951;128361;10392;1440;1035
2022.02_01-07-2022;Нижегородская область;21_45_days;AllVaccines;2010;50;0;0;1012;138;15;13;3022;188;15;13;90738;3044;207;84;37623;7348;1233;951;128361;10392;1440;1035
2022.02_01-07-2022;Нижегородская область;21_45_days;CoviVac;35;1;0;0;7;0;0;0;42;1;0;0;90738;3044;207;84;37623;7348;1233;951;128361;10392;1440;1035
2022.02_01-07-2022;Нижегородская область;21_45_days;EpiVacCorona;80;7;0;0;66;22;3;3;146;29;3;3;90738;3044;207;84;37623;7348;1233;951;128361;10392;1440;1035
2022.02_01-07-2022;Нижегородская область;21_45_days;SputnikLite;1477;27;0;0;649;65;10;7;2126;92;10;7;90738;3044;207;84;37623;7348;1233;951;128361;10392;1440;1035
2022.02_01-07-2022;Нижегородская область;21_45_days;SputnikV;418;15;0;0;290;51;2;3;708;66;2;3;90738;3044;207;84;37623;7348;1233;951;128361;10392;1440;1035
2022.02_01-07-2022;Нижегородская область;45_75_days;AllVaccines;4867;157;5;2;2823;422;41;24;7690;579;46;26;90738;3044;207;84;37623;7348;1233;951;128361;10392;1440;1035
2022.02_01-07-2022;Нижегородская область;45_75_days;CoviVac;21;0;0;0;8;1;0;0;29;1;0;0;90738;3044;207;84;37623;7348;1233;951;128361;10392;1440;1035
2022.02_01-07-2022;Нижегородская область;45_75_days;EpiVacCorona;184;9;1;1;135;41;3;4;319;50;4;5;90738;3044;207;84;37623;7348;1233;951;128361;10392;1440;1035
2022.02_01-07-2022;Нижегородская область;45_75_days;SputnikLite;1592;55;2;0;1073;135;7;2;2665;190;9;2;90738;3044;207;84;37623;7348;1233;951;128361;10392;1440;1035
2022.02_01-07-2022;Нижегородская область;45_75_days;SputnikV;3070;93;2;1;1607;245;31;18;4677;338;33;19;90738;3044;207;84;37623;7348;1233;951;128361;10392;1440;1035
2022.02_01-07-2022;Нижегородская область;75_90_days;AllVaccines;4286;121;4;2;2347;329;26;14;6633;450;30;16;90738;3044;207;84;37623;7348;1233;951;128361;10392;1440;1035
2022.02_01-07-2022;Нижегородская область;75_90_days;CoviVac;39;0;0;0;5;0;0;0;44;0;0;0;90738;3044;207;84;37623;7348;1233;951;128361;10392;1440;1035
2022.02_01-07-2022;Нижегородская область;75_90_days;EpiVacCorona;147;4;0;0;79;25;2;1;226;29;2;1;90738;3044;207;84;37623;7348;1233;951;128361;10392;1440;1035
2022.02_01-07-2022;Нижегородская область;75_90_days;SputnikLite;1348;49;2;1;1144;143;16;10;2492;192;18;11;90738;3044;207;84;37623;7348;1233;951;128361;10392;1440;1035
2022.02_01-07-2022;Нижегородская область;75_90_days;SputnikV;2752;68;2;1;1119;161;8;3;3871;229;10;4;90738;3044;207;84;37623;7348;1233;951;128361;10392;1440;1035
2022.02_01-07-2022;Нижегородская область;90_105_days;AllVaccines;2738;57;4;0;1221;140;13;3;3959;197;17;3;90738;3044;207;84;37623;7348;1233;951;128361;10392;1440;1035
2022.02_01-07-2022;Нижегородская область;90_105_days;CoviVac;32;0;0;0;6;0;0;0;38;0;0;0;90738;3044;207;84;37623;7348;1233;951;128361;10392;1440;1035
2022.02_01-07-2022;Нижегородская область;90_105_days;EpiVacCorona;81;1;0;0;32;7;0;0;113;8;0;0;90738;3044;207;84;37623;7348;1233;951;128361;10392;1440;1035
2022.02_01-07-2022;Нижегородская область;90_105_days;SputnikLite;655;11;1;0;464;57;3;0;1119;68;4;0;90738;3044;207;84;37623;7348;1233;951;128361;10392;1440;1035
2022.02_01-07-2022;Нижегородская область;90_105_days;SputnikV;1970;45;3;0;719;76;10;3;2689;121;13;3;90738;3044;207;84;37623;7348;1233;951;128361;10392;1440;1035
2022.02_01-07-2022;Новгородская область;105_165_days;AllVaccines;1461;54;1;1;606;130;4;5;2067;184;5;6;13260;814;19;21;5319;1516;149;206;18579;2330;168;227
2022.02_01-07-2022;Новгородская область;105_165_days;CoviVac;7;2;1;1;3;0;0;0;10;2;1;1;13260;814;19;21;5319;1516;149;206;18579;2330;168;227
2022.02_01-07-2022;Новгородская область;105_165_days;EpiVacCorona;5;0;0;0;1;1;0;0;6;1;0;0;13260;814;19;21;5319;1516;149;206;18579;2330;168;227
2022.02_01-07-2022;Новгородская область;105_165_days;SputnikLite;1138;43;0;0;460;95;4;3;1598;138;4;3;13260;814;19;21;5319;1516;149;206;18579;2330;168;227
2022.02_01-07-2022;Новгородская область;105_165_days;SputnikV;311;9;0;0;142;34;0;2;453;43;0;2;13260;814;19;21;5319;1516;149;206;18579;2330;168;227
2022.02_01-07-2022;Новгородская область;165_195_days;AllVaccines;1640;62;0;0;330;43;3;1;1970;105;3;1;13260;814;19;21;5319;1516;149;206;18579;2330;168;227
2022.02_01-07-2022;Новгородская область;165_195_days;CoviVac;17;0;0;0;2;0;0;0;19;0;0;0;13260;814;19;21;5319;1516;149;206;18579;2330;168;227
2022.02_01-07-2022;Новгородская область;165_195_days;EpiVacCorona;22;0;0;0;5;0;0;0;27;0;0;0;13260;814;19;21;5319;1516;149;206;18579;2330;168;227
2022.02_01-07-2022;Новгородская область;165_195_days;SputnikLite;724;30;0;0;84;12;2;1;808;42;2;1;13260;814;19;21;5319;1516;149;206;18579;2330;168;227
2022.02_01-07-2022;Новгородская область;165_195_days;SputnikV;877;32;0;0;239;31;1;0;1116;63;1;0;13260;814;19;21;5319;1516;149;206;18579;2330;168;227
2022.02_01-07-2022;Новгородская область;21_45_days;AllVaccines;194;5;0;0;134;17;0;0;328;22;0;0;13260;814;19;21;5319;1516;149;206;18579;2330;168;227
2022.02_01-07-2022;Новгородская область;21_45_days;CoviVac;5;0;0;0;3;0;0;0;8;0;0;0;13260;814;19;21;5319;1516;149;206;18579;2330;168;227
2022.02_01-07-2022;Новгородская область;21_45_days;EpiVacCorona;22;1;0;0;11;3;0;0;33;4;0;0;13260;814;19;21;5319;1516;149;206;18579;2330;168;227
2022.02_01-07-2022;Новгородская область;21_45_days;SputnikLite;122;3;0;0;73;7;0;0;195;10;0;0;13260;814;19;21;5319;1516;149;206;18579;2330;168;227
2022.02_01-07-2022;Новгородская область;21_45_days;SputnikV;45;1;0;0;47;7;0;0;92;8;0;0;13260;814;19;21;5319;1516;149;206;18579;2330;168;227
2022.02_01-07-2022;Новгородская область;45_75_days;AllVaccines;747;31;1;1;341;61;2;7;1088;92;3;8;13260;814;19;21;5319;1516;149;206;18579;2330;168;227
2022.02_01-07-2022;Новгородская область;45_75_days;CoviVac;47;2;0;0;22;6;0;1;69;8;0;1;13260;814;19;21;5319;1516;149;206;18579;2330;168;227
2022.02_01-07-2022;Новгородская область;45_75_days;EpiVacCorona;95;7;0;0;39;11;0;2;134;18;0;2;13260;814;19;21;5319;1516;149;206;18579;2330;168;227
2022.02_01-07-2022;Новгородская область;45_75_days;SputnikLite;143;5;0;0;104;13;1;2;247;18;1;2;13260;814;19;21;5319;1516;149;206;18579;2330;168;227
2022.02_01-07-2022;Новгородская область;45_75_days;SputnikV;462;17;1;1;176;31;1;2;638;48;2;3;13260;814;19;21;5319;1516;149;206;18579;2330;168;227
2022.02_01-07-2022;Новгородская область;75_90_days;AllVaccines;498;23;0;1;270;40;2;0;768;63;2;1;13260;814;19;21;5319;1516;149;206;18579;2330;168;227
2022.02_01-07-2022;Новгородская область;75_90_days;CoviVac;10;0;0;0;1;1;0;0;11;1;0;0;13260;814;19;21;5319;1516;149;206;18579;2330;168;227
2022.02_01-07-2022;Новгородская область;75_90_days;EpiVacCorona;25;3;0;0;10;3;0;0;35;6;0;0;13260;814;19;21;5319;1516;149;206;18579;2330;168;227
2022.02_01-07-2022;Новгородская область;75_90_days;SputnikLite;187;9;0;1;136;16;1;0;323;25;1;1;13260;814;19;21;5319;1516;149;206;18579;2330;168;227
2022.02_01-07-2022;Новгородская область;75_90_days;SputnikV;276;11;0;0;123;20;1;0;399;31;1;0;13260;814;19;21;5319;1516;149;206;18579;2330;168;227
2022.02_01-07-2022;Новгородская область;90_105_days;AllVaccines;425;26;0;0;180;31;1;0;605;57;1;0;13260;814;19;21;5319;1516;149;206;18579;2330;168;227
2022.02_01-07-2022;Новгородская область;90_105_days;CoviVac;15;1;0;0;4;0;0;0;19;1;0;0;13260;814;19;21;5319;1516;149;206;18579;2330;168;227
2022.02_01-07-2022;Новгородская область;90_105_days;EpiVacCorona;20;3;0;0;7;2;0;0;27;5;0;0;13260;814;19;21;5319;1516;149;206;18579;2330;168;227
2022.02_01-07-2022;Новгородская область;90_105_days;SputnikLite;235;11;0;0;92;14;1;0;327;25;1;0;13260;814;19;21;5319;1516;149;206;18579;2330;168;227
2022.02_01-07-2022;Новгородская область;90_105_days;SputnikV;155;11;0;0;77;15;0;0;232;26;0;0;13260;814;19;21;5319;1516;149;206;18579;2330;168;227
2022.02_01-07-2022;Новосибирская область;105_165_days;AllVaccines;6094;132;6;2;2286;251;42;16;8380;383;48;18;76987;2490;213;87;27752;5653;1296;857;104739;8143;1509;944
2022.02_01-07-2022;Новосибирская область;105_165_days;CoviVac;216;2;0;0;37;6;1;0;253;8;1;0;76987;2490;213;87;27752;5653;1296;857;104739;8143;1509;944
2022.02_01-07-2022;Новосибирская область;105_165_days;EpiVacCorona;129;2;0;0;66;13;3;0;195;15;3;0;76987;2490;213;87;27752;5653;1296;857;104739;8143;1509;944
2022.02_01-07-2022;Новосибирская область;105_165_days;SputnikLite;3448;86;4;1;1408;147;22;9;4856;233;26;10;76987;2490;213;87;27752;5653;1296;857;104739;8143;1509;944
2022.02_01-07-2022;Новосибирская область;105_165_days;SputnikV;2301;42;2;1;775;85;16;7;3076;127;18;8;76987;2490;213;87;27752;5653;1296;857;104739;8143;1509;944
2022.02_01-07-2022;Новосибирская область;165_195_days;AllVaccines;5323;82;9;3;1271;138;22;8;6594;220;31;11;76987;2490;213;87;27752;5653;1296;857;104739;8143;1509;944
2022.02_01-07-2022;Новосибирская область;165_195_days;CoviVac;125;4;0;0;15;4;1;0;140;8;1;0;76987;2490;213;87;27752;5653;1296;857;104739;8143;1509;944
2022.02_01-07-2022;Новосибирская область;165_195_days;EpiVacCorona;260;7;1;0;138;20;5;1;398;27;6;1;76987;2490;213;87;27752;5653;1296;857;104739;8143;1509;944
2022.02_01-07-2022;Новосибирская область;165_195_days;SputnikLite;1535;27;3;1;200;16;4;3;1735;43;7;4;76987;2490;213;87;27752;5653;1296;857;104739;8143;1509;944
2022.02_01-07-2022;Новосибирская область;165_195_days;SputnikV;3403;44;5;2;918;98;12;4;4321;142;17;6;76987;2490;213;87;27752;5653;1296;857;104739;8143;1509;944
2022.02_01-07-2022;Новосибирская область;21_45_days;AllVaccines;2128;41;4;0;1048;122;20;7;3176;163;24;7;76987;2490;213;87;27752;5653;1296;857;104739;8143;1509;944
2022.02_01-07-2022;Новосибирская область;21_45_days;CoviVac;33;1;0;0;4;1;0;0;37;2;0;0;76987;2490;213;87;27752;5653;1296;857;104739;8143;1509;944
2022.02_01-07-2022;Новосибирская область;21_45_days;EpiVacCorona;69;0;0;0;43;6;1;0;112;6;1;0;76987;2490;213;87;27752;5653;1296;857;104739;8143;1509;944
2022.02_01-07-2022;Новосибирская область;21_45_days;SputnikLite;1449;25;2;0;777;89;15;5;2226;114;17;5;76987;2490;213;87;27752;5653;1296;857;104739;8143;1509;944
2022.02_01-07-2022;Новосибирская область;21_45_days;SputnikV;577;15;2;0;224;26;4;2;801;41;6;2;76987;2490;213;87;27752;5653;1296;857;104739;8143;1509;944
2022.02_01-07-2022;Новосибирская область;45_75_days;AllVaccines;6427;132;7;2;2513;312;47;24;8940;444;54;26;76987;2490;213;87;27752;5653;1296;857;104739;8143;1509;944
2022.02_01-07-2022;Новосибирская область;45_75_days;CoviVac;23;0;0;0;9;1;1;1;32;1;1;1;76987;2490;213;87;27752;5653;1296;857;104739;8143;1509;944
2022.02_01-07-2022;Новосибирская область;45_75_days;EpiVacCorona;309;11;0;0;101;11;3;2;410;22;3;2;76987;2490;213;87;27752;5653;1296;857;104739;8143;1509;944
2022.02_01-07-2022;Новосибирская область;45_75_days;SputnikLite;1485;32;4;0;1051;132;17;11;2536;164;21;11;76987;2490;213;87;27752;5653;1296;857;104739;8143;1509;944
2022.02_01-07-2022;Новосибирская область;45_75_days;SputnikV;4610;89;3;2;1352;168;26;10;5962;257;29;12;76987;2490;213;87;27752;5653;1296;857;104739;8143;1509;944
2022.02_01-07-2022;Новосибирская область;75_90_days;AllVaccines;3416;83;6;3;1369;148;13;10;4785;231;19;13;76987;2490;213;87;27752;5653;1296;857;104739;8143;1509;944
2022.02_01-07-2022;Новосибирская область;75_90_days;CoviVac;21;1;1;1;2;0;0;0;23;1;1;1;76987;2490;213;87;27752;5653;1296;857;104739;8143;1509;944
2022.02_01-07-2022;Новосибирская область;75_90_days;EpiVacCorona;206;5;0;0;70;14;0;2;276;19;0;2;76987;2490;213;87;27752;5653;1296;857;104739;8143;1509;944
2022.02_01-07-2022;Новосибирская область;75_90_days;SputnikLite;841;20;3;2;600;54;3;2;1441;74;6;4;76987;2490;213;87;27752;5653;1296;857;104739;8143;1509;944
2022.02_01-07-2022;Новосибирская область;75_90_days;SputnikV;2348;57;2;0;697;80;10;6;3045;137;12;6;76987;2490;213;87;27752;5653;1296;857;104739;8143;1509;944
2022.02_01-07-2022;Новосибирская область;90_105_days;AllVaccines;2176;40;2;0;684;82;12;7;2860;122;14;7;76987;2490;213;87;27752;5653;1296;857;104739;8143;1509;944
2022.02_01-07-2022;Новосибирская область;90_105_days;CoviVac;53;2;0;0;5;0;0;0;58;2;0;0;76987;2490;213;87;27752;5653;1296;857;104739;8143;1509;944
2022.02_01-07-2022;Новосибирская область;90_105_days;EpiVacCorona;102;4;1;0;43;9;1;0;145;13;2;0;76987;2490;213;87;27752;5653;1296;857;104739;8143;1509;944
2022.02_01-07-2022;Новосибирская область;90_105_days;SputnikLite;400;8;0;0;167;13;5;2;567;21;5;2;76987;2490;213;87;27752;5653;1296;857;104739;8143;1509;944
2022.02_01-07-2022;Новосибирская область;90_105_days;SputnikV;1621;26;1;0;469;60;6;5;2090;86;7;5;76987;2490;213;87;27752;5653;1296;857;104739;8143;1509;944
2022.02_01-07-2022;Омская область;105_165_days;AllVaccines;2834;65;4;3;1008;158;32;22;3842;223;36;25;30203;1248;117;53;13539;3227;805;624;43742;4475;922;677
2022.02_01-07-2022;Омская область;105_165_days;CoviVac;60;0;0;0;15;4;1;1;75;4;1;1;30203;1248;117;53;13539;3227;805;624;43742;4475;922;677
2022.02_01-07-2022;Омская область;105_165_days;EpiVacCorona;52;2;0;0;19;7;1;1;71;9;1;1;30203;1248;117;53;13539;3227;805;624;43742;4475;922;677
2022.02_01-07-2022;Омская область;105_165_days;SputnikLite;1217;33;1;0;558;81;18;9;1775;114;19;9;30203;1248;117;53;13539;3227;805;624;43742;4475;922;677
2022.02_01-07-2022;Омская область;105_165_days;SputnikV;1505;30;3;3;416;66;12;11;1921;96;15;14;30203;1248;117;53;13539;3227;805;624;43742;4475;922;677
2022.02_01-07-2022;Омская область;165_195_days;AllVaccines;5035;123;7;2;915;112;20;9;5950;235;27;11;30203;1248;117;53;13539;3227;805;624;43742;4475;922;677
2022.02_01-07-2022;Омская область;165_195_days;CoviVac;89;2;0;0;16;3;0;0;105;5;0;0;30203;1248;117;53;13539;3227;805;624;43742;4475;922;677
2022.02_01-07-2022;Омская область;165_195_days;EpiVacCorona;107;5;1;0;38;9;2;1;145;14;3;1;30203;1248;117;53;13539;3227;805;624;43742;4475;922;677
2022.02_01-07-2022;Омская область;165_195_days;SputnikLite;868;25;0;0;139;15;1;1;1007;40;1;1;30203;1248;117;53;13539;3227;805;624;43742;4475;922;677
2022.02_01-07-2022;Омская область;165_195_days;SputnikV;3971;91;6;2;722;85;17;7;4693;176;23;9;30203;1248;117;53;13539;3227;805;624;43742;4475;922;677
2022.02_01-07-2022;Омская область;21_45_days;AllVaccines;914;33;1;1;405;66;7;6;1319;99;8;7;30203;1248;117;53;13539;3227;805;624;43742;4475;922;677
2022.02_01-07-2022;Омская область;21_45_days;CoviVac;10;1;0;0;2;0;0;0;12;1;0;0;30203;1248;117;53;13539;3227;805;624;43742;4475;922;677
2022.02_01-07-2022;Омская область;21_45_days;EpiVacCorona;24;0;0;0;23;7;2;1;47;7;2;1;30203;1248;117;53;13539;3227;805;624;43742;4475;922;677
2022.02_01-07-2022;Омская область;21_45_days;SputnikLite;595;23;1;1;224;35;4;4;819;58;5;5;30203;1248;117;53;13539;3227;805;624;43742;4475;922;677
2022.02_01-07-2022;Омская область;21_45_days;SputnikV;285;9;0;0;156;24;1;1;441;33;1;1;30203;1248;117;53;13539;3227;805;624;43742;4475;922;677
2022.02_01-07-2022;Омская область;45_75_days;AllVaccines;2357;93;9;0;1068;190;33;19;3425;283;42;19;30203;1248;117;53;13539;3227;805;624;43742;4475;922;677
2022.02_01-07-2022;Омская область;45_75_days;CoviVac;27;3;0;0;7;3;0;0;34;6;0;0;30203;1248;117;53;13539;3227;805;624;43742;4475;922;677
2022.02_01-07-2022;Омская область;45_75_days;EpiVacCorona;88;7;0;0;47;14;2;2;135;21;2;2;30203;1248;117;53;13539;3227;805;624;43742;4475;922;677
2022.02_01-07-2022;Омская область;45_75_days;SputnikLite;621;19;5;0;364;54;7;3;985;73;12;3;30203;1248;117;53;13539;3227;805;624;43742;4475;922;677
2022.02_01-07-2022;Омская область;45_75_days;SputnikV;1621;64;4;0;650;119;24;14;2271;183;28;14;30203;1248;117;53;13539;3227;805;624;43742;4475;922;677
2022.02_01-07-2022;Омская область;75_90_days;AllVaccines;1459;53;3;1;626;79;10;4;2085;132;13;5;30203;1248;117;53;13539;3227;805;624;43742;4475;922;677
2022.02_01-07-2022;Омская область;75_90_days;CoviVac;24;0;0;0;5;0;0;0;29;0;0;0;30203;1248;117;53;13539;3227;805;624;43742;4475;922;677
2022.02_01-07-2022;Омская область;75_90_days;EpiVacCorona;68;5;0;0;20;4;0;0;88;9;0;0;30203;1248;117;53;13539;3227;805;624;43742;4475;922;677
2022.02_01-07-2022;Омская область;75_90_days;SputnikLite;229;10;0;0;152;22;3;1;381;32;3;1;30203;1248;117;53;13539;3227;805;624;43742;4475;922;677
2022.02_01-07-2022;Омская область;75_90_days;SputnikV;1138;38;3;1;449;53;7;3;1587;91;10;4;30203;1248;117;53;13539;3227;805;624;43742;4475;922;677
2022.02_01-07-2022;Омская область;90_105_days;AllVaccines;887;37;3;0;430;65;10;5;1317;102;13;5;30203;1248;117;53;13539;3227;805;624;43742;4475;922;677
2022.02_01-07-2022;Омская область;90_105_days;CoviVac;25;1;1;0;7;1;0;0;32;2;1;0;30203;1248;117;53;13539;3227;805;624;43742;4475;922;677
2022.02_01-07-2022;Омская область;90_105_days;EpiVacCorona;38;2;0;0;11;0;0;0;49;2;0;0;30203;1248;117;53;13539;3227;805;624;43742;4475;922;677
2022.02_01-07-2022;Омская область;90_105_days;SputnikLite;297;8;1;0;162;22;6;3;459;30;7;3;30203;1248;117;53;13539;3227;805;624;43742;4475;922;677
2022.02_01-07-2022;Омская область;90_105_days;SputnikV;527;26;1;0;250;42;4;2;777;68;5;2;30203;1248;117;53;13539;3227;805;624;43742;4475;922;677
2022.02_01-07-2022;Оренбургская область;105_165_days;AllVaccines;4320;76;5;0;1767;168;33;15;6087;244;38;15;40653;1030;120;38;15047;2469;717;407;55700;3499;837;445
2022.02_01-07-2022;Оренбургская область;105_165_days;CoviVac;103;2;0;0;14;0;0;0;117;2;0;0;40653;1030;120;38;15047;2469;717;407;55700;3499;837;445
2022.02_01-07-2022;Оренбургская область;105_165_days;EpiVacCorona;79;2;0;0;15;2;1;1;94;4;1;1;40653;1030;120;38;15047;2469;717;407;55700;3499;837;445
2022.02_01-07-2022;Оренбургская область;105_165_days;SputnikLite;1353;22;2;0;1048;92;19;8;2401;114;21;8;40653;1030;120;38;15047;2469;717;407;55700;3499;837;445
2022.02_01-07-2022;Оренбургская область;105_165_days;SputnikV;2785;50;3;0;690;74;13;6;3475;124;16;6;40653;1030;120;38;15047;2469;717;407;55700;3499;837;445
2022.02_01-07-2022;Оренбургская область;165_195_days;AllVaccines;5316;69;7;1;959;86;17;7;6275;155;24;8;40653;1030;120;38;15047;2469;717;407;55700;3499;837;445
2022.02_01-07-2022;Оренбургская область;165_195_days;CoviVac;45;0;0;0;8;1;0;0;53;1;0;0;40653;1030;120;38;15047;2469;717;407;55700;3499;837;445
2022.02_01-07-2022;Оренбургская область;165_195_days;EpiVacCorona;112;9;2;0;26;2;1;1;138;11;3;1;40653;1030;120;38;15047;2469;717;407;55700;3499;837;445
2022.02_01-07-2022;Оренбургская область;165_195_days;SputnikLite;344;9;0;0;148;16;3;1;492;25;3;1;40653;1030;120;38;15047;2469;717;407;55700;3499;837;445
2022.02_01-07-2022;Оренбургская область;165_195_days;SputnikV;4815;51;5;1;777;67;13;5;5592;118;18;6;40653;1030;120;38;15047;2469;717;407;55700;3499;837;445
2022.02_01-07-2022;Оренбургская область;21_45_days;AllVaccines;1714;20;1;0;476;35;7;3;2190;55;8;3;40653;1030;120;38;15047;2469;717;407;55700;3499;837;445
2022.02_01-07-2022;Оренбургская область;21_45_days;CoviVac;13;1;0;0;1;0;0;0;14;1;0;0;40653;1030;120;38;15047;2469;717;407;55700;3499;837;445
2022.02_01-07-2022;Оренбургская область;21_45_days;EpiVacCorona;56;3;0;0;20;6;2;1;76;9;2;1;40653;1030;120;38;15047;2469;717;407;55700;3499;837;445
2022.02_01-07-2022;Оренбургская область;21_45_days;SputnikLite;1409;12;0;0;356;18;3;1;1765;30;3;1;40653;1030;120;38;15047;2469;717;407;55700;3499;837;445
2022.02_01-07-2022;Оренбургская область;21_45_days;SputnikV;236;4;1;0;99;11;2;1;335;15;3;1;40653;1030;120;38;15047;2469;717;407;55700;3499;837;445
2022.02_01-07-2022;Оренбургская область;45_75_days;AllVaccines;2450;63;4;2;1073;135;26;11;3523;198;30;13;40653;1030;120;38;15047;2469;717;407;55700;3499;837;445
2022.02_01-07-2022;Оренбургская область;45_75_days;CoviVac;45;1;0;0;6;1;0;0;51;2;0;0;40653;1030;120;38;15047;2469;717;407;55700;3499;837;445
2022.02_01-07-2022;Оренбургская область;45_75_days;EpiVacCorona;201;12;1;0;93;26;7;1;294;38;8;1;40653;1030;120;38;15047;2469;717;407;55700;3499;837;445
2022.02_01-07-2022;Оренбургская область;45_75_days;SputnikLite;928;12;0;0;427;45;7;6;1355;57;7;6;40653;1030;120;38;15047;2469;717;407;55700;3499;837;445
2022.02_01-07-2022;Оренбургская область;45_75_days;SputnikV;1276;38;3;2;547;63;12;4;1823;101;15;6;40653;1030;120;38;15047;2469;717;407;55700;3499;837;445
2022.02_01-07-2022;Оренбургская область;75_90_days;AllVaccines;2277;53;9;3;923;91;13;3;3200;144;22;6;40653;1030;120;38;15047;2469;717;407;55700;3499;837;445
2022.02_01-07-2022;Оренбургская область;75_90_days;CoviVac;22;0;0;0;3;0;0;0;25;0;0;0;40653;1030;120;38;15047;2469;717;407;55700;3499;837;445
2022.02_01-07-2022;Оренбургская область;75_90_days;EpiVacCorona;122;7;1;0;48;9;2;1;170;16;3;1;40653;1030;120;38;15047;2469;717;407;55700;3499;837;445
2022.02_01-07-2022;Оренбургская область;75_90_days;SputnikLite;621;10;2;0;412;37;9;1;1033;47;11;1;40653;1030;120;38;15047;2469;717;407;55700;3499;837;445
2022.02_01-07-2022;Оренбургская область;75_90_days;SputnikV;1512;36;6;3;460;45;2;1;1972;81;8;4;40653;1030;120;38;15047;2469;717;407;55700;3499;837;445
2022.02_01-07-2022;Оренбургская область;90_105_days;AllVaccines;2147;31;4;2;864;81;12;5;3011;112;16;7;40653;1030;120;38;15047;2469;717;407;55700;3499;837;445
2022.02_01-07-2022;Оренбургская область;90_105_days;CoviVac;78;2;0;0;6;0;0;0;84;2;0;0;40653;1030;120;38;15047;2469;717;407;55700;3499;837;445
2022.02_01-07-2022;Оренбургская область;90_105_days;EpiVacCorona;126;3;0;0;28;4;2;1;154;7;2;1;40653;1030;120;38;15047;2469;717;407;55700;3499;837;445
2022.02_01-07-2022;Оренбургская область;90_105_days;SputnikLite;501;9;0;0;406;31;4;2;907;40;4;2;40653;1030;120;38;15047;2469;717;407;55700;3499;837;445
2022.02_01-07-2022;Оренбургская область;90_105_days;SputnikV;1442;17;4;2;424;46;6;2;1866;63;10;4;40653;1030;120;38;15047;2469;717;407;55700;3499;837;445
2022.02_01-07-2022;Орловская область;105_165_days;AllVaccines;1834;52;8;3;665;103;32;11;2499;155;40;14;14162;761;140;25;6462;1817;701;324;20624;2578;841;349
2022.02_01-07-2022;Орловская область;105_165_days;CoviVac;1;0;0;0;1;0;0;0;2;0;0;0;14162;761;140;25;6462;1817;701;324;20624;2578;841;349
2022.02_01-07-2022;Орловская область;105_165_days;EpiVacCorona;30;2;0;0;17;3;1;0;47;5;1;0;14162;761;140;25;6462;1817;701;324;20624;2578;841;349
2022.02_01-07-2022;Орловская область;105_165_days;SputnikLite;1220;40;5;2;430;62;13;6;1650;102;18;8;14162;761;140;25;6462;1817;701;324;20624;2578;841;349
2022.02_01-07-2022;Орловская область;105_165_days;SputnikV;583;10;3;1;217;38;18;5;800;48;21;6;14162;761;140;25;6462;1817;701;324;20624;2578;841;349
2022.02_01-07-2022;Орловская область;165_195_days;AllVaccines;2175;71;13;0;486;78;18;8;2661;149;31;8;14162;761;140;25;6462;1817;701;324;20624;2578;841;349
2022.02_01-07-2022;Орловская область;165_195_days;CoviVac;2;0;0;0;0;0;0;0;2;0;0;0;14162;761;140;25;6462;1817;701;324;20624;2578;841;349
2022.02_01-07-2022;Орловская область;165_195_days;EpiVacCorona;312;14;7;0;79;15;3;2;391;29;10;2;14162;761;140;25;6462;1817;701;324;20624;2578;841;349
2022.02_01-07-2022;Орловская область;165_195_days;SputnikLite;500;17;1;0;101;20;5;4;601;37;6;4;14162;761;140;25;6462;1817;701;324;20624;2578;841;349
2022.02_01-07-2022;Орловская область;165_195_days;SputnikV;1361;40;5;0;306;43;10;2;1667;83;15;2;14162;761;140;25;6462;1817;701;324;20624;2578;841;349
2022.02_01-07-2022;Орловская область;21_45_days;AllVaccines;408;9;1;0;191;25;9;2;599;34;10;2;14162;761;140;25;6462;1817;701;324;20624;2578;841;349
2022.02_01-07-2022;Орловская область;21_45_days;CoviVac;6;0;0;0;3;1;1;0;9;1;1;0;14162;761;140;25;6462;1817;701;324;20624;2578;841;349
2022.02_01-07-2022;Орловская область;21_45_days;EpiVacCorona;20;1;0;0;13;3;2;0;33;4;2;0;14162;761;140;25;6462;1817;701;324;20624;2578;841;349
2022.02_01-07-2022;Орловская область;21_45_days;SputnikLite;303;6;1;0;135;13;2;1;438;19;3;1;14162;761;140;25;6462;1817;701;324;20624;2578;841;349
2022.02_01-07-2022;Орловская область;21_45_days;SputnikV;79;2;0;0;40;8;4;1;119;10;4;1;14162;761;140;25;6462;1817;701;324;20624;2578;841;349
2022.02_01-07-2022;Орловская область;45_75_days;AllVaccines;1193;61;10;3;468;82;29;7;1661;143;39;10;14162;761;140;25;6462;1817;701;324;20624;2578;841;349
2022.02_01-07-2022;Орловская область;45_75_days;CoviVac;76;4;1;1;20;6;5;0;96;10;6;1;14162;761;140;25;6462;1817;701;324;20624;2578;841;349
2022.02_01-07-2022;Орловская область;45_75_days;EpiVacCorona;17;0;0;0;14;4;2;1;31;4;2;1;14162;761;140;25;6462;1817;701;324;20624;2578;841;349
2022.02_01-07-2022;Орловская область;45_75_days;SputnikLite;232;16;1;0;141;21;7;1;373;37;8;1;14162;761;140;25;6462;1817;701;324;20624;2578;841;349
2022.02_01-07-2022;Орловская область;45_75_days;SputnikV;868;41;8;2;293;51;15;5;1161;92;23;7;14162;761;140;25;6462;1817;701;324;20624;2578;841;349
2022.02_01-07-2022;Орловская область;75_90_days;AllVaccines;907;28;5;0;364;55;13;3;1271;83;18;3;14162;761;140;25;6462;1817;701;324;20624;2578;841;349
2022.02_01-07-2022;Орловская область;75_90_days;CoviVac;20;2;1;0;3;0;0;0;23;2;1;0;14162;761;140;25;6462;1817;701;324;20624;2578;841;349
2022.02_01-07-2022;Орловская область;75_90_days;EpiVacCorona;12;1;0;0;5;1;0;0;17;2;0;0;14162;761;140;25;6462;1817;701;324;20624;2578;841;349
2022.02_01-07-2022;Орловская область;75_90_days;SputnikLite;224;5;1;0;181;25;7;1;405;30;8;1;14162;761;140;25;6462;1817;701;324;20624;2578;841;349
2022.02_01-07-2022;Орловская область;75_90_days;SputnikV;651;20;3;0;175;29;6;2;826;49;9;2;14162;761;140;25;6462;1817;701;324;20624;2578;841;349
2022.02_01-07-2022;Орловская область;90_105_days;AllVaccines;419;5;0;0;177;26;6;2;596;31;6;2;14162;761;140;25;6462;1817;701;324;20624;2578;841;349
2022.02_01-07-2022;Орловская область;90_105_days;CoviVac;37;0;0;0;10;0;0;0;47;0;0;0;14162;761;140;25;6462;1817;701;324;20624;2578;841;349
2022.02_01-07-2022;Орловская область;90_105_days;EpiVacCorona;10;0;0;0;7;1;0;0;17;1;0;0;14162;761;140;25;6462;1817;701;324;20624;2578;841;349
2022.02_01-07-2022;Орловская область;90_105_days;SputnikLite;173;1;0;0;78;14;3;2;251;15;3;2;14162;761;140;25;6462;1817;701;324;20624;2578;841;349
2022.02_01-07-2022;Орловская область;90_105_days;SputnikV;199;4;0;0;82;11;3;0;281;15;3;0;14162;761;140;25;6462;1817;701;324;20624;2578;841;349
2022.02_01-07-2022;Пензенская область;105_165_days;AllVaccines;6023;105;7;2;2789;495;83;60;8812;600;90;62;45387;1109;83;37;19979;3332;560;432;65366;4441;643;469
2022.02_01-07-2022;Пензенская область;105_165_days;CoviVac;85;0;0;0;7;0;0;0;92;0;0;0;45387;1109;83;37;19979;3332;560;432;65366;4441;643;469
2022.02_01-07-2022;Пензенская область;105_165_days;EpiVacCorona;118;3;1;1;51;8;1;1;169;11;2;2;45387;1109;83;37;19979;3332;560;432;65366;4441;643;469
2022.02_01-07-2022;Пензенская область;105_165_days;SputnikLite;3869;56;4;1;1144;165;21;14;5013;221;25;15;45387;1109;83;37;19979;3332;560;432;65366;4441;643;469
2022.02_01-07-2022;Пензенская область;105_165_days;SputnikV;1951;46;2;0;1587;322;61;45;3538;368;63;45;45387;1109;83;37;19979;3332;560;432;65366;4441;643;469
2022.02_01-07-2022;Пензенская область;165_195_days;AllVaccines;6399;122;10;6;1321;161;16;10;7720;283;26;16;45387;1109;83;37;19979;3332;560;432;65366;4441;643;469
2022.02_01-07-2022;Пензенская область;165_195_days;CoviVac;94;1;0;0;12;1;0;0;106;2;0;0;45387;1109;83;37;19979;3332;560;432;65366;4441;643;469
2022.02_01-07-2022;Пензенская область;165_195_days;EpiVacCorona;212;4;0;0;57;8;1;1;269;12;1;1;45387;1109;83;37;19979;3332;560;432;65366;4441;643;469
2022.02_01-07-2022;Пензенская область;165_195_days;SputnikLite;2555;50;4;2;383;58;7;5;2938;108;11;7;45387;1109;83;37;19979;3332;560;432;65366;4441;643;469
2022.02_01-07-2022;Пензенская область;165_195_days;SputnikV;3538;67;6;4;869;94;8;4;4407;161;14;8;45387;1109;83;37;19979;3332;560;432;65366;4441;643;469
2022.02_01-07-2022;Пензенская область;21_45_days;AllVaccines;1400;30;0;0;1185;226;41;36;2585;256;41;36;45387;1109;83;37;19979;3332;560;432;65366;4441;643;469
2022.02_01-07-2022;Пензенская область;21_45_days;CoviVac;8;0;0;0;5;1;0;0;13;1;0;0;45387;1109;83;37;19979;3332;560;432;65366;4441;643;469
2022.02_01-07-2022;Пензенская область;21_45_days;EpiVacCorona;42;3;0;0;189;59;14;11;231;62;14;11;45387;1109;83;37;19979;3332;560;432;65366;4441;643;469
2022.02_01-07-2022;Пензенская область;21_45_days;SputnikLite;1070;19;0;0;479;50;5;5;1549;69;5;5;45387;1109;83;37;19979;3332;560;432;65366;4441;643;469
2022.02_01-07-2022;Пензенская область;21_45_days;SputnikV;280;8;0;0;512;116;22;20;792;124;22;20;45387;1109;83;37;19979;3332;560;432;65366;4441;643;469
2022.02_01-07-2022;Пензенская область;45_75_days;AllVaccines;3093;83;5;0;1942;264;40;29;5035;347;45;29;45387;1109;83;37;19979;3332;560;432;65366;4441;643;469
2022.02_01-07-2022;Пензенская область;45_75_days;CoviVac;65;2;0;0;14;2;0;0;79;4;0;0;45387;1109;83;37;19979;3332;560;432;65366;4441;643;469
2022.02_01-07-2022;Пензенская область;45_75_days;EpiVacCorona;63;4;0;0;61;11;1;1;124;15;1;1;45387;1109;83;37;19979;3332;560;432;65366;4441;643;469
2022.02_01-07-2022;Пензенская область;45_75_days;SputnikLite;869;22;1;0;538;63;8;4;1407;85;9;4;45387;1109;83;37;19979;3332;560;432;65366;4441;643;469
2022.02_01-07-2022;Пензенская область;45_75_days;SputnikV;2096;55;4;0;1329;188;31;24;3425;243;35;24;45387;1109;83;37;19979;3332;560;432;65366;4441;643;469
2022.02_01-07-2022;Пензенская область;75_90_days;AllVaccines;4404;81;2;1;1589;167;17;11;5993;248;19;12;45387;1109;83;37;19979;3332;560;432;65366;4441;643;469
2022.02_01-07-2022;Пензенская область;75_90_days;CoviVac;79;1;0;0;15;2;0;0;94;3;0;0;45387;1109;83;37;19979;3332;560;432;65366;4441;643;469
2022.02_01-07-2022;Пензенская область;75_90_days;EpiVacCorona;39;2;0;0;9;0;0;0;48;2;0;0;45387;1109;83;37;19979;3332;560;432;65366;4441;643;469
2022.02_01-07-2022;Пензенская область;75_90_days;SputnikLite;572;7;0;0;306;30;5;4;878;37;5;4;45387;1109;83;37;19979;3332;560;432;65366;4441;643;469
2022.02_01-07-2022;Пензенская область;75_90_days;SputnikV;3714;71;2;1;1259;135;12;7;4973;206;14;8;45387;1109;83;37;19979;3332;560;432;65366;4441;643;469
2022.02_01-07-2022;Пензенская область;90_105_days;AllVaccines;3677;55;3;0;1091;110;12;8;4768;165;15;8;45387;1109;83;37;19979;3332;560;432;65366;4441;643;469
2022.02_01-07-2022;Пензенская область;90_105_days;CoviVac;101;4;0;0;12;1;0;0;113;5;0;0;45387;1109;83;37;19979;3332;560;432;65366;4441;643;469
2022.02_01-07-2022;Пензенская область;90_105_days;EpiVacCorona;183;1;0;0;55;10;2;1;238;11;2;1;45387;1109;83;37;19979;3332;560;432;65366;4441;643;469
2022.02_01-07-2022;Пензенская область;90_105_days;SputnikLite;86;0;0;0;45;1;0;0;131;1;0;0;45387;1109;83;37;19979;3332;560;432;65366;4441;643;469
2022.02_01-07-2022;Пензенская область;90_105_days;SputnikV;3307;50;3;0;979;98;10;7;4286;148;13;7;45387;1109;83;37;19979;3332;560;432;65366;4441;643;469
2022.02_01-07-2022;Пермский край;105_165_days;AllVaccines;9847;158;8;3;3796;360;30;14;13643;518;38;17;91684;2237;161;57;35365;5610;985;680;127049;7847;1146;737
2022.02_01-07-2022;Пермский край;105_165_days;CoviVac;253;8;0;0;61;6;0;0;314;14;0;0;91684;2237;161;57;35365;5610;985;680;127049;7847;1146;737
2022.02_01-07-2022;Пермский край;105_165_days;EpiVacCorona;212;5;0;0;74;15;4;3;286;20;4;3;91684;2237;161;57;35365;5610;985;680;127049;7847;1146;737
2022.02_01-07-2022;Пермский край;105_165_days;SputnikLite;4290;70;4;2;2214;206;13;6;6504;276;17;8;91684;2237;161;57;35365;5610;985;680;127049;7847;1146;737
2022.02_01-07-2022;Пермский край;105_165_days;SputnikV;5092;75;4;1;1447;133;13;5;6539;208;17;6;91684;2237;161;57;35365;5610;985;680;127049;7847;1146;737
2022.02_01-07-2022;Пермский край;165_195_days;AllVaccines;12473;185;9;2;2208;181;12;7;14681;366;21;9;91684;2237;161;57;35365;5610;985;680;127049;7847;1146;737
2022.02_01-07-2022;Пермский край;165_195_days;CoviVac;257;7;0;0;41;2;0;0;298;9;0;0;91684;2237;161;57;35365;5610;985;680;127049;7847;1146;737
2022.02_01-07-2022;Пермский край;165_195_days;EpiVacCorona;322;12;0;0;92;17;1;0;414;29;1;0;91684;2237;161;57;35365;5610;985;680;127049;7847;1146;737
2022.02_01-07-2022;Пермский край;165_195_days;SputnikLite;2965;27;2;2;431;36;2;1;3396;63;4;3;91684;2237;161;57;35365;5610;985;680;127049;7847;1146;737
2022.02_01-07-2022;Пермский край;165_195_days;SputnikV;8929;139;7;0;1644;126;9;6;10573;265;16;6;91684;2237;161;57;35365;5610;985;680;127049;7847;1146;737
2022.02_01-07-2022;Пермский край;21_45_days;AllVaccines;2138;37;2;0;1153;129;14;8;3291;166;16;8;91684;2237;161;57;35365;5610;985;680;127049;7847;1146;737
2022.02_01-07-2022;Пермский край;21_45_days;CoviVac;40;0;0;0;9;1;0;0;49;1;0;0;91684;2237;161;57;35365;5610;985;680;127049;7847;1146;737
2022.02_01-07-2022;Пермский край;21_45_days;EpiVacCorona;44;2;0;0;27;8;2;0;71;10;2;0;91684;2237;161;57;35365;5610;985;680;127049;7847;1146;737
2022.02_01-07-2022;Пермский край;21_45_days;SputnikLite;1458;23;1;0;851;81;9;7;2309;104;10;7;91684;2237;161;57;35365;5610;985;680;127049;7847;1146;737
2022.02_01-07-2022;Пермский край;21_45_days;SputnikV;596;12;1;0;266;39;3;1;862;51;4;1;91684;2237;161;57;35365;5610;985;680;127049;7847;1146;737
2022.02_01-07-2022;Пермский край;45_75_days;AllVaccines;6279;169;8;2;2993;347;37;26;9272;516;45;28;91684;2237;161;57;35365;5610;985;680;127049;7847;1146;737
2022.02_01-07-2022;Пермский край;45_75_days;CoviVac;100;4;0;0;23;1;0;0;123;5;0;0;91684;2237;161;57;35365;5610;985;680;127049;7847;1146;737
2022.02_01-07-2022;Пермский край;45_75_days;EpiVacCorona;119;3;0;0;52;9;2;0;171;12;2;0;91684;2237;161;57;35365;5610;985;680;127049;7847;1146;737
2022.02_01-07-2022;Пермский край;45_75_days;SputnikLite;1649;70;2;1;1327;155;17;13;2976;225;19;14;91684;2237;161;57;35365;5610;985;680;127049;7847;1146;737
2022.02_01-07-2022;Пермский край;45_75_days;SputnikV;4411;92;6;1;1591;182;18;13;6002;274;24;14;91684;2237;161;57;35365;5610;985;680;127049;7847;1146;737
2022.02_01-07-2022;Пермский край;75_90_days;AllVaccines;4681;76;11;3;2200;236;14;9;6881;312;25;12;91684;2237;161;57;35365;5610;985;680;127049;7847;1146;737
2022.02_01-07-2022;Пермский край;75_90_days;CoviVac;36;1;0;0;14;1;0;0;50;2;0;0;91684;2237;161;57;35365;5610;985;680;127049;7847;1146;737
2022.02_01-07-2022;Пермский край;75_90_days;EpiVacCorona;99;4;1;0;29;3;0;0;128;7;1;0;91684;2237;161;57;35365;5610;985;680;127049;7847;1146;737
2022.02_01-07-2022;Пермский край;75_90_days;SputnikLite;1023;11;2;0;927;93;6;4;1950;104;8;4;91684;2237;161;57;35365;5610;985;680;127049;7847;1146;737
2022.02_01-07-2022;Пермский край;75_90_days;SputnikV;3523;60;8;3;1230;139;8;5;4753;199;16;8;91684;2237;161;57;35365;5610;985;680;127049;7847;1146;737
2022.02_01-07-2022;Пермский край;90_105_days;AllVaccines;1821;30;2;0;937;104;8;4;2758;134;10;4;91684;2237;161;57;35365;5610;985;680;127049;7847;1146;737
2022.02_01-07-2022;Пермский край;90_105_days;CoviVac;83;1;0;0;21;2;0;0;104;3;0;0;91684;2237;161;57;35365;5610;985;680;127049;7847;1146;737
2022.02_01-07-2022;Пермский край;90_105_days;EpiVacCorona;75;0;0;0;36;7;0;0;111;7;0;0;91684;2237;161;57;35365;5610;985;680;127049;7847;1146;737
2022.02_01-07-2022;Пермский край;90_105_days;SputnikLite;324;7;0;0;204;17;3;2;528;24;3;2;91684;2237;161;57;35365;5610;985;680;127049;7847;1146;737
2022.02_01-07-2022;Пермский край;90_105_days;SputnikV;1339;22;2;0;676;78;5;2;2015;100;7;2;91684;2237;161;57;35365;5610;985;680;127049;7847;1146;737
2022.02_01-07-2022;Приморский край;105_165_days;AllVaccines;2604;97;2;0;1032;177;24;7;3636;274;26;7;33380;1679;150;49;12701;3489;847;505;46081;5168;997;554
2022.02_01-07-2022;Приморский край;105_165_days;CoviVac;80;5;0;0;9;0;0;0;89;5;0;0;33380;1679;150;49;12701;3489;847;505;46081;5168;997;554
2022.02_01-07-2022;Приморский край;105_165_days;EpiVacCorona;63;5;0;0;50;8;2;1;113;13;2;1;33380;1679;150;49;12701;3489;847;505;46081;5168;997;554
2022.02_01-07-2022;Приморский край;105_165_days;SputnikLite;1142;40;0;0;623;98;13;3;1765;138;13;3;33380;1679;150;49;12701;3489;847;505;46081;5168;997;554
2022.02_01-07-2022;Приморский край;105_165_days;SputnikV;1319;47;2;0;350;71;9;3;1669;118;11;3;33380;1679;150;49;12701;3489;847;505;46081;5168;997;554
2022.02_01-07-2022;Приморский край;165_195_days;AllVaccines;2572;69;3;0;520;80;12;5;3092;149;15;5;33380;1679;150;49;12701;3489;847;505;46081;5168;997;554
2022.02_01-07-2022;Приморский край;165_195_days;CoviVac;52;5;1;0;4;0;0;0;56;5;1;0;33380;1679;150;49;12701;3489;847;505;46081;5168;997;554
2022.02_01-07-2022;Приморский край;165_195_days;EpiVacCorona;56;1;0;0;33;5;3;1;89;6;3;1;33380;1679;150;49;12701;3489;847;505;46081;5168;997;554
2022.02_01-07-2022;Приморский край;165_195_days;SputnikLite;336;9;0;0;63;11;1;0;399;20;1;0;33380;1679;150;49;12701;3489;847;505;46081;5168;997;554
2022.02_01-07-2022;Приморский край;165_195_days;SputnikV;2128;54;2;0;420;64;8;4;2548;118;10;4;33380;1679;150;49;12701;3489;847;505;46081;5168;997;554
2022.02_01-07-2022;Приморский край;21_45_days;AllVaccines;918;36;3;1;457;88;20;4;1375;124;23;5;33380;1679;150;49;12701;3489;847;505;46081;5168;997;554
2022.02_01-07-2022;Приморский край;21_45_days;CoviVac;10;0;0;0;0;0;0;0;10;0;0;0;33380;1679;150;49;12701;3489;847;505;46081;5168;997;554
2022.02_01-07-2022;Приморский край;21_45_days;EpiVacCorona;24;1;0;0;21;12;3;1;45;13;3;1;33380;1679;150;49;12701;3489;847;505;46081;5168;997;554
2022.02_01-07-2022;Приморский край;21_45_days;SputnikLite;546;16;2;0;312;51;12;2;858;67;14;2;33380;1679;150;49;12701;3489;847;505;46081;5168;997;554
2022.02_01-07-2022;Приморский край;21_45_days;SputnikV;338;19;1;1;124;25;5;1;462;44;6;2;33380;1679;150;49;12701;3489;847;505;46081;5168;997;554
2022.02_01-07-2022;Приморский край;45_75_days;AllVaccines;3587;133;9;4;1058;200;27;14;4645;333;36;18;33380;1679;150;49;12701;3489;847;505;46081;5168;997;554
2022.02_01-07-2022;Приморский край;45_75_days;CoviVac;37;0;0;0;3;0;0;0;40;0;0;0;33380;1679;150;49;12701;3489;847;505;46081;5168;997;554
2022.02_01-07-2022;Приморский край;45_75_days;EpiVacCorona;66;3;1;0;35;9;3;1;101;12;4;1;33380;1679;150;49;12701;3489;847;505;46081;5168;997;554
2022.02_01-07-2022;Приморский край;45_75_days;SputnikLite;524;21;0;0;364;61;10;4;888;82;10;4;33380;1679;150;49;12701;3489;847;505;46081;5168;997;554
2022.02_01-07-2022;Приморский край;45_75_days;SputnikV;2960;109;8;4;656;130;14;9;3616;239;22;13;33380;1679;150;49;12701;3489;847;505;46081;5168;997;554
2022.02_01-07-2022;Приморский край;75_90_days;AllVaccines;2520;94;13;1;594;109;19;11;3114;203;32;12;33380;1679;150;49;12701;3489;847;505;46081;5168;997;554
2022.02_01-07-2022;Приморский край;75_90_days;CoviVac;84;1;0;0;8;1;1;0;92;2;1;0;33380;1679;150;49;12701;3489;847;505;46081;5168;997;554
2022.02_01-07-2022;Приморский край;75_90_days;EpiVacCorona;52;7;2;0;10;2;1;0;62;9;3;0;33380;1679;150;49;12701;3489;847;505;46081;5168;997;554
2022.02_01-07-2022;Приморский край;75_90_days;SputnikLite;213;9;2;0;187;34;4;3;400;43;6;3;33380;1679;150;49;12701;3489;847;505;46081;5168;997;554
2022.02_01-07-2022;Приморский край;75_90_days;SputnikV;2171;77;9;1;389;72;13;8;2560;149;22;9;33380;1679;150;49;12701;3489;847;505;46081;5168;997;554
2022.02_01-07-2022;Приморский край;90_105_days;AllVaccines;1788;60;3;1;483;78;9;3;2271;138;12;4;33380;1679;150;49;12701;3489;847;505;46081;5168;997;554
2022.02_01-07-2022;Приморский край;90_105_days;CoviVac;65;1;0;0;0;0;0;0;65;1;0;0;33380;1679;150;49;12701;3489;847;505;46081;5168;997;554
2022.02_01-07-2022;Приморский край;90_105_days;EpiVacCorona;52;3;0;0;9;3;1;0;61;6;1;0;33380;1679;150;49;12701;3489;847;505;46081;5168;997;554
2022.02_01-07-2022;Приморский край;90_105_days;SputnikLite;404;11;1;0;182;34;4;1;586;45;5;1;33380;1679;150;49;12701;3489;847;505;46081;5168;997;554
2022.02_01-07-2022;Приморский край;90_105_days;SputnikV;1267;45;2;1;292;41;4;2;1559;86;6;3;33380;1679;150;49;12701;3489;847;505;46081;5168;997;554
2022.02_01-07-2022;Псковская область;105_165_days;AllVaccines;1383;30;1;1;610;54;7;4;1993;84;8;5;17523;507;42;24;6451;1086;216;213;23974;1593;258;237
2022.02_01-07-2022;Псковская область;105_165_days;CoviVac;2;0;0;0;1;0;0;0;3;0;0;0;17523;507;42;24;6451;1086;216;213;23974;1593;258;237
2022.02_01-07-2022;Псковская область;105_165_days;EpiVacCorona;75;4;0;0;30;6;0;0;105;10;0;0;17523;507;42;24;6451;1086;216;213;23974;1593;258;237
2022.02_01-07-2022;Псковская область;105_165_days;SputnikLite;539;13;0;0;367;30;4;3;906;43;4;3;17523;507;42;24;6451;1086;216;213;23974;1593;258;237
2022.02_01-07-2022;Псковская область;105_165_days;SputnikV;767;13;1;1;212;18;3;1;979;31;4;2;17523;507;42;24;6451;1086;216;213;23974;1593;258;237
2022.02_01-07-2022;Псковская область;165_195_days;AllVaccines;2510;39;4;0;572;44;5;4;3082;83;9;4;17523;507;42;24;6451;1086;216;213;23974;1593;258;237
2022.02_01-07-2022;Псковская область;165_195_days;CoviVac;26;1;0;0;1;0;0;0;27;1;0;0;17523;507;42;24;6451;1086;216;213;23974;1593;258;237
2022.02_01-07-2022;Псковская область;165_195_days;EpiVacCorona;524;15;1;0;124;15;2;2;648;30;3;2;17523;507;42;24;6451;1086;216;213;23974;1593;258;237
2022.02_01-07-2022;Псковская область;165_195_days;SputnikLite;226;2;1;0;59;3;1;1;285;5;2;1;17523;507;42;24;6451;1086;216;213;23974;1593;258;237
2022.02_01-07-2022;Псковская область;165_195_days;SputnikV;1734;21;2;0;388;26;2;1;2122;47;4;1;17523;507;42;24;6451;1086;216;213;23974;1593;258;237
2022.02_01-07-2022;Псковская область;21_45_days;AllVaccines;286;2;0;0;134;14;1;2;420;16;1;2;17523;507;42;24;6451;1086;216;213;23974;1593;258;237
2022.02_01-07-2022;Псковская область;21_45_days;CoviVac;17;0;0;0;1;1;0;0;18;1;0;0;17523;507;42;24;6451;1086;216;213;23974;1593;258;237
2022.02_01-07-2022;Псковская область;21_45_days;EpiVacCorona;11;0;0;0;9;2;0;0;20;2;0;0;17523;507;42;24;6451;1086;216;213;23974;1593;258;237
2022.02_01-07-2022;Псковская область;21_45_days;SputnikLite;142;1;0;0;90;7;0;1;232;8;0;1;17523;507;42;24;6451;1086;216;213;23974;1593;258;237
2022.02_01-07-2022;Псковская область;21_45_days;SputnikV;116;1;0;0;34;4;1;1;150;5;1;1;17523;507;42;24;6451;1086;216;213;23974;1593;258;237
2022.02_01-07-2022;Псковская область;45_75_days;AllVaccines;795;18;1;1;357;46;7;7;1152;64;8;8;17523;507;42;24;6451;1086;216;213;23974;1593;258;237
2022.02_01-07-2022;Псковская область;45_75_days;CoviVac;27;0;0;0;5;2;0;0;32;2;0;0;17523;507;42;24;6451;1086;216;213;23974;1593;258;237
2022.02_01-07-2022;Псковская область;45_75_days;EpiVacCorona;44;1;0;0;17;7;1;1;61;8;1;1;17523;507;42;24;6451;1086;216;213;23974;1593;258;237
2022.02_01-07-2022;Псковская область;45_75_days;SputnikLite;236;3;0;0;153;12;2;2;389;15;2;2;17523;507;42;24;6451;1086;216;213;23974;1593;258;237
2022.02_01-07-2022;Псковская область;45_75_days;SputnikV;488;14;1;1;182;25;4;4;670;39;5;5;17523;507;42;24;6451;1086;216;213;23974;1593;258;237
2022.02_01-07-2022;Псковская область;75_90_days;AllVaccines;541;12;1;0;254;36;2;2;795;48;3;2;17523;507;42;24;6451;1086;216;213;23974;1593;258;237
2022.02_01-07-2022;Псковская область;75_90_days;CoviVac;20;0;0;0;6;0;0;0;26;0;0;0;17523;507;42;24;6451;1086;216;213;23974;1593;258;237
2022.02_01-07-2022;Псковская область;75_90_days;EpiVacCorona;36;1;0;0;12;1;0;0;48;2;0;0;17523;507;42;24;6451;1086;216;213;23974;1593;258;237
2022.02_01-07-2022;Псковская область;75_90_days;SputnikLite;160;2;0;0;132;18;1;1;292;20;1;1;17523;507;42;24;6451;1086;216;213;23974;1593;258;237
2022.02_01-07-2022;Псковская область;75_90_days;SputnikV;325;9;1;0;104;17;1;1;429;26;2;1;17523;507;42;24;6451;1086;216;213;23974;1593;258;237
2022.02_01-07-2022;Псковская область;90_105_days;AllVaccines;465;11;0;1;272;29;3;2;737;40;3;3;17523;507;42;24;6451;1086;216;213;23974;1593;258;237
2022.02_01-07-2022;Псковская область;90_105_days;CoviVac;42;2;0;0;11;0;0;0;53;2;0;0;17523;507;42;24;6451;1086;216;213;23974;1593;258;237
2022.02_01-07-2022;Псковская область;90_105_days;EpiVacCorona;30;1;0;0;22;3;1;1;52;4;1;1;17523;507;42;24;6451;1086;216;213;23974;1593;258;237
2022.02_01-07-2022;Псковская область;90_105_days;SputnikLite;163;2;0;1;133;16;1;0;296;18;1;1;17523;507;42;24;6451;1086;216;213;23974;1593;258;237
2022.02_01-07-2022;Псковская область;90_105_days;SputnikV;230;6;0;0;106;10;1;1;336;16;1;1;17523;507;42;24;6451;1086;216;213;23974;1593;258;237
2022.02_01-07-2022;РФ;105_165_days;AllVaccines;320857;7881;585;155;136370;15227;2357;1170;457227;23108;2942;1325;3309883;113027;11296;3503;1331611;240688;57689;37828;4641494;353715;68985;41331
2022.02_01-07-2022;РФ;105_165_days;CoviVac;7413;183;15;2;1545;189;21;11;8958;372;36;13;3309883;113027;11296;3503;1331611;240688;57689;37828;4641494;353715;68985;41331
2022.02_01-07-2022;РФ;105_165_days;EpiVacCorona;4942;171;13;3;2470;448;95;41;7412;619;108;44;3309883;113027;11296;3503;1331611;240688;57689;37828;4641494;353715;68985;41331
2022.02_01-07-2022;РФ;105_165_days;SputnikLite;167793;4172;283;73;80784;8395;1120;550;248577;12567;1403;623;3309883;113027;11296;3503;1331611;240688;57689;37828;4641494;353715;68985;41331
2022.02_01-07-2022;РФ;105_165_days;SputnikV;140709;3355;274;77;51571;6195;1121;568;192280;9550;1395;645;3309883;113027;11296;3503;1331611;240688;57689;37828;4641494;353715;68985;41331
2022.02_01-07-2022;РФ;165_195_days;AllVaccines;401803;8274;665;119;83648;8177;1250;542;485451;16451;1915;661;3309883;113027;11296;3503;1331611;240688;57689;37828;4641494;353715;68985;41331
2022.02_01-07-2022;РФ;165_195_days;CoviVac;7146;189;11;0;1110;109;10;4;8256;298;21;4;3309883;113027;11296;3503;1331611;240688;57689;37828;4641494;353715;68985;41331
2022.02_01-07-2022;РФ;165_195_days;EpiVacCorona;11042;355;28;4;3567;562;97;41;14609;917;125;45;3309883;113027;11296;3503;1331611;240688;57689;37828;4641494;353715;68985;41331
2022.02_01-07-2022;РФ;165_195_days;SputnikLite;94501;1991;110;29;16731;1554;197;94;111232;3545;307;123;3309883;113027;11296;3503;1331611;240688;57689;37828;4641494;353715;68985;41331
2022.02_01-07-2022;РФ;165_195_days;SputnikV;289114;5739;516;86;62240;5952;946;403;351354;11691;1462;489;3309883;113027;11296;3503;1331611;240688;57689;37828;4641494;353715;68985;41331
2022.02_01-07-2022;РФ;21_45_days;AllVaccines;92654;2443;180;38;41355;5046;863;454;134009;7489;1043;492;3309883;113027;11296;3503;1331611;240688;57689;37828;4641494;353715;68985;41331
2022.02_01-07-2022;РФ;21_45_days;CoviVac;1070;38;5;1;295;29;6;0;1365;67;11;1;3309883;113027;11296;3503;1331611;240688;57689;37828;4641494;353715;68985;41331
2022.02_01-07-2022;РФ;21_45_days;EpiVacCorona;2601;127;11;5;1851;491;109;58;4452;618;120;63;3309883;113027;11296;3503;1331611;240688;57689;37828;4641494;353715;68985;41331
2022.02_01-07-2022;РФ;21_45_days;SputnikLite;65530;1428;106;21;28137;2734;413;204;93667;4162;519;225;3309883;113027;11296;3503;1331611;240688;57689;37828;4641494;353715;68985;41331
2022.02_01-07-2022;РФ;21_45_days;SputnikV;23453;850;58;11;11072;1792;335;192;34525;2642;393;203;3309883;113027;11296;3503;1331611;240688;57689;37828;4641494;353715;68985;41331
2022.02_01-07-2022;РФ;45_75_days;AllVaccines;220449;6602;506;143;101970;13340;2122;1092;322419;19942;2628;1235;3309883;113027;11296;3503;1331611;240688;57689;37828;4641494;353715;68985;41331
2022.02_01-07-2022;РФ;45_75_days;CoviVac;4688;142;15;4;1168;180;32;11;5856;322;47;15;3309883;113027;11296;3503;1331611;240688;57689;37828;4641494;353715;68985;41331
2022.02_01-07-2022;РФ;45_75_days;EpiVacCorona;8742;371;35;12;4661;1007;184;106;13403;1378;219;118;3309883;113027;11296;3503;1331611;240688;57689;37828;4641494;353715;68985;41331
2022.02_01-07-2022;РФ;45_75_days;SputnikLite;64047;1706;127;34;38912;4565;715;381;102959;6271;842;415;3309883;113027;11296;3503;1331611;240688;57689;37828;4641494;353715;68985;41331
2022.02_01-07-2022;РФ;45_75_days;SputnikV;142972;4383;329;93;57229;7588;1191;594;200201;11971;1520;687;3309883;113027;11296;3503;1331611;240688;57689;37828;4641494;353715;68985;41331
2022.02_01-07-2022;РФ;75_90_days;AllVaccines;162149;4514;354;87;72180;8376;1213;591;234329;12890;1567;678;3309883;113027;11296;3503;1331611;240688;57689;37828;4641494;353715;68985;41331
2022.02_01-07-2022;РФ;75_90_days;CoviVac;3391;101;11;3;730;107;16;7;4121;208;27;10;3309883;113027;11296;3503;1331611;240688;57689;37828;4641494;353715;68985;41331
2022.02_01-07-2022;РФ;75_90_days;EpiVacCorona;6004;241;17;2;2758;533;82;47;8762;774;99;49;3309883;113027;11296;3503;1331611;240688;57689;37828;4641494;353715;68985;41331
2022.02_01-07-2022;РФ;75_90_days;SputnikLite;45001;1174;75;17;29235;3054;430;216;74236;4228;505;233;3309883;113027;11296;3503;1331611;240688;57689;37828;4641494;353715;68985;41331
2022.02_01-07-2022;РФ;75_90_days;SputnikV;107753;2998;251;65;39457;4682;685;321;147210;7680;936;386;3309883;113027;11296;3503;1331611;240688;57689;37828;4641494;353715;68985;41331
2022.02_01-07-2022;РФ;90_105_days;AllVaccines;118343;3068;253;63;51590;5948;902;438;169933;9016;1155;501;3309883;113027;11296;3503;1331611;240688;57689;37828;4641494;353715;68985;41331
2022.02_01-07-2022;РФ;90_105_days;CoviVac;3622;88;11;2;827;86;15;1;4449;174;26;3;3309883;113027;11296;3503;1331611;240688;57689;37828;4641494;353715;68985;41331
2022.02_01-07-2022;РФ;90_105_days;EpiVacCorona;4536;169;17;4;2119;425;76;39;6655;594;93;43;3309883;113027;11296;3503;1331611;240688;57689;37828;4641494;353715;68985;41331
2022.02_01-07-2022;РФ;90_105_days;SputnikLite;35175;870;66;20;20272;2013;293;148;55447;2883;359;168;3309883;113027;11296;3503;1331611;240688;57689;37828;4641494;353715;68985;41331
2022.02_01-07-2022;РФ;90_105_days;SputnikV;75010;1941;159;37;28372;3424;518;250;103382;5365;677;287;3309883;113027;11296;3503;1331611;240688;57689;37828;4641494;353715;68985;41331
2022.02_01-07-2022;Республика Адыгея;105_165_days;AllVaccines;1064;45;2;0;449;58;9;5;1513;103;11;5;10351;452;33;13;4783;1062;191;158;15134;1514;224;171
2022.02_01-07-2022;Республика Адыгея;105_165_days;CoviVac;4;0;0;0;0;0;0;0;4;0;0;0;10351;452;33;13;4783;1062;191;158;15134;1514;224;171
2022.02_01-07-2022;Республика Адыгея;105_165_days;EpiVacCorona;9;0;0;0;4;2;0;0;13;2;0;0;10351;452;33;13;4783;1062;191;158;15134;1514;224;171
2022.02_01-07-2022;Республика Адыгея;105_165_days;SputnikLite;712;30;2;0;295;32;3;2;1007;62;5;2;10351;452;33;13;4783;1062;191;158;15134;1514;224;171
2022.02_01-07-2022;Республика Адыгея;105_165_days;SputnikV;339;15;0;0;150;24;6;3;489;39;6;3;10351;452;33;13;4783;1062;191;158;15134;1514;224;171
2022.02_01-07-2022;Республика Адыгея;165_195_days;AllVaccines;1332;39;2;0;327;39;4;3;1659;78;6;3;10351;452;33;13;4783;1062;191;158;15134;1514;224;171
2022.02_01-07-2022;Республика Адыгея;165_195_days;CoviVac;0;0;0;0;2;0;0;0;2;0;0;0;10351;452;33;13;4783;1062;191;158;15134;1514;224;171
2022.02_01-07-2022;Республика Адыгея;165_195_days;EpiVacCorona;19;0;0;0;13;6;0;0;32;6;0;0;10351;452;33;13;4783;1062;191;158;15134;1514;224;171
2022.02_01-07-2022;Республика Адыгея;165_195_days;SputnikLite;172;6;0;0;58;5;1;0;230;11;1;0;10351;452;33;13;4783;1062;191;158;15134;1514;224;171
2022.02_01-07-2022;Республика Адыгея;165_195_days;SputnikV;1141;33;2;0;254;28;3;3;1395;61;5;3;10351;452;33;13;4783;1062;191;158;15134;1514;224;171
2022.02_01-07-2022;Республика Адыгея;21_45_days;AllVaccines;290;6;0;0;166;20;2;0;456;26;2;0;10351;452;33;13;4783;1062;191;158;15134;1514;224;171
2022.02_01-07-2022;Республика Адыгея;21_45_days;CoviVac;1;0;0;0;0;0;0;0;1;0;0;0;10351;452;33;13;4783;1062;191;158;15134;1514;224;171
2022.02_01-07-2022;Республика Адыгея;21_45_days;EpiVacCorona;4;0;0;0;3;0;0;0;7;0;0;0;10351;452;33;13;4783;1062;191;158;15134;1514;224;171
2022.02_01-07-2022;Республика Адыгея;21_45_days;SputnikLite;255;6;0;0;131;14;2;0;386;20;2;0;10351;452;33;13;4783;1062;191;158;15134;1514;224;171
2022.02_01-07-2022;Республика Адыгея;21_45_days;SputnikV;30;0;0;0;32;6;0;0;62;6;0;0;10351;452;33;13;4783;1062;191;158;15134;1514;224;171
2022.02_01-07-2022;Республика Адыгея;45_75_days;AllVaccines;466;23;1;0;272;51;4;4;738;74;5;4;10351;452;33;13;4783;1062;191;158;15134;1514;224;171
2022.02_01-07-2022;Республика Адыгея;45_75_days;CoviVac;9;1;0;0;5;1;0;0;14;2;0;0;10351;452;33;13;4783;1062;191;158;15134;1514;224;171
2022.02_01-07-2022;Республика Адыгея;45_75_days;EpiVacCorona;18;1;0;0;17;11;0;0;35;12;0;0;10351;452;33;13;4783;1062;191;158;15134;1514;224;171
2022.02_01-07-2022;Республика Адыгея;45_75_days;SputnikLite;228;8;1;0;140;21;4;4;368;29;5;4;10351;452;33;13;4783;1062;191;158;15134;1514;224;171
2022.02_01-07-2022;Республика Адыгея;45_75_days;SputnikV;211;13;0;0;110;18;0;0;321;31;0;0;10351;452;33;13;4783;1062;191;158;15134;1514;224;171
2022.02_01-07-2022;Республика Адыгея;75_90_days;AllVaccines;321;8;0;0;161;21;5;3;482;29;5;3;10351;452;33;13;4783;1062;191;158;15134;1514;224;171
2022.02_01-07-2022;Республика Адыгея;75_90_days;CoviVac;14;0;0;0;2;0;0;0;16;0;0;0;10351;452;33;13;4783;1062;191;158;15134;1514;224;171
2022.02_01-07-2022;Республика Адыгея;75_90_days;EpiVacCorona;12;1;0;0;7;1;0;0;19;2;0;0;10351;452;33;13;4783;1062;191;158;15134;1514;224;171
2022.02_01-07-2022;Республика Адыгея;75_90_days;SputnikLite;108;3;0;0;86;13;4;3;194;16;4;3;10351;452;33;13;4783;1062;191;158;15134;1514;224;171
2022.02_01-07-2022;Республика Адыгея;75_90_days;SputnikV;187;4;0;0;66;7;1;0;253;11;1;0;10351;452;33;13;4783;1062;191;158;15134;1514;224;171
2022.02_01-07-2022;Республика Адыгея;90_105_days;AllVaccines;392;11;0;0;172;24;1;1;564;35;1;1;10351;452;33;13;4783;1062;191;158;15134;1514;224;171
2022.02_01-07-2022;Республика Адыгея;90_105_days;CoviVac;17;2;0;0;6;2;0;0;23;4;0;0;10351;452;33;13;4783;1062;191;158;15134;1514;224;171
2022.02_01-07-2022;Республика Адыгея;90_105_days;EpiVacCorona;12;0;0;0;4;0;0;0;16;0;0;0;10351;452;33;13;4783;1062;191;158;15134;1514;224;171
2022.02_01-07-2022;Республика Адыгея;90_105_days;SputnikLite;161;2;0;0;85;11;1;1;246;13;1;1;10351;452;33;13;4783;1062;191;158;15134;1514;224;171
2022.02_01-07-2022;Республика Адыгея;90_105_days;SputnikV;202;7;0;0;77;11;0;0;279;18;0;0;10351;452;33;13;4783;1062;191;158;15134;1514;224;171
2022.02_01-07-2022;Республика Алтай;105_165_days;AllVaccines;580;22;0;0;254;52;1;1;834;74;1;1;6679;363;16;4;2174;621;66;37;8853;984;82;41
2022.02_01-07-2022;Республика Алтай;105_165_days;CoviVac;2;0;0;0;0;0;0;0;2;0;0;0;6679;363;16;4;2174;621;66;37;8853;984;82;41
2022.02_01-07-2022;Республика Алтай;105_165_days;EpiVacCorona;3;0;0;0;1;1;0;0;4;1;0;0;6679;363;16;4;2174;621;66;37;8853;984;82;41
2022.02_01-07-2022;Республика Алтай;105_165_days;SputnikLite;337;12;0;0;187;34;0;0;524;46;0;0;6679;363;16;4;2174;621;66;37;8853;984;82;41
2022.02_01-07-2022;Республика Алтай;105_165_days;SputnikV;238;10;0;0;66;17;1;1;304;27;1;1;6679;363;16;4;2174;621;66;37;8853;984;82;41
2022.02_01-07-2022;Республика Алтай;165_195_days;AllVaccines;881;29;2;0;155;29;0;0;1036;58;2;0;6679;363;16;4;2174;621;66;37;8853;984;82;41
2022.02_01-07-2022;Республика Алтай;165_195_days;CoviVac;33;0;0;0;6;3;0;0;39;3;0;0;6679;363;16;4;2174;621;66;37;8853;984;82;41
2022.02_01-07-2022;Республика Алтай;165_195_days;EpiVacCorona;6;1;0;0;3;0;0;0;9;1;0;0;6679;363;16;4;2174;621;66;37;8853;984;82;41
2022.02_01-07-2022;Республика Алтай;165_195_days;SputnikLite;283;7;0;0;62;10;0;0;345;17;0;0;6679;363;16;4;2174;621;66;37;8853;984;82;41
2022.02_01-07-2022;Республика Алтай;165_195_days;SputnikV;559;21;2;0;84;16;0;0;643;37;2;0;6679;363;16;4;2174;621;66;37;8853;984;82;41
2022.02_01-07-2022;Республика Алтай;21_45_days;AllVaccines;345;10;1;0;105;19;2;2;450;29;3;2;6679;363;16;4;2174;621;66;37;8853;984;82;41
2022.02_01-07-2022;Республика Алтай;21_45_days;CoviVac;3;0;0;0;0;0;0;0;3;0;0;0;6679;363;16;4;2174;621;66;37;8853;984;82;41
2022.02_01-07-2022;Республика Алтай;21_45_days;EpiVacCorona;2;1;0;0;5;2;0;0;7;3;0;0;6679;363;16;4;2174;621;66;37;8853;984;82;41
2022.02_01-07-2022;Республика Алтай;21_45_days;SputnikLite;286;6;1;0;75;11;1;1;361;17;2;1;6679;363;16;4;2174;621;66;37;8853;984;82;41
2022.02_01-07-2022;Республика Алтай;21_45_days;SputnikV;54;3;0;0;25;6;1;1;79;9;1;1;6679;363;16;4;2174;621;66;37;8853;984;82;41
2022.02_01-07-2022;Республика Алтай;45_75_days;AllVaccines;510;25;1;0;153;33;1;1;663;58;2;1;6679;363;16;4;2174;621;66;37;8853;984;82;41
2022.02_01-07-2022;Республика Алтай;45_75_days;CoviVac;7;1;0;0;0;0;0;0;7;1;0;0;6679;363;16;4;2174;621;66;37;8853;984;82;41
2022.02_01-07-2022;Республика Алтай;45_75_days;EpiVacCorona;13;0;0;0;2;0;0;0;15;0;0;0;6679;363;16;4;2174;621;66;37;8853;984;82;41
2022.02_01-07-2022;Республика Алтай;45_75_days;SputnikLite;339;12;1;0;99;13;0;0;438;25;1;0;6679;363;16;4;2174;621;66;37;8853;984;82;41
2022.02_01-07-2022;Республика Алтай;45_75_days;SputnikV;151;12;0;0;52;20;1;1;203;32;1;1;6679;363;16;4;2174;621;66;37;8853;984;82;41
2022.02_01-07-2022;Республика Алтай;75_90_days;AllVaccines;237;11;0;0;111;24;0;0;348;35;0;0;6679;363;16;4;2174;621;66;37;8853;984;82;41
2022.02_01-07-2022;Республика Алтай;75_90_days;EpiVacCorona;5;0;0;0;1;0;0;0;6;0;0;0;6679;363;16;4;2174;621;66;37;8853;984;82;41
2022.02_01-07-2022;Республика Алтай;75_90_days;SputnikLite;150;10;0;0;77;16;0;0;227;26;0;0;6679;363;16;4;2174;621;66;37;8853;984;82;41
2022.02_01-07-2022;Республика Алтай;75_90_days;SputnikV;82;1;0;0;33;8;0;0;115;9;0;0;6679;363;16;4;2174;621;66;37;8853;984;82;41
2022.02_01-07-2022;Республика Алтай;90_105_days;AllVaccines;263;10;1;1;135;32;1;1;398;42;2;2;6679;363;16;4;2174;621;66;37;8853;984;82;41
2022.02_01-07-2022;Республика Алтай;90_105_days;EpiVacCorona;2;1;0;0;1;1;0;0;3;2;0;0;6679;363;16;4;2174;621;66;37;8853;984;82;41
2022.02_01-07-2022;Республика Алтай;90_105_days;SputnikLite;209;8;1;1;120;27;1;1;329;35;2;2;6679;363;16;4;2174;621;66;37;8853;984;82;41
2022.02_01-07-2022;Республика Алтай;90_105_days;SputnikV;52;1;0;0;14;4;0;0;66;5;0;0;6679;363;16;4;2174;621;66;37;8853;984;82;41
2022.02_01-07-2022;Республика Башкортостан;105_165_days;AllVaccines;6113;112;17;6;2045;164;51;18;8158;276;68;24;55663;1377;271;71;21825;2524;915;420;77488;3901;1186;491
2022.02_01-07-2022;Республика Башкортостан;105_165_days;CoviVac;148;2;1;0;28;1;1;0;176;3;2;0;55663;1377;271;71;21825;2524;915;420;77488;3901;1186;491
2022.02_01-07-2022;Республика Башкортостан;105_165_days;EpiVacCorona;83;4;0;0;47;6;1;0;130;10;1;0;55663;1377;271;71;21825;2524;915;420;77488;3901;1186;491
2022.02_01-07-2022;Республика Башкортостан;105_165_days;SputnikLite;2179;27;3;1;898;62;18;4;3077;89;21;5;55663;1377;271;71;21825;2524;915;420;77488;3901;1186;491
2022.02_01-07-2022;Республика Башкортостан;105_165_days;SputnikV;3703;79;13;5;1072;95;31;14;4775;174;44;19;55663;1377;271;71;21825;2524;915;420;77488;3901;1186;491
2022.02_01-07-2022;Республика Башкортостан;165_195_days;AllVaccines;7730;122;20;4;1319;114;31;11;9049;236;51;15;55663;1377;271;71;21825;2524;915;420;77488;3901;1186;491
2022.02_01-07-2022;Республика Башкортостан;165_195_days;CoviVac;185;2;0;0;23;2;0;0;208;4;0;0;55663;1377;271;71;21825;2524;915;420;77488;3901;1186;491
2022.02_01-07-2022;Республика Башкортостан;165_195_days;EpiVacCorona;125;1;1;0;29;4;1;0;154;5;2;0;55663;1377;271;71;21825;2524;915;420;77488;3901;1186;491
2022.02_01-07-2022;Республика Башкортостан;165_195_days;SputnikLite;1344;28;5;2;241;25;10;5;1585;53;15;7;55663;1377;271;71;21825;2524;915;420;77488;3901;1186;491
2022.02_01-07-2022;Республика Башкортостан;165_195_days;SputnikV;6076;91;14;2;1026;83;20;6;7102;174;34;8;55663;1377;271;71;21825;2524;915;420;77488;3901;1186;491
2022.02_01-07-2022;Республика Башкортостан;21_45_days;AllVaccines;2181;43;5;0;658;58;17;8;2839;101;22;8;55663;1377;271;71;21825;2524;915;420;77488;3901;1186;491
2022.02_01-07-2022;Республика Башкортостан;21_45_days;CoviVac;57;1;1;0;7;2;1;0;64;3;2;0;55663;1377;271;71;21825;2524;915;420;77488;3901;1186;491
2022.02_01-07-2022;Республика Башкортостан;21_45_days;EpiVacCorona;98;1;0;0;48;9;5;2;146;10;5;2;55663;1377;271;71;21825;2524;915;420;77488;3901;1186;491
2022.02_01-07-2022;Республика Башкортостан;21_45_days;SputnikLite;1461;26;2;0;405;24;4;1;1866;50;6;1;55663;1377;271;71;21825;2524;915;420;77488;3901;1186;491
2022.02_01-07-2022;Республика Башкортостан;21_45_days;SputnikV;565;15;2;0;198;23;7;5;763;38;9;5;55663;1377;271;71;21825;2524;915;420;77488;3901;1186;491
2022.02_01-07-2022;Республика Башкортостан;45_75_days;AllVaccines;4495;111;23;4;1684;147;39;13;6179;258;62;17;55663;1377;271;71;21825;2524;915;420;77488;3901;1186;491
2022.02_01-07-2022;Республика Башкортостан;45_75_days;CoviVac;251;6;1;0;58;8;1;0;309;14;2;0;55663;1377;271;71;21825;2524;915;420;77488;3901;1186;491
2022.02_01-07-2022;Республика Башкортостан;45_75_days;EpiVacCorona;127;3;2;1;86;14;4;0;213;17;6;1;55663;1377;271;71;21825;2524;915;420;77488;3901;1186;491
2022.02_01-07-2022;Республика Башкортостан;45_75_days;SputnikLite;1258;30;4;1;541;39;9;5;1799;69;13;6;55663;1377;271;71;21825;2524;915;420;77488;3901;1186;491
2022.02_01-07-2022;Республика Башкортостан;45_75_days;SputnikV;2859;72;16;2;999;86;25;8;3858;158;41;10;55663;1377;271;71;21825;2524;915;420;77488;3901;1186;491
2022.02_01-07-2022;Республика Башкортостан;75_90_days;AllVaccines;3031;74;7;3;1305;91;23;7;4336;165;30;10;55663;1377;271;71;21825;2524;915;420;77488;3901;1186;491
2022.02_01-07-2022;Республика Башкортостан;75_90_days;CoviVac;15;0;0;0;0;0;0;0;15;0;0;0;55663;1377;271;71;21825;2524;915;420;77488;3901;1186;491
2022.02_01-07-2022;Республика Башкортостан;75_90_days;EpiVacCorona;94;4;0;0;49;5;1;1;143;9;1;1;55663;1377;271;71;21825;2524;915;420;77488;3901;1186;491
2022.02_01-07-2022;Республика Башкортостан;75_90_days;SputnikLite;778;12;2;0;420;30;9;2;1198;42;11;2;55663;1377;271;71;21825;2524;915;420;77488;3901;1186;491
2022.02_01-07-2022;Республика Башкортостан;75_90_days;SputnikV;2144;58;5;3;836;56;13;4;2980;114;18;7;55663;1377;271;71;21825;2524;915;420;77488;3901;1186;491
2022.02_01-07-2022;Республика Башкортостан;90_105_days;AllVaccines;3436;75;8;4;1184;102;31;10;4620;177;39;14;55663;1377;271;71;21825;2524;915;420;77488;3901;1186;491
2022.02_01-07-2022;Республика Башкортостан;90_105_days;CoviVac;32;0;0;0;6;0;0;0;38;0;0;0;55663;1377;271;71;21825;2524;915;420;77488;3901;1186;491
2022.02_01-07-2022;Республика Башкортостан;90_105_days;EpiVacCorona;125;4;2;0;61;9;3;1;186;13;5;1;55663;1377;271;71;21825;2524;915;420;77488;3901;1186;491
2022.02_01-07-2022;Республика Башкортостан;90_105_days;SputnikLite;139;2;0;1;60;6;3;1;199;8;3;2;55663;1377;271;71;21825;2524;915;420;77488;3901;1186;491
2022.02_01-07-2022;Республика Башкортостан;90_105_days;SputnikV;3140;69;6;3;1057;87;25;8;4197;156;31;11;55663;1377;271;71;21825;2524;915;420;77488;3901;1186;491
2022.02_01-07-2022;Республика Бурятия;105_165_days;AllVaccines;3590;117;6;1;1503;168;24;9;5093;285;30;10;31931;1299;80;24;13354;2172;376;254;45285;3471;456;278
2022.02_01-07-2022;Республика Бурятия;105_165_days;CoviVac;14;0;0;0;2;0;0;0;16;0;0;0;31931;1299;80;24;13354;2172;376;254;45285;3471;456;278
2022.02_01-07-2022;Республика Бурятия;105_165_days;EpiVacCorona;34;0;0;0;11;1;1;0;45;1;1;0;31931;1299;80;24;13354;2172;376;254;45285;3471;456;278
2022.02_01-07-2022;Республика Бурятия;105_165_days;SputnikLite;1982;59;5;1;995;117;16;6;2977;176;21;7;31931;1299;80;24;13354;2172;376;254;45285;3471;456;278
2022.02_01-07-2022;Республика Бурятия;105_165_days;SputnikV;1560;58;1;0;495;50;7;3;2055;108;8;3;31931;1299;80;24;13354;2172;376;254;45285;3471;456;278
2022.02_01-07-2022;Республика Бурятия;165_195_days;AllVaccines;4254;94;6;2;1050;89;6;3;5304;183;12;5;31931;1299;80;24;13354;2172;376;254;45285;3471;456;278
2022.02_01-07-2022;Республика Бурятия;165_195_days;CoviVac;46;0;0;0;11;1;0;0;57;1;0;0;31931;1299;80;24;13354;2172;376;254;45285;3471;456;278
2022.02_01-07-2022;Республика Бурятия;165_195_days;EpiVacCorona;61;1;0;0;27;4;1;0;88;5;1;0;31931;1299;80;24;13354;2172;376;254;45285;3471;456;278
2022.02_01-07-2022;Республика Бурятия;165_195_days;SputnikLite;1225;27;3;1;265;25;1;0;1490;52;4;1;31931;1299;80;24;13354;2172;376;254;45285;3471;456;278
2022.02_01-07-2022;Республика Бурятия;165_195_days;SputnikV;2922;66;3;1;747;59;4;3;3669;125;7;4;31931;1299;80;24;13354;2172;376;254;45285;3471;456;278
2022.02_01-07-2022;Республика Бурятия;21_45_days;AllVaccines;1275;41;3;0;561;70;9;7;1836;111;12;7;31931;1299;80;24;13354;2172;376;254;45285;3471;456;278
2022.02_01-07-2022;Республика Бурятия;21_45_days;CoviVac;10;2;0;0;2;0;0;0;12;2;0;0;31931;1299;80;24;13354;2172;376;254;45285;3471;456;278
2022.02_01-07-2022;Республика Бурятия;21_45_days;EpiVacCorona;22;0;0;0;37;15;4;2;59;15;4;2;31931;1299;80;24;13354;2172;376;254;45285;3471;456;278
2022.02_01-07-2022;Республика Бурятия;21_45_days;SputnikLite;903;23;3;0;351;32;4;4;1254;55;7;4;31931;1299;80;24;13354;2172;376;254;45285;3471;456;278
2022.02_01-07-2022;Республика Бурятия;21_45_days;SputnikV;340;16;0;0;171;23;1;1;511;39;1;1;31931;1299;80;24;13354;2172;376;254;45285;3471;456;278
2022.02_01-07-2022;Республика Бурятия;45_75_days;AllVaccines;2563;88;4;1;1320;138;9;7;3883;226;13;8;31931;1299;80;24;13354;2172;376;254;45285;3471;456;278
2022.02_01-07-2022;Республика Бурятия;45_75_days;CoviVac;45;1;0;0;22;2;0;0;67;3;0;0;31931;1299;80;24;13354;2172;376;254;45285;3471;456;278
2022.02_01-07-2022;Республика Бурятия;45_75_days;EpiVacCorona;28;1;0;0;25;4;0;0;53;5;0;0;31931;1299;80;24;13354;2172;376;254;45285;3471;456;278
2022.02_01-07-2022;Республика Бурятия;45_75_days;SputnikLite;961;22;2;0;577;57;4;4;1538;79;6;4;31931;1299;80;24;13354;2172;376;254;45285;3471;456;278
2022.02_01-07-2022;Республика Бурятия;45_75_days;SputnikV;1529;64;2;1;696;75;5;3;2225;139;7;4;31931;1299;80;24;13354;2172;376;254;45285;3471;456;278
2022.02_01-07-2022;Республика Бурятия;75_90_days;AllVaccines;1579;52;1;0;882;85;12;4;2461;137;13;4;31931;1299;80;24;13354;2172;376;254;45285;3471;456;278
2022.02_01-07-2022;Республика Бурятия;75_90_days;CoviVac;33;3;1;0;7;2;1;0;40;5;2;0;31931;1299;80;24;13354;2172;376;254;45285;3471;456;278
2022.02_01-07-2022;Республика Бурятия;75_90_days;EpiVacCorona;29;3;0;0;22;5;1;1;51;8;1;1;31931;1299;80;24;13354;2172;376;254;45285;3471;456;278
2022.02_01-07-2022;Республика Бурятия;75_90_days;SputnikLite;524;14;0;0;375;35;5;1;899;49;5;1;31931;1299;80;24;13354;2172;376;254;45285;3471;456;278
2022.02_01-07-2022;Республика Бурятия;75_90_days;SputnikV;993;32;0;0;478;43;5;2;1471;75;5;2;31931;1299;80;24;13354;2172;376;254;45285;3471;456;278
2022.02_01-07-2022;Республика Бурятия;90_105_days;AllVaccines;827;29;2;0;478;63;5;5;1305;92;7;5;31931;1299;80;24;13354;2172;376;254;45285;3471;456;278
2022.02_01-07-2022;Республика Бурятия;90_105_days;CoviVac;11;0;0;0;2;0;0;0;13;0;0;0;31931;1299;80;24;13354;2172;376;254;45285;3471;456;278
2022.02_01-07-2022;Республика Бурятия;90_105_days;EpiVacCorona;24;4;0;0;22;4;1;0;46;8;1;0;31931;1299;80;24;13354;2172;376;254;45285;3471;456;278
2022.02_01-07-2022;Республика Бурятия;90_105_days;SputnikLite;299;8;1;0;198;24;2;2;497;32;3;2;31931;1299;80;24;13354;2172;376;254;45285;3471;456;278
2022.02_01-07-2022;Республика Бурятия;90_105_days;SputnikV;493;17;1;0;256;35;2;3;749;52;3;3;31931;1299;80;24;13354;2172;376;254;45285;3471;456;278
2022.02_01-07-2022;Республика Дагестан;105_165_days;AllVaccines;953;57;2;1;473;103;20;7;1426;160;22;8;10050;762;51;12;6540;1441;275;136;16590;2203;326;148
2022.02_01-07-2022;Республика Дагестан;105_165_days;CoviVac;11;0;0;0;12;4;1;1;23;4;1;1;10050;762;51;12;6540;1441;275;136;16590;2203;326;148
2022.02_01-07-2022;Республика Дагестан;105_165_days;EpiVacCorona;10;0;0;0;3;1;1;0;13;1;1;0;10050;762;51;12;6540;1441;275;136;16590;2203;326;148
2022.02_01-07-2022;Республика Дагестан;105_165_days;SputnikLite;358;22;0;0;162;32;6;2;520;54;6;2;10050;762;51;12;6540;1441;275;136;16590;2203;326;148
2022.02_01-07-2022;Республика Дагестан;105_165_days;SputnikV;574;35;2;1;296;66;12;4;870;101;14;5;10050;762;51;12;6540;1441;275;136;16590;2203;326;148
2022.02_01-07-2022;Республика Дагестан;165_195_days;AllVaccines;1674;77;5;1;434;59;8;3;2108;136;13;4;10050;762;51;12;6540;1441;275;136;16590;2203;326;148
2022.02_01-07-2022;Республика Дагестан;165_195_days;CoviVac;18;1;0;0;7;0;0;0;25;1;0;0;10050;762;51;12;6540;1441;275;136;16590;2203;326;148
2022.02_01-07-2022;Республика Дагестан;165_195_days;EpiVacCorona;83;7;0;0;32;5;0;0;115;12;0;0;10050;762;51;12;6540;1441;275;136;16590;2203;326;148
2022.02_01-07-2022;Республика Дагестан;165_195_days;SputnikLite;422;19;0;0;114;18;4;3;536;37;4;3;10050;762;51;12;6540;1441;275;136;16590;2203;326;148
2022.02_01-07-2022;Республика Дагестан;165_195_days;SputnikV;1151;50;5;1;281;36;4;0;1432;86;9;1;10050;762;51;12;6540;1441;275;136;16590;2203;326;148
2022.02_01-07-2022;Республика Дагестан;21_45_days;AllVaccines;418;30;1;0;206;43;5;2;624;73;6;2;10050;762;51;12;6540;1441;275;136;16590;2203;326;148
2022.02_01-07-2022;Республика Дагестан;21_45_days;CoviVac;2;0;0;0;3;0;1;0;5;0;1;0;10050;762;51;12;6540;1441;275;136;16590;2203;326;148
2022.02_01-07-2022;Республика Дагестан;21_45_days;EpiVacCorona;46;3;0;0;18;2;0;1;64;5;0;1;10050;762;51;12;6540;1441;275;136;16590;2203;326;148
2022.02_01-07-2022;Республика Дагестан;21_45_days;SputnikLite;213;11;1;0;97;20;1;1;310;31;2;1;10050;762;51;12;6540;1441;275;136;16590;2203;326;148
2022.02_01-07-2022;Республика Дагестан;21_45_days;SputnikV;157;16;0;0;88;21;3;0;245;37;3;0;10050;762;51;12;6540;1441;275;136;16590;2203;326;148
2022.02_01-07-2022;Республика Дагестан;45_75_days;AllVaccines;656;40;2;0;299;51;3;1;955;91;5;1;10050;762;51;12;6540;1441;275;136;16590;2203;326;148
2022.02_01-07-2022;Республика Дагестан;45_75_days;CoviVac;10;1;0;0;0;0;0;0;10;1;0;0;10050;762;51;12;6540;1441;275;136;16590;2203;326;148
2022.02_01-07-2022;Республика Дагестан;45_75_days;EpiVacCorona;50;0;0;0;27;7;0;0;77;7;0;0;10050;762;51;12;6540;1441;275;136;16590;2203;326;148
2022.02_01-07-2022;Республика Дагестан;45_75_days;SputnikLite;243;14;0;0;114;17;2;1;357;31;2;1;10050;762;51;12;6540;1441;275;136;16590;2203;326;148
2022.02_01-07-2022;Республика Дагестан;45_75_days;SputnikV;353;25;2;0;158;27;1;0;511;52;3;0;10050;762;51;12;6540;1441;275;136;16590;2203;326;148
2022.02_01-07-2022;Республика Дагестан;75_90_days;AllVaccines;427;34;3;2;157;26;4;1;584;60;7;3;10050;762;51;12;6540;1441;275;136;16590;2203;326;148
2022.02_01-07-2022;Республика Дагестан;75_90_days;CoviVac;5;0;0;0;3;2;0;0;8;2;0;0;10050;762;51;12;6540;1441;275;136;16590;2203;326;148
2022.02_01-07-2022;Республика Дагестан;75_90_days;EpiVacCorona;28;2;0;0;3;0;0;0;31;2;0;0;10050;762;51;12;6540;1441;275;136;16590;2203;326;148
2022.02_01-07-2022;Республика Дагестан;75_90_days;SputnikLite;83;2;0;0;38;4;0;0;121;6;0;0;10050;762;51;12;6540;1441;275;136;16590;2203;326;148
2022.02_01-07-2022;Республика Дагестан;75_90_days;SputnikV;311;30;3;2;113;20;4;1;424;50;7;3;10050;762;51;12;6540;1441;275;136;16590;2203;326;148
2022.02_01-07-2022;Республика Дагестан;90_105_days;AllVaccines;255;10;1;0;137;20;6;3;392;30;7;3;10050;762;51;12;6540;1441;275;136;16590;2203;326;148
2022.02_01-07-2022;Республика Дагестан;90_105_days;CoviVac;2;0;0;0;6;0;0;0;8;0;0;0;10050;762;51;12;6540;1441;275;136;16590;2203;326;148
2022.02_01-07-2022;Республика Дагестан;90_105_days;EpiVacCorona;20;3;1;0;7;2;0;0;27;5;1;0;10050;762;51;12;6540;1441;275;136;16590;2203;326;148
2022.02_01-07-2022;Республика Дагестан;90_105_days;SputnikLite;110;4;0;0;33;5;2;2;143;9;2;2;10050;762;51;12;6540;1441;275;136;16590;2203;326;148
2022.02_01-07-2022;Республика Дагестан;90_105_days;SputnikV;123;3;0;0;91;13;4;1;214;16;4;1;10050;762;51;12;6540;1441;275;136;16590;2203;326;148
2022.02_01-07-2022;Республика Ингушетия;105_165_days;AllVaccines;279;17;2;0;83;14;2;1;362;31;4;1;2355;134;6;2;1031;205;45;24;3386;339;51;26
2022.02_01-07-2022;Республика Ингушетия;105_165_days;SputnikLite;124;7;1;0;25;3;0;0;149;10;1;0;2355;134;6;2;1031;205;45;24;3386;339;51;26
2022.02_01-07-2022;Республика Ингушетия;105_165_days;SputnikV;155;10;1;0;58;11;2;1;213;21;3;1;2355;134;6;2;1031;205;45;24;3386;339;51;26
2022.02_01-07-2022;Республика Ингушетия;165_195_days;AllVaccines;364;21;1;0;83;23;5;3;447;44;6;3;2355;134;6;2;1031;205;45;24;3386;339;51;26
2022.02_01-07-2022;Республика Ингушетия;165_195_days;CoviVac;4;1;0;0;2;1;0;0;6;2;0;0;2355;134;6;2;1031;205;45;24;3386;339;51;26
2022.02_01-07-2022;Республика Ингушетия;165_195_days;EpiVacCorona;8;1;0;0;0;0;0;0;8;1;0;0;2355;134;6;2;1031;205;45;24;3386;339;51;26
2022.02_01-07-2022;Республика Ингушетия;165_195_days;SputnikLite;54;4;0;0;12;2;0;0;66;6;0;0;2355;134;6;2;1031;205;45;24;3386;339;51;26
2022.02_01-07-2022;Республика Ингушетия;165_195_days;SputnikV;298;15;1;0;69;20;5;3;367;35;6;3;2355;134;6;2;1031;205;45;24;3386;339;51;26
2022.02_01-07-2022;Республика Ингушетия;21_45_days;AllVaccines;138;17;1;0;37;11;3;3;175;28;4;3;2355;134;6;2;1031;205;45;24;3386;339;51;26
2022.02_01-07-2022;Республика Ингушетия;21_45_days;CoviVac;2;0;0;0;3;1;0;0;5;1;0;0;2355;134;6;2;1031;205;45;24;3386;339;51;26
2022.02_01-07-2022;Республика Ингушетия;21_45_days;SputnikLite;86;9;0;0;19;4;2;2;105;13;2;2;2355;134;6;2;1031;205;45;24;3386;339;51;26
2022.02_01-07-2022;Республика Ингушетия;21_45_days;SputnikV;50;8;1;0;15;6;1;1;65;14;2;1;2355;134;6;2;1031;205;45;24;3386;339;51;26
2022.02_01-07-2022;Республика Ингушетия;45_75_days;AllVaccines;502;16;2;0;161;28;2;0;663;44;4;0;2355;134;6;2;1031;205;45;24;3386;339;51;26
2022.02_01-07-2022;Республика Ингушетия;45_75_days;CoviVac;1;0;0;0;5;1;0;0;6;1;0;0;2355;134;6;2;1031;205;45;24;3386;339;51;26
2022.02_01-07-2022;Республика Ингушетия;45_75_days;EpiVacCorona;3;0;0;0;2;1;0;0;5;1;0;0;2355;134;6;2;1031;205;45;24;3386;339;51;26
2022.02_01-07-2022;Республика Ингушетия;45_75_days;SputnikLite;234;6;1;0;86;16;2;0;320;22;3;0;2355;134;6;2;1031;205;45;24;3386;339;51;26
2022.02_01-07-2022;Республика Ингушетия;45_75_days;SputnikV;264;10;1;0;68;10;0;0;332;20;1;0;2355;134;6;2;1031;205;45;24;3386;339;51;26
2022.02_01-07-2022;Республика Ингушетия;75_90_days;AllVaccines;120;9;0;0;50;10;2;1;170;19;2;1;2355;134;6;2;1031;205;45;24;3386;339;51;26
2022.02_01-07-2022;Республика Ингушетия;75_90_days;SputnikLite;82;6;0;0;35;9;1;1;117;15;1;1;2355;134;6;2;1031;205;45;24;3386;339;51;26
2022.02_01-07-2022;Республика Ингушетия;75_90_days;SputnikV;38;3;0;0;15;1;1;0;53;4;1;0;2355;134;6;2;1031;205;45;24;3386;339;51;26
2022.02_01-07-2022;Республика Ингушетия;90_105_days;AllVaccines;118;2;0;0;37;2;0;0;155;4;0;0;2355;134;6;2;1031;205;45;24;3386;339;51;26
2022.02_01-07-2022;Республика Ингушетия;90_105_days;SputnikLite;38;1;0;0;26;2;0;0;64;3;0;0;2355;134;6;2;1031;205;45;24;3386;339;51;26
2022.02_01-07-2022;Республика Ингушетия;90_105_days;SputnikV;80;1;0;0;11;0;0;0;91;1;0;0;2355;134;6;2;1031;205;45;24;3386;339;51;26
2022.02_01-07-2022;Республика Калмыкия;105_165_days;AllVaccines;745;31;2;1;516;44;1;2;1261;75;3;3;6064;221;17;7;2927;468;86;43;8991;689;103;50
2022.02_01-07-2022;Республика Калмыкия;105_165_days;CoviVac;14;0;0;0;5;1;0;0;19;1;0;0;6064;221;17;7;2927;468;86;43;8991;689;103;50
2022.02_01-07-2022;Республика Калмыкия;105_165_days;EpiVacCorona;1;0;0;0;0;0;0;0;1;0;0;0;6064;221;17;7;2927;468;86;43;8991;689;103;50
2022.02_01-07-2022;Республика Калмыкия;105_165_days;SputnikLite;606;24;1;1;437;36;1;2;1043;60;2;3;6064;221;17;7;2927;468;86;43;8991;689;103;50
2022.02_01-07-2022;Республика Калмыкия;105_165_days;SputnikV;124;7;1;0;74;7;0;0;198;14;1;0;6064;221;17;7;2927;468;86;43;8991;689;103;50
2022.02_01-07-2022;Республика Калмыкия;165_195_days;AllVaccines;668;17;0;0;187;18;5;0;855;35;5;0;6064;221;17;7;2927;468;86;43;8991;689;103;50
2022.02_01-07-2022;Республика Калмыкия;165_195_days;CoviVac;19;0;0;0;7;1;0;0;26;1;0;0;6064;221;17;7;2927;468;86;43;8991;689;103;50
2022.02_01-07-2022;Республика Калмыкия;165_195_days;EpiVacCorona;0;0;0;0;1;0;0;0;1;0;0;0;6064;221;17;7;2927;468;86;43;8991;689;103;50
2022.02_01-07-2022;Республика Калмыкия;165_195_days;SputnikLite;224;7;0;0;66;6;2;0;290;13;2;0;6064;221;17;7;2927;468;86;43;8991;689;103;50
2022.02_01-07-2022;Республика Калмыкия;165_195_days;SputnikV;425;10;0;0;113;11;3;0;538;21;3;0;6064;221;17;7;2927;468;86;43;8991;689;103;50
2022.02_01-07-2022;Республика Калмыкия;21_45_days;AllVaccines;269;7;1;1;101;9;0;0;370;16;1;1;6064;221;17;7;2927;468;86;43;8991;689;103;50
2022.02_01-07-2022;Республика Калмыкия;21_45_days;CoviVac;3;1;1;1;1;0;0;0;4;1;1;1;6064;221;17;7;2927;468;86;43;8991;689;103;50
2022.02_01-07-2022;Республика Калмыкия;21_45_days;EpiVacCorona;8;0;0;0;4;0;0;0;12;0;0;0;6064;221;17;7;2927;468;86;43;8991;689;103;50
2022.02_01-07-2022;Республика Калмыкия;21_45_days;SputnikLite;240;4;0;0;85;8;0;0;325;12;0;0;6064;221;17;7;2927;468;86;43;8991;689;103;50
2022.02_01-07-2022;Республика Калмыкия;21_45_days;SputnikV;18;2;0;0;11;1;0;0;29;3;0;0;6064;221;17;7;2927;468;86;43;8991;689;103;50
2022.02_01-07-2022;Республика Калмыкия;45_75_days;AllVaccines;434;21;1;0;190;35;6;3;624;56;7;3;6064;221;17;7;2927;468;86;43;8991;689;103;50
2022.02_01-07-2022;Республика Калмыкия;45_75_days;CoviVac;20;2;0;0;4;0;0;0;24;2;0;0;6064;221;17;7;2927;468;86;43;8991;689;103;50
2022.02_01-07-2022;Республика Калмыкия;45_75_days;EpiVacCorona;8;0;0;0;8;5;1;0;16;5;1;0;6064;221;17;7;2927;468;86;43;8991;689;103;50
2022.02_01-07-2022;Республика Калмыкия;45_75_days;SputnikLite;291;15;1;0;128;23;4;3;419;38;5;3;6064;221;17;7;2927;468;86;43;8991;689;103;50
2022.02_01-07-2022;Республика Калмыкия;45_75_days;SputnikV;115;4;0;0;50;7;1;0;165;11;1;0;6064;221;17;7;2927;468;86;43;8991;689;103;50
2022.02_01-07-2022;Республика Калмыкия;75_90_days;AllVaccines;395;12;1;1;171;17;2;0;566;29;3;1;6064;221;17;7;2927;468;86;43;8991;689;103;50
2022.02_01-07-2022;Республика Калмыкия;75_90_days;CoviVac;31;1;0;0;5;0;0;0;36;1;0;0;6064;221;17;7;2927;468;86;43;8991;689;103;50
2022.02_01-07-2022;Республика Калмыкия;75_90_days;EpiVacCorona;5;0;0;0;3;2;1;0;8;2;1;0;6064;221;17;7;2927;468;86;43;8991;689;103;50
2022.02_01-07-2022;Республика Калмыкия;75_90_days;SputnikLite;287;7;1;1;121;10;1;0;408;17;2;1;6064;221;17;7;2927;468;86;43;8991;689;103;50
2022.02_01-07-2022;Республика Калмыкия;75_90_days;SputnikV;72;4;0;0;42;5;0;0;114;9;0;0;6064;221;17;7;2927;468;86;43;8991;689;103;50
2022.02_01-07-2022;Республика Калмыкия;90_105_days;AllVaccines;497;12;0;0;280;36;4;3;777;48;4;3;6064;221;17;7;2927;468;86;43;8991;689;103;50
2022.02_01-07-2022;Республика Калмыкия;90_105_days;CoviVac;11;1;0;0;2;0;0;0;13;1;0;0;6064;221;17;7;2927;468;86;43;8991;689;103;50
2022.02_01-07-2022;Республика Калмыкия;90_105_days;EpiVacCorona;2;1;0;0;2;2;0;0;4;3;0;0;6064;221;17;7;2927;468;86;43;8991;689;103;50
2022.02_01-07-2022;Республика Калмыкия;90_105_days;SputnikLite;450;8;0;0;248;30;1;1;698;38;1;1;6064;221;17;7;2927;468;86;43;8991;689;103;50
2022.02_01-07-2022;Республика Калмыкия;90_105_days;SputnikV;34;2;0;0;28;4;3;2;62;6;3;2;6064;221;17;7;2927;468;86;43;8991;689;103;50
2022.02_01-07-2022;Республика Карелия;105_165_days;AllVaccines;3147;75;3;0;1780;182;7;12;4927;257;10;12;29412;875;33;24;11525;2063;263;336;40937;2938;296;360
2022.02_01-07-2022;Республика Карелия;105_165_days;CoviVac;6;0;0;0;1;1;0;0;7;1;0;0;29412;875;33;24;11525;2063;263;336;40937;2938;296;360
2022.02_01-07-2022;Республика Карелия;105_165_days;EpiVacCorona;11;0;0;0;20;5;0;0;31;5;0;0;29412;875;33;24;11525;2063;263;336;40937;2938;296;360
2022.02_01-07-2022;Республика Карелия;105_165_days;SputnikLite;2192;55;3;0;1246;117;4;8;3438;172;7;8;29412;875;33;24;11525;2063;263;336;40937;2938;296;360
2022.02_01-07-2022;Республика Карелия;105_165_days;SputnikV;938;20;0;0;513;59;3;4;1451;79;3;4;29412;875;33;24;11525;2063;263;336;40937;2938;296;360
2022.02_01-07-2022;Республика Карелия;165_195_days;AllVaccines;4118;69;3;0;772;65;4;6;4890;134;7;6;29412;875;33;24;11525;2063;263;336;40937;2938;296;360
2022.02_01-07-2022;Республика Карелия;165_195_days;CoviVac;32;2;0;0;4;1;0;0;36;3;0;0;29412;875;33;24;11525;2063;263;336;40937;2938;296;360
2022.02_01-07-2022;Республика Карелия;165_195_days;EpiVacCorona;51;0;0;0;15;1;0;0;66;1;0;0;29412;875;33;24;11525;2063;263;336;40937;2938;296;360
2022.02_01-07-2022;Республика Карелия;165_195_days;SputnikLite;1468;27;2;0;264;15;1;3;1732;42;3;3;29412;875;33;24;11525;2063;263;336;40937;2938;296;360
2022.02_01-07-2022;Республика Карелия;165_195_days;SputnikV;2567;40;1;0;489;48;3;3;3056;88;4;3;29412;875;33;24;11525;2063;263;336;40937;2938;296;360
2022.02_01-07-2022;Республика Карелия;21_45_days;AllVaccines;669;15;1;0;343;39;4;6;1012;54;5;6;29412;875;33;24;11525;2063;263;336;40937;2938;296;360
2022.02_01-07-2022;Республика Карелия;21_45_days;CoviVac;15;1;0;0;6;0;0;0;21;1;0;0;29412;875;33;24;11525;2063;263;336;40937;2938;296;360
2022.02_01-07-2022;Республика Карелия;21_45_days;EpiVacCorona;21;0;0;0;16;3;0;0;37;3;0;0;29412;875;33;24;11525;2063;263;336;40937;2938;296;360
2022.02_01-07-2022;Республика Карелия;21_45_days;SputnikLite;459;10;1;0;232;16;2;2;691;26;3;2;29412;875;33;24;11525;2063;263;336;40937;2938;296;360
2022.02_01-07-2022;Республика Карелия;21_45_days;SputnikV;174;4;0;0;89;20;2;4;263;24;2;4;29412;875;33;24;11525;2063;263;336;40937;2938;296;360
2022.02_01-07-2022;Республика Карелия;45_75_days;AllVaccines;1545;59;0;0;888;125;16;14;2433;184;16;14;29412;875;33;24;11525;2063;263;336;40937;2938;296;360
2022.02_01-07-2022;Республика Карелия;45_75_days;CoviVac;56;1;0;0;24;5;1;1;80;6;1;1;29412;875;33;24;11525;2063;263;336;40937;2938;296;360
2022.02_01-07-2022;Республика Карелия;45_75_days;EpiVacCorona;83;4;0;0;51;8;1;1;134;12;1;1;29412;875;33;24;11525;2063;263;336;40937;2938;296;360
2022.02_01-07-2022;Республика Карелия;45_75_days;SputnikLite;521;21;0;0;347;50;7;9;868;71;7;9;29412;875;33;24;11525;2063;263;336;40937;2938;296;360
2022.02_01-07-2022;Республика Карелия;45_75_days;SputnikV;885;33;0;0;466;62;7;3;1351;95;7;3;29412;875;33;24;11525;2063;263;336;40937;2938;296;360
2022.02_01-07-2022;Республика Карелия;75_90_days;AllVaccines;821;17;0;0;666;77;13;11;1487;94;13;11;29412;875;33;24;11525;2063;263;336;40937;2938;296;360
2022.02_01-07-2022;Республика Карелия;75_90_days;CoviVac;23;0;0;0;9;2;0;0;32;2;0;0;29412;875;33;24;11525;2063;263;336;40937;2938;296;360
2022.02_01-07-2022;Республика Карелия;75_90_days;EpiVacCorona;29;1;0;0;21;1;0;0;50;2;0;0;29412;875;33;24;11525;2063;263;336;40937;2938;296;360
2022.02_01-07-2022;Республика Карелия;75_90_days;SputnikLite;386;9;0;0;370;36;6;4;756;45;6;4;29412;875;33;24;11525;2063;263;336;40937;2938;296;360
2022.02_01-07-2022;Республика Карелия;75_90_days;SputnikV;383;7;0;0;266;38;7;7;649;45;7;7;29412;875;33;24;11525;2063;263;336;40937;2938;296;360
2022.02_01-07-2022;Республика Карелия;90_105_days;AllVaccines;811;22;0;1;714;80;6;6;1525;102;6;7;29412;875;33;24;11525;2063;263;336;40937;2938;296;360
2022.02_01-07-2022;Республика Карелия;90_105_days;CoviVac;44;0;0;0;22;1;0;0;66;1;0;0;29412;875;33;24;11525;2063;263;336;40937;2938;296;360
2022.02_01-07-2022;Республика Карелия;90_105_days;EpiVacCorona;16;1;0;0;13;2;0;0;29;3;0;0;29412;875;33;24;11525;2063;263;336;40937;2938;296;360
2022.02_01-07-2022;Республика Карелия;90_105_days;SputnikLite;462;14;0;1;467;52;5;5;929;66;5;6;29412;875;33;24;11525;2063;263;336;40937;2938;296;360
2022.02_01-07-2022;Республика Карелия;90_105_days;SputnikV;289;7;0;0;212;25;1;1;501;32;1;1;29412;875;33;24;11525;2063;263;336;40937;2938;296;360
2022.02_01-07-2022;Республика Коми;105_165_days;AllVaccines;3012;112;5;1;1032;165;15;10;4044;277;20;11;37886;1680;101;32;12275;2733;455;299;50161;4413;556;331
2022.02_01-07-2022;Республика Коми;105_165_days;CoviVac;15;0;0;0;2;2;0;0;17;2;0;0;37886;1680;101;32;12275;2733;455;299;50161;4413;556;331
2022.02_01-07-2022;Республика Коми;105_165_days;SputnikLite;1671;59;3;1;622;94;8;6;2293;153;11;7;37886;1680;101;32;12275;2733;455;299;50161;4413;556;331
2022.02_01-07-2022;Республика Коми;105_165_days;SputnikV;1326;53;2;0;408;69;7;4;1734;122;9;4;37886;1680;101;32;12275;2733;455;299;50161;4413;556;331
2022.02_01-07-2022;Республика Коми;165_195_days;AllVaccines;5461;132;6;1;937;105;9;5;6398;237;15;6;37886;1680;101;32;12275;2733;455;299;50161;4413;556;331
2022.02_01-07-2022;Республика Коми;165_195_days;CoviVac;55;0;1;0;7;0;0;0;62;0;1;0;37886;1680;101;32;12275;2733;455;299;50161;4413;556;331
2022.02_01-07-2022;Республика Коми;165_195_days;EpiVacCorona;5;0;0;0;1;0;0;0;6;0;0;0;37886;1680;101;32;12275;2733;455;299;50161;4413;556;331
2022.02_01-07-2022;Республика Коми;165_195_days;SputnikLite;1807;48;2;1;181;15;1;1;1988;63;3;2;37886;1680;101;32;12275;2733;455;299;50161;4413;556;331
2022.02_01-07-2022;Республика Коми;165_195_days;SputnikV;3594;84;3;0;748;90;8;4;4342;174;11;4;37886;1680;101;32;12275;2733;455;299;50161;4413;556;331
2022.02_01-07-2022;Республика Коми;21_45_days;AllVaccines;894;37;2;1;427;82;8;6;1321;119;10;7;37886;1680;101;32;12275;2733;455;299;50161;4413;556;331
2022.02_01-07-2022;Республика Коми;21_45_days;CoviVac;12;1;0;0;8;1;0;0;20;2;0;0;37886;1680;101;32;12275;2733;455;299;50161;4413;556;331
2022.02_01-07-2022;Республика Коми;21_45_days;EpiVacCorona;20;1;0;0;10;4;0;0;30;5;0;0;37886;1680;101;32;12275;2733;455;299;50161;4413;556;331
2022.02_01-07-2022;Республика Коми;21_45_days;SputnikLite;685;28;1;1;284;55;3;2;969;83;4;3;37886;1680;101;32;12275;2733;455;299;50161;4413;556;331
2022.02_01-07-2022;Республика Коми;21_45_days;SputnikV;177;7;1;0;125;22;5;4;302;29;6;4;37886;1680;101;32;12275;2733;455;299;50161;4413;556;331
2022.02_01-07-2022;Республика Коми;45_75_days;AllVaccines;1746;66;4;1;912;147;22;12;2658;213;26;13;37886;1680;101;32;12275;2733;455;299;50161;4413;556;331
2022.02_01-07-2022;Республика Коми;45_75_days;CoviVac;39;1;1;0;13;1;0;0;52;2;1;0;37886;1680;101;32;12275;2733;455;299;50161;4413;556;331
2022.02_01-07-2022;Республика Коми;45_75_days;EpiVacCorona;74;6;1;0;38;12;2;1;112;18;3;1;37886;1680;101;32;12275;2733;455;299;50161;4413;556;331
2022.02_01-07-2022;Республика Коми;45_75_days;SputnikLite;652;18;0;0;386;64;11;6;1038;82;11;6;37886;1680;101;32;12275;2733;455;299;50161;4413;556;331
2022.02_01-07-2022;Республика Коми;45_75_days;SputnikV;981;41;2;1;475;70;9;5;1456;111;11;6;37886;1680;101;32;12275;2733;455;299;50161;4413;556;331
2022.02_01-07-2022;Республика Коми;75_90_days;AllVaccines;1196;47;1;0;679;109;9;4;1875;156;10;4;37886;1680;101;32;12275;2733;455;299;50161;4413;556;331
2022.02_01-07-2022;Республика Коми;75_90_days;CoviVac;24;0;0;0;2;0;0;0;26;0;0;0;37886;1680;101;32;12275;2733;455;299;50161;4413;556;331
2022.02_01-07-2022;Республика Коми;75_90_days;EpiVacCorona;30;2;0;0;13;5;0;0;43;7;0;0;37886;1680;101;32;12275;2733;455;299;50161;4413;556;331
2022.02_01-07-2022;Республика Коми;75_90_days;SputnikLite;713;32;1;0;400;59;6;3;1113;91;7;3;37886;1680;101;32;12275;2733;455;299;50161;4413;556;331
2022.02_01-07-2022;Республика Коми;75_90_days;SputnikV;429;13;0;0;264;45;3;1;693;58;3;1;37886;1680;101;32;12275;2733;455;299;50161;4413;556;331
2022.02_01-07-2022;Республика Коми;90_105_days;AllVaccines;977;31;4;3;492;69;4;3;1469;100;8;6;37886;1680;101;32;12275;2733;455;299;50161;4413;556;331
2022.02_01-07-2022;Республика Коми;90_105_days;CoviVac;30;1;0;0;4;0;0;0;34;1;0;0;37886;1680;101;32;12275;2733;455;299;50161;4413;556;331
2022.02_01-07-2022;Республика Коми;90_105_days;EpiVacCorona;10;0;0;0;3;1;0;0;13;1;0;0;37886;1680;101;32;12275;2733;455;299;50161;4413;556;331
2022.02_01-07-2022;Республика Коми;90_105_days;SputnikLite;682;21;2;2;333;44;3;3;1015;65;5;5;37886;1680;101;32;12275;2733;455;299;50161;4413;556;331
2022.02_01-07-2022;Республика Коми;90_105_days;SputnikV;255;9;2;1;152;24;1;0;407;33;3;1;37886;1680;101;32;12275;2733;455;299;50161;4413;556;331
2022.02_01-07-2022;Республика Крым;105_165_days;AllVaccines;1826;83;8;3;755;163;11;6;2581;246;19;9;19530;1242;96;28;8659;2846;541;303;28189;4088;637;331
2022.02_01-07-2022;Республика Крым;105_165_days;CoviVac;36;0;0;0;15;6;0;0;51;6;0;0;19530;1242;96;28;8659;2846;541;303;28189;4088;637;331
2022.02_01-07-2022;Республика Крым;105_165_days;EpiVacCorona;34;1;0;0;14;6;0;0;48;7;0;0;19530;1242;96;28;8659;2846;541;303;28189;4088;637;331
2022.02_01-07-2022;Республика Крым;105_165_days;SputnikLite;609;25;2;1;455;81;7;4;1064;106;9;5;19530;1242;96;28;8659;2846;541;303;28189;4088;637;331
2022.02_01-07-2022;Республика Крым;105_165_days;SputnikV;1147;57;6;2;271;70;4;2;1418;127;10;4;19530;1242;96;28;8659;2846;541;303;28189;4088;637;331
2022.02_01-07-2022;Республика Крым;165_195_days;AllVaccines;1515;81;2;0;375;94;16;4;1890;175;18;4;19530;1242;96;28;8659;2846;541;303;28189;4088;637;331
2022.02_01-07-2022;Республика Крым;165_195_days;CoviVac;23;2;0;0;3;0;0;0;26;2;0;0;19530;1242;96;28;8659;2846;541;303;28189;4088;637;331
2022.02_01-07-2022;Республика Крым;165_195_days;EpiVacCorona;54;6;0;0;34;14;4;0;88;20;4;0;19530;1242;96;28;8659;2846;541;303;28189;4088;637;331
2022.02_01-07-2022;Республика Крым;165_195_days;SputnikLite;98;6;0;0;51;10;0;0;149;16;0;0;19530;1242;96;28;8659;2846;541;303;28189;4088;637;331
2022.02_01-07-2022;Республика Крым;165_195_days;SputnikV;1340;67;2;0;287;70;12;4;1627;137;14;4;19530;1242;96;28;8659;2846;541;303;28189;4088;637;331
2022.02_01-07-2022;Республика Крым;21_45_days;AllVaccines;691;37;2;0;333;89;10;4;1024;126;12;4;19530;1242;96;28;8659;2846;541;303;28189;4088;637;331
2022.02_01-07-2022;Республика Крым;21_45_days;CoviVac;3;0;0;0;0;0;0;0;3;0;0;0;19530;1242;96;28;8659;2846;541;303;28189;4088;637;331
2022.02_01-07-2022;Республика Крым;21_45_days;EpiVacCorona;23;3;0;0;23;11;3;1;46;14;3;1;19530;1242;96;28;8659;2846;541;303;28189;4088;637;331
2022.02_01-07-2022;Республика Крым;21_45_days;SputnikLite;506;20;1;0;253;61;5;3;759;81;6;3;19530;1242;96;28;8659;2846;541;303;28189;4088;637;331
2022.02_01-07-2022;Республика Крым;21_45_days;SputnikV;159;14;1;0;57;17;2;0;216;31;3;0;19530;1242;96;28;8659;2846;541;303;28189;4088;637;331
2022.02_01-07-2022;Республика Крым;45_75_days;AllVaccines;1968;122;12;6;857;211;27;6;2825;333;39;12;19530;1242;96;28;8659;2846;541;303;28189;4088;637;331
2022.02_01-07-2022;Республика Крым;45_75_days;CoviVac;31;2;0;0;13;4;0;0;44;6;0;0;19530;1242;96;28;8659;2846;541;303;28189;4088;637;331
2022.02_01-07-2022;Республика Крым;45_75_days;EpiVacCorona;95;6;0;0;37;17;5;2;132;23;5;2;19530;1242;96;28;8659;2846;541;303;28189;4088;637;331
2022.02_01-07-2022;Республика Крым;45_75_days;SputnikLite;642;29;2;2;435;87;9;2;1077;116;11;4;19530;1242;96;28;8659;2846;541;303;28189;4088;637;331
2022.02_01-07-2022;Республика Крым;45_75_days;SputnikV;1200;85;10;4;372;103;13;2;1572;188;23;6;19530;1242;96;28;8659;2846;541;303;28189;4088;637;331
2022.02_01-07-2022;Республика Крым;75_90_days;AllVaccines;2133;103;8;2;710;145;17;5;2843;248;25;7;19530;1242;96;28;8659;2846;541;303;28189;4088;637;331
2022.02_01-07-2022;Республика Крым;75_90_days;CoviVac;35;1;0;0;9;2;0;0;44;3;0;0;19530;1242;96;28;8659;2846;541;303;28189;4088;637;331
2022.02_01-07-2022;Республика Крым;75_90_days;EpiVacCorona;66;1;0;0;36;11;2;0;102;12;2;0;19530;1242;96;28;8659;2846;541;303;28189;4088;637;331
2022.02_01-07-2022;Республика Крым;75_90_days;SputnikLite;383;17;0;0;313;51;5;0;696;68;5;0;19530;1242;96;28;8659;2846;541;303;28189;4088;637;331
2022.02_01-07-2022;Республика Крым;75_90_days;SputnikV;1649;84;8;2;352;81;10;5;2001;165;18;7;19530;1242;96;28;8659;2846;541;303;28189;4088;637;331
2022.02_01-07-2022;Республика Крым;90_105_days;AllVaccines;1209;64;6;1;271;66;11;4;1480;130;17;5;19530;1242;96;28;8659;2846;541;303;28189;4088;637;331
2022.02_01-07-2022;Республика Крым;90_105_days;CoviVac;38;2;0;0;6;1;0;0;44;3;0;0;19530;1242;96;28;8659;2846;541;303;28189;4088;637;331
2022.02_01-07-2022;Республика Крым;90_105_days;EpiVacCorona;64;6;1;0;27;12;2;0;91;18;3;0;19530;1242;96;28;8659;2846;541;303;28189;4088;637;331
2022.02_01-07-2022;Республика Крым;90_105_days;SputnikLite;69;1;0;0;31;7;2;2;100;8;2;2;19530;1242;96;28;8659;2846;541;303;28189;4088;637;331
2022.02_01-07-2022;Республика Крым;90_105_days;SputnikV;1038;55;5;1;207;46;7;2;1245;101;12;3;19530;1242;96;28;8659;2846;541;303;28189;4088;637;331
2022.02_01-07-2022;Республика Марий Эл;105_165_days;AllVaccines;696;21;2;0;478;49;6;3;1174;70;8;3;5903;315;33;9;5357;942;203;81;11260;1257;236;90
2022.02_01-07-2022;Республика Марий Эл;105_165_days;CoviVac;2;0;0;0;2;0;0;0;4;0;0;0;5903;315;33;9;5357;942;203;81;11260;1257;236;90
2022.02_01-07-2022;Республика Марий Эл;105_165_days;EpiVacCorona;4;0;0;0;6;0;0;0;10;0;0;0;5903;315;33;9;5357;942;203;81;11260;1257;236;90
2022.02_01-07-2022;Республика Марий Эл;105_165_days;SputnikLite;532;16;1;0;303;28;2;1;835;44;3;1;5903;315;33;9;5357;942;203;81;11260;1257;236;90
2022.02_01-07-2022;Республика Марий Эл;105_165_days;SputnikV;158;5;1;0;167;21;4;2;325;26;5;2;5903;315;33;9;5357;942;203;81;11260;1257;236;90
2022.02_01-07-2022;Республика Марий Эл;165_195_days;AllVaccines;1216;28;1;0;341;28;1;0;1557;56;2;0;5903;315;33;9;5357;942;203;81;11260;1257;236;90
2022.02_01-07-2022;Республика Марий Эл;165_195_days;CoviVac;21;0;0;0;8;1;0;0;29;1;0;0;5903;315;33;9;5357;942;203;81;11260;1257;236;90
2022.02_01-07-2022;Республика Марий Эл;165_195_days;EpiVacCorona;12;0;0;0;12;0;0;0;24;0;0;0;5903;315;33;9;5357;942;203;81;11260;1257;236;90
2022.02_01-07-2022;Республика Марий Эл;165_195_days;SputnikLite;573;10;1;0;87;5;0;0;660;15;1;0;5903;315;33;9;5357;942;203;81;11260;1257;236;90
2022.02_01-07-2022;Республика Марий Эл;165_195_days;SputnikV;610;18;0;0;234;22;1;0;844;40;1;0;5903;315;33;9;5357;942;203;81;11260;1257;236;90
2022.02_01-07-2022;Республика Марий Эл;21_45_days;AllVaccines;211;3;0;0;168;17;5;0;379;20;5;0;5903;315;33;9;5357;942;203;81;11260;1257;236;90
2022.02_01-07-2022;Республика Марий Эл;21_45_days;CoviVac;4;0;0;0;1;0;0;0;5;0;0;0;5903;315;33;9;5357;942;203;81;11260;1257;236;90
2022.02_01-07-2022;Республика Марий Эл;21_45_days;EpiVacCorona;3;1;0;0;7;2;1;0;10;3;1;0;5903;315;33;9;5357;942;203;81;11260;1257;236;90
2022.02_01-07-2022;Республика Марий Эл;21_45_days;SputnikLite;190;0;0;0;124;12;2;0;314;12;2;0;5903;315;33;9;5357;942;203;81;11260;1257;236;90
2022.02_01-07-2022;Республика Марий Эл;21_45_days;SputnikV;14;2;0;0;36;3;2;0;50;5;2;0;5903;315;33;9;5357;942;203;81;11260;1257;236;90
2022.02_01-07-2022;Республика Марий Эл;45_75_days;AllVaccines;437;13;0;0;379;54;11;4;816;67;11;4;5903;315;33;9;5357;942;203;81;11260;1257;236;90
2022.02_01-07-2022;Республика Марий Эл;45_75_days;CoviVac;12;1;0;0;5;0;0;0;17;1;0;0;5903;315;33;9;5357;942;203;81;11260;1257;236;90
2022.02_01-07-2022;Республика Марий Эл;45_75_days;EpiVacCorona;21;1;0;0;29;2;0;0;50;3;0;0;5903;315;33;9;5357;942;203;81;11260;1257;236;90
2022.02_01-07-2022;Республика Марий Эл;45_75_days;SputnikLite;189;6;0;0;141;25;5;2;330;31;5;2;5903;315;33;9;5357;942;203;81;11260;1257;236;90
2022.02_01-07-2022;Республика Марий Эл;45_75_days;SputnikV;215;5;0;0;204;27;6;2;419;32;6;2;5903;315;33;9;5357;942;203;81;11260;1257;236;90
2022.02_01-07-2022;Республика Марий Эл;75_90_days;AllVaccines;313;16;1;1;251;26;1;0;564;42;2;1;5903;315;33;9;5357;942;203;81;11260;1257;236;90
2022.02_01-07-2022;Республика Марий Эл;75_90_days;CoviVac;6;0;0;0;3;1;0;0;9;1;0;0;5903;315;33;9;5357;942;203;81;11260;1257;236;90
2022.02_01-07-2022;Республика Марий Эл;75_90_days;EpiVacCorona;27;2;0;0;25;4;0;0;52;6;0;0;5903;315;33;9;5357;942;203;81;11260;1257;236;90
2022.02_01-07-2022;Республика Марий Эл;75_90_days;SputnikLite;130;5;0;0;101;13;0;0;231;18;0;0;5903;315;33;9;5357;942;203;81;11260;1257;236;90
2022.02_01-07-2022;Республика Марий Эл;75_90_days;SputnikV;150;9;1;1;122;8;1;0;272;17;2;1;5903;315;33;9;5357;942;203;81;11260;1257;236;90
2022.02_01-07-2022;Республика Марий Эл;90_105_days;AllVaccines;209;11;3;0;261;28;1;1;470;39;4;1;5903;315;33;9;5357;942;203;81;11260;1257;236;90
2022.02_01-07-2022;Республика Марий Эл;90_105_days;CoviVac;10;0;0;0;7;0;0;0;17;0;0;0;5903;315;33;9;5357;942;203;81;11260;1257;236;90
2022.02_01-07-2022;Республика Марий Эл;90_105_days;EpiVacCorona;14;1;1;0;17;1;0;0;31;2;1;0;5903;315;33;9;5357;942;203;81;11260;1257;236;90
2022.02_01-07-2022;Республика Марий Эл;90_105_days;SputnikLite;65;4;2;0;111;10;0;0;176;14;2;0;5903;315;33;9;5357;942;203;81;11260;1257;236;90
2022.02_01-07-2022;Республика Марий Эл;90_105_days;SputnikV;120;6;0;0;126;17;1;1;246;23;1;1;5903;315;33;9;5357;942;203;81;11260;1257;236;90
2022.02_01-07-2022;Республика Мордовия;105_165_days;AllVaccines;1305;67;1;3;685;133;16;13;1990;200;17;16;8610;532;32;18;4033;1063;184;142;12643;1595;216;160
2022.02_01-07-2022;Республика Мордовия;105_165_days;CoviVac;2;0;0;0;0;0;0;0;2;0;0;0;8610;532;32;18;4033;1063;184;142;12643;1595;216;160
2022.02_01-07-2022;Республика Мордовия;105_165_days;EpiVacCorona;7;2;0;0;1;0;0;0;8;2;0;0;8610;532;32;18;4033;1063;184;142;12643;1595;216;160
2022.02_01-07-2022;Республика Мордовия;105_165_days;SputnikLite;824;38;0;1;441;63;6;4;1265;101;6;5;8610;532;32;18;4033;1063;184;142;12643;1595;216;160
2022.02_01-07-2022;Республика Мордовия;105_165_days;SputnikV;472;27;1;2;243;70;10;9;715;97;11;11;8610;532;32;18;4033;1063;184;142;12643;1595;216;160
2022.02_01-07-2022;Республика Мордовия;165_195_days;AllVaccines;1461;61;5;2;267;34;8;4;1728;95;13;6;8610;532;32;18;4033;1063;184;142;12643;1595;216;160
2022.02_01-07-2022;Республика Мордовия;165_195_days;CoviVac;13;0;0;0;1;0;0;0;14;0;0;0;8610;532;32;18;4033;1063;184;142;12643;1595;216;160
2022.02_01-07-2022;Республика Мордовия;165_195_days;EpiVacCorona;18;1;0;0;3;1;0;0;21;2;0;0;8610;532;32;18;4033;1063;184;142;12643;1595;216;160
2022.02_01-07-2022;Республика Мордовия;165_195_days;SputnikLite;387;17;1;0;92;17;3;3;479;34;4;3;8610;532;32;18;4033;1063;184;142;12643;1595;216;160
2022.02_01-07-2022;Республика Мордовия;165_195_days;SputnikV;1043;43;4;2;171;16;5;1;1214;59;9;3;8610;532;32;18;4033;1063;184;142;12643;1595;216;160
2022.02_01-07-2022;Республика Мордовия;21_45_days;AllVaccines;567;20;1;0;177;28;5;5;744;48;6;5;8610;532;32;18;4033;1063;184;142;12643;1595;216;160
2022.02_01-07-2022;Республика Мордовия;21_45_days;CoviVac;4;1;0;0;0;0;0;0;4;1;0;0;8610;532;32;18;4033;1063;184;142;12643;1595;216;160
2022.02_01-07-2022;Республика Мордовия;21_45_days;EpiVacCorona;14;1;0;0;2;0;0;0;16;1;0;0;8610;532;32;18;4033;1063;184;142;12643;1595;216;160
2022.02_01-07-2022;Республика Мордовия;21_45_days;SputnikLite;476;11;0;0;133;18;3;3;609;29;3;3;8610;532;32;18;4033;1063;184;142;12643;1595;216;160
2022.02_01-07-2022;Республика Мордовия;21_45_days;SputnikV;73;7;1;0;42;10;2;2;115;17;3;2;8610;532;32;18;4033;1063;184;142;12643;1595;216;160
2022.02_01-07-2022;Республика Мордовия;45_75_days;AllVaccines;746;45;4;2;332;80;14;9;1078;125;18;11;8610;532;32;18;4033;1063;184;142;12643;1595;216;160
2022.02_01-07-2022;Республика Мордовия;45_75_days;CoviVac;31;2;0;0;6;0;0;0;37;2;0;0;8610;532;32;18;4033;1063;184;142;12643;1595;216;160
2022.02_01-07-2022;Республика Мордовия;45_75_days;EpiVacCorona;37;2;1;1;18;7;1;1;55;9;2;2;8610;532;32;18;4033;1063;184;142;12643;1595;216;160
2022.02_01-07-2022;Республика Мордовия;45_75_days;SputnikLite;292;9;0;0;140;24;4;3;432;33;4;3;8610;532;32;18;4033;1063;184;142;12643;1595;216;160
2022.02_01-07-2022;Республика Мордовия;45_75_days;SputnikV;386;32;3;1;168;49;9;5;554;81;12;6;8610;532;32;18;4033;1063;184;142;12643;1595;216;160
2022.02_01-07-2022;Республика Мордовия;75_90_days;AllVaccines;678;48;4;1;313;52;7;5;991;100;11;6;8610;532;32;18;4033;1063;184;142;12643;1595;216;160
2022.02_01-07-2022;Республика Мордовия;75_90_days;CoviVac;24;2;0;0;3;1;0;0;27;3;0;0;8610;532;32;18;4033;1063;184;142;12643;1595;216;160
2022.02_01-07-2022;Республика Мордовия;75_90_days;EpiVacCorona;32;4;0;0;6;2;2;2;38;6;2;2;8610;532;32;18;4033;1063;184;142;12643;1595;216;160
2022.02_01-07-2022;Республика Мордовия;75_90_days;SputnikLite;266;11;1;0;148;18;3;2;414;29;4;2;8610;532;32;18;4033;1063;184;142;12643;1595;216;160
2022.02_01-07-2022;Республика Мордовия;75_90_days;SputnikV;356;31;3;1;156;31;2;1;512;62;5;2;8610;532;32;18;4033;1063;184;142;12643;1595;216;160
2022.02_01-07-2022;Республика Мордовия;90_105_days;AllVaccines;449;17;0;0;201;44;6;4;650;61;6;4;8610;532;32;18;4033;1063;184;142;12643;1595;216;160
2022.02_01-07-2022;Республика Мордовия;90_105_days;CoviVac;13;2;0;0;3;1;0;0;16;3;0;0;8610;532;32;18;4033;1063;184;142;12643;1595;216;160
2022.02_01-07-2022;Республика Мордовия;90_105_days;EpiVacCorona;18;3;0;0;4;1;0;0;22;4;0;0;8610;532;32;18;4033;1063;184;142;12643;1595;216;160
2022.02_01-07-2022;Республика Мордовия;90_105_days;SputnikLite;118;2;0;0;82;12;3;2;200;14;3;2;8610;532;32;18;4033;1063;184;142;12643;1595;216;160
2022.02_01-07-2022;Республика Мордовия;90_105_days;SputnikV;300;10;0;0;112;30;3;2;412;40;3;2;8610;532;32;18;4033;1063;184;142;12643;1595;216;160
2022.02_01-07-2022;Республика Саха (Якутия);105_165_days;AllVaccines;3043;104;10;2;988;199;24;6;4031;303;34;8;29871;1683;124;16;9724;2439;520;133;39595;4122;644;149
2022.02_01-07-2022;Республика Саха (Якутия);105_165_days;EpiVacCorona;120;8;1;0;37;6;0;0;157;14;1;0;29871;1683;124;16;9724;2439;520;133;39595;4122;644;149
2022.02_01-07-2022;Республика Саха (Якутия);105_165_days;SputnikLite;2214;79;7;2;720;158;18;6;2934;237;25;8;29871;1683;124;16;9724;2439;520;133;39595;4122;644;149
2022.02_01-07-2022;Республика Саха (Якутия);105_165_days;SputnikV;709;17;2;0;231;35;6;0;940;52;8;0;29871;1683;124;16;9724;2439;520;133;39595;4122;644;149
2022.02_01-07-2022;Республика Саха (Якутия);165_195_days;AllVaccines;3745;147;5;1;510;78;9;0;4255;225;14;1;29871;1683;124;16;9724;2439;520;133;39595;4122;644;149
2022.02_01-07-2022;Республика Саха (Якутия);165_195_days;EpiVacCorona;884;33;2;0;173;26;4;0;1057;59;6;0;29871;1683;124;16;9724;2439;520;133;39595;4122;644;149
2022.02_01-07-2022;Республика Саха (Якутия);165_195_days;SputnikLite;1999;82;3;1;182;25;3;0;2181;107;6;1;29871;1683;124;16;9724;2439;520;133;39595;4122;644;149
2022.02_01-07-2022;Республика Саха (Якутия);165_195_days;SputnikV;862;32;0;0;155;27;2;0;1017;59;2;0;29871;1683;124;16;9724;2439;520;133;39595;4122;644;149
2022.02_01-07-2022;Республика Саха (Якутия);21_45_days;AllVaccines;1092;47;1;1;367;69;7;0;1459;116;8;1;29871;1683;124;16;9724;2439;520;133;39595;4122;644;149
2022.02_01-07-2022;Республика Саха (Якутия);21_45_days;CoviVac;5;0;0;0;1;0;0;0;6;0;0;0;29871;1683;124;16;9724;2439;520;133;39595;4122;644;149
2022.02_01-07-2022;Республика Саха (Якутия);21_45_days;EpiVacCorona;6;0;0;0;10;5;0;0;16;5;0;0;29871;1683;124;16;9724;2439;520;133;39595;4122;644;149
2022.02_01-07-2022;Республика Саха (Якутия);21_45_days;SputnikLite;813;29;0;0;235;42;6;0;1048;71;6;0;29871;1683;124;16;9724;2439;520;133;39595;4122;644;149
2022.02_01-07-2022;Республика Саха (Якутия);21_45_days;SputnikV;268;18;1;1;121;22;1;0;389;40;2;1;29871;1683;124;16;9724;2439;520;133;39595;4122;644;149
2022.02_01-07-2022;Республика Саха (Якутия);45_75_days;AllVaccines;1972;101;3;0;728;147;25;3;2700;248;28;3;29871;1683;124;16;9724;2439;520;133;39595;4122;644;149
2022.02_01-07-2022;Республика Саха (Якутия);45_75_days;CoviVac;45;1;0;0;11;2;0;0;56;3;0;0;29871;1683;124;16;9724;2439;520;133;39595;4122;644;149
2022.02_01-07-2022;Республика Саха (Якутия);45_75_days;EpiVacCorona;21;1;0;0;25;9;4;0;46;10;4;0;29871;1683;124;16;9724;2439;520;133;39595;4122;644;149
2022.02_01-07-2022;Республика Саха (Якутия);45_75_days;SputnikLite;898;36;2;0;322;63;11;3;1220;99;13;3;29871;1683;124;16;9724;2439;520;133;39595;4122;644;149
2022.02_01-07-2022;Республика Саха (Якутия);45_75_days;SputnikV;1008;63;1;0;370;73;10;0;1378;136;11;0;29871;1683;124;16;9724;2439;520;133;39595;4122;644;149
2022.02_01-07-2022;Республика Саха (Якутия);75_90_days;AllVaccines;1196;63;5;1;485;81;18;6;1681;144;23;7;29871;1683;124;16;9724;2439;520;133;39595;4122;644;149
2022.02_01-07-2022;Республика Саха (Якутия);75_90_days;CoviVac;32;3;1;0;11;2;0;0;43;5;1;0;29871;1683;124;16;9724;2439;520;133;39595;4122;644;149
2022.02_01-07-2022;Республика Саха (Якутия);75_90_days;EpiVacCorona;11;0;0;0;9;4;1;1;20;4;1;1;29871;1683;124;16;9724;2439;520;133;39595;4122;644;149
2022.02_01-07-2022;Республика Саха (Якутия);75_90_days;SputnikLite;606;29;2;0;264;46;11;3;870;75;13;3;29871;1683;124;16;9724;2439;520;133;39595;4122;644;149
2022.02_01-07-2022;Республика Саха (Якутия);75_90_days;SputnikV;547;31;2;1;201;29;6;2;748;60;8;3;29871;1683;124;16;9724;2439;520;133;39595;4122;644;149
2022.02_01-07-2022;Республика Саха (Якутия);90_105_days;AllVaccines;1160;48;6;0;462;86;13;2;1622;134;19;2;29871;1683;124;16;9724;2439;520;133;39595;4122;644;149
2022.02_01-07-2022;Республика Саха (Якутия);90_105_days;CoviVac;13;1;1;0;7;3;2;0;20;4;3;0;29871;1683;124;16;9724;2439;520;133;39595;4122;644;149
2022.02_01-07-2022;Республика Саха (Якутия);90_105_days;EpiVacCorona;16;1;0;0;18;5;0;0;34;6;0;0;29871;1683;124;16;9724;2439;520;133;39595;4122;644;149
2022.02_01-07-2022;Республика Саха (Якутия);90_105_days;SputnikLite;900;34;4;0;330;56;10;2;1230;90;14;2;29871;1683;124;16;9724;2439;520;133;39595;4122;644;149
2022.02_01-07-2022;Республика Саха (Якутия);90_105_days;SputnikV;231;12;1;0;107;22;1;0;338;34;2;0;29871;1683;124;16;9724;2439;520;133;39595;4122;644;149
2022.02_01-07-2022;Республика Северная Осетия - Алания;105_165_days;AllVaccines;290;10;0;0;127;8;1;0;417;18;1;0;3693;169;8;5;2586;495;116;89;6279;664;124;94
2022.02_01-07-2022;Республика Северная Осетия - Алания;105_165_days;CoviVac;1;0;0;0;0;0;0;0;1;0;0;0;3693;169;8;5;2586;495;116;89;6279;664;124;94
2022.02_01-07-2022;Республика Северная Осетия - Алания;105_165_days;EpiVacCorona;7;0;0;0;1;0;0;0;8;0;0;0;3693;169;8;5;2586;495;116;89;6279;664;124;94
2022.02_01-07-2022;Республика Северная Осетия - Алания;105_165_days;SputnikLite;139;5;0;0;71;4;0;0;210;9;0;0;3693;169;8;5;2586;495;116;89;6279;664;124;94
2022.02_01-07-2022;Республика Северная Осетия - Алания;105_165_days;SputnikV;143;5;0;0;55;4;1;0;198;9;1;0;3693;169;8;5;2586;495;116;89;6279;664;124;94
2022.02_01-07-2022;Республика Северная Осетия - Алания;165_195_days;AllVaccines;391;10;3;0;126;13;2;1;517;23;5;1;3693;169;8;5;2586;495;116;89;6279;664;124;94
2022.02_01-07-2022;Республика Северная Осетия - Алания;165_195_days;EpiVacCorona;5;0;0;0;0;0;0;0;5;0;0;0;3693;169;8;5;2586;495;116;89;6279;664;124;94
2022.02_01-07-2022;Республика Северная Осетия - Алания;165_195_days;SputnikLite;42;2;1;0;16;1;0;0;58;3;1;0;3693;169;8;5;2586;495;116;89;6279;664;124;94
2022.02_01-07-2022;Республика Северная Осетия - Алания;165_195_days;SputnikV;344;8;2;0;110;12;2;1;454;20;4;1;3693;169;8;5;2586;495;116;89;6279;664;124;94
2022.02_01-07-2022;Республика Северная Осетия - Алания;21_45_days;AllVaccines;93;1;0;0;44;5;2;1;137;6;2;1;3693;169;8;5;2586;495;116;89;6279;664;124;94
2022.02_01-07-2022;Республика Северная Осетия - Алания;21_45_days;CoviVac;2;0;0;0;0;0;0;0;2;0;0;0;3693;169;8;5;2586;495;116;89;6279;664;124;94
2022.02_01-07-2022;Республика Северная Осетия - Алания;21_45_days;EpiVacCorona;21;0;0;0;8;1;0;0;29;1;0;0;3693;169;8;5;2586;495;116;89;6279;664;124;94
2022.02_01-07-2022;Республика Северная Осетия - Алания;21_45_days;SputnikLite;50;1;0;0;28;3;1;0;78;4;1;0;3693;169;8;5;2586;495;116;89;6279;664;124;94
2022.02_01-07-2022;Республика Северная Осетия - Алания;21_45_days;SputnikV;20;0;0;0;8;1;1;1;28;1;1;1;3693;169;8;5;2586;495;116;89;6279;664;124;94
2022.02_01-07-2022;Республика Северная Осетия - Алания;45_75_days;AllVaccines;233;12;1;1;81;10;0;0;314;22;1;1;3693;169;8;5;2586;495;116;89;6279;664;124;94
2022.02_01-07-2022;Республика Северная Осетия - Алания;45_75_days;CoviVac;3;0;0;0;1;0;0;0;4;0;0;0;3693;169;8;5;2586;495;116;89;6279;664;124;94
2022.02_01-07-2022;Республика Северная Осетия - Алания;45_75_days;EpiVacCorona;6;0;0;0;4;0;0;0;10;0;0;0;3693;169;8;5;2586;495;116;89;6279;664;124;94
2022.02_01-07-2022;Республика Северная Осетия - Алания;45_75_days;SputnikLite;116;6;1;1;45;5;0;0;161;11;1;1;3693;169;8;5;2586;495;116;89;6279;664;124;94
2022.02_01-07-2022;Республика Северная Осетия - Алания;45_75_days;SputnikV;108;6;0;0;31;5;0;0;139;11;0;0;3693;169;8;5;2586;495;116;89;6279;664;124;94
2022.02_01-07-2022;Республика Северная Осетия - Алания;75_90_days;AllVaccines;133;5;0;0;54;1;0;0;187;6;0;0;3693;169;8;5;2586;495;116;89;6279;664;124;94
2022.02_01-07-2022;Республика Северная Осетия - Алания;75_90_days;CoviVac;8;0;0;0;2;1;0;0;10;1;0;0;3693;169;8;5;2586;495;116;89;6279;664;124;94
2022.02_01-07-2022;Республика Северная Осетия - Алания;75_90_days;EpiVacCorona;1;0;0;0;1;0;0;0;2;0;0;0;3693;169;8;5;2586;495;116;89;6279;664;124;94
2022.02_01-07-2022;Республика Северная Осетия - Алания;75_90_days;SputnikLite;67;3;0;0;33;0;0;0;100;3;0;0;3693;169;8;5;2586;495;116;89;6279;664;124;94
2022.02_01-07-2022;Республика Северная Осетия - Алания;75_90_days;SputnikV;57;2;0;0;18;0;0;0;75;2;0;0;3693;169;8;5;2586;495;116;89;6279;664;124;94
2022.02_01-07-2022;Республика Северная Осетия - Алания;90_105_days;AllVaccines;148;8;0;0;66;5;1;1;214;13;1;1;3693;169;8;5;2586;495;116;89;6279;664;124;94
2022.02_01-07-2022;Республика Северная Осетия - Алания;90_105_days;CoviVac;1;0;0;0;1;0;0;0;2;0;0;0;3693;169;8;5;2586;495;116;89;6279;664;124;94
2022.02_01-07-2022;Республика Северная Осетия - Алания;90_105_days;EpiVacCorona;2;0;0;0;0;0;0;0;2;0;0;0;3693;169;8;5;2586;495;116;89;6279;664;124;94
2022.02_01-07-2022;Республика Северная Осетия - Алания;90_105_days;SputnikLite;92;4;0;0;38;5;1;1;130;9;1;1;3693;169;8;5;2586;495;116;89;6279;664;124;94
2022.02_01-07-2022;Республика Северная Осетия - Алания;90_105_days;SputnikV;53;4;0;0;27;0;0;0;80;4;0;0;3693;169;8;5;2586;495;116;89;6279;664;124;94
2022.02_01-07-2022;Республика Татарстан;105_165_days;AllVaccines;4762;213;6;4;1710;263;25;18;6472;476;31;22;41987;2474;123;48;20262;4373;815;597;62249;6847;938;645
2022.02_01-07-2022;Республика Татарстан;105_165_days;CoviVac;212;14;0;0;42;2;0;0;254;16;0;0;41987;2474;123;48;20262;4373;815;597;62249;6847;938;645
2022.02_01-07-2022;Республика Татарстан;105_165_days;EpiVacCorona;107;2;0;0;87;15;1;2;194;17;1;2;41987;2474;123;48;20262;4373;815;597;62249;6847;938;645
2022.02_01-07-2022;Республика Татарстан;105_165_days;SputnikLite;1559;81;3;2;645;90;6;6;2204;171;9;8;41987;2474;123;48;20262;4373;815;597;62249;6847;938;645
2022.02_01-07-2022;Республика Татарстан;105_165_days;SputnikV;2884;116;3;2;936;156;18;10;3820;272;21;12;41987;2474;123;48;20262;4373;815;597;62249;6847;938;645
2022.02_01-07-2022;Республика Татарстан;165_195_days;AllVaccines;4294;144;5;1;911;110;11;6;5205;254;16;7;41987;2474;123;48;20262;4373;815;597;62249;6847;938;645
2022.02_01-07-2022;Республика Татарстан;165_195_days;CoviVac;159;7;0;0;24;8;1;1;183;15;1;1;41987;2474;123;48;20262;4373;815;597;62249;6847;938;645
2022.02_01-07-2022;Республика Татарстан;165_195_days;EpiVacCorona;144;10;0;0;58;10;0;0;202;20;0;0;41987;2474;123;48;20262;4373;815;597;62249;6847;938;645
2022.02_01-07-2022;Республика Татарстан;165_195_days;SputnikLite;569;21;1;0;110;14;0;0;679;35;1;0;41987;2474;123;48;20262;4373;815;597;62249;6847;938;645
2022.02_01-07-2022;Республика Татарстан;165_195_days;SputnikV;3422;106;4;1;719;78;10;5;4141;184;14;6;41987;2474;123;48;20262;4373;815;597;62249;6847;938;645
2022.02_01-07-2022;Республика Татарстан;21_45_days;AllVaccines;879;42;4;1;581;99;18;14;1460;141;22;15;41987;2474;123;48;20262;4373;815;597;62249;6847;938;645
2022.02_01-07-2022;Республика Татарстан;21_45_days;CoviVac;4;1;0;0;3;1;0;0;7;2;0;0;41987;2474;123;48;20262;4373;815;597;62249;6847;938;645
2022.02_01-07-2022;Республика Татарстан;21_45_days;EpiVacCorona;17;0;0;0;17;2;0;0;34;2;0;0;41987;2474;123;48;20262;4373;815;597;62249;6847;938;645
2022.02_01-07-2022;Республика Татарстан;21_45_days;SputnikLite;545;18;1;1;345;54;9;5;890;72;10;6;41987;2474;123;48;20262;4373;815;597;62249;6847;938;645
2022.02_01-07-2022;Республика Татарстан;21_45_days;SputnikV;313;23;3;0;216;42;9;9;529;65;12;9;41987;2474;123;48;20262;4373;815;597;62249;6847;938;645
2022.02_01-07-2022;Республика Татарстан;45_75_days;AllVaccines;2828;167;4;0;1693;298;41;14;4521;465;45;14;41987;2474;123;48;20262;4373;815;597;62249;6847;938;645
2022.02_01-07-2022;Республика Татарстан;45_75_days;CoviVac;16;1;0;0;15;2;1;0;31;3;1;0;41987;2474;123;48;20262;4373;815;597;62249;6847;938;645
2022.02_01-07-2022;Республика Татарстан;45_75_days;EpiVacCorona;78;4;1;0;78;15;4;1;156;19;5;1;41987;2474;123;48;20262;4373;815;597;62249;6847;938;645
2022.02_01-07-2022;Республика Татарстан;45_75_days;SputnikLite;546;25;0;0;433;76;9;4;979;101;9;4;41987;2474;123;48;20262;4373;815;597;62249;6847;938;645
2022.02_01-07-2022;Республика Татарстан;45_75_days;SputnikV;2188;137;3;0;1167;205;27;9;3355;342;30;9;41987;2474;123;48;20262;4373;815;597;62249;6847;938;645
2022.02_01-07-2022;Республика Татарстан;75_90_days;AllVaccines;3300;165;6;1;1320;188;16;8;4620;353;22;9;41987;2474;123;48;20262;4373;815;597;62249;6847;938;645
2022.02_01-07-2022;Республика Татарстан;75_90_days;CoviVac;52;6;0;0;16;2;0;0;68;8;0;0;41987;2474;123;48;20262;4373;815;597;62249;6847;938;645
2022.02_01-07-2022;Республика Татарстан;75_90_days;EpiVacCorona;74;4;0;0;53;15;1;0;127;19;1;0;41987;2474;123;48;20262;4373;815;597;62249;6847;938;645
2022.02_01-07-2022;Республика Татарстан;75_90_days;SputnikLite;421;26;2;0;331;33;3;2;752;59;5;2;41987;2474;123;48;20262;4373;815;597;62249;6847;938;645
2022.02_01-07-2022;Республика Татарстан;75_90_days;SputnikV;2753;129;4;1;920;138;12;6;3673;267;16;7;41987;2474;123;48;20262;4373;815;597;62249;6847;938;645
2022.02_01-07-2022;Республика Татарстан;90_105_days;AllVaccines;4412;164;7;1;1402;215;16;10;5814;379;23;11;41987;2474;123;48;20262;4373;815;597;62249;6847;938;645
2022.02_01-07-2022;Республика Татарстан;90_105_days;CoviVac;29;2;0;0;9;5;0;0;38;7;0;0;41987;2474;123;48;20262;4373;815;597;62249;6847;938;645
2022.02_01-07-2022;Республика Татарстан;90_105_days;EpiVacCorona;146;8;0;0;65;7;2;1;211;15;2;1;41987;2474;123;48;20262;4373;815;597;62249;6847;938;645
2022.02_01-07-2022;Республика Татарстан;90_105_days;SputnikLite;419;14;0;0;223;33;0;1;642;47;0;1;41987;2474;123;48;20262;4373;815;597;62249;6847;938;645
2022.02_01-07-2022;Республика Татарстан;90_105_days;SputnikV;3818;140;7;1;1105;170;14;8;4923;310;21;9;41987;2474;123;48;20262;4373;815;597;62249;6847;938;645
2022.02_01-07-2022;Республика Тыва;105_165_days;AllVaccines;855;77;10;0;327;113;24;1;1182;190;34;1;6985;771;58;6;1974;677;163;23;8959;1448;221;29
2022.02_01-07-2022;Республика Тыва;105_165_days;CoviVac;4;0;0;0;0;0;0;0;4;0;0;0;6985;771;58;6;1974;677;163;23;8959;1448;221;29
2022.02_01-07-2022;Республика Тыва;105_165_days;SputnikLite;713;73;8;0;274;91;19;1;987;164;27;1;6985;771;58;6;1974;677;163;23;8959;1448;221;29
2022.02_01-07-2022;Республика Тыва;105_165_days;SputnikV;138;4;2;0;53;22;5;0;191;26;7;0;6985;771;58;6;1974;677;163;23;8959;1448;221;29
2022.02_01-07-2022;Республика Тыва;165_195_days;AllVaccines;933;82;4;2;116;41;8;0;1049;123;12;2;6985;771;58;6;1974;677;163;23;8959;1448;221;29
2022.02_01-07-2022;Республика Тыва;165_195_days;CoviVac;7;1;0;0;0;0;0;0;7;1;0;0;6985;771;58;6;1974;677;163;23;8959;1448;221;29
2022.02_01-07-2022;Республика Тыва;165_195_days;EpiVacCorona;1;0;0;0;1;1;0;0;2;1;0;0;6985;771;58;6;1974;677;163;23;8959;1448;221;29
2022.02_01-07-2022;Республика Тыва;165_195_days;SputnikLite;450;43;2;1;49;19;4;0;499;62;6;1;6985;771;58;6;1974;677;163;23;8959;1448;221;29
2022.02_01-07-2022;Республика Тыва;165_195_days;SputnikV;475;38;2;1;66;21;4;0;541;59;6;1;6985;771;58;6;1974;677;163;23;8959;1448;221;29
2022.02_01-07-2022;Республика Тыва;21_45_days;AllVaccines;385;32;0;0;93;29;3;2;478;61;3;2;6985;771;58;6;1974;677;163;23;8959;1448;221;29
2022.02_01-07-2022;Республика Тыва;21_45_days;SputnikLite;341;23;0;0;78;21;2;1;419;44;2;1;6985;771;58;6;1974;677;163;23;8959;1448;221;29
2022.02_01-07-2022;Республика Тыва;21_45_days;SputnikV;44;9;0;0;15;8;1;1;59;17;1;1;6985;771;58;6;1974;677;163;23;8959;1448;221;29
2022.02_01-07-2022;Республика Тыва;45_75_days;AllVaccines;420;43;2;0;127;29;2;0;547;72;4;0;6985;771;58;6;1974;677;163;23;8959;1448;221;29
2022.02_01-07-2022;Республика Тыва;45_75_days;EpiVacCorona;6;2;1;0;0;0;0;0;6;2;1;0;6985;771;58;6;1974;677;163;23;8959;1448;221;29
2022.02_01-07-2022;Республика Тыва;45_75_days;SputnikLite;237;16;0;0;71;15;0;0;308;31;0;0;6985;771;58;6;1974;677;163;23;8959;1448;221;29
2022.02_01-07-2022;Республика Тыва;45_75_days;SputnikV;177;25;1;0;56;14;2;0;233;39;3;0;6985;771;58;6;1974;677;163;23;8959;1448;221;29
2022.02_01-07-2022;Республика Тыва;75_90_days;AllVaccines;259;34;4;0;67;19;4;1;326;53;8;1;6985;771;58;6;1974;677;163;23;8959;1448;221;29
2022.02_01-07-2022;Республика Тыва;75_90_days;EpiVacCorona;4;0;0;0;0;0;0;0;4;0;0;0;6985;771;58;6;1974;677;163;23;8959;1448;221;29
2022.02_01-07-2022;Республика Тыва;75_90_days;SputnikLite;179;24;3;0;49;13;2;1;228;37;5;1;6985;771;58;6;1974;677;163;23;8959;1448;221;29
2022.02_01-07-2022;Республика Тыва;75_90_days;SputnikV;76;10;1;0;18;6;2;0;94;16;3;0;6985;771;58;6;1974;677;163;23;8959;1448;221;29
2022.02_01-07-2022;Республика Тыва;90_105_days;AllVaccines;394;36;1;0;120;28;4;1;514;64;5;1;6985;771;58;6;1974;677;163;23;8959;1448;221;29
2022.02_01-07-2022;Республика Тыва;90_105_days;EpiVacCorona;1;0;0;0;1;1;0;0;2;1;0;0;6985;771;58;6;1974;677;163;23;8959;1448;221;29
2022.02_01-07-2022;Республика Тыва;90_105_days;SputnikLite;343;29;0;0;100;22;3;1;443;51;3;1;6985;771;58;6;1974;677;163;23;8959;1448;221;29
2022.02_01-07-2022;Республика Тыва;90_105_days;SputnikV;50;7;1;0;19;5;1;0;69;12;2;0;6985;771;58;6;1974;677;163;23;8959;1448;221;29
2022.02_01-07-2022;Республика Хакасия;105_165_days;AllVaccines;1315;51;1;0;510;73;9;3;1825;124;10;3;16191;826;95;18;6323;1579;398;204;22514;2405;493;222
2022.02_01-07-2022;Республика Хакасия;105_165_days;CoviVac;39;2;0;0;17;4;1;0;56;6;1;0;16191;826;95;18;6323;1579;398;204;22514;2405;493;222
2022.02_01-07-2022;Республика Хакасия;105_165_days;EpiVacCorona;11;2;0;0;8;2;1;1;19;4;1;1;16191;826;95;18;6323;1579;398;204;22514;2405;493;222
2022.02_01-07-2022;Республика Хакасия;105_165_days;SputnikLite;729;25;1;0;287;41;5;1;1016;66;6;1;16191;826;95;18;6323;1579;398;204;22514;2405;493;222
2022.02_01-07-2022;Республика Хакасия;105_165_days;SputnikV;536;22;0;0;198;26;2;1;734;48;2;1;16191;826;95;18;6323;1579;398;204;22514;2405;493;222
2022.02_01-07-2022;Республика Хакасия;165_195_days;AllVaccines;2618;78;9;1;452;58;11;4;3070;136;20;5;16191;826;95;18;6323;1579;398;204;22514;2405;493;222
2022.02_01-07-2022;Республика Хакасия;165_195_days;CoviVac;34;3;0;0;5;0;0;0;39;3;0;0;16191;826;95;18;6323;1579;398;204;22514;2405;493;222
2022.02_01-07-2022;Республика Хакасия;165_195_days;EpiVacCorona;30;1;1;0;3;1;0;0;33;2;1;0;16191;826;95;18;6323;1579;398;204;22514;2405;493;222
2022.02_01-07-2022;Республика Хакасия;165_195_days;SputnikLite;433;8;3;0;50;5;1;0;483;13;4;0;16191;826;95;18;6323;1579;398;204;22514;2405;493;222
2022.02_01-07-2022;Республика Хакасия;165_195_days;SputnikV;2121;66;5;1;394;52;10;4;2515;118;15;5;16191;826;95;18;6323;1579;398;204;22514;2405;493;222
2022.02_01-07-2022;Республика Хакасия;21_45_days;AllVaccines;530;27;1;0;159;20;4;1;689;47;5;1;16191;826;95;18;6323;1579;398;204;22514;2405;493;222
2022.02_01-07-2022;Республика Хакасия;21_45_days;CoviVac;13;0;0;0;1;0;0;0;14;0;0;0;16191;826;95;18;6323;1579;398;204;22514;2405;493;222
2022.02_01-07-2022;Республика Хакасия;21_45_days;EpiVacCorona;18;2;0;0;5;0;0;0;23;2;0;0;16191;826;95;18;6323;1579;398;204;22514;2405;493;222
2022.02_01-07-2022;Республика Хакасия;21_45_days;SputnikLite;409;19;1;0;108;12;1;1;517;31;2;1;16191;826;95;18;6323;1579;398;204;22514;2405;493;222
2022.02_01-07-2022;Республика Хакасия;21_45_days;SputnikV;90;6;0;0;45;8;3;0;135;14;3;0;16191;826;95;18;6323;1579;398;204;22514;2405;493;222
2022.02_01-07-2022;Республика Хакасия;45_75_days;AllVaccines;783;44;4;0;369;66;10;7;1152;110;14;7;16191;826;95;18;6323;1579;398;204;22514;2405;493;222
2022.02_01-07-2022;Республика Хакасия;45_75_days;CoviVac;30;2;0;0;3;0;0;0;33;2;0;0;16191;826;95;18;6323;1579;398;204;22514;2405;493;222
2022.02_01-07-2022;Республика Хакасия;45_75_days;EpiVacCorona;23;4;0;0;14;2;0;0;37;6;0;0;16191;826;95;18;6323;1579;398;204;22514;2405;493;222
2022.02_01-07-2022;Республика Хакасия;45_75_days;SputnikLite;343;7;1;0;141;24;6;5;484;31;7;5;16191;826;95;18;6323;1579;398;204;22514;2405;493;222
2022.02_01-07-2022;Республика Хакасия;45_75_days;SputnikV;387;31;3;0;211;40;4;2;598;71;7;2;16191;826;95;18;6323;1579;398;204;22514;2405;493;222
2022.02_01-07-2022;Республика Хакасия;75_90_days;AllVaccines;484;19;2;0;275;46;8;4;759;65;10;4;16191;826;95;18;6323;1579;398;204;22514;2405;493;222
2022.02_01-07-2022;Республика Хакасия;75_90_days;CoviVac;15;0;0;0;9;1;0;0;24;1;0;0;16191;826;95;18;6323;1579;398;204;22514;2405;493;222
2022.02_01-07-2022;Республика Хакасия;75_90_days;EpiVacCorona;14;0;0;0;15;4;1;0;29;4;1;0;16191;826;95;18;6323;1579;398;204;22514;2405;493;222
2022.02_01-07-2022;Республика Хакасия;75_90_days;SputnikLite;251;10;1;0;138;17;2;2;389;27;3;2;16191;826;95;18;6323;1579;398;204;22514;2405;493;222
2022.02_01-07-2022;Республика Хакасия;75_90_days;SputnikV;204;9;1;0;113;24;5;2;317;33;6;2;16191;826;95;18;6323;1579;398;204;22514;2405;493;222
2022.02_01-07-2022;Республика Хакасия;90_105_days;AllVaccines;411;11;1;0;210;25;7;4;621;36;8;4;16191;826;95;18;6323;1579;398;204;22514;2405;493;222
2022.02_01-07-2022;Республика Хакасия;90_105_days;CoviVac;13;1;0;0;8;1;0;0;21;2;0;0;16191;826;95;18;6323;1579;398;204;22514;2405;493;222
2022.02_01-07-2022;Республика Хакасия;90_105_days;EpiVacCorona;3;0;0;0;4;1;1;1;7;1;1;1;16191;826;95;18;6323;1579;398;204;22514;2405;493;222
2022.02_01-07-2022;Республика Хакасия;90_105_days;SputnikLite;241;6;0;0;121;17;4;2;362;23;4;2;16191;826;95;18;6323;1579;398;204;22514;2405;493;222
2022.02_01-07-2022;Республика Хакасия;90_105_days;SputnikV;154;4;1;0;77;6;2;1;231;10;3;1;16191;826;95;18;6323;1579;398;204;22514;2405;493;222
2022.02_01-07-2022;Ростовская область;105_165_days;AllVaccines;7337;194;34;5;3119;435;113;25;10456;629;147;30;77207;2472;455;92;33969;6730;2017;948;111176;9202;2472;1040
2022.02_01-07-2022;Ростовская область;105_165_days;CoviVac;126;3;0;0;44;6;0;0;170;9;0;0;77207;2472;455;92;33969;6730;2017;948;111176;9202;2472;1040
2022.02_01-07-2022;Ростовская область;105_165_days;EpiVacCorona;129;3;1;0;78;23;10;1;207;26;11;1;77207;2472;455;92;33969;6730;2017;948;111176;9202;2472;1040
2022.02_01-07-2022;Ростовская область;105_165_days;SputnikLite;2437;63;7;1;1428;182;41;10;3865;245;48;11;77207;2472;455;92;33969;6730;2017;948;111176;9202;2472;1040
2022.02_01-07-2022;Ростовская область;105_165_days;SputnikV;4645;125;26;4;1569;224;62;14;6214;349;88;18;77207;2472;455;92;33969;6730;2017;948;111176;9202;2472;1040
2022.02_01-07-2022;Ростовская область;165_195_days;AllVaccines;14832;274;38;5;3026;308;63;14;17858;582;101;19;77207;2472;455;92;33969;6730;2017;948;111176;9202;2472;1040
2022.02_01-07-2022;Ростовская область;165_195_days;CoviVac;248;13;2;0;51;5;1;0;299;18;3;0;77207;2472;455;92;33969;6730;2017;948;111176;9202;2472;1040
2022.02_01-07-2022;Ростовская область;165_195_days;EpiVacCorona;225;7;1;0;82;10;2;1;307;17;3;1;77207;2472;455;92;33969;6730;2017;948;111176;9202;2472;1040
2022.02_01-07-2022;Ростовская область;165_195_days;SputnikLite;1813;39;5;0;387;38;9;0;2200;77;14;0;77207;2472;455;92;33969;6730;2017;948;111176;9202;2472;1040
2022.02_01-07-2022;Ростовская область;165_195_days;SputnikV;12546;215;30;5;2506;255;51;13;15052;470;81;18;77207;2472;455;92;33969;6730;2017;948;111176;9202;2472;1040
2022.02_01-07-2022;Ростовская область;21_45_days;AllVaccines;2247;60;8;1;998;163;46;12;3245;223;54;13;77207;2472;455;92;33969;6730;2017;948;111176;9202;2472;1040
2022.02_01-07-2022;Ростовская область;21_45_days;CoviVac;8;0;0;0;9;1;1;0;17;1;1;0;77207;2472;455;92;33969;6730;2017;948;111176;9202;2472;1040
2022.02_01-07-2022;Ростовская область;21_45_days;EpiVacCorona;8;0;0;0;11;2;0;0;19;2;0;0;77207;2472;455;92;33969;6730;2017;948;111176;9202;2472;1040
2022.02_01-07-2022;Ростовская область;21_45_days;SputnikLite;1473;30;3;0;542;68;16;3;2015;98;19;3;77207;2472;455;92;33969;6730;2017;948;111176;9202;2472;1040
2022.02_01-07-2022;Ростовская область;21_45_days;SputnikV;758;30;5;1;436;92;29;9;1194;122;34;10;77207;2472;455;92;33969;6730;2017;948;111176;9202;2472;1040
2022.02_01-07-2022;Ростовская область;45_75_days;AllVaccines;4259;140;21;4;2507;354;74;38;6766;494;95;42;77207;2472;455;92;33969;6730;2017;948;111176;9202;2472;1040
2022.02_01-07-2022;Ростовская область;45_75_days;CoviVac;51;0;0;0;25;5;3;2;76;5;3;2;77207;2472;455;92;33969;6730;2017;948;111176;9202;2472;1040
2022.02_01-07-2022;Ростовская область;45_75_days;EpiVacCorona;34;0;0;0;41;9;2;2;75;9;2;2;77207;2472;455;92;33969;6730;2017;948;111176;9202;2472;1040
2022.02_01-07-2022;Ростовская область;45_75_days;SputnikLite;1193;32;5;1;760;88;23;7;1953;120;28;8;77207;2472;455;92;33969;6730;2017;948;111176;9202;2472;1040
2022.02_01-07-2022;Ростовская область;45_75_days;SputnikV;2981;108;16;3;1681;252;46;27;4662;360;62;30;77207;2472;455;92;33969;6730;2017;948;111176;9202;2472;1040
2022.02_01-07-2022;Ростовская область;75_90_days;AllVaccines;2544;72;10;0;1333;181;47;11;3877;253;57;11;77207;2472;455;92;33969;6730;2017;948;111176;9202;2472;1040
2022.02_01-07-2022;Ростовская область;75_90_days;CoviVac;39;2;0;0;23;6;2;0;62;8;2;0;77207;2472;455;92;33969;6730;2017;948;111176;9202;2472;1040
2022.02_01-07-2022;Ростовская область;75_90_days;EpiVacCorona;37;1;0;0;15;3;1;1;52;4;1;1;77207;2472;455;92;33969;6730;2017;948;111176;9202;2472;1040
2022.02_01-07-2022;Ростовская область;75_90_days;SputnikLite;732;15;2;0;489;52;11;2;1221;67;13;2;77207;2472;455;92;33969;6730;2017;948;111176;9202;2472;1040
2022.02_01-07-2022;Ростовская область;75_90_days;SputnikV;1736;54;8;0;806;120;33;8;2542;174;41;8;77207;2472;455;92;33969;6730;2017;948;111176;9202;2472;1040
2022.02_01-07-2022;Ростовская область;90_105_days;AllVaccines;1673;40;8;1;823;111;21;7;2496;151;29;8;77207;2472;455;92;33969;6730;2017;948;111176;9202;2472;1040
2022.02_01-07-2022;Ростовская область;90_105_days;CoviVac;65;0;0;0;18;2;0;0;83;2;0;0;77207;2472;455;92;33969;6730;2017;948;111176;9202;2472;1040
2022.02_01-07-2022;Ростовская область;90_105_days;EpiVacCorona;39;1;0;0;14;3;2;1;53;4;2;1;77207;2472;455;92;33969;6730;2017;948;111176;9202;2472;1040
2022.02_01-07-2022;Ростовская область;90_105_days;SputnikLite;402;11;2;0;243;34;2;0;645;45;4;0;77207;2472;455;92;33969;6730;2017;948;111176;9202;2472;1040
2022.02_01-07-2022;Ростовская область;90_105_days;SputnikV;1167;28;6;1;548;72;17;6;1715;100;23;7;77207;2472;455;92;33969;6730;2017;948;111176;9202;2472;1040
2022.02_01-07-2022;Рязанская область;105_165_days;AllVaccines;2535;29;2;0;1044;72;8;8;3579;101;10;8;23670;441;43;22;10900;1291;287;292;34570;1732;330;314
2022.02_01-07-2022;Рязанская область;105_165_days;CoviVac;38;1;0;0;13;1;0;0;51;2;0;0;23670;441;43;22;10900;1291;287;292;34570;1732;330;314
2022.02_01-07-2022;Рязанская область;105_165_days;EpiVacCorona;54;1;0;0;28;5;1;1;82;6;1;1;23670;441;43;22;10900;1291;287;292;34570;1732;330;314
2022.02_01-07-2022;Рязанская область;105_165_days;SputnikLite;1198;10;1;0;653;31;3;4;1851;41;4;4;23670;441;43;22;10900;1291;287;292;34570;1732;330;314
2022.02_01-07-2022;Рязанская область;105_165_days;SputnikV;1245;17;1;0;350;35;4;3;1595;52;5;3;23670;441;43;22;10900;1291;287;292;34570;1732;330;314
2022.02_01-07-2022;Рязанская область;165_195_days;AllVaccines;2138;22;4;0;573;40;7;6;2711;62;11;6;23670;441;43;22;10900;1291;287;292;34570;1732;330;314
2022.02_01-07-2022;Рязанская область;165_195_days;CoviVac;23;0;0;0;2;0;0;0;25;0;0;0;23670;441;43;22;10900;1291;287;292;34570;1732;330;314
2022.02_01-07-2022;Рязанская область;165_195_days;EpiVacCorona;63;3;0;0;22;4;1;1;85;7;1;1;23670;441;43;22;10900;1291;287;292;34570;1732;330;314
2022.02_01-07-2022;Рязанская область;165_195_days;SputnikLite;302;3;0;0;137;10;4;3;439;13;4;3;23670;441;43;22;10900;1291;287;292;34570;1732;330;314
2022.02_01-07-2022;Рязанская область;165_195_days;SputnikV;1750;16;4;0;412;26;2;2;2162;42;6;2;23670;441;43;22;10900;1291;287;292;34570;1732;330;314
2022.02_01-07-2022;Рязанская область;21_45_days;AllVaccines;771;6;0;0;334;21;2;2;1105;27;2;2;23670;441;43;22;10900;1291;287;292;34570;1732;330;314
2022.02_01-07-2022;Рязанская область;21_45_days;CoviVac;20;0;0;0;0;0;0;0;20;0;0;0;23670;441;43;22;10900;1291;287;292;34570;1732;330;314
2022.02_01-07-2022;Рязанская область;21_45_days;EpiVacCorona;34;0;0;0;12;2;1;1;46;2;1;1;23670;441;43;22;10900;1291;287;292;34570;1732;330;314
2022.02_01-07-2022;Рязанская область;21_45_days;SputnikLite;500;3;0;0;239;14;1;1;739;17;1;1;23670;441;43;22;10900;1291;287;292;34570;1732;330;314
2022.02_01-07-2022;Рязанская область;21_45_days;SputnikV;217;3;0;0;83;5;0;0;300;8;0;0;23670;441;43;22;10900;1291;287;292;34570;1732;330;314
2022.02_01-07-2022;Рязанская область;45_75_days;AllVaccines;1787;19;2;2;978;66;16;9;2765;85;18;11;23670;441;43;22;10900;1291;287;292;34570;1732;330;314
2022.02_01-07-2022;Рязанская область;45_75_days;CoviVac;58;0;0;0;29;5;0;0;87;5;0;0;23670;441;43;22;10900;1291;287;292;34570;1732;330;314
2022.02_01-07-2022;Рязанская область;45_75_days;EpiVacCorona;54;1;0;0;52;9;4;2;106;10;4;2;23670;441;43;22;10900;1291;287;292;34570;1732;330;314
2022.02_01-07-2022;Рязанская область;45_75_days;SputnikLite;461;7;1;1;383;19;3;0;844;26;4;1;23670;441;43;22;10900;1291;287;292;34570;1732;330;314
2022.02_01-07-2022;Рязанская область;45_75_days;SputnikV;1214;11;1;1;514;33;9;7;1728;44;10;8;23670;441;43;22;10900;1291;287;292;34570;1732;330;314
2022.02_01-07-2022;Рязанская область;75_90_days;AllVaccines;1553;21;2;1;604;37;2;2;2157;58;4;3;23670;441;43;22;10900;1291;287;292;34570;1732;330;314
2022.02_01-07-2022;Рязанская область;75_90_days;CoviVac;42;1;0;0;17;0;0;0;59;1;0;0;23670;441;43;22;10900;1291;287;292;34570;1732;330;314
2022.02_01-07-2022;Рязанская область;75_90_days;EpiVacCorona;79;3;0;0;34;7;0;0;113;10;0;0;23670;441;43;22;10900;1291;287;292;34570;1732;330;314
2022.02_01-07-2022;Рязанская область;75_90_days;SputnikLite;191;3;0;0;191;8;0;0;382;11;0;0;23670;441;43;22;10900;1291;287;292;34570;1732;330;314
2022.02_01-07-2022;Рязанская область;75_90_days;SputnikV;1241;14;2;1;362;22;2;2;1603;36;4;3;23670;441;43;22;10900;1291;287;292;34570;1732;330;314
2022.02_01-07-2022;Рязанская область;90_105_days;AllVaccines;1696;25;2;1;407;18;2;2;2103;43;4;3;23670;441;43;22;10900;1291;287;292;34570;1732;330;314
2022.02_01-07-2022;Рязанская область;90_105_days;CoviVac;47;1;0;0;8;0;0;0;55;1;0;0;23670;441;43;22;10900;1291;287;292;34570;1732;330;314
2022.02_01-07-2022;Рязанская область;90_105_days;EpiVacCorona;139;4;0;0;27;5;0;0;166;9;0;0;23670;441;43;22;10900;1291;287;292;34570;1732;330;314
2022.02_01-07-2022;Рязанская область;90_105_days;SputnikLite;69;1;0;0;61;2;0;0;130;3;0;0;23670;441;43;22;10900;1291;287;292;34570;1732;330;314
2022.02_01-07-2022;Рязанская область;90_105_days;SputnikV;1441;19;2;1;311;11;2;2;1752;30;4;3;23670;441;43;22;10900;1291;287;292;34570;1732;330;314
2022.02_01-07-2022;Самарская область;105_165_days;AllVaccines;8883;233;16;4;3742;445;53;37;12625;678;69;41;88414;2775;203;102;36336;6413;1310;980;124750;9188;1513;1082
2022.02_01-07-2022;Самарская область;105_165_days;CoviVac;230;6;0;0;47;6;0;0;277;12;0;0;88414;2775;203;102;36336;6413;1310;980;124750;9188;1513;1082
2022.02_01-07-2022;Самарская область;105_165_days;EpiVacCorona;102;7;1;0;81;15;0;0;183;22;1;0;88414;2775;203;102;36336;6413;1310;980;124750;9188;1513;1082
2022.02_01-07-2022;Самарская область;105_165_days;SputnikLite;4564;120;7;2;2305;266;29;20;6869;386;36;22;88414;2775;203;102;36336;6413;1310;980;124750;9188;1513;1082
2022.02_01-07-2022;Самарская область;105_165_days;SputnikV;3987;100;8;2;1309;158;24;17;5296;258;32;19;88414;2775;203;102;36336;6413;1310;980;124750;9188;1513;1082
2022.02_01-07-2022;Самарская область;165_195_days;AllVaccines;14815;280;16;3;2434;216;25;15;17249;496;41;18;88414;2775;203;102;36336;6413;1310;980;124750;9188;1513;1082
2022.02_01-07-2022;Самарская область;165_195_days;CoviVac;273;8;0;0;58;2;0;0;331;10;0;0;88414;2775;203;102;36336;6413;1310;980;124750;9188;1513;1082
2022.02_01-07-2022;Самарская область;165_195_days;EpiVacCorona;458;16;0;0;108;15;5;3;566;31;5;3;88414;2775;203;102;36336;6413;1310;980;124750;9188;1513;1082
2022.02_01-07-2022;Самарская область;165_195_days;SputnikLite;3479;73;4;1;635;76;5;3;4114;149;9;4;88414;2775;203;102;36336;6413;1310;980;124750;9188;1513;1082
2022.02_01-07-2022;Самарская область;165_195_days;SputnikV;10605;183;12;2;1633;123;15;9;12238;306;27;11;88414;2775;203;102;36336;6413;1310;980;124750;9188;1513;1082
2022.02_01-07-2022;Самарская область;21_45_days;AllVaccines;2276;54;4;2;1117;127;17;11;3393;181;21;13;88414;2775;203;102;36336;6413;1310;980;124750;9188;1513;1082
2022.02_01-07-2022;Самарская область;21_45_days;CoviVac;15;0;0;0;7;1;0;0;22;1;0;0;88414;2775;203;102;36336;6413;1310;980;124750;9188;1513;1082
2022.02_01-07-2022;Самарская область;21_45_days;EpiVacCorona;27;1;0;0;38;6;1;1;65;7;1;1;88414;2775;203;102;36336;6413;1310;980;124750;9188;1513;1082
2022.02_01-07-2022;Самарская область;21_45_days;SputnikLite;1631;35;3;2;779;77;6;4;2410;112;9;6;88414;2775;203;102;36336;6413;1310;980;124750;9188;1513;1082
2022.02_01-07-2022;Самарская область;21_45_days;SputnikV;603;18;1;0;293;43;10;6;896;61;11;6;88414;2775;203;102;36336;6413;1310;980;124750;9188;1513;1082
2022.02_01-07-2022;Самарская область;45_75_days;AllVaccines;5697;155;8;5;3055;401;53;40;8752;556;61;45;88414;2775;203;102;36336;6413;1310;980;124750;9188;1513;1082
2022.02_01-07-2022;Самарская область;45_75_days;CoviVac;90;3;0;0;26;5;1;0;116;8;1;0;88414;2775;203;102;36336;6413;1310;980;124750;9188;1513;1082
2022.02_01-07-2022;Самарская область;45_75_days;EpiVacCorona;166;4;0;0;107;21;5;1;273;25;5;1;88414;2775;203;102;36336;6413;1310;980;124750;9188;1513;1082
2022.02_01-07-2022;Самарская область;45_75_days;SputnikLite;1471;31;0;0;1071;147;20;18;2542;178;20;18;88414;2775;203;102;36336;6413;1310;980;124750;9188;1513;1082
2022.02_01-07-2022;Самарская область;45_75_days;SputnikV;3970;117;8;5;1851;228;27;21;5821;345;35;26;88414;2775;203;102;36336;6413;1310;980;124750;9188;1513;1082
2022.02_01-07-2022;Самарская область;75_90_days;AllVaccines;4963;140;10;3;2507;257;28;14;7470;397;38;17;88414;2775;203;102;36336;6413;1310;980;124750;9188;1513;1082
2022.02_01-07-2022;Самарская область;75_90_days;CoviVac;43;0;0;0;12;0;0;0;55;0;0;0;88414;2775;203;102;36336;6413;1310;980;124750;9188;1513;1082
2022.02_01-07-2022;Самарская область;75_90_days;EpiVacCorona;76;1;0;0;50;6;2;2;126;7;2;2;88414;2775;203;102;36336;6413;1310;980;124750;9188;1513;1082
2022.02_01-07-2022;Самарская область;75_90_days;SputnikLite;1025;29;0;0;775;71;5;1;1800;100;5;1;88414;2775;203;102;36336;6413;1310;980;124750;9188;1513;1082
2022.02_01-07-2022;Самарская область;75_90_days;SputnikV;3819;110;10;3;1670;180;21;11;5489;290;31;14;88414;2775;203;102;36336;6413;1310;980;124750;9188;1513;1082
2022.02_01-07-2022;Самарская область;90_105_days;AllVaccines;2682;72;3;2;1506;200;26;19;4188;272;29;21;88414;2775;203;102;36336;6413;1310;980;124750;9188;1513;1082
2022.02_01-07-2022;Самарская область;90_105_days;CoviVac;29;0;0;0;14;1;0;0;43;1;0;0;88414;2775;203;102;36336;6413;1310;980;124750;9188;1513;1082
2022.02_01-07-2022;Самарская область;90_105_days;EpiVacCorona;63;1;0;0;67;17;1;1;130;18;1;1;88414;2775;203;102;36336;6413;1310;980;124750;9188;1513;1082
2022.02_01-07-2022;Самарская область;90_105_days;SputnikLite;374;10;0;0;248;19;4;3;622;29;4;3;88414;2775;203;102;36336;6413;1310;980;124750;9188;1513;1082
2022.02_01-07-2022;Самарская область;90_105_days;SputnikV;2216;61;3;2;1177;163;21;15;3393;224;24;17;88414;2775;203;102;36336;6413;1310;980;124750;9188;1513;1082
2022.02_01-07-2022;Саратовская область;105_165_days;AllVaccines;5088;119;8;2;1931;240;36;17;7019;359;44;19;51450;2284;265;70;20192;3631;997;584;71642;5915;1262;654
2022.02_01-07-2022;Саратовская область;105_165_days;CoviVac;148;8;0;0;41;6;0;0;189;14;0;0;51450;2284;265;70;20192;3631;997;584;71642;5915;1262;654
2022.02_01-07-2022;Саратовская область;105_165_days;EpiVacCorona;101;3;0;0;62;7;3;0;163;10;3;0;51450;2284;265;70;20192;3631;997;584;71642;5915;1262;654
2022.02_01-07-2022;Саратовская область;105_165_days;SputnikLite;2629;55;5;0;1074;130;17;9;3703;185;22;9;51450;2284;265;70;20192;3631;997;584;71642;5915;1262;654
2022.02_01-07-2022;Саратовская область;105_165_days;SputnikV;2210;53;3;2;754;97;16;8;2964;150;19;10;51450;2284;265;70;20192;3631;997;584;71642;5915;1262;654
2022.02_01-07-2022;Саратовская область;165_195_days;AllVaccines;5137;136;23;4;1057;112;21;10;6194;248;44;14;51450;2284;265;70;20192;3631;997;584;71642;5915;1262;654
2022.02_01-07-2022;Саратовская область;165_195_days;CoviVac;90;2;1;0;7;0;0;0;97;2;1;0;51450;2284;265;70;20192;3631;997;584;71642;5915;1262;654
2022.02_01-07-2022;Саратовская область;165_195_days;EpiVacCorona;115;10;1;0;53;16;5;1;168;26;6;1;51450;2284;265;70;20192;3631;997;584;71642;5915;1262;654
2022.02_01-07-2022;Саратовская область;165_195_days;SputnikLite;1084;19;3;0;262;18;4;3;1346;37;7;3;51450;2284;265;70;20192;3631;997;584;71642;5915;1262;654
2022.02_01-07-2022;Саратовская область;165_195_days;SputnikV;3848;105;18;4;735;78;12;6;4583;183;30;10;51450;2284;265;70;20192;3631;997;584;71642;5915;1262;654
2022.02_01-07-2022;Саратовская область;21_45_days;AllVaccines;1627;37;4;0;541;61;17;2;2168;98;21;2;51450;2284;265;70;20192;3631;997;584;71642;5915;1262;654
2022.02_01-07-2022;Саратовская область;21_45_days;CoviVac;18;0;0;0;5;0;0;0;23;0;0;0;51450;2284;265;70;20192;3631;997;584;71642;5915;1262;654
2022.02_01-07-2022;Саратовская область;21_45_days;EpiVacCorona;46;0;0;0;21;3;2;0;67;3;2;0;51450;2284;265;70;20192;3631;997;584;71642;5915;1262;654
2022.02_01-07-2022;Саратовская область;21_45_days;SputnikLite;1247;24;4;0;376;32;6;0;1623;56;10;0;51450;2284;265;70;20192;3631;997;584;71642;5915;1262;654
2022.02_01-07-2022;Саратовская область;21_45_days;SputnikV;316;13;0;0;139;26;9;2;455;39;9;2;51450;2284;265;70;20192;3631;997;584;71642;5915;1262;654
2022.02_01-07-2022;Саратовская область;45_75_days;AllVaccines;3950;127;15;3;1507;222;40;13;5457;349;55;16;51450;2284;265;70;20192;3631;997;584;71642;5915;1262;654
2022.02_01-07-2022;Саратовская область;45_75_days;CoviVac;54;2;0;0;24;2;0;0;78;4;0;0;51450;2284;265;70;20192;3631;997;584;71642;5915;1262;654
2022.02_01-07-2022;Саратовская область;45_75_days;EpiVacCorona;246;14;3;0;99;21;2;1;345;35;5;1;51450;2284;265;70;20192;3631;997;584;71642;5915;1262;654
2022.02_01-07-2022;Саратовская область;45_75_days;SputnikLite;964;28;0;1;477;69;12;3;1441;97;12;4;51450;2284;265;70;20192;3631;997;584;71642;5915;1262;654
2022.02_01-07-2022;Саратовская область;45_75_days;SputnikV;2686;83;12;2;907;130;26;9;3593;213;38;11;51450;2284;265;70;20192;3631;997;584;71642;5915;1262;654
2022.02_01-07-2022;Саратовская область;75_90_days;AllVaccines;3027;109;11;1;1166;123;27;8;4193;232;38;9;51450;2284;265;70;20192;3631;997;584;71642;5915;1262;654
2022.02_01-07-2022;Саратовская область;75_90_days;CoviVac;24;1;0;0;3;0;0;0;27;1;0;0;51450;2284;265;70;20192;3631;997;584;71642;5915;1262;654
2022.02_01-07-2022;Саратовская область;75_90_days;EpiVacCorona;149;4;0;0;60;8;0;0;209;12;0;0;51450;2284;265;70;20192;3631;997;584;71642;5915;1262;654
2022.02_01-07-2022;Саратовская область;75_90_days;SputnikLite;875;28;4;1;439;42;6;2;1314;70;10;3;51450;2284;265;70;20192;3631;997;584;71642;5915;1262;654
2022.02_01-07-2022;Саратовская область;75_90_days;SputnikV;1979;76;7;0;664;73;21;6;2643;149;28;6;51450;2284;265;70;20192;3631;997;584;71642;5915;1262;654
2022.02_01-07-2022;Саратовская область;90_105_days;AllVaccines;2268;67;4;2;692;79;18;9;2960;146;22;11;51450;2284;265;70;20192;3631;997;584;71642;5915;1262;654
2022.02_01-07-2022;Саратовская область;90_105_days;CoviVac;68;2;0;0;5;0;0;0;73;2;0;0;51450;2284;265;70;20192;3631;997;584;71642;5915;1262;654
2022.02_01-07-2022;Саратовская область;90_105_days;EpiVacCorona;112;3;0;0;50;10;4;3;162;13;4;3;51450;2284;265;70;20192;3631;997;584;71642;5915;1262;654
2022.02_01-07-2022;Саратовская область;90_105_days;SputnikLite;342;8;1;1;103;4;0;0;445;12;1;1;51450;2284;265;70;20192;3631;997;584;71642;5915;1262;654
2022.02_01-07-2022;Саратовская область;90_105_days;SputnikV;1746;54;3;1;534;65;14;6;2280;119;17;7;51450;2284;265;70;20192;3631;997;584;71642;5915;1262;654
2022.02_01-07-2022;Сахалинская область;105_165_days;AllVaccines;517;22;0;0;288;51;2;1;805;73;2;1;9831;480;25;13;3878;1134;178;152;13709;1614;203;165
2022.02_01-07-2022;Сахалинская область;105_165_days;CoviVac;2;0;0;0;0;0;0;0;2;0;0;0;9831;480;25;13;3878;1134;178;152;13709;1614;203;165
2022.02_01-07-2022;Сахалинская область;105_165_days;EpiVacCorona;8;0;0;0;5;1;0;0;13;1;0;0;9831;480;25;13;3878;1134;178;152;13709;1614;203;165
2022.02_01-07-2022;Сахалинская область;105_165_days;SputnikLite;182;10;0;0;190;30;1;0;372;40;1;0;9831;480;25;13;3878;1134;178;152;13709;1614;203;165
2022.02_01-07-2022;Сахалинская область;105_165_days;SputnikV;325;12;0;0;93;20;1;1;418;32;1;1;9831;480;25;13;3878;1134;178;152;13709;1614;203;165
2022.02_01-07-2022;Сахалинская область;165_195_days;AllVaccines;831;24;1;0;131;26;3;1;962;50;4;1;9831;480;25;13;3878;1134;178;152;13709;1614;203;165
2022.02_01-07-2022;Сахалинская область;165_195_days;CoviVac;6;1;0;0;1;0;0;0;7;1;0;0;9831;480;25;13;3878;1134;178;152;13709;1614;203;165
2022.02_01-07-2022;Сахалинская область;165_195_days;EpiVacCorona;0;0;0;0;1;1;1;0;1;1;1;0;9831;480;25;13;3878;1134;178;152;13709;1614;203;165
2022.02_01-07-2022;Сахалинская область;165_195_days;SputnikLite;87;2;0;0;22;4;0;0;109;6;0;0;9831;480;25;13;3878;1134;178;152;13709;1614;203;165
2022.02_01-07-2022;Сахалинская область;165_195_days;SputnikV;738;21;1;0;107;21;2;1;845;42;3;1;9831;480;25;13;3878;1134;178;152;13709;1614;203;165
2022.02_01-07-2022;Сахалинская область;21_45_days;AllVaccines;370;13;1;1;128;22;2;2;498;35;3;3;9831;480;25;13;3878;1134;178;152;13709;1614;203;165
2022.02_01-07-2022;Сахалинская область;21_45_days;CoviVac;7;0;0;0;3;0;0;0;10;0;0;0;9831;480;25;13;3878;1134;178;152;13709;1614;203;165
2022.02_01-07-2022;Сахалинская область;21_45_days;EpiVacCorona;12;1;0;0;3;1;0;1;15;2;0;1;9831;480;25;13;3878;1134;178;152;13709;1614;203;165
2022.02_01-07-2022;Сахалинская область;21_45_days;SputnikLite;288;9;1;1;108;19;2;1;396;28;3;2;9831;480;25;13;3878;1134;178;152;13709;1614;203;165
2022.02_01-07-2022;Сахалинская область;21_45_days;SputnikV;63;3;0;0;14;2;0;0;77;5;0;0;9831;480;25;13;3878;1134;178;152;13709;1614;203;165
2022.02_01-07-2022;Сахалинская область;45_75_days;AllVaccines;530;18;1;0;185;34;2;2;715;52;3;2;9831;480;25;13;3878;1134;178;152;13709;1614;203;165
2022.02_01-07-2022;Сахалинская область;45_75_days;CoviVac;23;0;0;0;3;0;0;0;26;0;0;0;9831;480;25;13;3878;1134;178;152;13709;1614;203;165
2022.02_01-07-2022;Сахалинская область;45_75_days;EpiVacCorona;65;2;0;0;19;7;0;0;84;9;0;0;9831;480;25;13;3878;1134;178;152;13709;1614;203;165
2022.02_01-07-2022;Сахалинская область;45_75_days;SputnikLite;188;3;0;0;107;19;1;1;295;22;1;1;9831;480;25;13;3878;1134;178;152;13709;1614;203;165
2022.02_01-07-2022;Сахалинская область;45_75_days;SputnikV;254;13;1;0;56;8;1;1;310;21;2;1;9831;480;25;13;3878;1134;178;152;13709;1614;203;165
2022.02_01-07-2022;Сахалинская область;75_90_days;AllVaccines;338;14;0;0;168;30;4;3;506;44;4;3;9831;480;25;13;3878;1134;178;152;13709;1614;203;165
2022.02_01-07-2022;Сахалинская область;75_90_days;CoviVac;6;0;0;0;0;0;0;0;6;0;0;0;9831;480;25;13;3878;1134;178;152;13709;1614;203;165
2022.02_01-07-2022;Сахалинская область;75_90_days;EpiVacCorona;53;4;0;0;29;8;0;1;82;12;0;1;9831;480;25;13;3878;1134;178;152;13709;1614;203;165
2022.02_01-07-2022;Сахалинская область;75_90_days;SputnikLite;141;3;0;0;109;16;4;2;250;19;4;2;9831;480;25;13;3878;1134;178;152;13709;1614;203;165
2022.02_01-07-2022;Сахалинская область;75_90_days;SputnikV;138;7;0;0;30;6;0;0;168;13;0;0;9831;480;25;13;3878;1134;178;152;13709;1614;203;165
2022.02_01-07-2022;Сахалинская область;90_105_days;AllVaccines;230;7;1;0;143;23;0;1;373;30;1;1;9831;480;25;13;3878;1134;178;152;13709;1614;203;165
2022.02_01-07-2022;Сахалинская область;90_105_days;EpiVacCorona;14;0;0;0;4;0;0;0;18;0;0;0;9831;480;25;13;3878;1134;178;152;13709;1614;203;165
2022.02_01-07-2022;Сахалинская область;90_105_days;SputnikLite;118;2;0;0;114;14;0;0;232;16;0;0;9831;480;25;13;3878;1134;178;152;13709;1614;203;165
2022.02_01-07-2022;Сахалинская область;90_105_days;SputnikV;98;5;1;0;25;9;0;1;123;14;1;1;9831;480;25;13;3878;1134;178;152;13709;1614;203;165
2022.02_01-07-2022;Свердловская область;105_165_days;AllVaccines;16464;357;15;6;5915;525;35;39;22379;882;50;45;149159;4968;233;157;56422;8802;1083;1277;205581;13770;1316;1434
2022.02_01-07-2022;Свердловская область;105_165_days;CoviVac;345;10;0;0;91;11;1;1;436;21;1;1;149159;4968;233;157;56422;8802;1083;1277;205581;13770;1316;1434
2022.02_01-07-2022;Свердловская область;105_165_days;EpiVacCorona;210;6;0;0;89;10;3;2;299;16;3;2;149159;4968;233;157;56422;8802;1083;1277;205581;13770;1316;1434
2022.02_01-07-2022;Свердловская область;105_165_days;SputnikLite;9955;213;9;4;3307;262;17;18;13262;475;26;22;149159;4968;233;157;56422;8802;1083;1277;205581;13770;1316;1434
2022.02_01-07-2022;Свердловская область;105_165_days;SputnikV;5954;128;6;2;2428;242;14;18;8382;370;20;20;149159;4968;233;157;56422;8802;1083;1277;205581;13770;1316;1434
2022.02_01-07-2022;Свердловская область;165_195_days;AllVaccines;16731;292;11;3;3388;271;13;17;20119;563;24;20;149159;4968;233;157;56422;8802;1083;1277;205581;13770;1316;1434
2022.02_01-07-2022;Свердловская область;165_195_days;CoviVac;119;4;0;0;23;2;0;0;142;6;0;0;149159;4968;233;157;56422;8802;1083;1277;205581;13770;1316;1434
2022.02_01-07-2022;Свердловская область;165_195_days;EpiVacCorona;667;10;0;1;234;25;0;2;901;35;0;3;149159;4968;233;157;56422;8802;1083;1277;205581;13770;1316;1434
2022.02_01-07-2022;Свердловская область;165_195_days;SputnikLite;6561;110;3;0;844;54;2;2;7405;164;5;2;149159;4968;233;157;56422;8802;1083;1277;205581;13770;1316;1434
2022.02_01-07-2022;Свердловская область;165_195_days;SputnikV;9384;168;8;2;2287;190;11;13;11671;358;19;15;149159;4968;233;157;56422;8802;1083;1277;205581;13770;1316;1434
2022.02_01-07-2022;Свердловская область;21_45_days;AllVaccines;4059;82;1;1;1931;202;13;15;5990;284;14;16;149159;4968;233;157;56422;8802;1083;1277;205581;13770;1316;1434
2022.02_01-07-2022;Свердловская область;21_45_days;CoviVac;12;0;0;0;2;0;0;0;14;0;0;0;149159;4968;233;157;56422;8802;1083;1277;205581;13770;1316;1434
2022.02_01-07-2022;Свердловская область;21_45_days;EpiVacCorona;136;1;0;0;103;23;3;3;239;24;3;3;149159;4968;233;157;56422;8802;1083;1277;205581;13770;1316;1434
2022.02_01-07-2022;Свердловская область;21_45_days;SputnikLite;2729;48;0;1;1193;91;4;3;3922;139;4;4;149159;4968;233;157;56422;8802;1083;1277;205581;13770;1316;1434
2022.02_01-07-2022;Свердловская область;21_45_days;SputnikV;1182;33;1;0;633;88;6;9;1815;121;7;9;149159;4968;233;157;56422;8802;1083;1277;205581;13770;1316;1434
2022.02_01-07-2022;Свердловская область;45_75_days;AllVaccines;12264;327;16;7;5521;528;34;30;17785;855;50;37;149159;4968;233;157;56422;8802;1083;1277;205581;13770;1316;1434
2022.02_01-07-2022;Свердловская область;45_75_days;CoviVac;68;4;1;1;19;4;0;0;87;8;1;1;149159;4968;233;157;56422;8802;1083;1277;205581;13770;1316;1434
2022.02_01-07-2022;Свердловская область;45_75_days;EpiVacCorona;323;5;0;0;184;31;2;3;507;36;2;3;149159;4968;233;157;56422;8802;1083;1277;205581;13770;1316;1434
2022.02_01-07-2022;Свердловская область;45_75_days;SputnikLite;3342;68;0;0;1958;166;14;12;5300;234;14;12;149159;4968;233;157;56422;8802;1083;1277;205581;13770;1316;1434
2022.02_01-07-2022;Свердловская область;45_75_days;SputnikV;8531;250;15;6;3360;327;18;15;11891;577;33;21;149159;4968;233;157;56422;8802;1083;1277;205581;13770;1316;1434
2022.02_01-07-2022;Свердловская область;75_90_days;AllVaccines;11551;287;9;4;4275;388;17;21;15826;675;26;25;149159;4968;233;157;56422;8802;1083;1277;205581;13770;1316;1434
2022.02_01-07-2022;Свердловская область;75_90_days;CoviVac;104;4;0;0;15;2;0;0;119;6;0;0;149159;4968;233;157;56422;8802;1083;1277;205581;13770;1316;1434
2022.02_01-07-2022;Свердловская область;75_90_days;EpiVacCorona;386;11;1;0;128;19;1;1;514;30;2;1;149159;4968;233;157;56422;8802;1083;1277;205581;13770;1316;1434
2022.02_01-07-2022;Свердловская область;75_90_days;SputnikLite;2736;52;1;1;1476;118;5;8;4212;170;6;9;149159;4968;233;157;56422;8802;1083;1277;205581;13770;1316;1434
2022.02_01-07-2022;Свердловская область;75_90_days;SputnikV;8325;220;7;3;2656;249;11;12;10981;469;18;15;149159;4968;233;157;56422;8802;1083;1277;205581;13770;1316;1434
2022.02_01-07-2022;Свердловская область;90_105_days;AllVaccines;5286;108;4;2;1738;175;10;10;7024;283;14;12;149159;4968;233;157;56422;8802;1083;1277;205581;13770;1316;1434
2022.02_01-07-2022;Свердловская область;90_105_days;CoviVac;210;4;0;0;47;4;0;0;257;8;0;0;149159;4968;233;157;56422;8802;1083;1277;205581;13770;1316;1434
2022.02_01-07-2022;Свердловская область;90_105_days;EpiVacCorona;278;3;0;0;101;8;0;0;379;11;0;0;149159;4968;233;157;56422;8802;1083;1277;205581;13770;1316;1434
2022.02_01-07-2022;Свердловская область;90_105_days;SputnikLite;718;19;1;0;306;33;2;1;1024;52;3;1;149159;4968;233;157;56422;8802;1083;1277;205581;13770;1316;1434
2022.02_01-07-2022;Свердловская область;90_105_days;SputnikV;4080;82;3;2;1284;130;8;9;5364;212;11;11;149159;4968;233;157;56422;8802;1083;1277;205581;13770;1316;1434
2022.02_01-07-2022;Смоленская область;105_165_days;AllVaccines;2113;61;3;3;918;81;2;3;3031;142;5;6;22513;789;59;27;9160;1475;248;213;31673;2264;307;240
2022.02_01-07-2022;Смоленская область;105_165_days;CoviVac;15;0;0;0;3;1;0;0;18;1;0;0;22513;789;59;27;9160;1475;248;213;31673;2264;307;240
2022.02_01-07-2022;Смоленская область;105_165_days;EpiVacCorona;23;0;0;0;16;2;0;0;39;2;0;0;22513;789;59;27;9160;1475;248;213;31673;2264;307;240
2022.02_01-07-2022;Смоленская область;105_165_days;SputnikLite;1043;30;3;3;552;47;0;1;1595;77;3;4;22513;789;59;27;9160;1475;248;213;31673;2264;307;240
2022.02_01-07-2022;Смоленская область;105_165_days;SputnikV;1032;31;0;0;347;31;2;2;1379;62;2;2;22513;789;59;27;9160;1475;248;213;31673;2264;307;240
2022.02_01-07-2022;Смоленская область;165_195_days;AllVaccines;3374;70;1;1;722;44;3;2;4096;114;4;3;22513;789;59;27;9160;1475;248;213;31673;2264;307;240
2022.02_01-07-2022;Смоленская область;165_195_days;CoviVac;45;1;0;0;6;0;0;0;51;1;0;0;22513;789;59;27;9160;1475;248;213;31673;2264;307;240
2022.02_01-07-2022;Смоленская область;165_195_days;EpiVacCorona;56;2;1;1;19;1;0;0;75;3;1;1;22513;789;59;27;9160;1475;248;213;31673;2264;307;240
2022.02_01-07-2022;Смоленская область;165_195_days;SputnikLite;503;7;0;0;126;9;1;2;629;16;1;2;22513;789;59;27;9160;1475;248;213;31673;2264;307;240
2022.02_01-07-2022;Смоленская область;165_195_days;SputnikV;2770;60;0;0;571;34;2;0;3341;94;2;0;22513;789;59;27;9160;1475;248;213;31673;2264;307;240
2022.02_01-07-2022;Смоленская область;21_45_days;AllVaccines;517;22;1;1;250;18;5;5;767;40;6;6;22513;789;59;27;9160;1475;248;213;31673;2264;307;240
2022.02_01-07-2022;Смоленская область;21_45_days;CoviVac;7;1;0;0;2;0;0;0;9;1;0;0;22513;789;59;27;9160;1475;248;213;31673;2264;307;240
2022.02_01-07-2022;Смоленская область;21_45_days;EpiVacCorona;20;2;1;1;9;0;0;0;29;2;1;1;22513;789;59;27;9160;1475;248;213;31673;2264;307;240
2022.02_01-07-2022;Смоленская область;21_45_days;SputnikLite;348;13;0;0;179;11;3;3;527;24;3;3;22513;789;59;27;9160;1475;248;213;31673;2264;307;240
2022.02_01-07-2022;Смоленская область;21_45_days;SputnikV;142;6;0;0;60;7;2;2;202;13;2;2;22513;789;59;27;9160;1475;248;213;31673;2264;307;240
2022.02_01-07-2022;Смоленская область;45_75_days;AllVaccines;1076;18;1;1;588;71;11;10;1664;89;12;11;22513;789;59;27;9160;1475;248;213;31673;2264;307;240
2022.02_01-07-2022;Смоленская область;45_75_days;CoviVac;22;0;0;0;5;0;0;0;27;0;0;0;22513;789;59;27;9160;1475;248;213;31673;2264;307;240
2022.02_01-07-2022;Смоленская область;45_75_days;EpiVacCorona;65;0;0;0;29;4;3;4;94;4;3;4;22513;789;59;27;9160;1475;248;213;31673;2264;307;240
2022.02_01-07-2022;Смоленская область;45_75_days;SputnikLite;366;10;1;1;246;28;5;3;612;38;6;4;22513;789;59;27;9160;1475;248;213;31673;2264;307;240
2022.02_01-07-2022;Смоленская область;45_75_days;SputnikV;623;8;0;0;308;39;3;3;931;47;3;3;22513;789;59;27;9160;1475;248;213;31673;2264;307;240
2022.02_01-07-2022;Смоленская область;75_90_days;AllVaccines;655;18;1;0;354;29;2;2;1009;47;3;2;22513;789;59;27;9160;1475;248;213;31673;2264;307;240
2022.02_01-07-2022;Смоленская область;75_90_days;CoviVac;9;0;0;0;0;0;0;0;9;0;0;0;22513;789;59;27;9160;1475;248;213;31673;2264;307;240
2022.02_01-07-2022;Смоленская область;75_90_days;EpiVacCorona;7;0;0;0;7;1;1;1;14;1;1;1;22513;789;59;27;9160;1475;248;213;31673;2264;307;240
2022.02_01-07-2022;Смоленская область;75_90_days;SputnikLite;265;3;0;0;166;13;1;1;431;16;1;1;22513;789;59;27;9160;1475;248;213;31673;2264;307;240
2022.02_01-07-2022;Смоленская область;75_90_days;SputnikV;374;15;1;0;181;15;0;0;555;30;1;0;22513;789;59;27;9160;1475;248;213;31673;2264;307;240
2022.02_01-07-2022;Смоленская область;90_105_days;AllVaccines;717;21;0;0;319;32;2;2;1036;53;2;2;22513;789;59;27;9160;1475;248;213;31673;2264;307;240
2022.02_01-07-2022;Смоленская область;90_105_days;CoviVac;3;0;0;0;1;0;0;0;4;0;0;0;22513;789;59;27;9160;1475;248;213;31673;2264;307;240
2022.02_01-07-2022;Смоленская область;90_105_days;EpiVacCorona;5;0;0;0;2;0;0;0;7;0;0;0;22513;789;59;27;9160;1475;248;213;31673;2264;307;240
2022.02_01-07-2022;Смоленская область;90_105_days;SputnikLite;260;10;0;0;185;12;1;0;445;22;1;0;22513;789;59;27;9160;1475;248;213;31673;2264;307;240
2022.02_01-07-2022;Смоленская область;90_105_days;SputnikV;449;11;0;0;131;20;1;2;580;31;1;2;22513;789;59;27;9160;1475;248;213;31673;2264;307;240
2022.02_01-07-2022;Ставропольский край;105_165_days;AllVaccines;3011;90;5;3;1593;204;22;15;4604;294;27;18;34372;1507;88;43;17630;3827;697;518;52002;5334;785;561
2022.02_01-07-2022;Ставропольский край;105_165_days;CoviVac;47;1;1;1;19;1;0;0;66;2;1;1;34372;1507;88;43;17630;3827;697;518;52002;5334;785;561
2022.02_01-07-2022;Ставропольский край;105_165_days;EpiVacCorona;26;1;1;1;23;6;1;0;49;7;2;1;34372;1507;88;43;17630;3827;697;518;52002;5334;785;561
2022.02_01-07-2022;Ставропольский край;105_165_days;SputnikLite;1633;45;2;1;998;104;11;6;2631;149;13;7;34372;1507;88;43;17630;3827;697;518;52002;5334;785;561
2022.02_01-07-2022;Ставропольский край;105_165_days;SputnikV;1305;43;1;0;553;93;10;9;1858;136;11;9;34372;1507;88;43;17630;3827;697;518;52002;5334;785;561
2022.02_01-07-2022;Ставропольский край;165_195_days;AllVaccines;4248;102;5;1;961;119;8;7;5209;221;13;8;34372;1507;88;43;17630;3827;697;518;52002;5334;785;561
2022.02_01-07-2022;Ставропольский край;165_195_days;CoviVac;85;1;0;0;19;5;0;0;104;6;0;0;34372;1507;88;43;17630;3827;697;518;52002;5334;785;561
2022.02_01-07-2022;Ставропольский край;165_195_days;EpiVacCorona;84;3;0;0;36;5;1;0;120;8;1;0;34372;1507;88;43;17630;3827;697;518;52002;5334;785;561
2022.02_01-07-2022;Ставропольский край;165_195_days;SputnikLite;865;18;0;0;228;20;1;1;1093;38;1;1;34372;1507;88;43;17630;3827;697;518;52002;5334;785;561
2022.02_01-07-2022;Ставропольский край;165_195_days;SputnikV;3214;80;5;1;678;89;6;6;3892;169;11;7;34372;1507;88;43;17630;3827;697;518;52002;5334;785;561
2022.02_01-07-2022;Ставропольский край;21_45_days;AllVaccines;990;35;0;2;487;85;14;12;1477;120;14;14;34372;1507;88;43;17630;3827;697;518;52002;5334;785;561
2022.02_01-07-2022;Ставропольский край;21_45_days;CoviVac;8;0;0;0;10;2;0;0;18;2;0;0;34372;1507;88;43;17630;3827;697;518;52002;5334;785;561
2022.02_01-07-2022;Ставропольский край;21_45_days;EpiVacCorona;44;2;0;0;25;3;0;0;69;5;0;0;34372;1507;88;43;17630;3827;697;518;52002;5334;785;561
2022.02_01-07-2022;Ставропольский край;21_45_days;SputnikLite;648;19;0;0;334;59;10;8;982;78;10;8;34372;1507;88;43;17630;3827;697;518;52002;5334;785;561
2022.02_01-07-2022;Ставропольский край;21_45_days;SputnikV;290;14;0;2;118;21;4;4;408;35;4;6;34372;1507;88;43;17630;3827;697;518;52002;5334;785;561
2022.02_01-07-2022;Ставропольский край;45_75_days;AllVaccines;3468;119;9;2;1344;183;24;18;4812;302;33;20;34372;1507;88;43;17630;3827;697;518;52002;5334;785;561
2022.02_01-07-2022;Ставропольский край;45_75_days;CoviVac;31;2;0;0;24;5;2;0;55;7;2;0;34372;1507;88;43;17630;3827;697;518;52002;5334;785;561
2022.02_01-07-2022;Ставропольский край;45_75_days;EpiVacCorona;95;4;0;0;64;13;0;1;159;17;0;1;34372;1507;88;43;17630;3827;697;518;52002;5334;785;561
2022.02_01-07-2022;Ставропольский край;45_75_days;SputnikLite;902;29;4;0;463;72;11;9;1365;101;15;9;34372;1507;88;43;17630;3827;697;518;52002;5334;785;561
2022.02_01-07-2022;Ставропольский край;45_75_days;SputnikV;2440;84;5;2;793;93;11;8;3233;177;16;10;34372;1507;88;43;17630;3827;697;518;52002;5334;785;561
2022.02_01-07-2022;Ставропольский край;75_90_days;AllVaccines;2639;78;3;1;931;117;16;9;3570;195;19;10;34372;1507;88;43;17630;3827;697;518;52002;5334;785;561
2022.02_01-07-2022;Ставропольский край;75_90_days;CoviVac;43;5;1;1;15;4;0;0;58;9;1;1;34372;1507;88;43;17630;3827;697;518;52002;5334;785;561
2022.02_01-07-2022;Ставропольский край;75_90_days;EpiVacCorona;84;1;0;0;35;9;1;1;119;10;1;1;34372;1507;88;43;17630;3827;697;518;52002;5334;785;561
2022.02_01-07-2022;Ставропольский край;75_90_days;SputnikLite;640;25;1;0;376;42;6;5;1016;67;7;5;34372;1507;88;43;17630;3827;697;518;52002;5334;785;561
2022.02_01-07-2022;Ставропольский край;75_90_days;SputnikV;1872;47;1;0;505;62;9;3;2377;109;10;3;34372;1507;88;43;17630;3827;697;518;52002;5334;785;561
2022.02_01-07-2022;Ставропольский край;90_105_days;AllVaccines;1218;40;3;0;525;67;9;6;1743;107;12;6;34372;1507;88;43;17630;3827;697;518;52002;5334;785;561
2022.02_01-07-2022;Ставропольский край;90_105_days;CoviVac;43;0;0;0;9;1;0;0;52;1;0;0;34372;1507;88;43;17630;3827;697;518;52002;5334;785;561
2022.02_01-07-2022;Ставропольский край;90_105_days;EpiVacCorona;39;2;0;0;20;2;0;0;59;4;0;0;34372;1507;88;43;17630;3827;697;518;52002;5334;785;561
2022.02_01-07-2022;Ставропольский край;90_105_days;SputnikLite;369;14;1;0;161;13;2;2;530;27;3;2;34372;1507;88;43;17630;3827;697;518;52002;5334;785;561
2022.02_01-07-2022;Ставропольский край;90_105_days;SputnikV;767;24;2;0;335;51;7;4;1102;75;9;4;34372;1507;88;43;17630;3827;697;518;52002;5334;785;561
2022.02_01-07-2022;Тамбовская область;105_165_days;AllVaccines;3236;56;7;3;1711;162;25;19;4947;218;32;22;29351;650;61;34;13021;1907;354;338;42372;2557;415;372
2022.02_01-07-2022;Тамбовская область;105_165_days;CoviVac;9;0;0;0;3;0;0;0;12;0;0;0;29351;650;61;34;13021;1907;354;338;42372;2557;415;372
2022.02_01-07-2022;Тамбовская область;105_165_days;EpiVacCorona;14;0;0;0;7;1;0;0;21;1;0;0;29351;650;61;34;13021;1907;354;338;42372;2557;415;372
2022.02_01-07-2022;Тамбовская область;105_165_days;SputnikLite;2395;36;4;0;995;90;13;8;3390;126;17;8;29351;650;61;34;13021;1907;354;338;42372;2557;415;372
2022.02_01-07-2022;Тамбовская область;105_165_days;SputnikV;818;20;3;3;706;71;12;11;1524;91;15;14;29351;650;61;34;13021;1907;354;338;42372;2557;415;372
2022.02_01-07-2022;Тамбовская область;165_195_days;AllVaccines;5310;64;1;2;1029;71;3;6;6339;135;4;8;29351;650;61;34;13021;1907;354;338;42372;2557;415;372
2022.02_01-07-2022;Тамбовская область;165_195_days;CoviVac;13;1;0;0;1;1;0;0;14;2;0;0;29351;650;61;34;13021;1907;354;338;42372;2557;415;372
2022.02_01-07-2022;Тамбовская область;165_195_days;EpiVacCorona;80;1;0;0;45;1;0;0;125;2;0;0;29351;650;61;34;13021;1907;354;338;42372;2557;415;372
2022.02_01-07-2022;Тамбовская область;165_195_days;SputnikLite;2202;30;0;0;353;29;2;6;2555;59;2;6;29351;650;61;34;13021;1907;354;338;42372;2557;415;372
2022.02_01-07-2022;Тамбовская область;165_195_days;SputnikV;3015;32;1;2;630;40;1;0;3645;72;2;2;29351;650;61;34;13021;1907;354;338;42372;2557;415;372
2022.02_01-07-2022;Тамбовская область;21_45_days;AllVaccines;978;14;2;0;380;43;4;4;1358;57;6;4;29351;650;61;34;13021;1907;354;338;42372;2557;415;372
2022.02_01-07-2022;Тамбовская область;21_45_days;CoviVac;14;0;0;0;1;0;0;0;15;0;0;0;29351;650;61;34;13021;1907;354;338;42372;2557;415;372
2022.02_01-07-2022;Тамбовская область;21_45_days;EpiVacCorona;43;0;0;0;25;3;1;1;68;3;1;1;29351;650;61;34;13021;1907;354;338;42372;2557;415;372
2022.02_01-07-2022;Тамбовская область;21_45_days;SputnikLite;732;8;1;0;226;21;1;1;958;29;2;1;29351;650;61;34;13021;1907;354;338;42372;2557;415;372
2022.02_01-07-2022;Тамбовская область;21_45_days;SputnikV;189;6;1;0;128;19;2;2;317;25;3;2;29351;650;61;34;13021;1907;354;338;42372;2557;415;372
2022.02_01-07-2022;Тамбовская область;45_75_days;AllVaccines;1546;25;2;1;816;102;12;12;2362;127;14;13;29351;650;61;34;13021;1907;354;338;42372;2557;415;372
2022.02_01-07-2022;Тамбовская область;45_75_days;CoviVac;71;2;0;0;11;0;0;0;82;2;0;0;29351;650;61;34;13021;1907;354;338;42372;2557;415;372
2022.02_01-07-2022;Тамбовская область;45_75_days;EpiVacCorona;52;1;0;0;41;3;0;0;93;4;0;0;29351;650;61;34;13021;1907;354;338;42372;2557;415;372
2022.02_01-07-2022;Тамбовская область;45_75_days;SputnikLite;850;12;1;1;353;48;5;7;1203;60;6;8;29351;650;61;34;13021;1907;354;338;42372;2557;415;372
2022.02_01-07-2022;Тамбовская область;45_75_days;SputnikV;573;10;1;0;411;51;7;5;984;61;8;5;29351;650;61;34;13021;1907;354;338;42372;2557;415;372
2022.02_01-07-2022;Тамбовская область;75_90_days;AllVaccines;1031;22;0;0;577;59;12;6;1608;81;12;6;29351;650;61;34;13021;1907;354;338;42372;2557;415;372
2022.02_01-07-2022;Тамбовская область;75_90_days;CoviVac;36;3;0;0;9;1;1;1;45;4;1;1;29351;650;61;34;13021;1907;354;338;42372;2557;415;372
2022.02_01-07-2022;Тамбовская область;75_90_days;EpiVacCorona;24;1;0;0;10;2;0;0;34;3;0;0;29351;650;61;34;13021;1907;354;338;42372;2557;415;372
2022.02_01-07-2022;Тамбовская область;75_90_days;SputnikLite;587;11;0;0;255;22;0;0;842;33;0;0;29351;650;61;34;13021;1907;354;338;42372;2557;415;372
2022.02_01-07-2022;Тамбовская область;75_90_days;SputnikV;384;7;0;0;303;34;11;5;687;41;11;5;29351;650;61;34;13021;1907;354;338;42372;2557;415;372
2022.02_01-07-2022;Тамбовская область;90_105_days;AllVaccines;930;16;1;0;604;50;4;3;1534;66;5;3;29351;650;61;34;13021;1907;354;338;42372;2557;415;372
2022.02_01-07-2022;Тамбовская область;90_105_days;CoviVac;60;0;0;0;12;3;0;0;72;3;0;0;29351;650;61;34;13021;1907;354;338;42372;2557;415;372
2022.02_01-07-2022;Тамбовская область;90_105_days;EpiVacCorona;15;0;0;0;8;2;0;0;23;2;0;0;29351;650;61;34;13021;1907;354;338;42372;2557;415;372
2022.02_01-07-2022;Тамбовская область;90_105_days;SputnikLite;472;10;1;0;255;22;2;1;727;32;3;1;29351;650;61;34;13021;1907;354;338;42372;2557;415;372
2022.02_01-07-2022;Тамбовская область;90_105_days;SputnikV;383;6;0;0;329;23;2;2;712;29;2;2;29351;650;61;34;13021;1907;354;338;42372;2557;415;372
2022.02_01-07-2022;Тверская область;105_165_days;AllVaccines;2953;50;4;4;1510;151;14;12;4463;201;18;16;38355;1105;65;46;14563;2827;467;444;52918;3932;532;490
2022.02_01-07-2022;Тверская область;105_165_days;CoviVac;72;1;0;0;13;0;0;0;85;1;0;0;38355;1105;65;46;14563;2827;467;444;52918;3932;532;490
2022.02_01-07-2022;Тверская область;105_165_days;EpiVacCorona;81;3;1;0;22;4;0;0;103;7;1;0;38355;1105;65;46;14563;2827;467;444;52918;3932;532;490
2022.02_01-07-2022;Тверская область;105_165_days;SputnikLite;1457;29;0;0;938;79;8;7;2395;108;8;7;38355;1105;65;46;14563;2827;467;444;52918;3932;532;490
2022.02_01-07-2022;Тверская область;105_165_days;SputnikV;1343;17;3;4;537;68;6;5;1880;85;9;9;38355;1105;65;46;14563;2827;467;444;52918;3932;532;490
2022.02_01-07-2022;Тверская область;165_195_days;AllVaccines;4685;75;3;1;1143;104;11;11;5828;179;14;12;38355;1105;65;46;14563;2827;467;444;52918;3932;532;490
2022.02_01-07-2022;Тверская область;165_195_days;CoviVac;76;0;0;0;15;2;1;1;91;2;1;1;38355;1105;65;46;14563;2827;467;444;52918;3932;532;490
2022.02_01-07-2022;Тверская область;165_195_days;EpiVacCorona;164;2;0;0;61;4;0;0;225;6;0;0;38355;1105;65;46;14563;2827;467;444;52918;3932;532;490
2022.02_01-07-2022;Тверская область;165_195_days;SputnikLite;476;5;0;0;159;15;2;2;635;20;2;2;38355;1105;65;46;14563;2827;467;444;52918;3932;532;490
2022.02_01-07-2022;Тверская область;165_195_days;SputnikV;3969;68;3;1;908;83;8;8;4877;151;11;9;38355;1105;65;46;14563;2827;467;444;52918;3932;532;490
2022.02_01-07-2022;Тверская область;21_45_days;AllVaccines;868;21;1;0;339;29;2;1;1207;50;3;1;38355;1105;65;46;14563;2827;467;444;52918;3932;532;490
2022.02_01-07-2022;Тверская область;21_45_days;CoviVac;17;1;0;0;2;0;0;0;19;1;0;0;38355;1105;65;46;14563;2827;467;444;52918;3932;532;490
2022.02_01-07-2022;Тверская область;21_45_days;EpiVacCorona;50;3;0;0;27;8;0;0;77;11;0;0;38355;1105;65;46;14563;2827;467;444;52918;3932;532;490
2022.02_01-07-2022;Тверская область;21_45_days;SputnikLite;673;11;1;0;263;15;0;0;936;26;1;0;38355;1105;65;46;14563;2827;467;444;52918;3932;532;490
2022.02_01-07-2022;Тверская область;21_45_days;SputnikV;128;6;0;0;47;6;2;1;175;12;2;1;38355;1105;65;46;14563;2827;467;444;52918;3932;532;490
2022.02_01-07-2022;Тверская область;45_75_days;AllVaccines;1620;38;1;0;796;108;15;13;2416;146;16;13;38355;1105;65;46;14563;2827;467;444;52918;3932;532;490
2022.02_01-07-2022;Тверская область;45_75_days;CoviVac;84;4;0;0;21;4;0;0;105;8;0;0;38355;1105;65;46;14563;2827;467;444;52918;3932;532;490
2022.02_01-07-2022;Тверская область;45_75_days;EpiVacCorona;203;9;0;0;89;19;3;2;292;28;3;2;38355;1105;65;46;14563;2827;467;444;52918;3932;532;490
2022.02_01-07-2022;Тверская область;45_75_days;SputnikLite;463;6;0;0;277;25;5;4;740;31;5;4;38355;1105;65;46;14563;2827;467;444;52918;3932;532;490
2022.02_01-07-2022;Тверская область;45_75_days;SputnikV;870;19;1;0;409;60;7;7;1279;79;8;7;38355;1105;65;46;14563;2827;467;444;52918;3932;532;490
2022.02_01-07-2022;Тверская область;75_90_days;AllVaccines;1398;21;1;2;649;86;7;6;2047;107;8;8;38355;1105;65;46;14563;2827;467;444;52918;3932;532;490
2022.02_01-07-2022;Тверская область;75_90_days;CoviVac;24;0;0;0;11;1;0;0;35;1;0;0;38355;1105;65;46;14563;2827;467;444;52918;3932;532;490
2022.02_01-07-2022;Тверская область;75_90_days;EpiVacCorona;123;2;0;0;75;12;0;0;198;14;0;0;38355;1105;65;46;14563;2827;467;444;52918;3932;532;490
2022.02_01-07-2022;Тверская область;75_90_days;SputnikLite;374;11;1;1;288;33;4;3;662;44;5;4;38355;1105;65;46;14563;2827;467;444;52918;3932;532;490
2022.02_01-07-2022;Тверская область;75_90_days;SputnikV;877;8;0;1;275;40;3;3;1152;48;3;4;38355;1105;65;46;14563;2827;467;444;52918;3932;532;490
2022.02_01-07-2022;Тверская область;90_105_days;AllVaccines;1073;16;0;0;552;53;5;2;1625;69;5;2;38355;1105;65;46;14563;2827;467;444;52918;3932;532;490
2022.02_01-07-2022;Тверская область;90_105_days;CoviVac;41;1;0;0;10;1;0;0;51;2;0;0;38355;1105;65;46;14563;2827;467;444;52918;3932;532;490
2022.02_01-07-2022;Тверская область;90_105_days;EpiVacCorona;53;2;0;0;28;6;1;1;81;8;1;1;38355;1105;65;46;14563;2827;467;444;52918;3932;532;490
2022.02_01-07-2022;Тверская область;90_105_days;SputnikLite;395;3;0;0;286;21;2;1;681;24;2;1;38355;1105;65;46;14563;2827;467;444;52918;3932;532;490
2022.02_01-07-2022;Тверская область;90_105_days;SputnikV;584;10;0;0;228;25;2;0;812;35;2;0;38355;1105;65;46;14563;2827;467;444;52918;3932;532;490
2022.02_01-07-2022;Томская область;105_165_days;AllVaccines;3150;90;2;0;1355;158;13;11;4505;248;15;11;37744;1800;110;43;13511;2902;515;348;51255;4702;625;391
2022.02_01-07-2022;Томская область;105_165_days;CoviVac;19;0;0;0;7;1;0;0;26;1;0;0;37744;1800;110;43;13511;2902;515;348;51255;4702;625;391
2022.02_01-07-2022;Томская область;105_165_days;EpiVacCorona;26;3;0;0;7;1;0;0;33;4;0;0;37744;1800;110;43;13511;2902;515;348;51255;4702;625;391
2022.02_01-07-2022;Томская область;105_165_days;SputnikLite;1764;52;1;0;978;112;8;7;2742;164;9;7;37744;1800;110;43;13511;2902;515;348;51255;4702;625;391
2022.02_01-07-2022;Томская область;105_165_days;SputnikV;1341;35;1;0;363;44;5;4;1704;79;6;4;37744;1800;110;43;13511;2902;515;348;51255;4702;625;391
2022.02_01-07-2022;Томская область;165_195_days;AllVaccines;3319;89;7;2;795;105;9;4;4114;194;16;6;37744;1800;110;43;13511;2902;515;348;51255;4702;625;391
2022.02_01-07-2022;Томская область;165_195_days;CoviVac;51;0;0;0;4;0;0;0;55;0;0;0;37744;1800;110;43;13511;2902;515;348;51255;4702;625;391
2022.02_01-07-2022;Томская область;165_195_days;EpiVacCorona;71;5;1;0;18;6;0;0;89;11;1;0;37744;1800;110;43;13511;2902;515;348;51255;4702;625;391
2022.02_01-07-2022;Томская область;165_195_days;SputnikLite;584;12;0;0;133;12;0;0;717;24;0;0;37744;1800;110;43;13511;2902;515;348;51255;4702;625;391
2022.02_01-07-2022;Томская область;165_195_days;SputnikV;2613;72;6;2;640;87;9;4;3253;159;15;6;37744;1800;110;43;13511;2902;515;348;51255;4702;625;391
2022.02_01-07-2022;Томская область;21_45_days;AllVaccines;1202;36;1;1;464;64;7;5;1666;100;8;6;37744;1800;110;43;13511;2902;515;348;51255;4702;625;391
2022.02_01-07-2022;Томская область;21_45_days;CoviVac;18;0;0;0;5;0;0;0;23;0;0;0;37744;1800;110;43;13511;2902;515;348;51255;4702;625;391
2022.02_01-07-2022;Томская область;21_45_days;EpiVacCorona;60;5;0;1;33;8;0;0;93;13;0;1;37744;1800;110;43;13511;2902;515;348;51255;4702;625;391
2022.02_01-07-2022;Томская область;21_45_days;SputnikLite;818;16;1;0;316;30;4;2;1134;46;5;2;37744;1800;110;43;13511;2902;515;348;51255;4702;625;391
2022.02_01-07-2022;Томская область;21_45_days;SputnikV;306;15;0;0;110;26;3;3;416;41;3;3;37744;1800;110;43;13511;2902;515;348;51255;4702;625;391
2022.02_01-07-2022;Томская область;45_75_days;AllVaccines;3318;97;6;2;1222;161;17;4;4540;258;23;6;37744;1800;110;43;13511;2902;515;348;51255;4702;625;391
2022.02_01-07-2022;Томская область;45_75_days;CoviVac;123;4;0;0;22;2;0;0;145;6;0;0;37744;1800;110;43;13511;2902;515;348;51255;4702;625;391
2022.02_01-07-2022;Томская область;45_75_days;EpiVacCorona;56;1;0;0;34;11;1;1;90;12;1;1;37744;1800;110;43;13511;2902;515;348;51255;4702;625;391
2022.02_01-07-2022;Томская область;45_75_days;SputnikLite;871;20;1;0;556;68;6;0;1427;88;7;0;37744;1800;110;43;13511;2902;515;348;51255;4702;625;391
2022.02_01-07-2022;Томская область;45_75_days;SputnikV;2268;72;5;2;610;80;10;3;2878;152;15;5;37744;1800;110;43;13511;2902;515;348;51255;4702;625;391
2022.02_01-07-2022;Томская область;75_90_days;AllVaccines;2394;67;5;0;745;110;12;9;3139;177;17;9;37744;1800;110;43;13511;2902;515;348;51255;4702;625;391
2022.02_01-07-2022;Томская область;75_90_days;CoviVac;121;5;0;0;14;3;1;1;135;8;1;1;37744;1800;110;43;13511;2902;515;348;51255;4702;625;391
2022.02_01-07-2022;Томская область;75_90_days;EpiVacCorona;57;2;0;0;20;5;1;0;77;7;1;0;37744;1800;110;43;13511;2902;515;348;51255;4702;625;391
2022.02_01-07-2022;Томская область;75_90_days;SputnikLite;680;14;1;0;358;56;4;3;1038;70;5;3;37744;1800;110;43;13511;2902;515;348;51255;4702;625;391
2022.02_01-07-2022;Томская область;75_90_days;SputnikV;1536;46;4;0;353;46;6;5;1889;92;10;5;37744;1800;110;43;13511;2902;515;348;51255;4702;625;391
2022.02_01-07-2022;Томская область;90_105_days;AllVaccines;1562;48;2;1;620;89;8;4;2182;137;10;5;37744;1800;110;43;13511;2902;515;348;51255;4702;625;391
2022.02_01-07-2022;Томская область;90_105_days;CoviVac;48;0;0;0;8;1;0;0;56;1;0;0;37744;1800;110;43;13511;2902;515;348;51255;4702;625;391
2022.02_01-07-2022;Томская область;90_105_days;EpiVacCorona;18;1;0;0;2;1;0;0;20;2;0;0;37744;1800;110;43;13511;2902;515;348;51255;4702;625;391
2022.02_01-07-2022;Томская область;90_105_days;SputnikLite;700;27;0;0;408;50;6;3;1108;77;6;3;37744;1800;110;43;13511;2902;515;348;51255;4702;625;391
2022.02_01-07-2022;Томская область;90_105_days;SputnikV;796;20;2;1;202;37;2;1;998;57;4;2;37744;1800;110;43;13511;2902;515;348;51255;4702;625;391
2022.02_01-07-2022;Тульская область;105_165_days;AllVaccines;2325;53;3;1;1337;121;17;5;3662;174;20;6;35786;1000;118;49;17383;2885;797;602;53169;3885;915;651
2022.02_01-07-2022;Тульская область;105_165_days;CoviVac;36;0;0;0;13;1;0;0;49;1;0;0;35786;1000;118;49;17383;2885;797;602;53169;3885;915;651
2022.02_01-07-2022;Тульская область;105_165_days;EpiVacCorona;60;1;0;0;46;5;1;0;106;6;1;0;35786;1000;118;49;17383;2885;797;602;53169;3885;915;651
2022.02_01-07-2022;Тульская область;105_165_days;SputnikLite;1072;25;3;1;693;67;10;2;1765;92;13;3;35786;1000;118;49;17383;2885;797;602;53169;3885;915;651
2022.02_01-07-2022;Тульская область;105_165_days;SputnikV;1157;27;0;0;585;48;6;3;1742;75;6;3;35786;1000;118;49;17383;2885;797;602;53169;3885;915;651
2022.02_01-07-2022;Тульская область;165_195_days;AllVaccines;4838;71;4;1;1209;107;14;8;6047;178;18;9;35786;1000;118;49;17383;2885;797;602;53169;3885;915;651
2022.02_01-07-2022;Тульская область;165_195_days;CoviVac;29;0;0;0;9;0;0;0;38;0;0;0;35786;1000;118;49;17383;2885;797;602;53169;3885;915;651
2022.02_01-07-2022;Тульская область;165_195_days;EpiVacCorona;82;1;0;0;33;2;1;0;115;3;1;0;35786;1000;118;49;17383;2885;797;602;53169;3885;915;651
2022.02_01-07-2022;Тульская область;165_195_days;SputnikLite;458;5;0;0;100;12;1;1;558;17;1;1;35786;1000;118;49;17383;2885;797;602;53169;3885;915;651
2022.02_01-07-2022;Тульская область;165_195_days;SputnikV;4269;65;4;1;1067;93;12;7;5336;158;16;8;35786;1000;118;49;17383;2885;797;602;53169;3885;915;651
2022.02_01-07-2022;Тульская область;21_45_days;AllVaccines;1067;17;1;0;514;38;10;6;1581;55;11;6;35786;1000;118;49;17383;2885;797;602;53169;3885;915;651
2022.02_01-07-2022;Тульская область;21_45_days;CoviVac;3;0;0;0;8;0;0;0;11;0;0;0;35786;1000;118;49;17383;2885;797;602;53169;3885;915;651
2022.02_01-07-2022;Тульская область;21_45_days;EpiVacCorona;15;0;0;0;36;7;2;0;51;7;2;0;35786;1000;118;49;17383;2885;797;602;53169;3885;915;651
2022.02_01-07-2022;Тульская область;21_45_days;SputnikLite;882;12;1;0;360;14;3;2;1242;26;4;2;35786;1000;118;49;17383;2885;797;602;53169;3885;915;651
2022.02_01-07-2022;Тульская область;21_45_days;SputnikV;167;5;0;0;110;17;5;4;277;22;5;4;35786;1000;118;49;17383;2885;797;602;53169;3885;915;651
2022.02_01-07-2022;Тульская область;45_75_days;AllVaccines;2040;41;2;0;1085;106;17;10;3125;147;19;10;35786;1000;118;49;17383;2885;797;602;53169;3885;915;651
2022.02_01-07-2022;Тульская область;45_75_days;CoviVac;41;1;0;0;16;5;0;0;57;6;0;0;35786;1000;118;49;17383;2885;797;602;53169;3885;915;651
2022.02_01-07-2022;Тульская область;45_75_days;EpiVacCorona;117;3;0;0;72;12;5;2;189;15;5;2;35786;1000;118;49;17383;2885;797;602;53169;3885;915;651
2022.02_01-07-2022;Тульская область;45_75_days;SputnikLite;589;8;1;0;380;23;2;0;969;31;3;0;35786;1000;118;49;17383;2885;797;602;53169;3885;915;651
2022.02_01-07-2022;Тульская область;45_75_days;SputnikV;1293;29;1;0;617;66;10;8;1910;95;11;8;35786;1000;118;49;17383;2885;797;602;53169;3885;915;651
2022.02_01-07-2022;Тульская область;75_90_days;AllVaccines;1101;27;2;2;702;67;16;4;1803;94;18;6;35786;1000;118;49;17383;2885;797;602;53169;3885;915;651
2022.02_01-07-2022;Тульская область;75_90_days;CoviVac;31;1;0;0;7;1;0;0;38;2;0;0;35786;1000;118;49;17383;2885;797;602;53169;3885;915;651
2022.02_01-07-2022;Тульская область;75_90_days;EpiVacCorona;62;2;0;0;74;8;2;1;136;10;2;1;35786;1000;118;49;17383;2885;797;602;53169;3885;915;651
2022.02_01-07-2022;Тульская область;75_90_days;SputnikLite;443;9;1;2;273;20;2;1;716;29;3;3;35786;1000;118;49;17383;2885;797;602;53169;3885;915;651
2022.02_01-07-2022;Тульская область;75_90_days;SputnikV;565;15;1;0;348;38;12;2;913;53;13;2;35786;1000;118;49;17383;2885;797;602;53169;3885;915;651
2022.02_01-07-2022;Тульская область;90_105_days;AllVaccines;1098;22;0;0;729;79;11;8;1827;101;11;8;35786;1000;118;49;17383;2885;797;602;53169;3885;915;651
2022.02_01-07-2022;Тульская область;90_105_days;CoviVac;40;2;0;0;20;1;0;0;60;3;0;0;35786;1000;118;49;17383;2885;797;602;53169;3885;915;651
2022.02_01-07-2022;Тульская область;90_105_days;EpiVacCorona;72;2;0;0;69;16;4;3;141;18;4;3;35786;1000;118;49;17383;2885;797;602;53169;3885;915;651
2022.02_01-07-2022;Тульская область;90_105_days;SputnikLite;649;15;0;0;354;34;3;1;1003;49;3;1;35786;1000;118;49;17383;2885;797;602;53169;3885;915;651
2022.02_01-07-2022;Тульская область;90_105_days;SputnikV;337;3;0;0;286;28;4;4;623;31;4;4;35786;1000;118;49;17383;2885;797;602;53169;3885;915;651
2022.02_01-07-2022;Тюменская область;105_165_days;AllVaccines;5695;113;10;2;2287;266;42;10;7982;379;52;12;56206;1573;147;39;21936;3771;796;401;78142;5344;943;440
2022.02_01-07-2022;Тюменская область;105_165_days;CoviVac;24;0;0;0;10;2;0;0;34;2;0;0;56206;1573;147;39;21936;3771;796;401;78142;5344;943;440
2022.02_01-07-2022;Тюменская область;105_165_days;EpiVacCorona;46;0;0;0;34;5;2;0;80;5;2;0;56206;1573;147;39;21936;3771;796;401;78142;5344;943;440
2022.02_01-07-2022;Тюменская область;105_165_days;SputnikLite;4123;86;6;1;1661;189;27;8;5784;275;33;9;56206;1573;147;39;21936;3771;796;401;78142;5344;943;440
2022.02_01-07-2022;Тюменская область;105_165_days;SputnikV;1502;27;4;1;582;70;13;2;2084;97;17;3;56206;1573;147;39;21936;3771;796;401;78142;5344;943;440
2022.02_01-07-2022;Тюменская область;165_195_days;AllVaccines;7022;106;2;1;1507;191;25;9;8529;297;27;10;56206;1573;147;39;21936;3771;796;401;78142;5344;943;440
2022.02_01-07-2022;Тюменская область;165_195_days;CoviVac;33;0;0;0;8;1;0;0;41;1;0;0;56206;1573;147;39;21936;3771;796;401;78142;5344;943;440
2022.02_01-07-2022;Тюменская область;165_195_days;EpiVacCorona;110;4;0;0;45;10;3;0;155;14;3;0;56206;1573;147;39;21936;3771;796;401;78142;5344;943;440
2022.02_01-07-2022;Тюменская область;165_195_days;SputnikLite;1880;31;0;0;443;65;9;4;2323;96;9;4;56206;1573;147;39;21936;3771;796;401;78142;5344;943;440
2022.02_01-07-2022;Тюменская область;165_195_days;SputnikV;4999;71;2;1;1011;115;13;5;6010;186;15;6;56206;1573;147;39;21936;3771;796;401;78142;5344;943;440
2022.02_01-07-2022;Тюменская область;21_45_days;AllVaccines;2306;53;2;1;911;87;13;9;3217;140;15;10;56206;1573;147;39;21936;3771;796;401;78142;5344;943;440
2022.02_01-07-2022;Тюменская область;21_45_days;CoviVac;7;0;0;0;1;0;0;0;8;0;0;0;56206;1573;147;39;21936;3771;796;401;78142;5344;943;440
2022.02_01-07-2022;Тюменская область;21_45_days;EpiVacCorona;8;0;0;0;5;1;0;0;13;1;0;0;56206;1573;147;39;21936;3771;796;401;78142;5344;943;440
2022.02_01-07-2022;Тюменская область;21_45_days;SputnikLite;1937;43;1;1;750;65;13;9;2687;108;14;10;56206;1573;147;39;21936;3771;796;401;78142;5344;943;440
2022.02_01-07-2022;Тюменская область;21_45_days;SputnikV;354;10;1;0;155;21;0;0;509;31;1;0;56206;1573;147;39;21936;3771;796;401;78142;5344;943;440
2022.02_01-07-2022;Тюменская область;45_75_days;AllVaccines;4495;145;17;6;2152;240;36;16;6647;385;53;22;56206;1573;147;39;21936;3771;796;401;78142;5344;943;440
2022.02_01-07-2022;Тюменская область;45_75_days;CoviVac;33;1;0;0;7;1;0;0;40;2;0;0;56206;1573;147;39;21936;3771;796;401;78142;5344;943;440
2022.02_01-07-2022;Тюменская область;45_75_days;EpiVacCorona;31;1;0;0;18;7;1;0;49;8;1;0;56206;1573;147;39;21936;3771;796;401;78142;5344;943;440
2022.02_01-07-2022;Тюменская область;45_75_days;SputnikLite;1627;58;7;2;1051;108;20;10;2678;166;27;12;56206;1573;147;39;21936;3771;796;401;78142;5344;943;440
2022.02_01-07-2022;Тюменская область;45_75_days;SputnikV;2804;85;10;4;1076;124;15;6;3880;209;25;10;56206;1573;147;39;21936;3771;796;401;78142;5344;943;440
2022.02_01-07-2022;Тюменская область;75_90_days;AllVaccines;3261;79;5;1;1616;161;18;7;4877;240;23;8;56206;1573;147;39;21936;3771;796;401;78142;5344;943;440
2022.02_01-07-2022;Тюменская область;75_90_days;CoviVac;79;3;0;0;12;1;0;0;91;4;0;0;56206;1573;147;39;21936;3771;796;401;78142;5344;943;440
2022.02_01-07-2022;Тюменская область;75_90_days;EpiVacCorona;59;3;1;0;19;2;1;0;78;5;2;0;56206;1573;147;39;21936;3771;796;401;78142;5344;943;440
2022.02_01-07-2022;Тюменская область;75_90_days;SputnikLite;1014;23;0;0;894;87;11;3;1908;110;11;3;56206;1573;147;39;21936;3771;796;401;78142;5344;943;440
2022.02_01-07-2022;Тюменская область;75_90_days;SputnikV;2109;50;4;1;691;71;6;4;2800;121;10;5;56206;1573;147;39;21936;3771;796;401;78142;5344;943;440
2022.02_01-07-2022;Тюменская область;90_105_days;AllVaccines;1167;32;5;2;416;52;7;0;1583;84;12;2;56206;1573;147;39;21936;3771;796;401;78142;5344;943;440
2022.02_01-07-2022;Тюменская область;90_105_days;CoviVac;33;0;0;0;10;1;0;0;43;1;0;0;56206;1573;147;39;21936;3771;796;401;78142;5344;943;440
2022.02_01-07-2022;Тюменская область;90_105_days;EpiVacCorona;16;0;0;0;9;3;0;0;25;3;0;0;56206;1573;147;39;21936;3771;796;401;78142;5344;943;440
2022.02_01-07-2022;Тюменская область;90_105_days;SputnikLite;443;11;3;2;166;23;4;0;609;34;7;2;56206;1573;147;39;21936;3771;796;401;78142;5344;943;440
2022.02_01-07-2022;Тюменская область;90_105_days;SputnikV;675;21;2;0;231;25;3;0;906;46;5;0;56206;1573;147;39;21936;3771;796;401;78142;5344;943;440
2022.02_01-07-2022;Удмуртская Республика;105_165_days;AllVaccines;6006;100;4;1;2229;220;23;13;8235;320;27;14;48923;1285;88;22;19622;2909;562;342;68545;4194;650;364
2022.02_01-07-2022;Удмуртская Республика;105_165_days;CoviVac;15;1;0;0;1;0;0;0;16;1;0;0;48923;1285;88;22;19622;2909;562;342;68545;4194;650;364
2022.02_01-07-2022;Удмуртская Республика;105_165_days;EpiVacCorona;433;8;0;0;236;40;8;5;669;48;8;5;48923;1285;88;22;19622;2909;562;342;68545;4194;650;364
2022.02_01-07-2022;Удмуртская Республика;105_165_days;SputnikLite;3623;67;3;1;1272;125;7;2;4895;192;10;3;48923;1285;88;22;19622;2909;562;342;68545;4194;650;364
2022.02_01-07-2022;Удмуртская Республика;105_165_days;SputnikV;1935;24;1;0;720;55;8;6;2655;79;9;6;48923;1285;88;22;19622;2909;562;342;68545;4194;650;364
2022.02_01-07-2022;Удмуртская Республика;165_195_days;AllVaccines;5800;99;4;0;1161;105;12;5;6961;204;16;5;48923;1285;88;22;19622;2909;562;342;68545;4194;650;364
2022.02_01-07-2022;Удмуртская Республика;165_195_days;CoviVac;57;7;0;0;4;0;0;0;61;7;0;0;48923;1285;88;22;19622;2909;562;342;68545;4194;650;364
2022.02_01-07-2022;Удмуртская Республика;165_195_days;EpiVacCorona;280;8;0;0;131;14;4;1;411;22;4;1;48923;1285;88;22;19622;2909;562;342;68545;4194;650;364
2022.02_01-07-2022;Удмуртская Республика;165_195_days;SputnikLite;1998;39;3;0;209;16;3;1;2207;55;6;1;48923;1285;88;22;19622;2909;562;342;68545;4194;650;364
2022.02_01-07-2022;Удмуртская Республика;165_195_days;SputnikV;3465;45;1;0;817;75;5;3;4282;120;6;3;48923;1285;88;22;19622;2909;562;342;68545;4194;650;364
2022.02_01-07-2022;Удмуртская Республика;21_45_days;AllVaccines;1130;19;0;0;667;65;8;2;1797;84;8;2;48923;1285;88;22;19622;2909;562;342;68545;4194;650;364
2022.02_01-07-2022;Удмуртская Республика;21_45_days;CoviVac;18;1;0;0;3;0;0;0;21;1;0;0;48923;1285;88;22;19622;2909;562;342;68545;4194;650;364
2022.02_01-07-2022;Удмуртская Республика;21_45_days;EpiVacCorona;33;1;0;0;39;8;0;0;72;9;0;0;48923;1285;88;22;19622;2909;562;342;68545;4194;650;364
2022.02_01-07-2022;Удмуртская Республика;21_45_days;SputnikLite;823;10;0;0;490;38;4;1;1313;48;4;1;48923;1285;88;22;19622;2909;562;342;68545;4194;650;364
2022.02_01-07-2022;Удмуртская Республика;21_45_days;SputnikV;256;7;0;0;135;19;4;1;391;26;4;1;48923;1285;88;22;19622;2909;562;342;68545;4194;650;364
2022.02_01-07-2022;Удмуртская Республика;45_75_days;AllVaccines;2820;65;4;1;1442;128;15;5;4262;193;19;6;48923;1285;88;22;19622;2909;562;342;68545;4194;650;364
2022.02_01-07-2022;Удмуртская Республика;45_75_days;CoviVac;113;3;0;0;15;2;0;0;128;5;0;0;48923;1285;88;22;19622;2909;562;342;68545;4194;650;364
2022.02_01-07-2022;Удмуртская Республика;45_75_days;EpiVacCorona;135;6;0;0;99;17;5;3;234;23;5;3;48923;1285;88;22;19622;2909;562;342;68545;4194;650;364
2022.02_01-07-2022;Удмуртская Республика;45_75_days;SputnikLite;596;11;0;0;529;44;2;0;1125;55;2;0;48923;1285;88;22;19622;2909;562;342;68545;4194;650;364
2022.02_01-07-2022;Удмуртская Республика;45_75_days;SputnikV;1976;45;4;1;799;65;8;2;2775;110;12;3;48923;1285;88;22;19622;2909;562;342;68545;4194;650;364
2022.02_01-07-2022;Удмуртская Республика;75_90_days;AllVaccines;3213;55;1;0;1279;104;9;4;4492;159;10;4;48923;1285;88;22;19622;2909;562;342;68545;4194;650;364
2022.02_01-07-2022;Удмуртская Республика;75_90_days;CoviVac;53;1;0;0;6;2;0;0;59;3;0;0;48923;1285;88;22;19622;2909;562;342;68545;4194;650;364
2022.02_01-07-2022;Удмуртская Республика;75_90_days;EpiVacCorona;198;4;0;0;88;14;1;0;286;18;1;0;48923;1285;88;22;19622;2909;562;342;68545;4194;650;364
2022.02_01-07-2022;Удмуртская Республика;75_90_days;SputnikLite;552;9;0;0;470;39;4;1;1022;48;4;1;48923;1285;88;22;19622;2909;562;342;68545;4194;650;364
2022.02_01-07-2022;Удмуртская Республика;75_90_days;SputnikV;2410;41;1;0;715;49;4;3;3125;90;5;3;48923;1285;88;22;19622;2909;562;342;68545;4194;650;364
2022.02_01-07-2022;Удмуртская Республика;90_105_days;AllVaccines;1815;28;4;0;618;62;9;2;2433;90;13;2;48923;1285;88;22;19622;2909;562;342;68545;4194;650;364
2022.02_01-07-2022;Удмуртская Республика;90_105_days;CoviVac;68;1;1;0;18;0;0;0;86;1;1;0;48923;1285;88;22;19622;2909;562;342;68545;4194;650;364
2022.02_01-07-2022;Удмуртская Республика;90_105_days;EpiVacCorona;154;3;1;0;80;20;3;2;234;23;4;2;48923;1285;88;22;19622;2909;562;342;68545;4194;650;364
2022.02_01-07-2022;Удмуртская Республика;90_105_days;SputnikLite;184;5;0;0;105;7;2;0;289;12;2;0;48923;1285;88;22;19622;2909;562;342;68545;4194;650;364
2022.02_01-07-2022;Удмуртская Республика;90_105_days;SputnikV;1409;19;2;0;415;35;4;0;1824;54;6;0;48923;1285;88;22;19622;2909;562;342;68545;4194;650;364
2022.02_01-07-2022;Ульяновская область;105_165_days;AllVaccines;3491;73;9;4;1485;115;14;8;4976;188;23;12;30359;854;66;38;13282;1965;400;301;43641;2819;466;339
2022.02_01-07-2022;Ульяновская область;105_165_days;CoviVac;6;0;0;0;2;0;0;0;8;0;0;0;30359;854;66;38;13282;1965;400;301;43641;2819;466;339
2022.02_01-07-2022;Ульяновская область;105_165_days;EpiVacCorona;66;1;0;0;14;1;0;0;80;2;0;0;30359;854;66;38;13282;1965;400;301;43641;2819;466;339
2022.02_01-07-2022;Ульяновская область;105_165_days;SputnikLite;1926;35;5;2;1004;78;10;5;2930;113;15;7;30359;854;66;38;13282;1965;400;301;43641;2819;466;339
2022.02_01-07-2022;Ульяновская область;105_165_days;SputnikV;1493;37;4;2;465;36;4;3;1958;73;8;5;30359;854;66;38;13282;1965;400;301;43641;2819;466;339
2022.02_01-07-2022;Ульяновская область;165_195_days;AllVaccines;3686;51;6;0;734;71;10;2;4420;122;16;2;30359;854;66;38;13282;1965;400;301;43641;2819;466;339
2022.02_01-07-2022;Ульяновская область;165_195_days;CoviVac;16;0;0;0;1;0;0;0;17;0;0;0;30359;854;66;38;13282;1965;400;301;43641;2819;466;339
2022.02_01-07-2022;Ульяновская область;165_195_days;EpiVacCorona;95;2;0;0;33;7;2;1;128;9;2;1;30359;854;66;38;13282;1965;400;301;43641;2819;466;339
2022.02_01-07-2022;Ульяновская область;165_195_days;SputnikLite;962;13;2;0;180;12;1;1;1142;25;3;1;30359;854;66;38;13282;1965;400;301;43641;2819;466;339
2022.02_01-07-2022;Ульяновская область;165_195_days;SputnikV;2613;36;4;0;520;52;7;0;3133;88;11;0;30359;854;66;38;13282;1965;400;301;43641;2819;466;339
2022.02_01-07-2022;Ульяновская область;21_45_days;AllVaccines;828;14;1;0;302;33;6;4;1130;47;7;4;30359;854;66;38;13282;1965;400;301;43641;2819;466;339
2022.02_01-07-2022;Ульяновская область;21_45_days;CoviVac;11;0;0;0;0;0;0;0;11;0;0;0;30359;854;66;38;13282;1965;400;301;43641;2819;466;339
2022.02_01-07-2022;Ульяновская область;21_45_days;EpiVacCorona;23;0;0;0;12;3;1;1;35;3;1;1;30359;854;66;38;13282;1965;400;301;43641;2819;466;339
2022.02_01-07-2022;Ульяновская область;21_45_days;SputnikLite;641;8;0;0;216;19;1;0;857;27;1;0;30359;854;66;38;13282;1965;400;301;43641;2819;466;339
2022.02_01-07-2022;Ульяновская область;21_45_days;SputnikV;153;6;1;0;74;11;4;3;227;17;5;3;30359;854;66;38;13282;1965;400;301;43641;2819;466;339
2022.02_01-07-2022;Ульяновская область;45_75_days;AllVaccines;2105;41;2;2;931;100;22;14;3036;141;24;16;30359;854;66;38;13282;1965;400;301;43641;2819;466;339
2022.02_01-07-2022;Ульяновская область;45_75_days;CoviVac;51;0;0;0;5;0;0;0;56;0;0;0;30359;854;66;38;13282;1965;400;301;43641;2819;466;339
2022.02_01-07-2022;Ульяновская область;45_75_days;EpiVacCorona;99;4;0;1;53;5;1;1;152;9;1;2;30359;854;66;38;13282;1965;400;301;43641;2819;466;339
2022.02_01-07-2022;Ульяновская область;45_75_days;SputnikLite;576;10;0;0;335;26;5;4;911;36;5;4;30359;854;66;38;13282;1965;400;301;43641;2819;466;339
2022.02_01-07-2022;Ульяновская область;45_75_days;SputnikV;1379;27;2;1;538;69;16;9;1917;96;18;10;30359;854;66;38;13282;1965;400;301;43641;2819;466;339
2022.02_01-07-2022;Ульяновская область;75_90_days;AllVaccines;1567;31;1;1;752;75;5;4;2319;106;6;5;30359;854;66;38;13282;1965;400;301;43641;2819;466;339
2022.02_01-07-2022;Ульяновская область;75_90_days;CoviVac;68;1;0;0;21;3;0;0;89;4;0;0;30359;854;66;38;13282;1965;400;301;43641;2819;466;339
2022.02_01-07-2022;Ульяновская область;75_90_days;EpiVacCorona;49;1;0;0;31;4;1;0;80;5;1;0;30359;854;66;38;13282;1965;400;301;43641;2819;466;339
2022.02_01-07-2022;Ульяновская область;75_90_days;SputnikLite;364;4;1;1;256;19;2;1;620;23;3;2;30359;854;66;38;13282;1965;400;301;43641;2819;466;339
2022.02_01-07-2022;Ульяновская область;75_90_days;SputnikV;1086;25;0;0;444;49;2;3;1530;74;2;3;30359;854;66;38;13282;1965;400;301;43641;2819;466;339
2022.02_01-07-2022;Ульяновская область;90_105_days;AllVaccines;1022;18;0;0;447;49;6;5;1469;67;6;5;30359;854;66;38;13282;1965;400;301;43641;2819;466;339
2022.02_01-07-2022;Ульяновская область;90_105_days;CoviVac;55;0;0;0;15;4;0;0;70;4;0;0;30359;854;66;38;13282;1965;400;301;43641;2819;466;339
2022.02_01-07-2022;Ульяновская область;90_105_days;EpiVacCorona;47;2;0;0;22;3;1;0;69;5;1;0;30359;854;66;38;13282;1965;400;301;43641;2819;466;339
2022.02_01-07-2022;Ульяновская область;90_105_days;SputnikLite;256;3;0;0;180;16;3;4;436;19;3;4;30359;854;66;38;13282;1965;400;301;43641;2819;466;339
2022.02_01-07-2022;Ульяновская область;90_105_days;SputnikV;664;13;0;0;230;26;2;1;894;39;2;1;30359;854;66;38;13282;1965;400;301;43641;2819;466;339
2022.02_01-07-2022;Хабаровский край;105_165_days;AllVaccines;2048;76;3;0;857;134;11;5;2905;210;14;5;32426;1661;72;27;11524;3007;337;262;43950;4668;409;289
2022.02_01-07-2022;Хабаровский край;105_165_days;CoviVac;6;0;0;0;0;0;0;0;6;0;0;0;32426;1661;72;27;11524;3007;337;262;43950;4668;409;289
2022.02_01-07-2022;Хабаровский край;105_165_days;EpiVacCorona;1;0;0;0;0;0;0;0;1;0;0;0;32426;1661;72;27;11524;3007;337;262;43950;4668;409;289
2022.02_01-07-2022;Хабаровский край;105_165_days;SputnikLite;1054;43;0;0;502;78;7;3;1556;121;7;3;32426;1661;72;27;11524;3007;337;262;43950;4668;409;289
2022.02_01-07-2022;Хабаровский край;105_165_days;SputnikV;987;33;3;0;355;56;4;2;1342;89;7;2;32426;1661;72;27;11524;3007;337;262;43950;4668;409;289
2022.02_01-07-2022;Хабаровский край;165_195_days;AllVaccines;3864;117;6;2;706;98;6;2;4570;215;12;4;32426;1661;72;27;11524;3007;337;262;43950;4668;409;289
2022.02_01-07-2022;Хабаровский край;165_195_days;CoviVac;18;0;0;0;1;0;0;0;19;0;0;0;32426;1661;72;27;11524;3007;337;262;43950;4668;409;289
2022.02_01-07-2022;Хабаровский край;165_195_days;EpiVacCorona;1;1;0;0;5;0;0;0;6;1;0;0;32426;1661;72;27;11524;3007;337;262;43950;4668;409;289
2022.02_01-07-2022;Хабаровский край;165_195_days;SputnikLite;929;25;1;1;147;26;3;2;1076;51;4;3;32426;1661;72;27;11524;3007;337;262;43950;4668;409;289
2022.02_01-07-2022;Хабаровский край;165_195_days;SputnikV;2916;91;5;1;553;72;3;0;3469;163;8;1;32426;1661;72;27;11524;3007;337;262;43950;4668;409;289
2022.02_01-07-2022;Хабаровский край;21_45_days;AllVaccines;961;39;0;0;387;58;3;1;1348;97;3;1;32426;1661;72;27;11524;3007;337;262;43950;4668;409;289
2022.02_01-07-2022;Хабаровский край;21_45_days;CoviVac;25;1;0;0;5;1;0;0;30;2;0;0;32426;1661;72;27;11524;3007;337;262;43950;4668;409;289
2022.02_01-07-2022;Хабаровский край;21_45_days;EpiVacCorona;56;5;0;0;24;9;0;0;80;14;0;0;32426;1661;72;27;11524;3007;337;262;43950;4668;409;289
2022.02_01-07-2022;Хабаровский край;21_45_days;SputnikLite;519;19;0;0;239;30;1;1;758;49;1;1;32426;1661;72;27;11524;3007;337;262;43950;4668;409;289
2022.02_01-07-2022;Хабаровский край;21_45_days;SputnikV;361;14;0;0;119;18;2;0;480;32;2;0;32426;1661;72;27;11524;3007;337;262;43950;4668;409;289
2022.02_01-07-2022;Хабаровский край;45_75_days;AllVaccines;2279;82;2;0;823;161;10;10;3102;243;12;10;32426;1661;72;27;11524;3007;337;262;43950;4668;409;289
2022.02_01-07-2022;Хабаровский край;45_75_days;CoviVac;69;0;0;0;17;2;1;1;86;2;1;1;32426;1661;72;27;11524;3007;337;262;43950;4668;409;289
2022.02_01-07-2022;Хабаровский край;45_75_days;EpiVacCorona;172;12;0;0;50;15;1;0;222;27;1;0;32426;1661;72;27;11524;3007;337;262;43950;4668;409;289
2022.02_01-07-2022;Хабаровский край;45_75_days;SputnikLite;657;25;0;0;299;68;2;3;956;93;2;3;32426;1661;72;27;11524;3007;337;262;43950;4668;409;289
2022.02_01-07-2022;Хабаровский край;45_75_days;SputnikV;1381;45;2;0;457;76;6;6;1838;121;8;6;32426;1661;72;27;11524;3007;337;262;43950;4668;409;289
2022.02_01-07-2022;Хабаровский край;75_90_days;AllVaccines;1056;45;1;0;399;89;7;6;1455;134;8;6;32426;1661;72;27;11524;3007;337;262;43950;4668;409;289
2022.02_01-07-2022;Хабаровский край;75_90_days;CoviVac;56;4;0;0;14;4;0;0;70;8;0;0;32426;1661;72;27;11524;3007;337;262;43950;4668;409;289
2022.02_01-07-2022;Хабаровский край;75_90_days;EpiVacCorona;61;5;0;0;8;3;1;1;69;8;1;1;32426;1661;72;27;11524;3007;337;262;43950;4668;409;289
2022.02_01-07-2022;Хабаровский край;75_90_days;SputnikLite;444;21;0;0;211;33;4;3;655;54;4;3;32426;1661;72;27;11524;3007;337;262;43950;4668;409;289
2022.02_01-07-2022;Хабаровский край;75_90_days;SputnikV;495;15;1;0;166;49;2;2;661;64;3;2;32426;1661;72;27;11524;3007;337;262;43950;4668;409;289
2022.02_01-07-2022;Хабаровский край;90_105_days;AllVaccines;773;31;1;0;294;59;2;0;1067;90;3;0;32426;1661;72;27;11524;3007;337;262;43950;4668;409;289
2022.02_01-07-2022;Хабаровский край;90_105_days;CoviVac;27;2;0;0;6;2;0;0;33;4;0;0;32426;1661;72;27;11524;3007;337;262;43950;4668;409;289
2022.02_01-07-2022;Хабаровский край;90_105_days;EpiVacCorona;4;0;0;0;4;4;1;0;8;4;1;0;32426;1661;72;27;11524;3007;337;262;43950;4668;409;289
2022.02_01-07-2022;Хабаровский край;90_105_days;SputnikLite;503;21;1;0;176;34;0;0;679;55;1;0;32426;1661;72;27;11524;3007;337;262;43950;4668;409;289
2022.02_01-07-2022;Хабаровский край;90_105_days;SputnikV;239;8;0;0;108;19;1;0;347;27;1;0;32426;1661;72;27;11524;3007;337;262;43950;4668;409;289
2022.02_01-07-2022;Ханты-Мансийский автономный округ - Югра;105_165_days;AllVaccines;5286;105;4;2;1283;143;16;11;6569;248;20;13;47855;1371;72;31;13540;2487;375;262;61395;3858;447;293
2022.02_01-07-2022;Ханты-Мансийский автономный округ - Югра;105_165_days;CoviVac;50;1;0;0;6;1;0;0;56;2;0;0;47855;1371;72;31;13540;2487;375;262;61395;3858;447;293
2022.02_01-07-2022;Ханты-Мансийский автономный округ - Югра;105_165_days;EpiVacCorona;56;2;0;0;12;2;0;0;68;4;0;0;47855;1371;72;31;13540;2487;375;262;61395;3858;447;293
2022.02_01-07-2022;Ханты-Мансийский автономный округ - Югра;105_165_days;SputnikLite;3072;60;1;1;831;85;7;5;3903;145;8;6;47855;1371;72;31;13540;2487;375;262;61395;3858;447;293
2022.02_01-07-2022;Ханты-Мансийский автономный округ - Югра;105_165_days;SputnikV;2108;42;3;1;434;55;9;6;2542;97;12;7;47855;1371;72;31;13540;2487;375;262;61395;3858;447;293
2022.02_01-07-2022;Ханты-Мансийский автономный округ - Югра;165_195_days;AllVaccines;4538;71;2;0;620;82;7;3;5158;153;9;3;47855;1371;72;31;13540;2487;375;262;61395;3858;447;293
2022.02_01-07-2022;Ханты-Мансийский автономный округ - Югра;165_195_days;CoviVac;29;3;0;0;2;0;0;0;31;3;0;0;47855;1371;72;31;13540;2487;375;262;61395;3858;447;293
2022.02_01-07-2022;Ханты-Мансийский автономный округ - Югра;165_195_days;EpiVacCorona;58;2;0;0;23;7;0;0;81;9;0;0;47855;1371;72;31;13540;2487;375;262;61395;3858;447;293
2022.02_01-07-2022;Ханты-Мансийский автономный округ - Югра;165_195_days;SputnikLite;858;10;0;0;102;10;0;0;960;20;0;0;47855;1371;72;31;13540;2487;375;262;61395;3858;447;293
2022.02_01-07-2022;Ханты-Мансийский автономный округ - Югра;165_195_days;SputnikV;3593;56;2;0;493;65;7;3;4086;121;9;3;47855;1371;72;31;13540;2487;375;262;61395;3858;447;293
2022.02_01-07-2022;Ханты-Мансийский автономный округ - Югра;21_45_days;AllVaccines;1586;23;3;0;458;53;3;1;2044;76;6;1;47855;1371;72;31;13540;2487;375;262;61395;3858;447;293
2022.02_01-07-2022;Ханты-Мансийский автономный округ - Югра;21_45_days;CoviVac;9;0;0;0;8;1;0;0;17;1;0;0;47855;1371;72;31;13540;2487;375;262;61395;3858;447;293
2022.02_01-07-2022;Ханты-Мансийский автономный округ - Югра;21_45_days;EpiVacCorona;15;0;0;0;13;3;0;0;28;3;0;0;47855;1371;72;31;13540;2487;375;262;61395;3858;447;293
2022.02_01-07-2022;Ханты-Мансийский автономный округ - Югра;21_45_days;SputnikLite;1248;15;2;0;334;34;3;1;1582;49;5;1;47855;1371;72;31;13540;2487;375;262;61395;3858;447;293
2022.02_01-07-2022;Ханты-Мансийский автономный округ - Югра;21_45_days;SputnikV;314;8;1;0;103;15;0;0;417;23;1;0;47855;1371;72;31;13540;2487;375;262;61395;3858;447;293
2022.02_01-07-2022;Ханты-Мансийский автономный округ - Югра;45_75_days;AllVaccines;3328;59;1;0;1120;149;14;7;4448;208;15;7;47855;1371;72;31;13540;2487;375;262;61395;3858;447;293
2022.02_01-07-2022;Ханты-Мансийский автономный округ - Югра;45_75_days;CoviVac;31;0;0;0;3;0;0;0;34;0;0;0;47855;1371;72;31;13540;2487;375;262;61395;3858;447;293
2022.02_01-07-2022;Ханты-Мансийский автономный округ - Югра;45_75_days;EpiVacCorona;63;0;0;0;32;5;0;0;95;5;0;0;47855;1371;72;31;13540;2487;375;262;61395;3858;447;293
2022.02_01-07-2022;Ханты-Мансийский автономный округ - Югра;45_75_days;SputnikLite;1418;17;1;0;514;63;7;3;1932;80;8;3;47855;1371;72;31;13540;2487;375;262;61395;3858;447;293
2022.02_01-07-2022;Ханты-Мансийский автономный округ - Югра;45_75_days;SputnikV;1816;42;0;0;571;81;7;4;2387;123;7;4;47855;1371;72;31;13540;2487;375;262;61395;3858;447;293
2022.02_01-07-2022;Ханты-Мансийский автономный округ - Югра;75_90_days;AllVaccines;3110;52;5;2;867;102;12;8;3977;154;17;10;47855;1371;72;31;13540;2487;375;262;61395;3858;447;293
2022.02_01-07-2022;Ханты-Мансийский автономный округ - Югра;75_90_days;CoviVac;38;0;0;0;8;2;1;0;46;2;1;0;47855;1371;72;31;13540;2487;375;262;61395;3858;447;293
2022.02_01-07-2022;Ханты-Мансийский автономный округ - Югра;75_90_days;EpiVacCorona;72;3;0;0;38;7;2;2;110;10;2;2;47855;1371;72;31;13540;2487;375;262;61395;3858;447;293
2022.02_01-07-2022;Ханты-Мансийский автономный округ - Югра;75_90_days;SputnikLite;925;4;1;0;345;37;3;2;1270;41;4;2;47855;1371;72;31;13540;2487;375;262;61395;3858;447;293
2022.02_01-07-2022;Ханты-Мансийский автономный округ - Югра;75_90_days;SputnikV;2075;45;4;2;476;56;6;4;2551;101;10;6;47855;1371;72;31;13540;2487;375;262;61395;3858;447;293
2022.02_01-07-2022;Ханты-Мансийский автономный округ - Югра;90_105_days;AllVaccines;2180;49;3;2;608;71;9;5;2788;120;12;7;47855;1371;72;31;13540;2487;375;262;61395;3858;447;293
2022.02_01-07-2022;Ханты-Мансийский автономный округ - Югра;90_105_days;CoviVac;68;1;0;0;7;0;0;0;75;1;0;0;47855;1371;72;31;13540;2487;375;262;61395;3858;447;293
2022.02_01-07-2022;Ханты-Мансийский автономный округ - Югра;90_105_days;EpiVacCorona;16;0;0;0;2;0;0;0;18;0;0;0;47855;1371;72;31;13540;2487;375;262;61395;3858;447;293
2022.02_01-07-2022;Ханты-Мансийский автономный округ - Югра;90_105_days;SputnikLite;478;6;0;0;272;24;2;0;750;30;2;0;47855;1371;72;31;13540;2487;375;262;61395;3858;447;293
2022.02_01-07-2022;Ханты-Мансийский автономный округ - Югра;90_105_days;SputnikV;1618;42;3;2;327;47;7;5;1945;89;10;7;47855;1371;72;31;13540;2487;375;262;61395;3858;447;293
2022.02_01-07-2022;Челябинская область;105_165_days;AllVaccines;8989;190;8;3;3157;356;31;24;12146;546;39;27;80835;2622;170;85;30314;5306;864;807;111149;7928;1034;892
2022.02_01-07-2022;Челябинская область;105_165_days;CoviVac;364;4;0;0;86;15;1;0;450;19;1;0;80835;2622;170;85;30314;5306;864;807;111149;7928;1034;892
2022.02_01-07-2022;Челябинская область;105_165_days;EpiVacCorona;140;5;0;0;81;16;2;1;221;21;2;1;80835;2622;170;85;30314;5306;864;807;111149;7928;1034;892
2022.02_01-07-2022;Челябинская область;105_165_days;SputnikLite;4812;109;5;2;1720;170;16;16;6532;279;21;18;80835;2622;170;85;30314;5306;864;807;111149;7928;1034;892
2022.02_01-07-2022;Челябинская область;105_165_days;SputnikV;3673;72;3;1;1270;155;12;7;4943;227;15;8;80835;2622;170;85;30314;5306;864;807;111149;7928;1034;892
2022.02_01-07-2022;Челябинская область;165_195_days;AllVaccines;8577;154;10;6;1775;148;14;8;10352;302;24;14;80835;2622;170;85;30314;5306;864;807;111149;7928;1034;892
2022.02_01-07-2022;Челябинская область;165_195_days;CoviVac;87;3;0;0;22;3;0;0;109;6;0;0;80835;2622;170;85;30314;5306;864;807;111149;7928;1034;892
2022.02_01-07-2022;Челябинская область;165_195_days;EpiVacCorona;290;5;0;0;104;16;3;1;394;21;3;1;80835;2622;170;85;30314;5306;864;807;111149;7928;1034;892
2022.02_01-07-2022;Челябинская область;165_195_days;SputnikLite;2356;37;1;1;347;25;4;1;2703;62;5;2;80835;2622;170;85;30314;5306;864;807;111149;7928;1034;892
2022.02_01-07-2022;Челябинская область;165_195_days;SputnikV;5844;109;9;5;1302;104;7;6;7146;213;16;11;80835;2622;170;85;30314;5306;864;807;111149;7928;1034;892
2022.02_01-07-2022;Челябинская область;21_45_days;AllVaccines;2191;41;1;0;975;100;12;9;3166;141;13;9;80835;2622;170;85;30314;5306;864;807;111149;7928;1034;892
2022.02_01-07-2022;Челябинская область;21_45_days;CoviVac;14;0;0;0;3;0;0;0;17;0;0;0;80835;2622;170;85;30314;5306;864;807;111149;7928;1034;892
2022.02_01-07-2022;Челябинская область;21_45_days;EpiVacCorona;61;4;0;0;42;6;2;0;103;10;2;0;80835;2622;170;85;30314;5306;864;807;111149;7928;1034;892
2022.02_01-07-2022;Челябинская область;21_45_days;SputnikLite;1645;26;1;0;717;62;9;6;2362;88;10;6;80835;2622;170;85;30314;5306;864;807;111149;7928;1034;892
2022.02_01-07-2022;Челябинская область;21_45_days;SputnikV;471;11;0;0;213;32;1;3;684;43;1;3;80835;2622;170;85;30314;5306;864;807;111149;7928;1034;892
2022.02_01-07-2022;Челябинская область;45_75_days;AllVaccines;5849;146;8;3;2533;331;43;28;8382;477;51;31;80835;2622;170;85;30314;5306;864;807;111149;7928;1034;892
2022.02_01-07-2022;Челябинская область;45_75_days;CoviVac;64;1;0;0;15;4;0;0;79;5;0;0;80835;2622;170;85;30314;5306;864;807;111149;7928;1034;892
2022.02_01-07-2022;Челябинская область;45_75_days;EpiVacCorona;260;9;1;0;121;23;4;3;381;32;5;3;80835;2622;170;85;30314;5306;864;807;111149;7928;1034;892
2022.02_01-07-2022;Челябинская область;45_75_days;SputnikLite;1732;33;1;1;841;98;15;15;2573;131;16;16;80835;2622;170;85;30314;5306;864;807;111149;7928;1034;892
2022.02_01-07-2022;Челябинская область;45_75_days;SputnikV;3793;103;6;2;1556;206;24;10;5349;309;30;12;80835;2622;170;85;30314;5306;864;807;111149;7928;1034;892
2022.02_01-07-2022;Челябинская область;75_90_days;AllVaccines;5711;177;6;1;1934;222;24;17;7645;399;30;18;80835;2622;170;85;30314;5306;864;807;111149;7928;1034;892
2022.02_01-07-2022;Челябинская область;75_90_days;CoviVac;64;0;0;0;12;1;0;0;76;1;0;0;80835;2622;170;85;30314;5306;864;807;111149;7928;1034;892
2022.02_01-07-2022;Челябинская область;75_90_days;EpiVacCorona;332;16;2;0;129;26;1;2;461;42;3;2;80835;2622;170;85;30314;5306;864;807;111149;7928;1034;892
2022.02_01-07-2022;Челябинская область;75_90_days;SputnikLite;813;22;1;0;398;38;6;4;1211;60;7;4;80835;2622;170;85;30314;5306;864;807;111149;7928;1034;892
2022.02_01-07-2022;Челябинская область;75_90_days;SputnikV;4502;139;3;1;1395;157;17;11;5897;296;20;12;80835;2622;170;85;30314;5306;864;807;111149;7928;1034;892
2022.02_01-07-2022;Челябинская область;90_105_days;AllVaccines;4484;99;5;3;1555;184;27;18;6039;283;32;21;80835;2622;170;85;30314;5306;864;807;111149;7928;1034;892
2022.02_01-07-2022;Челябинская область;90_105_days;CoviVac;165;4;1;0;31;2;0;0;196;6;1;0;80835;2622;170;85;30314;5306;864;807;111149;7928;1034;892
2022.02_01-07-2022;Челябинская область;90_105_days;EpiVacCorona;169;4;0;0;74;12;4;5;243;16;4;5;80835;2622;170;85;30314;5306;864;807;111149;7928;1034;892
2022.02_01-07-2022;Челябинская область;90_105_days;SputnikLite;940;19;1;1;406;44;7;3;1346;63;8;4;80835;2622;170;85;30314;5306;864;807;111149;7928;1034;892
2022.02_01-07-2022;Челябинская область;90_105_days;SputnikV;3210;72;3;2;1044;126;16;10;4254;198;19;12;80835;2622;170;85;30314;5306;864;807;111149;7928;1034;892
2022.02_01-07-2022;Чеченская Республика;105_165_days;AllVaccines;251;17;1;0;110;15;4;3;361;32;5;3;3580;160;12;2;1213;141;51;24;4793;301;63;26
2022.02_01-07-2022;Чеченская Республика;105_165_days;CoviVac;1;1;0;0;0;0;0;0;1;1;0;0;3580;160;12;2;1213;141;51;24;4793;301;63;26
2022.02_01-07-2022;Чеченская Республика;105_165_days;EpiVacCorona;3;0;0;0;6;1;0;0;9;1;0;0;3580;160;12;2;1213;141;51;24;4793;301;63;26
2022.02_01-07-2022;Чеченская Республика;105_165_days;SputnikLite;80;5;0;0;14;1;0;0;94;6;0;0;3580;160;12;2;1213;141;51;24;4793;301;63;26
2022.02_01-07-2022;Чеченская Республика;105_165_days;SputnikV;167;11;1;0;90;13;4;3;257;24;5;3;3580;160;12;2;1213;141;51;24;4793;301;63;26
2022.02_01-07-2022;Чеченская Республика;165_195_days;AllVaccines;345;16;1;0;143;9;3;2;488;25;4;2;3580;160;12;2;1213;141;51;24;4793;301;63;26
2022.02_01-07-2022;Чеченская Республика;165_195_days;CoviVac;2;0;0;0;1;0;0;0;3;0;0;0;3580;160;12;2;1213;141;51;24;4793;301;63;26
2022.02_01-07-2022;Чеченская Республика;165_195_days;EpiVacCorona;1;0;0;0;0;0;0;0;1;0;0;0;3580;160;12;2;1213;141;51;24;4793;301;63;26
2022.02_01-07-2022;Чеченская Республика;165_195_days;SputnikV;342;16;1;0;142;9;3;2;484;25;4;2;3580;160;12;2;1213;141;51;24;4793;301;63;26
2022.02_01-07-2022;Чеченская Республика;21_45_days;AllVaccines;139;9;0;0;17;3;0;0;156;12;0;0;3580;160;12;2;1213;141;51;24;4793;301;63;26
2022.02_01-07-2022;Чеченская Республика;21_45_days;EpiVacCorona;2;0;0;0;2;0;0;0;4;0;0;0;3580;160;12;2;1213;141;51;24;4793;301;63;26
2022.02_01-07-2022;Чеченская Республика;21_45_days;SputnikLite;133;9;0;0;12;3;0;0;145;12;0;0;3580;160;12;2;1213;141;51;24;4793;301;63;26
2022.02_01-07-2022;Чеченская Республика;21_45_days;SputnikV;4;0;0;0;3;0;0;0;7;0;0;0;3580;160;12;2;1213;141;51;24;4793;301;63;26
2022.02_01-07-2022;Чеченская Республика;45_75_days;AllVaccines;234;10;2;0;27;0;0;0;261;10;2;0;3580;160;12;2;1213;141;51;24;4793;301;63;26
2022.02_01-07-2022;Чеченская Республика;45_75_days;EpiVacCorona;25;0;0;0;3;0;0;0;28;0;0;0;3580;160;12;2;1213;141;51;24;4793;301;63;26
2022.02_01-07-2022;Чеченская Республика;45_75_days;SputnikLite;159;7;1;0;15;0;0;0;174;7;1;0;3580;160;12;2;1213;141;51;24;4793;301;63;26
2022.02_01-07-2022;Чеченская Республика;45_75_days;SputnikV;50;3;1;0;9;0;0;0;59;3;1;0;3580;160;12;2;1213;141;51;24;4793;301;63;26
2022.02_01-07-2022;Чеченская Республика;75_90_days;AllVaccines;71;5;1;0;13;1;2;1;84;6;3;1;3580;160;12;2;1213;141;51;24;4793;301;63;26
2022.02_01-07-2022;Чеченская Республика;75_90_days;CoviVac;1;0;0;0;0;0;0;0;1;0;0;0;3580;160;12;2;1213;141;51;24;4793;301;63;26
2022.02_01-07-2022;Чеченская Республика;75_90_days;EpiVacCorona;11;1;0;0;2;0;1;0;13;1;1;0;3580;160;12;2;1213;141;51;24;4793;301;63;26
2022.02_01-07-2022;Чеченская Республика;75_90_days;SputnikLite;22;2;1;0;3;0;0;0;25;2;1;0;3580;160;12;2;1213;141;51;24;4793;301;63;26
2022.02_01-07-2022;Чеченская Республика;75_90_days;SputnikV;37;2;0;0;8;1;1;1;45;3;1;1;3580;160;12;2;1213;141;51;24;4793;301;63;26
2022.02_01-07-2022;Чеченская Республика;90_105_days;AllVaccines;48;3;0;0;12;0;0;0;60;3;0;0;3580;160;12;2;1213;141;51;24;4793;301;63;26
2022.02_01-07-2022;Чеченская Республика;90_105_days;EpiVacCorona;1;0;0;0;1;0;0;0;2;0;0;0;3580;160;12;2;1213;141;51;24;4793;301;63;26
2022.02_01-07-2022;Чеченская Республика;90_105_days;SputnikLite;19;1;0;0;2;0;0;0;21;1;0;0;3580;160;12;2;1213;141;51;24;4793;301;63;26
2022.02_01-07-2022;Чеченская Республика;90_105_days;SputnikV;28;2;0;0;9;0;0;0;37;2;0;0;3580;160;12;2;1213;141;51;24;4793;301;63;26
2022.02_01-07-2022;Чувашская Республика;105_165_days;AllVaccines;1145;54;7;3;501;74;15;8;1646;128;22;11;10029;606;71;22;5916;1693;430;222;15945;2299;501;244
2022.02_01-07-2022;Чувашская Республика;105_165_days;CoviVac;16;0;0;0;8;3;0;0;24;3;0;0;10029;606;71;22;5916;1693;430;222;15945;2299;501;244
2022.02_01-07-2022;Чувашская Республика;105_165_days;EpiVacCorona;19;0;0;0;11;2;0;0;30;2;0;0;10029;606;71;22;5916;1693;430;222;15945;2299;501;244
2022.02_01-07-2022;Чувашская Республика;105_165_days;SputnikLite;690;38;1;1;313;42;5;3;1003;80;6;4;10029;606;71;22;5916;1693;430;222;15945;2299;501;244
2022.02_01-07-2022;Чувашская Республика;105_165_days;SputnikV;420;16;6;2;169;27;10;5;589;43;16;7;10029;606;71;22;5916;1693;430;222;15945;2299;501;244
2022.02_01-07-2022;Чувашская Республика;165_195_days;AllVaccines;1120;31;3;1;280;48;3;0;1400;79;6;1;10029;606;71;22;5916;1693;430;222;15945;2299;501;244
2022.02_01-07-2022;Чувашская Республика;165_195_days;CoviVac;8;0;0;0;0;0;0;0;8;0;0;0;10029;606;71;22;5916;1693;430;222;15945;2299;501;244
2022.02_01-07-2022;Чувашская Республика;165_195_days;EpiVacCorona;41;3;0;0;15;3;0;0;56;6;0;0;10029;606;71;22;5916;1693;430;222;15945;2299;501;244
2022.02_01-07-2022;Чувашская Республика;165_195_days;SputnikLite;241;4;0;0;69;12;1;0;310;16;1;0;10029;606;71;22;5916;1693;430;222;15945;2299;501;244
2022.02_01-07-2022;Чувашская Республика;165_195_days;SputnikV;830;24;3;1;196;33;2;0;1026;57;5;1;10029;606;71;22;5916;1693;430;222;15945;2299;501;244
2022.02_01-07-2022;Чувашская Республика;21_45_days;AllVaccines;271;10;4;1;145;22;1;0;416;32;5;1;10029;606;71;22;5916;1693;430;222;15945;2299;501;244
2022.02_01-07-2022;Чувашская Республика;21_45_days;CoviVac;4;1;1;0;1;0;0;0;5;1;1;0;10029;606;71;22;5916;1693;430;222;15945;2299;501;244
2022.02_01-07-2022;Чувашская Республика;21_45_days;EpiVacCorona;1;0;0;0;3;0;0;0;4;0;0;0;10029;606;71;22;5916;1693;430;222;15945;2299;501;244
2022.02_01-07-2022;Чувашская Республика;21_45_days;SputnikLite;209;4;1;0;98;11;1;0;307;15;2;0;10029;606;71;22;5916;1693;430;222;15945;2299;501;244
2022.02_01-07-2022;Чувашская Республика;21_45_days;SputnikV;57;5;2;1;43;11;0;0;100;16;2;1;10029;606;71;22;5916;1693;430;222;15945;2299;501;244
2022.02_01-07-2022;Чувашская Республика;45_75_days;AllVaccines;664;39;9;3;455;89;14;6;1119;128;23;9;10029;606;71;22;5916;1693;430;222;15945;2299;501;244
2022.02_01-07-2022;Чувашская Республика;45_75_days;CoviVac;20;0;0;0;4;0;0;0;24;0;0;0;10029;606;71;22;5916;1693;430;222;15945;2299;501;244
2022.02_01-07-2022;Чувашская Республика;45_75_days;EpiVacCorona;26;2;1;0;18;4;0;0;44;6;1;0;10029;606;71;22;5916;1693;430;222;15945;2299;501;244
2022.02_01-07-2022;Чувашская Республика;45_75_days;SputnikLite;186;11;3;0;177;26;5;1;363;37;8;1;10029;606;71;22;5916;1693;430;222;15945;2299;501;244
2022.02_01-07-2022;Чувашская Республика;45_75_days;SputnikV;432;26;5;3;256;59;9;5;688;85;14;8;10029;606;71;22;5916;1693;430;222;15945;2299;501;244
2022.02_01-07-2022;Чувашская Республика;75_90_days;AllVaccines;576;26;4;0;366;65;11;5;942;91;15;5;10029;606;71;22;5916;1693;430;222;15945;2299;501;244
2022.02_01-07-2022;Чувашская Республика;75_90_days;CoviVac;4;0;0;0;4;1;0;0;8;1;0;0;10029;606;71;22;5916;1693;430;222;15945;2299;501;244
2022.02_01-07-2022;Чувашская Республика;75_90_days;EpiVacCorona;16;0;0;0;10;2;2;1;26;2;2;1;10029;606;71;22;5916;1693;430;222;15945;2299;501;244
2022.02_01-07-2022;Чувашская Республика;75_90_days;SputnikLite;167;7;0;0;168;17;3;0;335;24;3;0;10029;606;71;22;5916;1693;430;222;15945;2299;501;244
2022.02_01-07-2022;Чувашская Республика;75_90_days;SputnikV;389;19;4;0;184;45;6;4;573;64;10;4;10029;606;71;22;5916;1693;430;222;15945;2299;501;244
2022.02_01-07-2022;Чувашская Республика;90_105_days;AllVaccines;417;15;0;0;155;29;7;2;572;44;7;2;10029;606;71;22;5916;1693;430;222;15945;2299;501;244
2022.02_01-07-2022;Чувашская Республика;90_105_days;CoviVac;21;1;0;0;3;0;0;0;24;1;0;0;10029;606;71;22;5916;1693;430;222;15945;2299;501;244
2022.02_01-07-2022;Чувашская Республика;90_105_days;EpiVacCorona;29;4;0;0;10;3;0;0;39;7;0;0;10029;606;71;22;5916;1693;430;222;15945;2299;501;244
2022.02_01-07-2022;Чувашская Республика;90_105_days;SputnikLite;44;2;0;0;25;2;0;0;69;4;0;0;10029;606;71;22;5916;1693;430;222;15945;2299;501;244
2022.02_01-07-2022;Чувашская Республика;90_105_days;SputnikV;323;8;0;0;117;24;7;2;440;32;7;2;10029;606;71;22;5916;1693;430;222;15945;2299;501;244
2022.02_01-07-2022;Чукотский автономный округ;105_165_days;AllVaccines;252;4;0;0;47;3;0;0;299;7;0;0;1611;37;1;0;203;17;2;1;1814;54;3;1
2022.02_01-07-2022;Чукотский автономный округ;105_165_days;CoviVac;13;0;0;0;2;0;0;0;15;0;0;0;1611;37;1;0;203;17;2;1;1814;54;3;1
2022.02_01-07-2022;Чукотский автономный округ;105_165_days;SputnikLite;207;4;0;0;35;3;0;0;242;7;0;0;1611;37;1;0;203;17;2;1;1814;54;3;1
2022.02_01-07-2022;Чукотский автономный округ;105_165_days;SputnikV;32;0;0;0;10;0;0;0;42;0;0;0;1611;37;1;0;203;17;2;1;1814;54;3;1
2022.02_01-07-2022;Чукотский автономный округ;165_195_days;AllVaccines;108;1;0;0;11;1;0;0;119;2;0;0;1611;37;1;0;203;17;2;1;1814;54;3;1
2022.02_01-07-2022;Чукотский автономный округ;165_195_days;CoviVac;21;1;0;0;2;0;0;0;23;1;0;0;1611;37;1;0;203;17;2;1;1814;54;3;1
2022.02_01-07-2022;Чукотский автономный округ;165_195_days;SputnikLite;32;0;0;0;3;0;0;0;35;0;0;0;1611;37;1;0;203;17;2;1;1814;54;3;1
2022.02_01-07-2022;Чукотский автономный округ;165_195_days;SputnikV;55;0;0;0;6;1;0;0;61;1;0;0;1611;37;1;0;203;17;2;1;1814;54;3;1
2022.02_01-07-2022;Чукотский автономный округ;21_45_days;AllVaccines;44;1;0;0;6;0;0;0;50;1;0;0;1611;37;1;0;203;17;2;1;1814;54;3;1
2022.02_01-07-2022;Чукотский автономный округ;21_45_days;EpiVacCorona;5;0;0;0;0;0;0;0;5;0;0;0;1611;37;1;0;203;17;2;1;1814;54;3;1
2022.02_01-07-2022;Чукотский автономный округ;21_45_days;SputnikLite;34;1;0;0;5;0;0;0;39;1;0;0;1611;37;1;0;203;17;2;1;1814;54;3;1
2022.02_01-07-2022;Чукотский автономный округ;21_45_days;SputnikV;5;0;0;0;1;0;0;0;6;0;0;0;1611;37;1;0;203;17;2;1;1814;54;3;1
2022.02_01-07-2022;Чукотский автономный округ;45_75_days;AllVaccines;91;2;0;0;16;0;0;0;107;2;0;0;1611;37;1;0;203;17;2;1;1814;54;3;1
2022.02_01-07-2022;Чукотский автономный округ;45_75_days;CoviVac;1;0;0;0;0;0;0;0;1;0;0;0;1611;37;1;0;203;17;2;1;1814;54;3;1
2022.02_01-07-2022;Чукотский автономный округ;45_75_days;EpiVacCorona;8;0;0;0;4;0;0;0;12;0;0;0;1611;37;1;0;203;17;2;1;1814;54;3;1
2022.02_01-07-2022;Чукотский автономный округ;45_75_days;SputnikLite;62;1;0;0;11;0;0;0;73;1;0;0;1611;37;1;0;203;17;2;1;1814;54;3;1
2022.02_01-07-2022;Чукотский автономный округ;45_75_days;SputnikV;20;1;0;0;1;0;0;0;21;1;0;0;1611;37;1;0;203;17;2;1;1814;54;3;1
2022.02_01-07-2022;Чукотский автономный округ;75_90_days;AllVaccines;71;1;0;0;9;0;0;0;80;1;0;0;1611;37;1;0;203;17;2;1;1814;54;3;1
2022.02_01-07-2022;Чукотский автономный округ;75_90_days;CoviVac;9;0;0;0;0;0;0;0;9;0;0;0;1611;37;1;0;203;17;2;1;1814;54;3;1
2022.02_01-07-2022;Чукотский автономный округ;75_90_days;EpiVacCorona;6;1;0;0;1;0;0;0;7;1;0;0;1611;37;1;0;203;17;2;1;1814;54;3;1
2022.02_01-07-2022;Чукотский автономный округ;75_90_days;SputnikLite;42;0;0;0;6;0;0;0;48;0;0;0;1611;37;1;0;203;17;2;1;1814;54;3;1
2022.02_01-07-2022;Чукотский автономный округ;75_90_days;SputnikV;14;0;0;0;2;0;0;0;16;0;0;0;1611;37;1;0;203;17;2;1;1814;54;3;1
2022.02_01-07-2022;Чукотский автономный округ;90_105_days;AllVaccines;97;3;0;0;9;0;0;0;106;3;0;0;1611;37;1;0;203;17;2;1;1814;54;3;1
2022.02_01-07-2022;Чукотский автономный округ;90_105_days;CoviVac;14;0;0;0;0;0;0;0;14;0;0;0;1611;37;1;0;203;17;2;1;1814;54;3;1
2022.02_01-07-2022;Чукотский автономный округ;90_105_days;EpiVacCorona;7;0;0;0;0;0;0;0;7;0;0;0;1611;37;1;0;203;17;2;1;1814;54;3;1
2022.02_01-07-2022;Чукотский автономный округ;90_105_days;SputnikLite;65;2;0;0;9;0;0;0;74;2;0;0;1611;37;1;0;203;17;2;1;1814;54;3;1
2022.02_01-07-2022;Чукотский автономный округ;90_105_days;SputnikV;11;1;0;0;0;0;0;0;11;1;0;0;1611;37;1;0;203;17;2;1;1814;54;3;1
2022.02_01-07-2022;Ямало-Ненецкий автономный округ;105_165_days;AllVaccines;3118;71;4;2;372;57;3;0;3490;128;7;2;30621;802;61;20;4169;748;88;34;34790;1550;149;54
2022.02_01-07-2022;Ямало-Ненецкий автономный округ;105_165_days;CoviVac;13;0;0;0;0;0;0;0;13;0;0;0;30621;802;61;20;4169;748;88;34;34790;1550;149;54
2022.02_01-07-2022;Ямало-Ненецкий автономный округ;105_165_days;EpiVacCorona;18;2;0;0;3;0;0;0;21;2;0;0;30621;802;61;20;4169;748;88;34;34790;1550;149;54
2022.02_01-07-2022;Ямало-Ненецкий автономный округ;105_165_days;SputnikLite;2450;57;3;1;299;46;3;0;2749;103;6;1;30621;802;61;20;4169;748;88;34;34790;1550;149;54
2022.02_01-07-2022;Ямало-Ненецкий автономный округ;105_165_days;SputnikV;637;12;1;1;70;11;0;0;707;23;1;1;30621;802;61;20;4169;748;88;34;34790;1550;149;54
2022.02_01-07-2022;Ямало-Ненецкий автономный округ;165_195_days;AllVaccines;2776;44;2;1;191;20;1;0;2967;64;3;1;30621;802;61;20;4169;748;88;34;34790;1550;149;54
2022.02_01-07-2022;Ямало-Ненецкий автономный округ;165_195_days;CoviVac;59;2;0;0;8;2;0;0;67;4;0;0;30621;802;61;20;4169;748;88;34;34790;1550;149;54
2022.02_01-07-2022;Ямало-Ненецкий автономный округ;165_195_days;EpiVacCorona;3;0;0;0;0;0;0;0;3;0;0;0;30621;802;61;20;4169;748;88;34;34790;1550;149;54
2022.02_01-07-2022;Ямало-Ненецкий автономный округ;165_195_days;SputnikLite;1053;12;1;1;77;9;0;0;1130;21;1;1;30621;802;61;20;4169;748;88;34;34790;1550;149;54
2022.02_01-07-2022;Ямало-Ненецкий автономный округ;165_195_days;SputnikV;1661;30;1;0;106;9;1;0;1767;39;2;0;30621;802;61;20;4169;748;88;34;34790;1550;149;54
2022.02_01-07-2022;Ямало-Ненецкий автономный округ;21_45_days;AllVaccines;813;14;0;0;114;22;3;1;927;36;3;1;30621;802;61;20;4169;748;88;34;34790;1550;149;54
2022.02_01-07-2022;Ямало-Ненецкий автономный округ;21_45_days;CoviVac;6;0;0;0;2;2;0;0;8;2;0;0;30621;802;61;20;4169;748;88;34;34790;1550;149;54
2022.02_01-07-2022;Ямало-Ненецкий автономный округ;21_45_days;EpiVacCorona;3;0;0;0;1;1;0;0;4;1;0;0;30621;802;61;20;4169;748;88;34;34790;1550;149;54
2022.02_01-07-2022;Ямало-Ненецкий автономный округ;21_45_days;SputnikLite;670;11;0;0;86;16;2;0;756;27;2;0;30621;802;61;20;4169;748;88;34;34790;1550;149;54
2022.02_01-07-2022;Ямало-Ненецкий автономный округ;21_45_days;SputnikV;134;3;0;0;25;3;1;1;159;6;1;1;30621;802;61;20;4169;748;88;34;34790;1550;149;54
2022.02_01-07-2022;Ямало-Ненецкий автономный округ;45_75_days;AllVaccines;1506;32;3;0;235;37;5;1;1741;69;8;1;30621;802;61;20;4169;748;88;34;34790;1550;149;54
2022.02_01-07-2022;Ямало-Ненецкий автономный округ;45_75_days;CoviVac;32;0;0;0;4;1;0;0;36;1;0;0;30621;802;61;20;4169;748;88;34;34790;1550;149;54
2022.02_01-07-2022;Ямало-Ненецкий автономный округ;45_75_days;EpiVacCorona;6;0;0;0;1;0;0;0;7;0;0;0;30621;802;61;20;4169;748;88;34;34790;1550;149;54
2022.02_01-07-2022;Ямало-Ненецкий автономный округ;45_75_days;SputnikLite;662;14;2;0;138;21;2;0;800;35;4;0;30621;802;61;20;4169;748;88;34;34790;1550;149;54
2022.02_01-07-2022;Ямало-Ненецкий автономный округ;45_75_days;SputnikV;806;18;1;0;92;15;3;1;898;33;4;1;30621;802;61;20;4169;748;88;34;34790;1550;149;54
2022.02_01-07-2022;Ямало-Ненецкий автономный округ;75_90_days;AllVaccines;1272;42;2;0;190;42;1;0;1462;84;3;0;30621;802;61;20;4169;748;88;34;34790;1550;149;54
2022.02_01-07-2022;Ямало-Ненецкий автономный округ;75_90_days;CoviVac;20;2;0;0;6;2;1;0;26;4;1;0;30621;802;61;20;4169;748;88;34;34790;1550;149;54
2022.02_01-07-2022;Ямало-Ненецкий автономный округ;75_90_days;EpiVacCorona;7;0;0;0;0;0;0;0;7;0;0;0;30621;802;61;20;4169;748;88;34;34790;1550;149;54
2022.02_01-07-2022;Ямало-Ненецкий автономный округ;75_90_days;SputnikLite;527;20;2;0;117;27;0;0;644;47;2;0;30621;802;61;20;4169;748;88;34;34790;1550;149;54
2022.02_01-07-2022;Ямало-Ненецкий автономный округ;75_90_days;SputnikV;718;20;0;0;67;13;0;0;785;33;0;0;30621;802;61;20;4169;748;88;34;34790;1550;149;54
2022.02_01-07-2022;Ямало-Ненецкий автономный округ;90_105_days;AllVaccines;1572;36;3;1;178;23;1;0;1750;59;4;1;30621;802;61;20;4169;748;88;34;34790;1550;149;54
2022.02_01-07-2022;Ямало-Ненецкий автономный округ;90_105_days;CoviVac;43;0;0;0;7;0;0;0;50;0;0;0;30621;802;61;20;4169;748;88;34;34790;1550;149;54
2022.02_01-07-2022;Ямало-Ненецкий автономный округ;90_105_days;EpiVacCorona;12;0;0;0;1;0;0;0;13;0;0;0;30621;802;61;20;4169;748;88;34;34790;1550;149;54
2022.02_01-07-2022;Ямало-Ненецкий автономный округ;90_105_days;SputnikLite;762;22;2;1;127;18;0;0;889;40;2;1;30621;802;61;20;4169;748;88;34;34790;1550;149;54
2022.02_01-07-2022;Ямало-Ненецкий автономный округ;90_105_days;SputnikV;755;14;1;0;43;5;1;0;798;19;2;0;30621;802;61;20;4169;748;88;34;34790;1550;149;54
2022.02_01-07-2022;Ярославская область;105_165_days;AllVaccines;3107;39;3;0;1341;116;22;9;4448;155;25;9;35574;840;89;24;14578;2589;641;482;50152;3429;730;506
2022.02_01-07-2022;Ярославская область;105_165_days;CoviVac;20;0;0;0;2;0;0;0;22;0;0;0;35574;840;89;24;14578;2589;641;482;50152;3429;730;506
2022.02_01-07-2022;Ярославская область;105_165_days;EpiVacCorona;50;2;0;0;17;2;0;0;67;4;0;0;35574;840;89;24;14578;2589;641;482;50152;3429;730;506
2022.02_01-07-2022;Ярославская область;105_165_days;SputnikLite;1845;17;2;0;768;62;13;6;2613;79;15;6;35574;840;89;24;14578;2589;641;482;50152;3429;730;506
2022.02_01-07-2022;Ярославская область;105_165_days;SputnikV;1192;20;1;0;554;52;9;3;1746;72;10;3;35574;840;89;24;14578;2589;641;482;50152;3429;730;506
2022.02_01-07-2022;Ярославская область;165_195_days;AllVaccines;4914;58;6;1;1021;61;9;6;5935;119;15;7;35574;840;89;24;14578;2589;641;482;50152;3429;730;506
2022.02_01-07-2022;Ярославская область;165_195_days;CoviVac;77;1;0;0;19;0;0;0;96;1;0;0;35574;840;89;24;14578;2589;641;482;50152;3429;730;506
2022.02_01-07-2022;Ярославская область;165_195_days;EpiVacCorona;215;7;1;0;58;5;1;1;273;12;2;1;35574;840;89;24;14578;2589;641;482;50152;3429;730;506
2022.02_01-07-2022;Ярославская область;165_195_days;SputnikLite;1675;18;1;0;257;12;0;0;1932;30;1;0;35574;840;89;24;14578;2589;641;482;50152;3429;730;506
2022.02_01-07-2022;Ярославская область;165_195_days;SputnikV;2947;32;4;1;687;44;8;5;3634;76;12;6;35574;840;89;24;14578;2589;641;482;50152;3429;730;506
2022.02_01-07-2022;Ярославская область;21_45_days;AllVaccines;789;14;1;1;372;40;7;4;1161;54;8;5;35574;840;89;24;14578;2589;641;482;50152;3429;730;506
2022.02_01-07-2022;Ярославская область;21_45_days;CoviVac;20;0;0;0;5;0;0;0;25;0;0;0;35574;840;89;24;14578;2589;641;482;50152;3429;730;506
2022.02_01-07-2022;Ярославская область;21_45_days;EpiVacCorona;21;3;1;1;13;5;1;1;34;8;2;2;35574;840;89;24;14578;2589;641;482;50152;3429;730;506
2022.02_01-07-2022;Ярославская область;21_45_days;SputnikLite;531;8;0;0;244;20;2;1;775;28;2;1;35574;840;89;24;14578;2589;641;482;50152;3429;730;506
2022.02_01-07-2022;Ярославская область;21_45_days;SputnikV;217;3;0;0;110;15;4;2;327;18;4;2;35574;840;89;24;14578;2589;641;482;50152;3429;730;506
2022.02_01-07-2022;Ярославская область;45_75_days;AllVaccines;1846;32;4;1;859;108;13;8;2705;140;17;9;35574;840;89;24;14578;2589;641;482;50152;3429;730;506
2022.02_01-07-2022;Ярославская область;45_75_days;CoviVac;65;1;0;0;10;0;0;0;75;1;0;0;35574;840;89;24;14578;2589;641;482;50152;3429;730;506
2022.02_01-07-2022;Ярославская область;45_75_days;EpiVacCorona;69;2;0;0;47;12;2;1;116;14;2;1;35574;840;89;24;14578;2589;641;482;50152;3429;730;506
2022.02_01-07-2022;Ярославская область;45_75_days;SputnikLite;725;9;0;0;377;49;5;3;1102;58;5;3;35574;840;89;24;14578;2589;641;482;50152;3429;730;506
2022.02_01-07-2022;Ярославская область;45_75_days;SputnikV;987;20;4;1;425;47;6;4;1412;67;10;5;35574;840;89;24;14578;2589;641;482;50152;3429;730;506
2022.02_01-07-2022;Ярославская область;75_90_days;AllVaccines;1166;22;1;2;547;73;6;3;1713;95;7;5;35574;840;89;24;14578;2589;641;482;50152;3429;730;506
2022.02_01-07-2022;Ярославская область;75_90_days;CoviVac;25;0;0;0;2;0;0;0;27;0;0;0;35574;840;89;24;14578;2589;641;482;50152;3429;730;506
2022.02_01-07-2022;Ярославская область;75_90_days;EpiVacCorona;23;2;0;0;10;3;0;0;33;5;0;0;35574;840;89;24;14578;2589;641;482;50152;3429;730;506
2022.02_01-07-2022;Ярославская область;75_90_days;SputnikLite;637;8;1;1;269;28;2;1;906;36;3;2;35574;840;89;24;14578;2589;641;482;50152;3429;730;506
2022.02_01-07-2022;Ярославская область;75_90_days;SputnikV;481;12;0;1;266;42;4;2;747;54;4;3;35574;840;89;24;14578;2589;641;482;50152;3429;730;506
2022.02_01-07-2022;Ярославская область;90_105_days;AllVaccines;1098;24;2;0;502;48;5;1;1600;72;7;1;35574;840;89;24;14578;2589;641;482;50152;3429;730;506
2022.02_01-07-2022;Ярославская область;90_105_days;CoviVac;19;1;0;0;1;0;0;0;20;1;0;0;35574;840;89;24;14578;2589;641;482;50152;3429;730;506
2022.02_01-07-2022;Ярославская область;90_105_days;EpiVacCorona;21;2;0;0;9;0;0;0;30;2;0;0;35574;840;89;24;14578;2589;641;482;50152;3429;730;506
2022.02_01-07-2022;Ярославская область;90_105_days;SputnikLite;689;7;1;0;292;22;0;0;981;29;1;0;35574;840;89;24;14578;2589;641;482;50152;3429;730;506
2022.02_01-07-2022;Ярославская область;90_105_days;SputnikV;369;14;1;0;200;26;5;1;569;40;6;1;35574;840;89;24;14578;2589;641;482;50152;3429;730;506
2022.02_01-07-2022;г. Москва;105_165_days;AllVaccines;9580;101;50;9;9148;286;238;82;18728;387;288;91;176870;2426;1760;216;84148;7176;6814;3389;261018;9602;8574;3605
2022.02_01-07-2022;г. Москва;105_165_days;CoviVac;523;5;2;0;106;6;1;1;629;11;3;1;176870;2426;1760;216;84148;7176;6814;3389;261018;9602;8574;3605
2022.02_01-07-2022;г. Москва;105_165_days;EpiVacCorona;91;0;0;0;95;4;4;1;186;4;4;1;176870;2426;1760;216;84148;7176;6814;3389;261018;9602;8574;3605
2022.02_01-07-2022;г. Москва;105_165_days;SputnikLite;3408;33;22;6;5169;148;104;35;8577;181;126;41;176870;2426;1760;216;84148;7176;6814;3389;261018;9602;8574;3605
2022.02_01-07-2022;г. Москва;105_165_days;SputnikV;5558;63;26;3;3778;128;129;45;9336;191;155;48;176870;2426;1760;216;84148;7176;6814;3389;261018;9602;8574;3605
2022.02_01-07-2022;г. Москва;165_195_days;AllVaccines;15459;149;73;6;4716;182;131;46;20175;331;204;52;176870;2426;1760;216;84148;7176;6814;3389;261018;9602;8574;3605
2022.02_01-07-2022;г. Москва;165_195_days;CoviVac;836;11;2;0;105;10;2;0;941;21;4;0;176870;2426;1760;216;84148;7176;6814;3389;261018;9602;8574;3605
2022.02_01-07-2022;г. Москва;165_195_days;EpiVacCorona;132;0;0;0;41;4;2;1;173;4;2;1;176870;2426;1760;216;84148;7176;6814;3389;261018;9602;8574;3605
2022.02_01-07-2022;г. Москва;165_195_days;SputnikLite;902;14;6;1;549;8;5;1;1451;22;11;2;176870;2426;1760;216;84148;7176;6814;3389;261018;9602;8574;3605
2022.02_01-07-2022;г. Москва;165_195_days;SputnikV;13589;124;65;5;4021;160;122;44;17610;284;187;49;176870;2426;1760;216;84148;7176;6814;3389;261018;9602;8574;3605
2022.02_01-07-2022;г. Москва;21_45_days;AllVaccines;4099;47;30;2;2183;79;85;29;6282;126;115;31;176870;2426;1760;216;84148;7176;6814;3389;261018;9602;8574;3605
2022.02_01-07-2022;г. Москва;21_45_days;CoviVac;81;5;1;0;14;0;2;0;95;5;3;0;176870;2426;1760;216;84148;7176;6814;3389;261018;9602;8574;3605
2022.02_01-07-2022;г. Москва;21_45_days;EpiVacCorona;5;0;0;0;1;0;0;0;6;0;0;0;176870;2426;1760;216;84148;7176;6814;3389;261018;9602;8574;3605
2022.02_01-07-2022;г. Москва;21_45_days;SputnikLite;3162;32;21;2;1644;48;50;17;4806;80;71;19;176870;2426;1760;216;84148;7176;6814;3389;261018;9602;8574;3605
2022.02_01-07-2022;г. Москва;21_45_days;SputnikV;851;10;8;0;524;31;33;12;1375;41;41;12;176870;2426;1760;216;84148;7176;6814;3389;261018;9602;8574;3605
2022.02_01-07-2022;г. Москва;45_75_days;AllVaccines;6250;75;34;4;4957;254;211;85;11207;329;245;89;176870;2426;1760;216;84148;7176;6814;3389;261018;9602;8574;3605
2022.02_01-07-2022;г. Москва;45_75_days;CoviVac;550;8;5;0;93;5;0;0;643;13;5;0;176870;2426;1760;216;84148;7176;6814;3389;261018;9602;8574;3605
2022.02_01-07-2022;г. Москва;45_75_days;EpiVacCorona;42;0;1;0;41;3;1;1;83;3;2;1;176870;2426;1760;216;84148;7176;6814;3389;261018;9602;8574;3605
2022.02_01-07-2022;г. Москва;45_75_days;SputnikLite;1689;12;11;1;2054;97;76;31;3743;109;87;32;176870;2426;1760;216;84148;7176;6814;3389;261018;9602;8574;3605
2022.02_01-07-2022;г. Москва;45_75_days;SputnikV;3969;55;17;3;2769;149;134;53;6738;204;151;56;176870;2426;1760;216;84148;7176;6814;3389;261018;9602;8574;3605
2022.02_01-07-2022;г. Москва;75_90_days;AllVaccines;4261;43;28;1;3662;158;129;59;7923;201;157;60;176870;2426;1760;216;84148;7176;6814;3389;261018;9602;8574;3605
2022.02_01-07-2022;г. Москва;75_90_days;CoviVac;307;5;2;0;58;2;4;1;365;7;6;1;176870;2426;1760;216;84148;7176;6814;3389;261018;9602;8574;3605
2022.02_01-07-2022;г. Москва;75_90_days;EpiVacCorona;19;0;0;0;22;2;1;0;41;2;1;0;176870;2426;1760;216;84148;7176;6814;3389;261018;9602;8574;3605
2022.02_01-07-2022;г. Москва;75_90_days;SputnikLite;1272;10;7;0;1395;64;43;22;2667;74;50;22;176870;2426;1760;216;84148;7176;6814;3389;261018;9602;8574;3605
2022.02_01-07-2022;г. Москва;75_90_days;SputnikV;2663;28;19;1;2187;90;81;36;4850;118;100;37;176870;2426;1760;216;84148;7176;6814;3389;261018;9602;8574;3605
2022.02_01-07-2022;г. Москва;90_105_days;AllVaccines;3416;34;19;1;3626;156;129;49;7042;190;148;50;176870;2426;1760;216;84148;7176;6814;3389;261018;9602;8574;3605
2022.02_01-07-2022;г. Москва;90_105_days;CoviVac;193;5;3;0;65;4;3;0;258;9;6;0;176870;2426;1760;216;84148;7176;6814;3389;261018;9602;8574;3605
2022.02_01-07-2022;г. Москва;90_105_days;EpiVacCorona;15;0;0;0;31;3;2;2;46;3;2;2;176870;2426;1760;216;84148;7176;6814;3389;261018;9602;8574;3605
2022.02_01-07-2022;г. Москва;90_105_days;SputnikLite;1423;7;4;0;1730;52;54;17;3153;59;58;17;176870;2426;1760;216;84148;7176;6814;3389;261018;9602;8574;3605
2022.02_01-07-2022;г. Москва;90_105_days;SputnikV;1785;22;12;1;1800;97;70;30;3585;119;82;31;176870;2426;1760;216;84148;7176;6814;3389;261018;9602;8574;3605
2022.02_01-07-2022;г. Санкт-Петербург;105_165_days;AllVaccines;19139;439;32;9;8206;600;95;55;27345;1039;127;64;215121;6207;548;197;77612;10613;2971;2111;292733;16820;3519;2308
2022.02_01-07-2022;г. Санкт-Петербург;105_165_days;CoviVac;1127;25;1;0;85;5;1;1;1212;30;2;1;215121;6207;548;197;77612;10613;2971;2111;292733;16820;3519;2308
2022.02_01-07-2022;г. Санкт-Петербург;105_165_days;EpiVacCorona;63;1;0;0;43;6;2;2;106;7;2;2;215121;6207;548;197;77612;10613;2971;2111;292733;16820;3519;2308
2022.02_01-07-2022;г. Санкт-Петербург;105_165_days;SputnikLite;10392;239;22;8;4538;317;48;28;14930;556;70;36;215121;6207;548;197;77612;10613;2971;2111;292733;16820;3519;2308
2022.02_01-07-2022;г. Санкт-Петербург;105_165_days;SputnikV;7557;174;9;1;3540;272;44;24;11097;446;53;25;215121;6207;548;197;77612;10613;2971;2111;292733;16820;3519;2308
2022.02_01-07-2022;г. Санкт-Петербург;165_195_days;AllVaccines;22199;418;25;7;4983;323;47;20;27182;741;72;27;215121;6207;548;197;77612;10613;2971;2111;292733;16820;3519;2308
2022.02_01-07-2022;г. Санкт-Петербург;165_195_days;CoviVac;507;13;0;0;44;0;0;0;551;13;0;0;215121;6207;548;197;77612;10613;2971;2111;292733;16820;3519;2308
2022.02_01-07-2022;г. Санкт-Петербург;165_195_days;EpiVacCorona;114;4;1;1;56;13;5;1;170;17;6;2;215121;6207;548;197;77612;10613;2971;2111;292733;16820;3519;2308
2022.02_01-07-2022;г. Санкт-Петербург;165_195_days;SputnikLite;7809;147;7;3;980;51;6;1;8789;198;13;4;215121;6207;548;197;77612;10613;2971;2111;292733;16820;3519;2308
2022.02_01-07-2022;г. Санкт-Петербург;165_195_days;SputnikV;13769;254;17;3;3903;259;36;18;17672;513;53;21;215121;6207;548;197;77612;10613;2971;2111;292733;16820;3519;2308
2022.02_01-07-2022;г. Санкт-Петербург;21_45_days;AllVaccines;4300;116;12;3;2193;192;39;20;6493;308;51;23;215121;6207;548;197;77612;10613;2971;2111;292733;16820;3519;2308
2022.02_01-07-2022;г. Санкт-Петербург;21_45_days;CoviVac;33;2;0;0;6;0;0;0;39;2;0;0;215121;6207;548;197;77612;10613;2971;2111;292733;16820;3519;2308
2022.02_01-07-2022;г. Санкт-Петербург;21_45_days;EpiVacCorona;62;4;1;0;46;10;3;2;108;14;4;2;215121;6207;548;197;77612;10613;2971;2111;292733;16820;3519;2308
2022.02_01-07-2022;г. Санкт-Петербург;21_45_days;SputnikLite;2317;64;6;2;1355;99;18;10;3672;163;24;12;215121;6207;548;197;77612;10613;2971;2111;292733;16820;3519;2308
2022.02_01-07-2022;г. Санкт-Петербург;21_45_days;SputnikV;1888;46;5;1;786;83;18;8;2674;129;23;9;215121;6207;548;197;77612;10613;2971;2111;292733;16820;3519;2308
2022.02_01-07-2022;г. Санкт-Петербург;45_75_days;AllVaccines;13658;316;25;8;5910;526;87;47;19568;842;112;55;215121;6207;548;197;77612;10613;2971;2111;292733;16820;3519;2308
2022.02_01-07-2022;г. Санкт-Петербург;45_75_days;CoviVac;183;5;0;0;22;1;0;0;205;6;0;0;215121;6207;548;197;77612;10613;2971;2111;292733;16820;3519;2308
2022.02_01-07-2022;г. Санкт-Петербург;45_75_days;EpiVacCorona;277;4;1;1;160;22;4;1;437;26;5;2;215121;6207;548;197;77612;10613;2971;2111;292733;16820;3519;2308
2022.02_01-07-2022;г. Санкт-Петербург;45_75_days;SputnikLite;3706;100;8;4;2427;218;39;24;6133;318;47;28;215121;6207;548;197;77612;10613;2971;2111;292733;16820;3519;2308
2022.02_01-07-2022;г. Санкт-Петербург;45_75_days;SputnikV;9492;207;16;3;3301;285;44;22;12793;492;60;25;215121;6207;548;197;77612;10613;2971;2111;292733;16820;3519;2308
2022.02_01-07-2022;г. Санкт-Петербург;75_90_days;AllVaccines;7851;158;13;4;3677;280;56;25;11528;438;69;29;215121;6207;548;197;77612;10613;2971;2111;292733;16820;3519;2308
2022.02_01-07-2022;г. Санкт-Петербург;75_90_days;CoviVac;72;4;0;0;10;0;0;0;82;4;0;0;215121;6207;548;197;77612;10613;2971;2111;292733;16820;3519;2308
2022.02_01-07-2022;г. Санкт-Петербург;75_90_days;EpiVacCorona;127;2;0;0;76;8;4;2;203;10;4;2;215121;6207;548;197;77612;10613;2971;2111;292733;16820;3519;2308
2022.02_01-07-2022;г. Санкт-Петербург;75_90_days;SputnikLite;2424;59;5;1;1590;122;22;10;4014;181;27;11;215121;6207;548;197;77612;10613;2971;2111;292733;16820;3519;2308
2022.02_01-07-2022;г. Санкт-Петербург;75_90_days;SputnikV;5228;93;8;3;2001;150;30;13;7229;243;38;16;215121;6207;548;197;77612;10613;2971;2111;292733;16820;3519;2308
2022.02_01-07-2022;г. Санкт-Петербург;90_105_days;AllVaccines;5732;122;9;4;3013;218;25;12;8745;340;34;16;215121;6207;548;197;77612;10613;2971;2111;292733;16820;3519;2308
2022.02_01-07-2022;г. Санкт-Петербург;90_105_days;CoviVac;191;3;0;0;8;1;0;0;199;4;0;0;215121;6207;548;197;77612;10613;2971;2111;292733;16820;3519;2308
2022.02_01-07-2022;г. Санкт-Петербург;90_105_days;EpiVacCorona;88;4;1;1;66;11;2;0;154;15;3;1;215121;6207;548;197;77612;10613;2971;2111;292733;16820;3519;2308
2022.02_01-07-2022;г. Санкт-Петербург;90_105_days;SputnikLite;2668;47;5;2;1587;98;10;5;4255;145;15;7;215121;6207;548;197;77612;10613;2971;2111;292733;16820;3519;2308
2022.02_01-07-2022;г. Санкт-Петербург;90_105_days;SputnikV;2785;68;3;1;1352;108;13;7;4137;176;16;8;215121;6207;548;197;77612;10613;2971;2111;292733;16820;3519;2308
2022.02_01-07-2022;г. Севастополь;105_165_days;AllVaccines;974;37;2;2;488;54;4;4;1462;91;6;6;11721;697;28;15;5162;965;200;162;16883;1662;228;177
2022.02_01-07-2022;г. Севастополь;105_165_days;CoviVac;6;0;0;0;0;0;0;0;6;0;0;0;11721;697;28;15;5162;965;200;162;16883;1662;228;177
2022.02_01-07-2022;г. Севастополь;105_165_days;EpiVacCorona;20;1;1;1;12;2;0;0;32;3;1;1;11721;697;28;15;5162;965;200;162;16883;1662;228;177
2022.02_01-07-2022;г. Севастополь;105_165_days;SputnikLite;529;19;1;1;349;37;0;0;878;56;1;1;11721;697;28;15;5162;965;200;162;16883;1662;228;177
2022.02_01-07-2022;г. Севастополь;105_165_days;SputnikV;419;17;0;0;127;15;4;4;546;32;4;4;11721;697;28;15;5162;965;200;162;16883;1662;228;177
2022.02_01-07-2022;г. Севастополь;165_195_days;AllVaccines;607;9;1;0;224;22;3;2;831;31;4;2;11721;697;28;15;5162;965;200;162;16883;1662;228;177
2022.02_01-07-2022;г. Севастополь;165_195_days;CoviVac;7;0;0;0;3;1;0;0;10;1;0;0;11721;697;28;15;5162;965;200;162;16883;1662;228;177
2022.02_01-07-2022;г. Севастополь;165_195_days;EpiVacCorona;25;0;0;0;16;3;0;0;41;3;0;0;11721;697;28;15;5162;965;200;162;16883;1662;228;177
2022.02_01-07-2022;г. Севастополь;165_195_days;SputnikLite;37;0;0;0;22;4;0;0;59;4;0;0;11721;697;28;15;5162;965;200;162;16883;1662;228;177
2022.02_01-07-2022;г. Севастополь;165_195_days;SputnikV;538;9;1;0;183;14;3;2;721;23;4;2;11721;697;28;15;5162;965;200;162;16883;1662;228;177
2022.02_01-07-2022;г. Севастополь;21_45_days;AllVaccines;347;5;1;0;187;16;1;0;534;21;2;0;11721;697;28;15;5162;965;200;162;16883;1662;228;177
2022.02_01-07-2022;г. Севастополь;21_45_days;CoviVac;3;0;0;0;1;0;0;0;4;0;0;0;11721;697;28;15;5162;965;200;162;16883;1662;228;177
2022.02_01-07-2022;г. Севастополь;21_45_days;EpiVacCorona;0;0;0;0;4;0;0;0;4;0;0;0;11721;697;28;15;5162;965;200;162;16883;1662;228;177
2022.02_01-07-2022;г. Севастополь;21_45_days;SputnikLite;255;3;1;0;161;13;1;0;416;16;2;0;11721;697;28;15;5162;965;200;162;16883;1662;228;177
2022.02_01-07-2022;г. Севастополь;21_45_days;SputnikV;89;2;0;0;21;3;0;0;110;5;0;0;11721;697;28;15;5162;965;200;162;16883;1662;228;177
2022.02_01-07-2022;г. Севастополь;45_75_days;AllVaccines;776;27;1;1;346;51;6;3;1122;78;7;4;11721;697;28;15;5162;965;200;162;16883;1662;228;177
2022.02_01-07-2022;г. Севастополь;45_75_days;CoviVac;11;0;0;0;2;0;0;0;13;0;0;0;11721;697;28;15;5162;965;200;162;16883;1662;228;177
2022.02_01-07-2022;г. Севастополь;45_75_days;EpiVacCorona;18;0;0;0;12;2;0;0;30;2;0;0;11721;697;28;15;5162;965;200;162;16883;1662;228;177
2022.02_01-07-2022;г. Севастополь;45_75_days;SputnikLite;210;10;0;0;187;32;4;3;397;42;4;3;11721;697;28;15;5162;965;200;162;16883;1662;228;177
2022.02_01-07-2022;г. Севастополь;45_75_days;SputnikV;537;17;1;1;145;17;2;0;682;34;3;1;11721;697;28;15;5162;965;200;162;16883;1662;228;177
2022.02_01-07-2022;г. Севастополь;75_90_days;AllVaccines;839;34;1;0;404;49;1;1;1243;83;2;1;11721;697;28;15;5162;965;200;162;16883;1662;228;177
2022.02_01-07-2022;г. Севастополь;75_90_days;CoviVac;11;0;0;0;5;0;0;0;16;0;0;0;11721;697;28;15;5162;965;200;162;16883;1662;228;177
2022.02_01-07-2022;г. Севастополь;75_90_days;EpiVacCorona;15;2;0;0;7;3;0;0;22;5;0;0;11721;697;28;15;5162;965;200;162;16883;1662;228;177
2022.02_01-07-2022;г. Севастополь;75_90_days;SputnikLite;247;5;0;0;247;25;0;0;494;30;0;0;11721;697;28;15;5162;965;200;162;16883;1662;228;177
2022.02_01-07-2022;г. Севастополь;75_90_days;SputnikV;566;27;1;0;145;21;1;1;711;48;2;1;11721;697;28;15;5162;965;200;162;16883;1662;228;177
2022.02_01-07-2022;г. Севастополь;90_105_days;AllVaccines;684;29;2;1;206;30;1;1;890;59;3;2;11721;697;28;15;5162;965;200;162;16883;1662;228;177
2022.02_01-07-2022;г. Севастополь;90_105_days;CoviVac;20;3;0;0;4;2;0;0;24;5;0;0;11721;697;28;15;5162;965;200;162;16883;1662;228;177
2022.02_01-07-2022;г. Севастополь;90_105_days;EpiVacCorona;25;1;1;1;17;3;0;0;42;4;1;1;11721;697;28;15;5162;965;200;162;16883;1662;228;177
2022.02_01-07-2022;г. Севастополь;90_105_days;SputnikLite;109;1;0;0;92;16;1;1;201;17;1;1;11721;697;28;15;5162;965;200;162;16883;1662;228;177
2022.02_01-07-2022;г. Севастополь;90_105_days;SputnikV;530;24;1;0;93;9;0;0;623;33;1;0;11721;697;28;15;5162;965;200;162;16883;1662;228;177
2022.03_13-10-2022;Алтайский край;105_165_days;AllVaccines;1058;47;3;1;1231;235;42;12;2289;282;45;13;10948;741;116;42;9096;2684;829;399;20044;3425;945;441
2022.03_13-10-2022;Алтайский край;105_165_days;CoviVac;13;3;0;0;10;3;1;0;23;6;1;0;10948;741;116;42;9096;2684;829;399;20044;3425;945;441
2022.03_13-10-2022;Алтайский край;105_165_days;EpiVacCorona;73;4;0;0;66;13;3;1;139;17;3;1;10948;741;116;42;9096;2684;829;399;20044;3425;945;441
2022.03_13-10-2022;Алтайский край;105_165_days;SputnikLite;536;19;0;0;634;117;26;8;1170;136;26;8;10948;741;116;42;9096;2684;829;399;20044;3425;945;441
2022.03_13-10-2022;Алтайский край;105_165_days;SputnikV;436;21;3;1;521;102;12;3;957;123;15;4;10948;741;116;42;9096;2684;829;399;20044;3425;945;441
2022.03_13-10-2022;Алтайский край;165_195_days;AllVaccines;719;28;1;0;414;73;17;3;1133;101;18;3;10948;741;116;42;9096;2684;829;399;20044;3425;945;441
2022.03_13-10-2022;Алтайский край;165_195_days;CoviVac;8;0;0;0;4;1;0;0;12;1;0;0;10948;741;116;42;9096;2684;829;399;20044;3425;945;441
2022.03_13-10-2022;Алтайский край;165_195_days;EpiVacCorona;17;1;0;0;3;1;0;0;20;2;0;0;10948;741;116;42;9096;2684;829;399;20044;3425;945;441
2022.03_13-10-2022;Алтайский край;165_195_days;SputnikLite;227;10;0;0;213;38;8;0;440;48;8;0;10948;741;116;42;9096;2684;829;399;20044;3425;945;441
2022.03_13-10-2022;Алтайский край;165_195_days;SputnikV;467;17;1;0;194;33;9;3;661;50;10;3;10948;741;116;42;9096;2684;829;399;20044;3425;945;441
2022.03_13-10-2022;Алтайский край;21_45_days;AllVaccines;423;20;2;0;272;54;11;5;695;74;13;5;10948;741;116;42;9096;2684;829;399;20044;3425;945;441
2022.03_13-10-2022;Алтайский край;21_45_days;CoviVac;6;0;0;0;3;1;0;0;9;1;0;0;10948;741;116;42;9096;2684;829;399;20044;3425;945;441
2022.03_13-10-2022;Алтайский край;21_45_days;EpiVacCorona;14;1;0;0;17;2;0;0;31;3;0;0;10948;741;116;42;9096;2684;829;399;20044;3425;945;441
2022.03_13-10-2022;Алтайский край;21_45_days;SputnikLite;277;9;1;0;153;30;4;2;430;39;5;2;10948;741;116;42;9096;2684;829;399;20044;3425;945;441
2022.03_13-10-2022;Алтайский край;21_45_days;SputnikV;126;10;1;0;99;21;7;3;225;31;8;3;10948;741;116;42;9096;2684;829;399;20044;3425;945;441
2022.03_13-10-2022;Алтайский край;45_75_days;AllVaccines;547;25;1;0;352;52;10;4;899;77;11;4;10948;741;116;42;9096;2684;829;399;20044;3425;945;441
2022.03_13-10-2022;Алтайский край;45_75_days;CoviVac;4;1;0;0;4;2;0;0;8;3;0;0;10948;741;116;42;9096;2684;829;399;20044;3425;945;441
2022.03_13-10-2022;Алтайский край;45_75_days;EpiVacCorona;20;1;0;0;17;7;2;1;37;8;2;1;10948;741;116;42;9096;2684;829;399;20044;3425;945;441
2022.03_13-10-2022;Алтайский край;45_75_days;SputnikLite;378;12;1;0;230;23;3;1;608;35;4;1;10948;741;116;42;9096;2684;829;399;20044;3425;945;441
2022.03_13-10-2022;Алтайский край;45_75_days;SputnikV;145;11;0;0;101;20;5;2;246;31;5;2;10948;741;116;42;9096;2684;829;399;20044;3425;945;441
2022.03_13-10-2022;Алтайский край;75_90_days;AllVaccines;339;19;3;0;352;72;15;5;691;91;18;5;10948;741;116;42;9096;2684;829;399;20044;3425;945;441
2022.03_13-10-2022;Алтайский край;75_90_days;CoviVac;3;1;0;0;2;0;0;0;5;1;0;0;10948;741;116;42;9096;2684;829;399;20044;3425;945;441
2022.03_13-10-2022;Алтайский край;75_90_days;EpiVacCorona;30;1;0;0;20;5;0;0;50;6;0;0;10948;741;116;42;9096;2684;829;399;20044;3425;945;441
2022.03_13-10-2022;Алтайский край;75_90_days;SputnikLite;116;8;2;0;125;21;5;1;241;29;7;1;10948;741;116;42;9096;2684;829;399;20044;3425;945;441
2022.03_13-10-2022;Алтайский край;75_90_days;SputnikV;190;9;1;0;205;46;10;4;395;55;11;4;10948;741;116;42;9096;2684;829;399;20044;3425;945;441
2022.03_13-10-2022;Алтайский край;90_105_days;AllVaccines;517;24;4;1;545;118;24;7;1062;142;28;8;10948;741;116;42;9096;2684;829;399;20044;3425;945;441
2022.03_13-10-2022;Алтайский край;90_105_days;CoviVac;10;0;0;0;3;0;0;0;13;0;0;0;10948;741;116;42;9096;2684;829;399;20044;3425;945;441
2022.03_13-10-2022;Алтайский край;90_105_days;EpiVacCorona;47;2;0;0;30;5;0;0;77;7;0;0;10948;741;116;42;9096;2684;829;399;20044;3425;945;441
2022.03_13-10-2022;Алтайский край;90_105_days;SputnikLite;158;9;2;0;197;37;5;1;355;46;7;1;10948;741;116;42;9096;2684;829;399;20044;3425;945;441
2022.03_13-10-2022;Алтайский край;90_105_days;SputnikV;302;13;2;1;315;76;19;6;617;89;21;7;10948;741;116;42;9096;2684;829;399;20044;3425;945;441
2022.03_13-10-2022;Амурская область;105_165_days;AllVaccines;715;27;4;0;644;101;23;5;1359;128;27;5;5442;373;69;19;3773;918;317;101;9215;1291;386;120
2022.03_13-10-2022;Амурская область;105_165_days;CoviVac;23;1;0;0;16;3;1;0;39;4;1;0;5442;373;69;19;3773;918;317;101;9215;1291;386;120
2022.03_13-10-2022;Амурская область;105_165_days;EpiVacCorona;66;5;1;0;50;9;1;0;116;14;2;0;5442;373;69;19;3773;918;317;101;9215;1291;386;120
2022.03_13-10-2022;Амурская область;105_165_days;SputnikLite;326;10;1;0;338;56;14;3;664;66;15;3;5442;373;69;19;3773;918;317;101;9215;1291;386;120
2022.03_13-10-2022;Амурская область;105_165_days;SputnikV;300;11;2;0;240;33;7;2;540;44;9;2;5442;373;69;19;3773;918;317;101;9215;1291;386;120
2022.03_13-10-2022;Амурская область;165_195_days;AllVaccines;341;15;1;0;211;32;5;1;552;47;6;1;5442;373;69;19;3773;918;317;101;9215;1291;386;120
2022.03_13-10-2022;Амурская область;165_195_days;CoviVac;5;0;0;0;5;0;0;0;10;0;0;0;5442;373;69;19;3773;918;317;101;9215;1291;386;120
2022.03_13-10-2022;Амурская область;165_195_days;EpiVacCorona;0;0;0;0;3;0;0;0;3;0;0;0;5442;373;69;19;3773;918;317;101;9215;1291;386;120
2022.03_13-10-2022;Амурская область;165_195_days;SputnikLite;120;5;0;0;132;18;1;1;252;23;1;1;5442;373;69;19;3773;918;317;101;9215;1291;386;120
2022.03_13-10-2022;Амурская область;165_195_days;SputnikV;216;10;1;0;71;14;4;0;287;24;5;0;5442;373;69;19;3773;918;317;101;9215;1291;386;120
2022.03_13-10-2022;Амурская область;21_45_days;AllVaccines;251;8;0;0;114;17;5;1;365;25;5;1;5442;373;69;19;3773;918;317;101;9215;1291;386;120
2022.03_13-10-2022;Амурская область;21_45_days;CoviVac;1;0;0;0;2;0;0;0;3;0;0;0;5442;373;69;19;3773;918;317;101;9215;1291;386;120
2022.03_13-10-2022;Амурская область;21_45_days;EpiVacCorona;15;0;0;0;15;0;0;0;30;0;0;0;5442;373;69;19;3773;918;317;101;9215;1291;386;120
2022.03_13-10-2022;Амурская область;21_45_days;SputnikLite;173;7;0;0;63;10;2;0;236;17;2;0;5442;373;69;19;3773;918;317;101;9215;1291;386;120
2022.03_13-10-2022;Амурская область;21_45_days;SputnikV;62;1;0;0;34;7;3;1;96;8;3;1;5442;373;69;19;3773;918;317;101;9215;1291;386;120
2022.03_13-10-2022;Амурская область;45_75_days;AllVaccines;262;14;0;0;156;22;4;0;418;36;4;0;5442;373;69;19;3773;918;317;101;9215;1291;386;120
2022.03_13-10-2022;Амурская область;45_75_days;CoviVac;4;1;0;0;3;0;0;0;7;1;0;0;5442;373;69;19;3773;918;317;101;9215;1291;386;120
2022.03_13-10-2022;Амурская область;45_75_days;EpiVacCorona;20;2;0;0;17;4;0;0;37;6;0;0;5442;373;69;19;3773;918;317;101;9215;1291;386;120
2022.03_13-10-2022;Амурская область;45_75_days;SputnikLite;159;6;0;0;93;10;4;0;252;16;4;0;5442;373;69;19;3773;918;317;101;9215;1291;386;120
2022.03_13-10-2022;Амурская область;45_75_days;SputnikV;79;5;0;0;43;8;0;0;122;13;0;0;5442;373;69;19;3773;918;317;101;9215;1291;386;120
2022.03_13-10-2022;Амурская область;75_90_days;AllVaccines;185;8;3;1;125;33;8;0;310;41;11;1;5442;373;69;19;3773;918;317;101;9215;1291;386;120
2022.03_13-10-2022;Амурская область;75_90_days;CoviVac;4;0;0;0;2;1;0;0;6;1;0;0;5442;373;69;19;3773;918;317;101;9215;1291;386;120
2022.03_13-10-2022;Амурская область;75_90_days;EpiVacCorona;13;0;0;0;15;7;2;0;28;7;2;0;5442;373;69;19;3773;918;317;101;9215;1291;386;120
2022.03_13-10-2022;Амурская область;75_90_days;SputnikLite;38;1;0;0;51;13;2;0;89;14;2;0;5442;373;69;19;3773;918;317;101;9215;1291;386;120
2022.03_13-10-2022;Амурская область;75_90_days;SputnikV;130;7;3;1;57;12;4;0;187;19;7;1;5442;373;69;19;3773;918;317;101;9215;1291;386;120
2022.03_13-10-2022;Амурская область;90_105_days;AllVaccines;300;15;4;0;176;38;8;0;476;53;12;0;5442;373;69;19;3773;918;317;101;9215;1291;386;120
2022.03_13-10-2022;Амурская область;90_105_days;CoviVac;3;0;0;0;1;0;0;0;4;0;0;0;5442;373;69;19;3773;918;317;101;9215;1291;386;120
2022.03_13-10-2022;Амурская область;90_105_days;EpiVacCorona;35;3;1;0;24;4;1;0;59;7;2;0;5442;373;69;19;3773;918;317;101;9215;1291;386;120
2022.03_13-10-2022;Амурская область;90_105_days;SputnikLite;75;3;0;0;58;12;1;0;133;15;1;0;5442;373;69;19;3773;918;317;101;9215;1291;386;120
2022.03_13-10-2022;Амурская область;90_105_days;SputnikV;187;9;3;0;93;22;6;0;280;31;9;0;5442;373;69;19;3773;918;317;101;9215;1291;386;120
2022.03_13-10-2022;Архангельская область;105_165_days;AllVaccines;512;28;5;2;506;106;6;1;1018;134;11;3;3991;291;31;13;3480;1082;222;147;7471;1373;253;160
2022.03_13-10-2022;Архангельская область;105_165_days;CoviVac;15;0;0;0;3;1;0;0;18;1;0;0;3991;291;31;13;3480;1082;222;147;7471;1373;253;160
2022.03_13-10-2022;Архангельская область;105_165_days;EpiVacCorona;38;0;0;0;30;7;1;1;68;7;1;1;3991;291;31;13;3480;1082;222;147;7471;1373;253;160
2022.03_13-10-2022;Архангельская область;105_165_days;SputnikLite;305;18;4;2;309;63;3;0;614;81;7;2;3991;291;31;13;3480;1082;222;147;7471;1373;253;160
2022.03_13-10-2022;Архангельская область;105_165_days;SputnikV;154;10;1;0;164;35;2;0;318;45;3;0;3991;291;31;13;3480;1082;222;147;7471;1373;253;160
2022.03_13-10-2022;Архангельская область;165_195_days;AllVaccines;198;10;1;0;166;34;2;1;364;44;3;1;3991;291;31;13;3480;1082;222;147;7471;1373;253;160
2022.03_13-10-2022;Архангельская область;165_195_days;EpiVacCorona;2;0;0;0;2;1;0;0;4;1;0;0;3991;291;31;13;3480;1082;222;147;7471;1373;253;160
2022.03_13-10-2022;Архангельская область;165_195_days;SputnikLite;85;4;0;0;86;21;2;1;171;25;2;1;3991;291;31;13;3480;1082;222;147;7471;1373;253;160
2022.03_13-10-2022;Архангельская область;165_195_days;SputnikV;111;6;1;0;78;12;0;0;189;18;1;0;3991;291;31;13;3480;1082;222;147;7471;1373;253;160
2022.03_13-10-2022;Архангельская область;21_45_days;AllVaccines;66;3;0;0;68;17;4;0;134;20;4;0;3991;291;31;13;3480;1082;222;147;7471;1373;253;160
2022.03_13-10-2022;Архангельская область;21_45_days;CoviVac;2;0;0;0;0;0;0;0;2;0;0;0;3991;291;31;13;3480;1082;222;147;7471;1373;253;160
2022.03_13-10-2022;Архангельская область;21_45_days;EpiVacCorona;3;0;0;0;2;1;0;0;5;1;0;0;3991;291;31;13;3480;1082;222;147;7471;1373;253;160
2022.03_13-10-2022;Архангельская область;21_45_days;SputnikLite;44;2;0;0;28;6;1;0;72;8;1;0;3991;291;31;13;3480;1082;222;147;7471;1373;253;160
2022.03_13-10-2022;Архангельская область;21_45_days;SputnikV;17;1;0;0;38;10;3;0;55;11;3;0;3991;291;31;13;3480;1082;222;147;7471;1373;253;160
2022.03_13-10-2022;Архангельская область;45_75_days;AllVaccines;122;6;0;0;121;31;1;1;243;37;1;1;3991;291;31;13;3480;1082;222;147;7471;1373;253;160
2022.03_13-10-2022;Архангельская область;45_75_days;CoviVac;3;0;0;0;1;0;0;0;4;0;0;0;3991;291;31;13;3480;1082;222;147;7471;1373;253;160
2022.03_13-10-2022;Архангельская область;45_75_days;EpiVacCorona;5;1;0;0;8;1;0;0;13;2;0;0;3991;291;31;13;3480;1082;222;147;7471;1373;253;160
2022.03_13-10-2022;Архангельская область;45_75_days;SputnikLite;92;5;0;0;84;21;1;1;176;26;1;1;3991;291;31;13;3480;1082;222;147;7471;1373;253;160
2022.03_13-10-2022;Архангельская область;45_75_days;SputnikV;22;0;0;0;28;9;0;0;50;9;0;0;3991;291;31;13;3480;1082;222;147;7471;1373;253;160
2022.03_13-10-2022;Архангельская область;75_90_days;AllVaccines;137;13;1;1;179;48;3;1;316;61;4;2;3991;291;31;13;3480;1082;222;147;7471;1373;253;160
2022.03_13-10-2022;Архангельская область;75_90_days;CoviVac;2;0;0;0;0;0;0;0;2;0;0;0;3991;291;31;13;3480;1082;222;147;7471;1373;253;160
2022.03_13-10-2022;Архангельская область;75_90_days;EpiVacCorona;17;1;0;0;12;2;1;1;29;3;1;1;3991;291;31;13;3480;1082;222;147;7471;1373;253;160
2022.03_13-10-2022;Архангельская область;75_90_days;SputnikLite;43;4;0;0;64;17;1;0;107;21;1;0;3991;291;31;13;3480;1082;222;147;7471;1373;253;160
2022.03_13-10-2022;Архангельская область;75_90_days;SputnikV;75;8;1;1;103;29;1;0;178;37;2;1;3991;291;31;13;3480;1082;222;147;7471;1373;253;160
2022.03_13-10-2022;Архангельская область;90_105_days;AllVaccines;170;8;1;0;224;45;7;3;394;53;8;3;3991;291;31;13;3480;1082;222;147;7471;1373;253;160
2022.03_13-10-2022;Архангельская область;90_105_days;CoviVac;4;1;0;0;3;0;0;0;7;1;0;0;3991;291;31;13;3480;1082;222;147;7471;1373;253;160
2022.03_13-10-2022;Архангельская область;90_105_days;EpiVacCorona;13;0;0;0;14;2;0;0;27;2;0;0;3991;291;31;13;3480;1082;222;147;7471;1373;253;160
2022.03_13-10-2022;Архангельская область;90_105_days;SputnikLite;58;3;1;0;83;14;4;1;141;17;5;1;3991;291;31;13;3480;1082;222;147;7471;1373;253;160
2022.03_13-10-2022;Архангельская область;90_105_days;SputnikV;95;4;0;0;124;29;3;2;219;33;3;2;3991;291;31;13;3480;1082;222;147;7471;1373;253;160
2022.03_13-10-2022;Астраханская область;105_165_days;AllVaccines;265;17;1;0;175;25;3;2;440;42;4;2;1888;197;30;12;1342;324;73;48;3230;521;103;60
2022.03_13-10-2022;Астраханская область;105_165_days;CoviVac;4;0;0;0;1;0;0;0;5;0;0;0;1888;197;30;12;1342;324;73;48;3230;521;103;60
2022.03_13-10-2022;Астраханская область;105_165_days;EpiVacCorona;13;0;0;0;16;6;0;0;29;6;0;0;1888;197;30;12;1342;324;73;48;3230;521;103;60
2022.03_13-10-2022;Астраханская область;105_165_days;SputnikLite;120;9;1;0;101;12;3;2;221;21;4;2;1888;197;30;12;1342;324;73;48;3230;521;103;60
2022.03_13-10-2022;Астраханская область;105_165_days;SputnikV;128;8;0;0;57;7;0;0;185;15;0;0;1888;197;30;12;1342;324;73;48;3230;521;103;60
2022.03_13-10-2022;Астраханская область;165_195_days;AllVaccines;121;8;0;0;63;15;5;2;184;23;5;2;1888;197;30;12;1342;324;73;48;3230;521;103;60
2022.03_13-10-2022;Астраханская область;165_195_days;CoviVac;1;0;0;0;0;0;0;0;1;0;0;0;1888;197;30;12;1342;324;73;48;3230;521;103;60
2022.03_13-10-2022;Астраханская область;165_195_days;EpiVacCorona;4;0;0;0;2;0;0;0;6;0;0;0;1888;197;30;12;1342;324;73;48;3230;521;103;60
2022.03_13-10-2022;Астраханская область;165_195_days;SputnikLite;26;0;0;0;18;5;3;2;44;5;3;2;1888;197;30;12;1342;324;73;48;3230;521;103;60
2022.03_13-10-2022;Астраханская область;165_195_days;SputnikV;90;8;0;0;43;10;2;0;133;18;2;0;1888;197;30;12;1342;324;73;48;3230;521;103;60
2022.03_13-10-2022;Астраханская область;21_45_days;AllVaccines;72;3;0;0;30;5;1;1;102;8;1;1;1888;197;30;12;1342;324;73;48;3230;521;103;60
2022.03_13-10-2022;Астраханская область;21_45_days;CoviVac;0;0;0;0;1;0;0;0;1;0;0;0;1888;197;30;12;1342;324;73;48;3230;521;103;60
2022.03_13-10-2022;Астраханская область;21_45_days;EpiVacCorona;2;0;0;0;3;1;0;0;5;1;0;0;1888;197;30;12;1342;324;73;48;3230;521;103;60
2022.03_13-10-2022;Астраханская область;21_45_days;SputnikLite;47;1;0;0;15;3;1;1;62;4;1;1;1888;197;30;12;1342;324;73;48;3230;521;103;60
2022.03_13-10-2022;Астраханская область;21_45_days;SputnikV;23;2;0;0;11;1;0;0;34;3;0;0;1888;197;30;12;1342;324;73;48;3230;521;103;60
2022.03_13-10-2022;Астраханская область;45_75_days;AllVaccines;87;2;0;0;42;10;3;2;129;12;3;2;1888;197;30;12;1342;324;73;48;3230;521;103;60
2022.03_13-10-2022;Астраханская область;45_75_days;CoviVac;0;0;0;0;3;0;0;0;3;0;0;0;1888;197;30;12;1342;324;73;48;3230;521;103;60
2022.03_13-10-2022;Астраханская область;45_75_days;EpiVacCorona;2;0;0;0;1;1;0;0;3;1;0;0;1888;197;30;12;1342;324;73;48;3230;521;103;60
2022.03_13-10-2022;Астраханская область;45_75_days;SputnikLite;65;1;0;0;24;5;2;1;89;6;2;1;1888;197;30;12;1342;324;73;48;3230;521;103;60
2022.03_13-10-2022;Астраханская область;45_75_days;SputnikV;20;1;0;0;14;4;1;1;34;5;1;1;1888;197;30;12;1342;324;73;48;3230;521;103;60
2022.03_13-10-2022;Астраханская область;75_90_days;AllVaccines;66;5;1;0;31;4;0;0;97;9;1;0;1888;197;30;12;1342;324;73;48;3230;521;103;60
2022.03_13-10-2022;Астраханская область;75_90_days;EpiVacCorona;4;0;0;0;0;0;0;0;4;0;0;0;1888;197;30;12;1342;324;73;48;3230;521;103;60
2022.03_13-10-2022;Астраханская область;75_90_days;SputnikLite;31;3;1;0;12;2;0;0;43;5;1;0;1888;197;30;12;1342;324;73;48;3230;521;103;60
2022.03_13-10-2022;Астраханская область;75_90_days;SputnikV;31;2;0;0;19;2;0;0;50;4;0;0;1888;197;30;12;1342;324;73;48;3230;521;103;60
2022.03_13-10-2022;Астраханская область;90_105_days;AllVaccines;99;3;0;0;74;12;3;1;173;15;3;1;1888;197;30;12;1342;324;73;48;3230;521;103;60
2022.03_13-10-2022;Астраханская область;90_105_days;CoviVac;2;0;0;0;1;0;0;0;3;0;0;0;1888;197;30;12;1342;324;73;48;3230;521;103;60
2022.03_13-10-2022;Астраханская область;90_105_days;EpiVacCorona;5;0;0;0;6;2;1;1;11;2;1;1;1888;197;30;12;1342;324;73;48;3230;521;103;60
2022.03_13-10-2022;Астраханская область;90_105_days;SputnikLite;26;1;0;0;28;3;1;0;54;4;1;0;1888;197;30;12;1342;324;73;48;3230;521;103;60
2022.03_13-10-2022;Астраханская область;90_105_days;SputnikV;66;2;0;0;39;7;1;0;105;9;1;0;1888;197;30;12;1342;324;73;48;3230;521;103;60
2022.03_13-10-2022;Белгородская область;105_165_days;AllVaccines;644;22;1;0;635;82;14;12;1279;104;15;12;4290;241;19;10;3573;734;140;110;7863;975;159;120
2022.03_13-10-2022;Белгородская область;105_165_days;CoviVac;16;1;0;0;10;2;0;0;26;3;0;0;4290;241;19;10;3573;734;140;110;7863;975;159;120
2022.03_13-10-2022;Белгородская область;105_165_days;EpiVacCorona;14;1;0;0;4;1;0;0;18;2;0;0;4290;241;19;10;3573;734;140;110;7863;975;159;120
2022.03_13-10-2022;Белгородская область;105_165_days;SputnikLite;387;13;0;0;413;46;10;7;800;59;10;7;4290;241;19;10;3573;734;140;110;7863;975;159;120
2022.03_13-10-2022;Белгородская область;105_165_days;SputnikV;227;7;1;0;208;33;4;5;435;40;5;5;4290;241;19;10;3573;734;140;110;7863;975;159;120
2022.03_13-10-2022;Белгородская область;165_195_days;AllVaccines;202;8;2;0;175;26;8;3;377;34;10;3;4290;241;19;10;3573;734;140;110;7863;975;159;120
2022.03_13-10-2022;Белгородская область;165_195_days;CoviVac;5;0;0;0;4;0;0;0;9;0;0;0;4290;241;19;10;3573;734;140;110;7863;975;159;120
2022.03_13-10-2022;Белгородская область;165_195_days;EpiVacCorona;5;1;0;0;2;0;0;0;7;1;0;0;4290;241;19;10;3573;734;140;110;7863;975;159;120
2022.03_13-10-2022;Белгородская область;165_195_days;SputnikLite;63;1;1;0;70;10;2;1;133;11;3;1;4290;241;19;10;3573;734;140;110;7863;975;159;120
2022.03_13-10-2022;Белгородская область;165_195_days;SputnikV;129;6;1;0;99;16;6;2;228;22;7;2;4290;241;19;10;3573;734;140;110;7863;975;159;120
2022.03_13-10-2022;Белгородская область;21_45_days;AllVaccines;155;5;0;0;98;10;1;0;253;15;1;0;4290;241;19;10;3573;734;140;110;7863;975;159;120
2022.03_13-10-2022;Белгородская область;21_45_days;EpiVacCorona;2;0;0;0;5;1;0;0;7;1;0;0;4290;241;19;10;3573;734;140;110;7863;975;159;120
2022.03_13-10-2022;Белгородская область;21_45_days;SputnikLite;104;2;0;0;62;5;0;0;166;7;0;0;4290;241;19;10;3573;734;140;110;7863;975;159;120
2022.03_13-10-2022;Белгородская область;21_45_days;SputnikV;49;3;0;0;31;4;1;0;80;7;1;0;4290;241;19;10;3573;734;140;110;7863;975;159;120
2022.03_13-10-2022;Белгородская область;45_75_days;AllVaccines;247;7;0;0;156;20;5;2;403;27;5;2;4290;241;19;10;3573;734;140;110;7863;975;159;120
2022.03_13-10-2022;Белгородская область;45_75_days;CoviVac;2;0;0;0;0;0;0;0;2;0;0;0;4290;241;19;10;3573;734;140;110;7863;975;159;120
2022.03_13-10-2022;Белгородская область;45_75_days;EpiVacCorona;3;0;0;0;4;0;0;0;7;0;0;0;4290;241;19;10;3573;734;140;110;7863;975;159;120
2022.03_13-10-2022;Белгородская область;45_75_days;SputnikLite;205;7;0;0;126;11;4;2;331;18;4;2;4290;241;19;10;3573;734;140;110;7863;975;159;120
2022.03_13-10-2022;Белгородская область;45_75_days;SputnikV;37;0;0;0;26;9;1;0;63;9;1;0;4290;241;19;10;3573;734;140;110;7863;975;159;120
2022.03_13-10-2022;Белгородская область;75_90_days;AllVaccines;175;9;0;0;120;19;1;2;295;28;1;2;4290;241;19;10;3573;734;140;110;7863;975;159;120
2022.03_13-10-2022;Белгородская область;75_90_days;CoviVac;2;0;0;0;1;0;0;0;3;0;0;0;4290;241;19;10;3573;734;140;110;7863;975;159;120
2022.03_13-10-2022;Белгородская область;75_90_days;EpiVacCorona;2;0;0;0;0;0;0;0;2;0;0;0;4290;241;19;10;3573;734;140;110;7863;975;159;120
2022.03_13-10-2022;Белгородская область;75_90_days;SputnikLite;93;5;0;0;69;7;1;2;162;12;1;2;4290;241;19;10;3573;734;140;110;7863;975;159;120
2022.03_13-10-2022;Белгородская область;75_90_days;SputnikV;78;4;0;0;50;12;0;0;128;16;0;0;4290;241;19;10;3573;734;140;110;7863;975;159;120
2022.03_13-10-2022;Белгородская область;90_105_days;AllVaccines;266;23;2;1;203;33;3;2;469;56;5;3;4290;241;19;10;3573;734;140;110;7863;975;159;120
2022.03_13-10-2022;Белгородская область;90_105_days;CoviVac;1;0;0;0;1;0;0;0;2;0;0;0;4290;241;19;10;3573;734;140;110;7863;975;159;120
2022.03_13-10-2022;Белгородская область;90_105_days;EpiVacCorona;9;0;0;0;2;0;0;0;11;0;0;0;4290;241;19;10;3573;734;140;110;7863;975;159;120
2022.03_13-10-2022;Белгородская область;90_105_days;SputnikLite;89;8;1;1;88;20;3;1;177;28;4;2;4290;241;19;10;3573;734;140;110;7863;975;159;120
2022.03_13-10-2022;Белгородская область;90_105_days;SputnikV;167;15;1;0;112;13;0;1;279;28;1;1;4290;241;19;10;3573;734;140;110;7863;975;159;120
2022.03_13-10-2022;Брянская область;105_165_days;AllVaccines;763;19;4;2;695;78;13;15;1458;97;17;17;5864;193;34;20;4417;879;187;166;10281;1072;221;186
2022.03_13-10-2022;Брянская область;105_165_days;CoviVac;23;0;0;0;11;0;0;0;34;0;0;0;5864;193;34;20;4417;879;187;166;10281;1072;221;186
2022.03_13-10-2022;Брянская область;105_165_days;EpiVacCorona;31;0;0;0;27;4;2;2;58;4;2;2;5864;193;34;20;4417;879;187;166;10281;1072;221;186
2022.03_13-10-2022;Брянская область;105_165_days;SputnikLite;335;6;1;1;361;39;4;6;696;45;5;7;5864;193;34;20;4417;879;187;166;10281;1072;221;186
2022.03_13-10-2022;Брянская область;105_165_days;SputnikV;374;13;3;1;296;35;7;7;670;48;10;8;5864;193;34;20;4417;879;187;166;10281;1072;221;186
2022.03_13-10-2022;Брянская область;165_195_days;AllVaccines;318;2;0;0;164;17;2;3;482;19;2;3;5864;193;34;20;4417;879;187;166;10281;1072;221;186
2022.03_13-10-2022;Брянская область;165_195_days;CoviVac;12;1;0;0;7;1;0;0;19;2;0;0;5864;193;34;20;4417;879;187;166;10281;1072;221;186
2022.03_13-10-2022;Брянская область;165_195_days;EpiVacCorona;2;0;0;0;0;0;0;0;2;0;0;0;5864;193;34;20;4417;879;187;166;10281;1072;221;186
2022.03_13-10-2022;Брянская область;165_195_days;SputnikLite;145;0;0;0;102;8;1;2;247;8;1;2;5864;193;34;20;4417;879;187;166;10281;1072;221;186
2022.03_13-10-2022;Брянская область;165_195_days;SputnikV;159;1;0;0;55;8;1;1;214;9;1;1;5864;193;34;20;4417;879;187;166;10281;1072;221;186
2022.03_13-10-2022;Брянская область;21_45_days;AllVaccines;124;2;1;1;85;11;2;1;209;13;3;2;5864;193;34;20;4417;879;187;166;10281;1072;221;186
2022.03_13-10-2022;Брянская область;21_45_days;CoviVac;3;0;0;0;1;0;0;0;4;0;0;0;5864;193;34;20;4417;879;187;166;10281;1072;221;186
2022.03_13-10-2022;Брянская область;21_45_days;EpiVacCorona;9;1;0;0;5;3;1;1;14;4;1;1;5864;193;34;20;4417;879;187;166;10281;1072;221;186
2022.03_13-10-2022;Брянская область;21_45_days;SputnikLite;57;1;1;1;38;3;0;0;95;4;1;1;5864;193;34;20;4417;879;187;166;10281;1072;221;186
2022.03_13-10-2022;Брянская область;21_45_days;SputnikV;55;0;0;0;41;5;1;0;96;5;1;0;5864;193;34;20;4417;879;187;166;10281;1072;221;186
2022.03_13-10-2022;Брянская область;45_75_days;AllVaccines;246;3;0;0;177;22;4;3;423;25;4;3;5864;193;34;20;4417;879;187;166;10281;1072;221;186
2022.03_13-10-2022;Брянская область;45_75_days;CoviVac;6;0;0;0;1;0;0;0;7;0;0;0;5864;193;34;20;4417;879;187;166;10281;1072;221;186
2022.03_13-10-2022;Брянская область;45_75_days;EpiVacCorona;1;1;0;0;7;2;1;1;8;3;1;1;5864;193;34;20;4417;879;187;166;10281;1072;221;186
2022.03_13-10-2022;Брянская область;45_75_days;SputnikLite;193;1;0;0;135;14;1;1;328;15;1;1;5864;193;34;20;4417;879;187;166;10281;1072;221;186
2022.03_13-10-2022;Брянская область;45_75_days;SputnikV;46;1;0;0;34;6;2;1;80;7;2;1;5864;193;34;20;4417;879;187;166;10281;1072;221;186
2022.03_13-10-2022;Брянская область;75_90_days;AllVaccines;154;6;1;0;145;14;3;1;299;20;4;1;5864;193;34;20;4417;879;187;166;10281;1072;221;186
2022.03_13-10-2022;Брянская область;75_90_days;CoviVac;2;0;0;0;2;0;0;0;4;0;0;0;5864;193;34;20;4417;879;187;166;10281;1072;221;186
2022.03_13-10-2022;Брянская область;75_90_days;EpiVacCorona;13;2;1;0;15;3;1;1;28;5;2;1;5864;193;34;20;4417;879;187;166;10281;1072;221;186
2022.03_13-10-2022;Брянская область;75_90_days;SputnikLite;51;1;0;0;50;7;2;0;101;8;2;0;5864;193;34;20;4417;879;187;166;10281;1072;221;186
2022.03_13-10-2022;Брянская область;75_90_days;SputnikV;88;3;0;0;78;4;0;0;166;7;0;0;5864;193;34;20;4417;879;187;166;10281;1072;221;186
2022.03_13-10-2022;Брянская область;90_105_days;AllVaccines;236;4;2;1;247;37;4;3;483;41;6;4;5864;193;34;20;4417;879;187;166;10281;1072;221;186
2022.03_13-10-2022;Брянская область;90_105_days;CoviVac;19;0;0;0;9;2;1;1;28;2;1;1;5864;193;34;20;4417;879;187;166;10281;1072;221;186
2022.03_13-10-2022;Брянская область;90_105_days;EpiVacCorona;28;1;1;1;26;8;1;1;54;9;2;2;5864;193;34;20;4417;879;187;166;10281;1072;221;186
2022.03_13-10-2022;Брянская область;90_105_days;SputnikLite;74;1;0;0;70;10;0;0;144;11;0;0;5864;193;34;20;4417;879;187;166;10281;1072;221;186
2022.03_13-10-2022;Брянская область;90_105_days;SputnikV;115;2;1;0;142;17;2;1;257;19;3;1;5864;193;34;20;4417;879;187;166;10281;1072;221;186
2022.03_13-10-2022;Владимирская область;105_165_days;AllVaccines;598;25;2;0;567;92;12;6;1165;117;14;6;4906;292;43;14;4151;925;192;121;9057;1217;235;135
2022.03_13-10-2022;Владимирская область;105_165_days;CoviVac;6;1;0;0;10;2;0;0;16;3;0;0;4906;292;43;14;4151;925;192;121;9057;1217;235;135
2022.03_13-10-2022;Владимирская область;105_165_days;EpiVacCorona;23;1;0;0;33;8;1;1;56;9;1;1;4906;292;43;14;4151;925;192;121;9057;1217;235;135
2022.03_13-10-2022;Владимирская область;105_165_days;SputnikLite;352;16;0;0;331;46;7;3;683;62;7;3;4906;292;43;14;4151;925;192;121;9057;1217;235;135
2022.03_13-10-2022;Владимирская область;105_165_days;SputnikV;217;7;2;0;193;36;4;2;410;43;6;2;4906;292;43;14;4151;925;192;121;9057;1217;235;135
2022.03_13-10-2022;Владимирская область;165_195_days;AllVaccines;296;12;0;0;179;19;4;1;475;31;4;1;4906;292;43;14;4151;925;192;121;9057;1217;235;135
2022.03_13-10-2022;Владимирская область;165_195_days;CoviVac;3;0;0;0;3;0;0;0;6;0;0;0;4906;292;43;14;4151;925;192;121;9057;1217;235;135
2022.03_13-10-2022;Владимирская область;165_195_days;EpiVacCorona;9;0;0;0;1;0;0;0;10;0;0;0;4906;292;43;14;4151;925;192;121;9057;1217;235;135
2022.03_13-10-2022;Владимирская область;165_195_days;SputnikLite;124;6;0;0;100;10;1;0;224;16;1;0;4906;292;43;14;4151;925;192;121;9057;1217;235;135
2022.03_13-10-2022;Владимирская область;165_195_days;SputnikV;160;6;0;0;75;9;3;1;235;15;3;1;4906;292;43;14;4151;925;192;121;9057;1217;235;135
2022.03_13-10-2022;Владимирская область;21_45_days;AllVaccines;80;3;1;0;71;14;4;1;151;17;5;1;4906;292;43;14;4151;925;192;121;9057;1217;235;135
2022.03_13-10-2022;Владимирская область;21_45_days;CoviVac;0;0;0;0;2;0;0;0;2;0;0;0;4906;292;43;14;4151;925;192;121;9057;1217;235;135
2022.03_13-10-2022;Владимирская область;21_45_days;EpiVacCorona;8;0;0;0;3;1;1;0;11;1;1;0;4906;292;43;14;4151;925;192;121;9057;1217;235;135
2022.03_13-10-2022;Владимирская область;21_45_days;SputnikLite;40;1;0;0;35;6;1;0;75;7;1;0;4906;292;43;14;4151;925;192;121;9057;1217;235;135
2022.03_13-10-2022;Владимирская область;21_45_days;SputnikV;32;2;1;0;31;7;2;1;63;9;3;1;4906;292;43;14;4151;925;192;121;9057;1217;235;135
2022.03_13-10-2022;Владимирская область;45_75_days;AllVaccines;117;1;0;0;104;16;2;0;221;17;2;0;4906;292;43;14;4151;925;192;121;9057;1217;235;135
2022.03_13-10-2022;Владимирская область;45_75_days;CoviVac;2;0;0;0;1;1;0;0;3;1;0;0;4906;292;43;14;4151;925;192;121;9057;1217;235;135
2022.03_13-10-2022;Владимирская область;45_75_days;EpiVacCorona;13;0;0;0;6;1;0;0;19;1;0;0;4906;292;43;14;4151;925;192;121;9057;1217;235;135
2022.03_13-10-2022;Владимирская область;45_75_days;SputnikLite;68;0;0;0;75;12;1;0;143;12;1;0;4906;292;43;14;4151;925;192;121;9057;1217;235;135
2022.03_13-10-2022;Владимирская область;45_75_days;SputnikV;34;1;0;0;22;2;1;0;56;3;1;0;4906;292;43;14;4151;925;192;121;9057;1217;235;135
2022.03_13-10-2022;Владимирская область;75_90_days;AllVaccines;96;6;0;0;117;15;2;1;213;21;2;1;4906;292;43;14;4151;925;192;121;9057;1217;235;135
2022.03_13-10-2022;Владимирская область;75_90_days;EpiVacCorona;7;1;0;0;16;2;1;1;23;3;1;1;4906;292;43;14;4151;925;192;121;9057;1217;235;135
2022.03_13-10-2022;Владимирская область;75_90_days;SputnikLite;27;3;0;0;52;8;1;0;79;11;1;0;4906;292;43;14;4151;925;192;121;9057;1217;235;135
2022.03_13-10-2022;Владимирская область;75_90_days;SputnikV;62;2;0;0;49;5;0;0;111;7;0;0;4906;292;43;14;4151;925;192;121;9057;1217;235;135
2022.03_13-10-2022;Владимирская область;90_105_days;AllVaccines;263;16;1;0;190;33;4;3;453;49;5;3;4906;292;43;14;4151;925;192;121;9057;1217;235;135
2022.03_13-10-2022;Владимирская область;90_105_days;CoviVac;4;1;0;0;1;0;0;0;5;1;0;0;4906;292;43;14;4151;925;192;121;9057;1217;235;135
2022.03_13-10-2022;Владимирская область;90_105_days;EpiVacCorona;21;3;0;0;11;1;0;0;32;4;0;0;4906;292;43;14;4151;925;192;121;9057;1217;235;135
2022.03_13-10-2022;Владимирская область;90_105_days;SputnikLite;101;4;0;0;70;14;1;1;171;18;1;1;4906;292;43;14;4151;925;192;121;9057;1217;235;135
2022.03_13-10-2022;Владимирская область;90_105_days;SputnikV;137;8;1;0;108;18;3;2;245;26;4;2;4906;292;43;14;4151;925;192;121;9057;1217;235;135
2022.03_13-10-2022;Волгоградская область;105_165_days;AllVaccines;1469;94;13;5;1088;259;57;20;2557;353;70;25;10835;816;110;33;7230;2234;601;251;18065;3050;711;284
2022.03_13-10-2022;Волгоградская область;105_165_days;CoviVac;18;0;0;0;10;2;1;0;28;2;1;0;10835;816;110;33;7230;2234;601;251;18065;3050;711;284
2022.03_13-10-2022;Волгоградская область;105_165_days;EpiVacCorona;27;1;0;0;27;6;2;1;54;7;2;1;10835;816;110;33;7230;2234;601;251;18065;3050;711;284
2022.03_13-10-2022;Волгоградская область;105_165_days;SputnikLite;583;34;4;3;454;89;17;5;1037;123;21;8;10835;816;110;33;7230;2234;601;251;18065;3050;711;284
2022.03_13-10-2022;Волгоградская область;105_165_days;SputnikV;841;59;9;2;597;162;37;14;1438;221;46;16;10835;816;110;33;7230;2234;601;251;18065;3050;711;284
2022.03_13-10-2022;Волгоградская область;165_195_days;AllVaccines;861;53;6;0;392;87;15;3;1253;140;21;3;10835;816;110;33;7230;2234;601;251;18065;3050;711;284
2022.03_13-10-2022;Волгоградская область;165_195_days;CoviVac;11;0;0;0;9;3;1;1;20;3;1;1;10835;816;110;33;7230;2234;601;251;18065;3050;711;284
2022.03_13-10-2022;Волгоградская область;165_195_days;EpiVacCorona;19;4;0;0;10;1;0;0;29;5;0;0;10835;816;110;33;7230;2234;601;251;18065;3050;711;284
2022.03_13-10-2022;Волгоградская область;165_195_days;SputnikLite;254;16;2;0;173;37;8;0;427;53;10;0;10835;816;110;33;7230;2234;601;251;18065;3050;711;284
2022.03_13-10-2022;Волгоградская область;165_195_days;SputnikV;577;33;4;0;200;46;6;2;777;79;10;2;10835;816;110;33;7230;2234;601;251;18065;3050;711;284
2022.03_13-10-2022;Волгоградская область;21_45_days;AllVaccines;400;19;1;1;207;40;12;5;607;59;13;6;10835;816;110;33;7230;2234;601;251;18065;3050;711;284
2022.03_13-10-2022;Волгоградская область;21_45_days;CoviVac;13;2;0;0;3;1;1;0;16;3;1;0;10835;816;110;33;7230;2234;601;251;18065;3050;711;284
2022.03_13-10-2022;Волгоградская область;21_45_days;EpiVacCorona;18;0;0;0;10;2;0;0;28;2;0;0;10835;816;110;33;7230;2234;601;251;18065;3050;711;284
2022.03_13-10-2022;Волгоградская область;21_45_days;SputnikLite;243;13;0;0;112;23;7;4;355;36;7;4;10835;816;110;33;7230;2234;601;251;18065;3050;711;284
2022.03_13-10-2022;Волгоградская область;21_45_days;SputnikV;126;4;1;1;82;14;4;1;208;18;5;2;10835;816;110;33;7230;2234;601;251;18065;3050;711;284
2022.03_13-10-2022;Волгоградская область;45_75_days;AllVaccines;574;26;2;0;356;82;21;7;930;108;23;7;10835;816;110;33;7230;2234;601;251;18065;3050;711;284
2022.03_13-10-2022;Волгоградская область;45_75_days;CoviVac;5;0;0;0;6;1;0;0;11;1;0;0;10835;816;110;33;7230;2234;601;251;18065;3050;711;284
2022.03_13-10-2022;Волгоградская область;45_75_days;EpiVacCorona;9;1;0;0;24;15;2;1;33;16;2;1;10835;816;110;33;7230;2234;601;251;18065;3050;711;284
2022.03_13-10-2022;Волгоградская область;45_75_days;SputnikLite;439;17;1;0;237;44;16;5;676;61;17;5;10835;816;110;33;7230;2234;601;251;18065;3050;711;284
2022.03_13-10-2022;Волгоградская область;45_75_days;SputnikV;121;8;1;0;89;22;3;1;210;30;4;1;10835;816;110;33;7230;2234;601;251;18065;3050;711;284
2022.03_13-10-2022;Волгоградская область;75_90_days;AllVaccines;357;21;3;1;300;72;12;3;657;93;15;4;10835;816;110;33;7230;2234;601;251;18065;3050;711;284
2022.03_13-10-2022;Волгоградская область;75_90_days;CoviVac;6;0;0;0;2;0;0;0;8;0;0;0;10835;816;110;33;7230;2234;601;251;18065;3050;711;284
2022.03_13-10-2022;Волгоградская область;75_90_days;EpiVacCorona;11;1;0;0;11;5;2;0;22;6;2;0;10835;816;110;33;7230;2234;601;251;18065;3050;711;284
2022.03_13-10-2022;Волгоградская область;75_90_days;SputnikLite;160;11;3;1;141;32;4;2;301;43;7;3;10835;816;110;33;7230;2234;601;251;18065;3050;711;284
2022.03_13-10-2022;Волгоградская область;75_90_days;SputnikV;180;9;0;0;146;35;6;1;326;44;6;1;10835;816;110;33;7230;2234;601;251;18065;3050;711;284
2022.03_13-10-2022;Волгоградская область;90_105_days;AllVaccines;705;39;5;1;500;117;17;2;1205;156;22;3;10835;816;110;33;7230;2234;601;251;18065;3050;711;284
2022.03_13-10-2022;Волгоградская область;90_105_days;CoviVac;4;0;0;0;1;1;0;0;5;1;0;0;10835;816;110;33;7230;2234;601;251;18065;3050;711;284
2022.03_13-10-2022;Волгоградская область;90_105_days;EpiVacCorona;9;0;0;0;7;1;0;0;16;1;0;0;10835;816;110;33;7230;2234;601;251;18065;3050;711;284
2022.03_13-10-2022;Волгоградская область;90_105_days;SputnikLite;229;12;3;1;186;43;8;0;415;55;11;1;10835;816;110;33;7230;2234;601;251;18065;3050;711;284
2022.03_13-10-2022;Волгоградская область;90_105_days;SputnikV;463;27;2;0;306;72;9;2;769;99;11;2;10835;816;110;33;7230;2234;601;251;18065;3050;711;284
2022.03_13-10-2022;Вологодская область;105_165_days;AllVaccines;801;24;1;0;638;68;11;11;1439;92;12;11;6131;300;31;9;4699;727;158;110;10830;1027;189;119
2022.03_13-10-2022;Вологодская область;105_165_days;CoviVac;20;1;0;0;0;0;0;0;20;1;0;0;6131;300;31;9;4699;727;158;110;10830;1027;189;119
2022.03_13-10-2022;Вологодская область;105_165_days;EpiVacCorona;24;1;0;0;13;3;0;0;37;4;0;0;6131;300;31;9;4699;727;158;110;10830;1027;189;119
2022.03_13-10-2022;Вологодская область;105_165_days;SputnikLite;504;12;0;0;322;34;5;5;826;46;5;5;6131;300;31;9;4699;727;158;110;10830;1027;189;119
2022.03_13-10-2022;Вологодская область;105_165_days;SputnikV;253;10;1;0;303;31;6;6;556;41;7;6;6131;300;31;9;4699;727;158;110;10830;1027;189;119
2022.03_13-10-2022;Вологодская область;165_195_days;AllVaccines;227;6;2;0;203;29;4;4;430;35;6;4;6131;300;31;9;4699;727;158;110;10830;1027;189;119
2022.03_13-10-2022;Вологодская область;165_195_days;CoviVac;1;0;0;0;0;0;0;0;1;0;0;0;6131;300;31;9;4699;727;158;110;10830;1027;189;119
2022.03_13-10-2022;Вологодская область;165_195_days;EpiVacCorona;2;0;0;0;6;1;0;0;8;1;0;0;6131;300;31;9;4699;727;158;110;10830;1027;189;119
2022.03_13-10-2022;Вологодская область;165_195_days;SputnikLite;141;4;0;0;127;19;2;2;268;23;2;2;6131;300;31;9;4699;727;158;110;10830;1027;189;119
2022.03_13-10-2022;Вологодская область;165_195_days;SputnikV;83;2;2;0;70;9;2;2;153;11;4;2;6131;300;31;9;4699;727;158;110;10830;1027;189;119
2022.03_13-10-2022;Вологодская область;21_45_days;AllVaccines;93;7;0;0;68;7;0;0;161;14;0;0;6131;300;31;9;4699;727;158;110;10830;1027;189;119
2022.03_13-10-2022;Вологодская область;21_45_days;CoviVac;13;0;0;0;2;0;0;0;15;0;0;0;6131;300;31;9;4699;727;158;110;10830;1027;189;119
2022.03_13-10-2022;Вологодская область;21_45_days;EpiVacCorona;9;1;0;0;1;0;0;0;10;1;0;0;6131;300;31;9;4699;727;158;110;10830;1027;189;119
2022.03_13-10-2022;Вологодская область;21_45_days;SputnikLite;26;3;0;0;13;0;0;0;39;3;0;0;6131;300;31;9;4699;727;158;110;10830;1027;189;119
2022.03_13-10-2022;Вологодская область;21_45_days;SputnikV;45;3;0;0;52;7;0;0;97;10;0;0;6131;300;31;9;4699;727;158;110;10830;1027;189;119
2022.03_13-10-2022;Вологодская область;45_75_days;AllVaccines;197;4;1;0;144;15;2;2;341;19;3;2;6131;300;31;9;4699;727;158;110;10830;1027;189;119
2022.03_13-10-2022;Вологодская область;45_75_days;CoviVac;9;0;0;0;1;0;0;0;10;0;0;0;6131;300;31;9;4699;727;158;110;10830;1027;189;119
2022.03_13-10-2022;Вологодская область;45_75_days;EpiVacCorona;21;0;0;0;9;1;0;0;30;1;0;0;6131;300;31;9;4699;727;158;110;10830;1027;189;119
2022.03_13-10-2022;Вологодская область;45_75_days;SputnikLite;82;2;1;0;103;11;2;1;185;13;3;1;6131;300;31;9;4699;727;158;110;10830;1027;189;119
2022.03_13-10-2022;Вологодская область;45_75_days;SputnikV;85;2;0;0;31;3;0;1;116;5;0;1;6131;300;31;9;4699;727;158;110;10830;1027;189;119
2022.03_13-10-2022;Вологодская область;75_90_days;AllVaccines;237;9;2;0;184;19;0;0;421;28;2;0;6131;300;31;9;4699;727;158;110;10830;1027;189;119
2022.03_13-10-2022;Вологодская область;75_90_days;CoviVac;8;0;0;0;1;0;0;0;9;0;0;0;6131;300;31;9;4699;727;158;110;10830;1027;189;119
2022.03_13-10-2022;Вологодская область;75_90_days;EpiVacCorona;19;0;0;0;12;1;0;0;31;1;0;0;6131;300;31;9;4699;727;158;110;10830;1027;189;119
2022.03_13-10-2022;Вологодская область;75_90_days;SputnikLite;58;4;1;0;68;7;0;0;126;11;1;0;6131;300;31;9;4699;727;158;110;10830;1027;189;119
2022.03_13-10-2022;Вологодская область;75_90_days;SputnikV;152;5;1;0;103;11;0;0;255;16;1;0;6131;300;31;9;4699;727;158;110;10830;1027;189;119
2022.03_13-10-2022;Вологодская область;90_105_days;AllVaccines;305;8;1;1;310;36;3;1;615;44;4;2;6131;300;31;9;4699;727;158;110;10830;1027;189;119
2022.03_13-10-2022;Вологодская область;90_105_days;CoviVac;10;0;0;0;8;0;0;0;18;0;0;0;6131;300;31;9;4699;727;158;110;10830;1027;189;119
2022.03_13-10-2022;Вологодская область;90_105_days;EpiVacCorona;11;0;0;0;13;0;0;0;24;0;0;0;6131;300;31;9;4699;727;158;110;10830;1027;189;119
2022.03_13-10-2022;Вологодская область;90_105_days;SputnikLite;75;4;1;1;93;8;0;0;168;12;1;1;6131;300;31;9;4699;727;158;110;10830;1027;189;119
2022.03_13-10-2022;Вологодская область;90_105_days;SputnikV;209;4;0;0;196;28;3;1;405;32;3;1;6131;300;31;9;4699;727;158;110;10830;1027;189;119
2022.03_13-10-2022;Воронежская область;105_165_days;AllVaccines;3245;90;8;3;2093;303;33;21;5338;393;41;24;18359;757;71;28;12910;2528;416;265;31269;3285;487;293
2022.03_13-10-2022;Воронежская область;105_165_days;CoviVac;57;2;0;0;24;1;0;0;81;3;0;0;18359;757;71;28;12910;2528;416;265;31269;3285;487;293
2022.03_13-10-2022;Воронежская область;105_165_days;EpiVacCorona;111;3;0;0;78;15;2;1;189;18;2;1;18359;757;71;28;12910;2528;416;265;31269;3285;487;293
2022.03_13-10-2022;Воронежская область;105_165_days;SputnikLite;1281;30;2;1;1113;153;19;13;2394;183;21;14;18359;757;71;28;12910;2528;416;265;31269;3285;487;293
2022.03_13-10-2022;Воронежская область;105_165_days;SputnikV;1796;55;6;2;878;134;12;7;2674;189;18;9;18359;757;71;28;12910;2528;416;265;31269;3285;487;293
2022.03_13-10-2022;Воронежская область;165_195_days;AllVaccines;878;17;2;0;799;99;9;4;1677;116;11;4;18359;757;71;28;12910;2528;416;265;31269;3285;487;293
2022.03_13-10-2022;Воронежская область;165_195_days;CoviVac;20;2;0;0;11;2;0;0;31;4;0;0;18359;757;71;28;12910;2528;416;265;31269;3285;487;293
2022.03_13-10-2022;Воронежская область;165_195_days;EpiVacCorona;12;0;0;0;17;4;1;0;29;4;1;0;18359;757;71;28;12910;2528;416;265;31269;3285;487;293
2022.03_13-10-2022;Воронежская область;165_195_days;SputnikLite;352;7;0;0;470;56;2;0;822;63;2;0;18359;757;71;28;12910;2528;416;265;31269;3285;487;293
2022.03_13-10-2022;Воронежская область;165_195_days;SputnikV;494;8;2;0;301;37;6;4;795;45;8;4;18359;757;71;28;12910;2528;416;265;31269;3285;487;293
2022.03_13-10-2022;Воронежская область;21_45_days;AllVaccines;449;10;1;1;296;43;4;5;745;53;5;6;18359;757;71;28;12910;2528;416;265;31269;3285;487;293
2022.03_13-10-2022;Воронежская область;21_45_days;CoviVac;9;1;0;0;2;1;0;0;11;2;0;0;18359;757;71;28;12910;2528;416;265;31269;3285;487;293
2022.03_13-10-2022;Воронежская область;21_45_days;EpiVacCorona;9;0;0;0;9;4;0;1;18;4;0;1;18359;757;71;28;12910;2528;416;265;31269;3285;487;293
2022.03_13-10-2022;Воронежская область;21_45_days;SputnikLite;289;5;1;1;141;13;2;2;430;18;3;3;18359;757;71;28;12910;2528;416;265;31269;3285;487;293
2022.03_13-10-2022;Воронежская область;21_45_days;SputnikV;142;4;0;0;144;25;2;2;286;29;2;2;18359;757;71;28;12910;2528;416;265;31269;3285;487;293
2022.03_13-10-2022;Воронежская область;45_75_days;AllVaccines;740;17;1;1;470;69;8;6;1210;86;9;7;18359;757;71;28;12910;2528;416;265;31269;3285;487;293
2022.03_13-10-2022;Воронежская область;45_75_days;CoviVac;15;0;0;0;10;0;0;0;25;0;0;0;18359;757;71;28;12910;2528;416;265;31269;3285;487;293
2022.03_13-10-2022;Воронежская область;45_75_days;EpiVacCorona;20;2;1;1;24;4;1;1;44;6;2;2;18359;757;71;28;12910;2528;416;265;31269;3285;487;293
2022.03_13-10-2022;Воронежская область;45_75_days;SputnikLite;546;8;0;0;325;43;4;2;871;51;4;2;18359;757;71;28;12910;2528;416;265;31269;3285;487;293
2022.03_13-10-2022;Воронежская область;45_75_days;SputnikV;159;7;0;0;111;22;3;3;270;29;3;3;18359;757;71;28;12910;2528;416;265;31269;3285;487;293
2022.03_13-10-2022;Воронежская область;75_90_days;AllVaccines;496;11;0;0;397;73;11;5;893;84;11;5;18359;757;71;28;12910;2528;416;265;31269;3285;487;293
2022.03_13-10-2022;Воронежская область;75_90_days;CoviVac;7;0;0;0;9;1;0;0;16;1;0;0;18359;757;71;28;12910;2528;416;265;31269;3285;487;293
2022.03_13-10-2022;Воронежская область;75_90_days;EpiVacCorona;36;2;0;0;42;15;2;2;78;17;2;2;18359;757;71;28;12910;2528;416;265;31269;3285;487;293
2022.03_13-10-2022;Воронежская область;75_90_days;SputnikLite;167;1;0;0;176;28;5;1;343;29;5;1;18359;757;71;28;12910;2528;416;265;31269;3285;487;293
2022.03_13-10-2022;Воронежская область;75_90_days;SputnikV;286;8;0;0;170;29;4;2;456;37;4;2;18359;757;71;28;12910;2528;416;265;31269;3285;487;293
2022.03_13-10-2022;Воронежская область;90_105_days;AllVaccines;852;30;2;0;637;97;8;5;1489;127;10;5;18359;757;71;28;12910;2528;416;265;31269;3285;487;293
2022.03_13-10-2022;Воронежская область;90_105_days;CoviVac;4;0;0;0;2;0;0;0;6;0;0;0;18359;757;71;28;12910;2528;416;265;31269;3285;487;293
2022.03_13-10-2022;Воронежская область;90_105_days;EpiVacCorona;32;1;0;0;39;5;0;0;71;6;0;0;18359;757;71;28;12910;2528;416;265;31269;3285;487;293
2022.03_13-10-2022;Воронежская область;90_105_days;SputnikLite;240;8;1;0;251;40;2;2;491;48;3;2;18359;757;71;28;12910;2528;416;265;31269;3285;487;293
2022.03_13-10-2022;Воронежская область;90_105_days;SputnikV;576;21;1;0;345;52;6;3;921;73;7;3;18359;757;71;28;12910;2528;416;265;31269;3285;487;293
2022.03_13-10-2022;Еврейская автономная область;105_165_days;AllVaccines;128;6;0;0;80;17;0;0;208;23;0;0;1140;141;4;4;718;247;29;41;1858;388;33;45
2022.03_13-10-2022;Еврейская автономная область;105_165_days;EpiVacCorona;14;0;0;0;9;3;0;0;23;3;0;0;1140;141;4;4;718;247;29;41;1858;388;33;45
2022.03_13-10-2022;Еврейская автономная область;105_165_days;SputnikLite;62;0;0;0;40;9;0;0;102;9;0;0;1140;141;4;4;718;247;29;41;1858;388;33;45
2022.03_13-10-2022;Еврейская автономная область;105_165_days;SputnikV;52;6;0;0;31;5;0;0;83;11;0;0;1140;141;4;4;718;247;29;41;1858;388;33;45
2022.03_13-10-2022;Еврейская автономная область;165_195_days;AllVaccines;33;3;0;0;14;1;0;0;47;4;0;0;1140;141;4;4;718;247;29;41;1858;388;33;45
2022.03_13-10-2022;Еврейская автономная область;165_195_days;CoviVac;1;0;0;0;0;0;0;0;1;0;0;0;1140;141;4;4;718;247;29;41;1858;388;33;45
2022.03_13-10-2022;Еврейская автономная область;165_195_days;SputnikLite;10;0;0;0;7;0;0;0;17;0;0;0;1140;141;4;4;718;247;29;41;1858;388;33;45
2022.03_13-10-2022;Еврейская автономная область;165_195_days;SputnikV;22;3;0;0;7;1;0;0;29;4;0;0;1140;141;4;4;718;247;29;41;1858;388;33;45
2022.03_13-10-2022;Еврейская автономная область;21_45_days;AllVaccines;56;4;0;0;26;4;1;1;82;8;1;1;1140;141;4;4;718;247;29;41;1858;388;33;45
2022.03_13-10-2022;Еврейская автономная область;21_45_days;CoviVac;8;0;0;0;1;0;0;0;9;0;0;0;1140;141;4;4;718;247;29;41;1858;388;33;45
2022.03_13-10-2022;Еврейская автономная область;21_45_days;EpiVacCorona;3;0;0;0;9;3;1;1;12;3;1;1;1140;141;4;4;718;247;29;41;1858;388;33;45
2022.03_13-10-2022;Еврейская автономная область;21_45_days;SputnikLite;37;3;0;0;15;1;0;0;52;4;0;0;1140;141;4;4;718;247;29;41;1858;388;33;45
2022.03_13-10-2022;Еврейская автономная область;21_45_days;SputnikV;8;1;0;0;1;0;0;0;9;1;0;0;1140;141;4;4;718;247;29;41;1858;388;33;45
2022.03_13-10-2022;Еврейская автономная область;45_75_days;AllVaccines;86;8;0;0;37;11;0;0;123;19;0;0;1140;141;4;4;718;247;29;41;1858;388;33;45
2022.03_13-10-2022;Еврейская автономная область;45_75_days;CoviVac;9;0;0;0;1;0;0;0;10;0;0;0;1140;141;4;4;718;247;29;41;1858;388;33;45
2022.03_13-10-2022;Еврейская автономная область;45_75_days;EpiVacCorona;17;1;0;0;10;3;0;0;27;4;0;0;1140;141;4;4;718;247;29;41;1858;388;33;45
2022.03_13-10-2022;Еврейская автономная область;45_75_days;SputnikLite;46;3;0;0;23;7;0;0;69;10;0;0;1140;141;4;4;718;247;29;41;1858;388;33;45
2022.03_13-10-2022;Еврейская автономная область;45_75_days;SputnikV;14;4;0;0;3;1;0;0;17;5;0;0;1140;141;4;4;718;247;29;41;1858;388;33;45
2022.03_13-10-2022;Еврейская автономная область;75_90_days;AllVaccines;58;4;0;0;27;6;1;1;85;10;1;1;1140;141;4;4;718;247;29;41;1858;388;33;45
2022.03_13-10-2022;Еврейская автономная область;75_90_days;CoviVac;2;0;0;0;3;1;0;0;5;1;0;0;1140;141;4;4;718;247;29;41;1858;388;33;45
2022.03_13-10-2022;Еврейская автономная область;75_90_days;EpiVacCorona;11;1;0;0;3;1;0;0;14;2;0;0;1140;141;4;4;718;247;29;41;1858;388;33;45
2022.03_13-10-2022;Еврейская автономная область;75_90_days;SputnikLite;16;2;0;0;13;2;0;1;29;4;0;1;1140;141;4;4;718;247;29;41;1858;388;33;45
2022.03_13-10-2022;Еврейская автономная область;75_90_days;SputnikV;29;1;0;0;8;2;1;0;37;3;1;0;1140;141;4;4;718;247;29;41;1858;388;33;45
2022.03_13-10-2022;Еврейская автономная область;90_105_days;AllVaccines;109;4;1;1;45;12;2;2;154;16;3;3;1140;141;4;4;718;247;29;41;1858;388;33;45
2022.03_13-10-2022;Еврейская автономная область;90_105_days;EpiVacCorona;8;0;0;0;0;0;0;0;8;0;0;0;1140;141;4;4;718;247;29;41;1858;388;33;45
2022.03_13-10-2022;Еврейская автономная область;90_105_days;SputnikLite;27;2;0;0;19;8;1;1;46;10;1;1;1140;141;4;4;718;247;29;41;1858;388;33;45
2022.03_13-10-2022;Еврейская автономная область;90_105_days;SputnikV;74;2;1;1;26;4;1;1;100;6;2;2;1140;141;4;4;718;247;29;41;1858;388;33;45
2022.03_13-10-2022;Забайкальский край;105_165_days;AllVaccines;1626;58;1;1;1141;176;26;9;2767;234;27;10;10075;759;67;22;5654;1496;307;148;15729;2255;374;170
2022.03_13-10-2022;Забайкальский край;105_165_days;CoviVac;13;0;0;0;4;1;0;0;17;1;0;0;10075;759;67;22;5654;1496;307;148;15729;2255;374;170
2022.03_13-10-2022;Забайкальский край;105_165_days;EpiVacCorona;43;0;0;0;32;7;1;0;75;7;1;0;10075;759;67;22;5654;1496;307;148;15729;2255;374;170
2022.03_13-10-2022;Забайкальский край;105_165_days;SputnikLite;1131;38;1;1;733;111;19;5;1864;149;20;6;10075;759;67;22;5654;1496;307;148;15729;2255;374;170
2022.03_13-10-2022;Забайкальский край;105_165_days;SputnikV;439;20;0;0;372;57;6;4;811;77;6;4;10075;759;67;22;5654;1496;307;148;15729;2255;374;170
2022.03_13-10-2022;Забайкальский край;165_195_days;AllVaccines;572;25;3;1;245;44;4;1;817;69;7;2;10075;759;67;22;5654;1496;307;148;15729;2255;374;170
2022.03_13-10-2022;Забайкальский край;165_195_days;CoviVac;5;0;0;0;1;1;0;0;6;1;0;0;10075;759;67;22;5654;1496;307;148;15729;2255;374;170
2022.03_13-10-2022;Забайкальский край;165_195_days;EpiVacCorona;4;0;0;0;0;0;0;0;4;0;0;0;10075;759;67;22;5654;1496;307;148;15729;2255;374;170
2022.03_13-10-2022;Забайкальский край;165_195_days;SputnikLite;318;14;1;0;116;20;2;0;434;34;3;0;10075;759;67;22;5654;1496;307;148;15729;2255;374;170
2022.03_13-10-2022;Забайкальский край;165_195_days;SputnikV;245;11;2;1;128;23;2;1;373;34;4;2;10075;759;67;22;5654;1496;307;148;15729;2255;374;170
2022.03_13-10-2022;Забайкальский край;21_45_days;AllVaccines;325;14;1;1;138;23;2;1;463;37;3;2;10075;759;67;22;5654;1496;307;148;15729;2255;374;170
2022.03_13-10-2022;Забайкальский край;21_45_days;CoviVac;9;0;0;0;2;0;0;0;11;0;0;0;10075;759;67;22;5654;1496;307;148;15729;2255;374;170
2022.03_13-10-2022;Забайкальский край;21_45_days;EpiVacCorona;34;5;0;0;24;8;1;1;58;13;1;1;10075;759;67;22;5654;1496;307;148;15729;2255;374;170
2022.03_13-10-2022;Забайкальский край;21_45_days;SputnikLite;154;1;0;0;33;2;0;0;187;3;0;0;10075;759;67;22;5654;1496;307;148;15729;2255;374;170
2022.03_13-10-2022;Забайкальский край;21_45_days;SputnikV;128;8;1;1;79;13;1;0;207;21;2;1;10075;759;67;22;5654;1496;307;148;15729;2255;374;170
2022.03_13-10-2022;Забайкальский край;45_75_days;AllVaccines;529;24;0;2;210;31;1;1;739;55;1;3;10075;759;67;22;5654;1496;307;148;15729;2255;374;170
2022.03_13-10-2022;Забайкальский край;45_75_days;CoviVac;6;0;0;0;0;0;0;0;6;0;0;0;10075;759;67;22;5654;1496;307;148;15729;2255;374;170
2022.03_13-10-2022;Забайкальский край;45_75_days;EpiVacCorona;45;3;0;0;20;4;0;0;65;7;0;0;10075;759;67;22;5654;1496;307;148;15729;2255;374;170
2022.03_13-10-2022;Забайкальский край;45_75_days;SputnikLite;315;8;0;1;108;12;1;1;423;20;1;2;10075;759;67;22;5654;1496;307;148;15729;2255;374;170
2022.03_13-10-2022;Забайкальский край;45_75_days;SputnikV;163;13;0;1;82;15;0;0;245;28;0;1;10075;759;67;22;5654;1496;307;148;15729;2255;374;170
2022.03_13-10-2022;Забайкальский край;75_90_days;AllVaccines;396;30;0;0;236;47;11;6;632;77;11;6;10075;759;67;22;5654;1496;307;148;15729;2255;374;170
2022.03_13-10-2022;Забайкальский край;75_90_days;CoviVac;1;0;0;0;1;0;0;0;2;0;0;0;10075;759;67;22;5654;1496;307;148;15729;2255;374;170
2022.03_13-10-2022;Забайкальский край;75_90_days;EpiVacCorona;41;2;0;0;27;6;3;2;68;8;3;2;10075;759;67;22;5654;1496;307;148;15729;2255;374;170
2022.03_13-10-2022;Забайкальский край;75_90_days;SputnikLite;144;9;0;0;80;19;4;3;224;28;4;3;10075;759;67;22;5654;1496;307;148;15729;2255;374;170
2022.03_13-10-2022;Забайкальский край;75_90_days;SputnikV;210;19;0;0;128;22;4;1;338;41;4;1;10075;759;67;22;5654;1496;307;148;15729;2255;374;170
2022.03_13-10-2022;Забайкальский край;90_105_days;AllVaccines;712;41;8;6;437;85;9;3;1149;126;17;9;10075;759;67;22;5654;1496;307;148;15729;2255;374;170
2022.03_13-10-2022;Забайкальский край;90_105_days;CoviVac;13;0;0;0;1;0;0;0;14;0;0;0;10075;759;67;22;5654;1496;307;148;15729;2255;374;170
2022.03_13-10-2022;Забайкальский край;90_105_days;EpiVacCorona;61;5;2;1;18;4;0;0;79;9;2;1;10075;759;67;22;5654;1496;307;148;15729;2255;374;170
2022.03_13-10-2022;Забайкальский край;90_105_days;SputnikLite;234;11;3;3;140;33;2;1;374;44;5;4;10075;759;67;22;5654;1496;307;148;15729;2255;374;170
2022.03_13-10-2022;Забайкальский край;90_105_days;SputnikV;404;25;3;2;278;48;7;2;682;73;10;4;10075;759;67;22;5654;1496;307;148;15729;2255;374;170
2022.03_13-10-2022;Ивановская область;105_165_days;AllVaccines;314;7;0;0;475;55;5;4;789;62;5;4;3345;157;18;15;3148;634;118;112;6493;791;136;127
2022.03_13-10-2022;Ивановская область;105_165_days;CoviVac;4;0;0;0;3;0;0;0;7;0;0;0;3345;157;18;15;3148;634;118;112;6493;791;136;127
2022.03_13-10-2022;Ивановская область;105_165_days;EpiVacCorona;4;0;0;0;6;0;0;0;10;0;0;0;3345;157;18;15;3148;634;118;112;6493;791;136;127
2022.03_13-10-2022;Ивановская область;105_165_days;SputnikLite;196;4;0;0;299;35;4;2;495;39;4;2;3345;157;18;15;3148;634;118;112;6493;791;136;127
2022.03_13-10-2022;Ивановская область;105_165_days;SputnikV;110;3;0;0;167;20;1;2;277;23;1;2;3345;157;18;15;3148;634;118;112;6493;791;136;127
2022.03_13-10-2022;Ивановская область;165_195_days;AllVaccines;104;2;0;0;106;6;1;0;210;8;1;0;3345;157;18;15;3148;634;118;112;6493;791;136;127
2022.03_13-10-2022;Ивановская область;165_195_days;CoviVac;1;0;0;0;0;0;0;0;1;0;0;0;3345;157;18;15;3148;634;118;112;6493;791;136;127
2022.03_13-10-2022;Ивановская область;165_195_days;EpiVacCorona;1;0;0;0;2;1;0;0;3;1;0;0;3345;157;18;15;3148;634;118;112;6493;791;136;127
2022.03_13-10-2022;Ивановская область;165_195_days;SputnikLite;47;2;0;0;66;1;0;0;113;3;0;0;3345;157;18;15;3148;634;118;112;6493;791;136;127
2022.03_13-10-2022;Ивановская область;165_195_days;SputnikV;55;0;0;0;38;4;1;0;93;4;1;0;3345;157;18;15;3148;634;118;112;6493;791;136;127
2022.03_13-10-2022;Ивановская область;21_45_days;AllVaccines;73;3;1;0;57;7;2;2;130;10;3;2;3345;157;18;15;3148;634;118;112;6493;791;136;127
2022.03_13-10-2022;Ивановская область;21_45_days;CoviVac;3;0;0;0;4;1;1;1;7;1;1;1;3345;157;18;15;3148;634;118;112;6493;791;136;127
2022.03_13-10-2022;Ивановская область;21_45_days;EpiVacCorona;0;0;0;0;2;0;0;0;2;0;0;0;3345;157;18;15;3148;634;118;112;6493;791;136;127
2022.03_13-10-2022;Ивановская область;21_45_days;SputnikLite;44;1;1;0;23;4;1;1;67;5;2;1;3345;157;18;15;3148;634;118;112;6493;791;136;127
2022.03_13-10-2022;Ивановская область;21_45_days;SputnikV;26;2;0;0;28;2;0;0;54;4;0;0;3345;157;18;15;3148;634;118;112;6493;791;136;127
2022.03_13-10-2022;Ивановская область;45_75_days;AllVaccines;85;4;0;0;90;10;0;0;175;14;0;0;3345;157;18;15;3148;634;118;112;6493;791;136;127
2022.03_13-10-2022;Ивановская область;45_75_days;CoviVac;1;0;0;0;0;0;0;0;1;0;0;0;3345;157;18;15;3148;634;118;112;6493;791;136;127
2022.03_13-10-2022;Ивановская область;45_75_days;EpiVacCorona;6;0;0;0;5;2;0;0;11;2;0;0;3345;157;18;15;3148;634;118;112;6493;791;136;127
2022.03_13-10-2022;Ивановская область;45_75_days;SputnikLite;66;1;0;0;62;6;0;0;128;7;0;0;3345;157;18;15;3148;634;118;112;6493;791;136;127
2022.03_13-10-2022;Ивановская область;45_75_days;SputnikV;12;3;0;0;23;2;0;0;35;5;0;0;3345;157;18;15;3148;634;118;112;6493;791;136;127
2022.03_13-10-2022;Ивановская область;75_90_days;AllVaccines;60;0;0;0;69;6;1;1;129;6;1;1;3345;157;18;15;3148;634;118;112;6493;791;136;127
2022.03_13-10-2022;Ивановская область;75_90_days;CoviVac;6;0;0;0;0;0;0;0;6;0;0;0;3345;157;18;15;3148;634;118;112;6493;791;136;127
2022.03_13-10-2022;Ивановская область;75_90_days;EpiVacCorona;7;0;0;0;4;1;0;0;11;1;0;0;3345;157;18;15;3148;634;118;112;6493;791;136;127
2022.03_13-10-2022;Ивановская область;75_90_days;SputnikLite;22;0;0;0;24;1;1;1;46;1;1;1;3345;157;18;15;3148;634;118;112;6493;791;136;127
2022.03_13-10-2022;Ивановская область;75_90_days;SputnikV;25;0;0;0;41;4;0;0;66;4;0;0;3345;157;18;15;3148;634;118;112;6493;791;136;127
2022.03_13-10-2022;Ивановская область;90_105_days;AllVaccines;65;2;0;0;123;11;1;1;188;13;1;1;3345;157;18;15;3148;634;118;112;6493;791;136;127
2022.03_13-10-2022;Ивановская область;90_105_days;CoviVac;1;0;0;0;1;0;0;0;2;0;0;0;3345;157;18;15;3148;634;118;112;6493;791;136;127
2022.03_13-10-2022;Ивановская область;90_105_days;EpiVacCorona;0;0;0;0;6;1;0;0;6;1;0;0;3345;157;18;15;3148;634;118;112;6493;791;136;127
2022.03_13-10-2022;Ивановская область;90_105_days;SputnikLite;28;2;0;0;45;4;0;0;73;6;0;0;3345;157;18;15;3148;634;118;112;6493;791;136;127
2022.03_13-10-2022;Ивановская область;90_105_days;SputnikV;36;0;0;0;71;6;1;1;107;6;1;1;3345;157;18;15;3148;634;118;112;6493;791;136;127
2022.03_13-10-2022;Иркутская область;105_165_days;AllVaccines;1365;74;9;3;1000;219;26;8;2365;293;35;11;10147;917;102;35;6951;2344;438;287;17098;3261;540;322
2022.03_13-10-2022;Иркутская область;105_165_days;CoviVac;32;1;0;0;10;3;1;0;42;4;1;0;10147;917;102;35;6951;2344;438;287;17098;3261;540;322
2022.03_13-10-2022;Иркутская область;105_165_days;EpiVacCorona;40;4;0;0;21;3;0;0;61;7;0;0;10147;917;102;35;6951;2344;438;287;17098;3261;540;322
2022.03_13-10-2022;Иркутская область;105_165_days;SputnikLite;505;32;5;1;606;126;15;3;1111;158;20;4;10147;917;102;35;6951;2344;438;287;17098;3261;540;322
2022.03_13-10-2022;Иркутская область;105_165_days;SputnikV;788;37;4;2;363;87;10;5;1151;124;14;7;10147;917;102;35;6951;2344;438;287;17098;3261;540;322
2022.03_13-10-2022;Иркутская область;165_195_days;AllVaccines;454;19;1;0;336;64;10;3;790;83;11;3;10147;917;102;35;6951;2344;438;287;17098;3261;540;322
2022.03_13-10-2022;Иркутская область;165_195_days;CoviVac;13;0;0;0;0;0;0;0;13;0;0;0;10147;917;102;35;6951;2344;438;287;17098;3261;540;322
2022.03_13-10-2022;Иркутская область;165_195_days;EpiVacCorona;41;2;0;0;18;6;0;0;59;8;0;0;10147;917;102;35;6951;2344;438;287;17098;3261;540;322
2022.03_13-10-2022;Иркутская область;165_195_days;SputnikLite;109;4;0;0;158;30;4;2;267;34;4;2;10147;917;102;35;6951;2344;438;287;17098;3261;540;322
2022.03_13-10-2022;Иркутская область;165_195_days;SputnikV;291;13;1;0;160;28;6;1;451;41;7;1;10147;917;102;35;6951;2344;438;287;17098;3261;540;322
2022.03_13-10-2022;Иркутская область;21_45_days;AllVaccines;223;11;1;0;133;26;3;2;356;37;4;2;10147;917;102;35;6951;2344;438;287;17098;3261;540;322
2022.03_13-10-2022;Иркутская область;21_45_days;CoviVac;1;0;0;0;1;0;0;0;2;0;0;0;10147;917;102;35;6951;2344;438;287;17098;3261;540;322
2022.03_13-10-2022;Иркутская область;21_45_days;EpiVacCorona;4;0;0;0;11;4;1;0;15;4;1;0;10147;917;102;35;6951;2344;438;287;17098;3261;540;322
2022.03_13-10-2022;Иркутская область;21_45_days;SputnikLite;121;4;0;0;75;11;2;2;196;15;2;2;10147;917;102;35;6951;2344;438;287;17098;3261;540;322
2022.03_13-10-2022;Иркутская область;21_45_days;SputnikV;97;7;1;0;46;11;0;0;143;18;1;0;10147;917;102;35;6951;2344;438;287;17098;3261;540;322
2022.03_13-10-2022;Иркутская область;45_75_days;AllVaccines;420;24;1;0;301;74;10;4;721;98;11;4;10147;917;102;35;6951;2344;438;287;17098;3261;540;322
2022.03_13-10-2022;Иркутская область;45_75_days;CoviVac;4;0;0;0;3;1;0;0;7;1;0;0;10147;917;102;35;6951;2344;438;287;17098;3261;540;322
2022.03_13-10-2022;Иркутская область;45_75_days;EpiVacCorona;11;0;0;0;21;9;4;2;32;9;4;2;10147;917;102;35;6951;2344;438;287;17098;3261;540;322
2022.03_13-10-2022;Иркутская область;45_75_days;SputnikLite;258;11;0;0;195;42;3;2;453;53;3;2;10147;917;102;35;6951;2344;438;287;17098;3261;540;322
2022.03_13-10-2022;Иркутская область;45_75_days;SputnikV;147;13;1;0;82;22;3;0;229;35;4;0;10147;917;102;35;6951;2344;438;287;17098;3261;540;322
2022.03_13-10-2022;Иркутская область;75_90_days;AllVaccines;463;29;4;2;254;75;11;4;717;104;15;6;10147;917;102;35;6951;2344;438;287;17098;3261;540;322
2022.03_13-10-2022;Иркутская область;75_90_days;CoviVac;7;1;0;0;4;1;0;0;11;2;0;0;10147;917;102;35;6951;2344;438;287;17098;3261;540;322
2022.03_13-10-2022;Иркутская область;75_90_days;EpiVacCorona;7;0;0;0;6;2;1;0;13;2;1;0;10147;917;102;35;6951;2344;438;287;17098;3261;540;322
2022.03_13-10-2022;Иркутская область;75_90_days;SputnikLite;115;7;2;2;116;33;4;1;231;40;6;3;10147;917;102;35;6951;2344;438;287;17098;3261;540;322
2022.03_13-10-2022;Иркутская область;75_90_days;SputnikV;334;21;2;0;128;39;6;3;462;60;8;3;10147;917;102;35;6951;2344;438;287;17098;3261;540;322
2022.03_13-10-2022;Иркутская область;90_105_days;AllVaccines;769;43;2;0;430;96;6;4;1199;139;8;4;10147;917;102;35;6951;2344;438;287;17098;3261;540;322
2022.03_13-10-2022;Иркутская область;90_105_days;CoviVac;12;0;0;0;4;2;0;0;16;2;0;0;10147;917;102;35;6951;2344;438;287;17098;3261;540;322
2022.03_13-10-2022;Иркутская область;90_105_days;EpiVacCorona;21;0;0;0;10;3;0;0;31;3;0;0;10147;917;102;35;6951;2344;438;287;17098;3261;540;322
2022.03_13-10-2022;Иркутская область;90_105_days;SputnikLite;227;12;1;0;230;44;5;2;457;56;6;2;10147;917;102;35;6951;2344;438;287;17098;3261;540;322
2022.03_13-10-2022;Иркутская область;90_105_days;SputnikV;509;31;1;0;186;47;1;2;695;78;2;2;10147;917;102;35;6951;2344;438;287;17098;3261;540;322
2022.03_13-10-2022;Кабардино-Балкарская Республика;105_165_days;AllVaccines;167;1;0;0;120;22;6;1;287;23;6;1;1447;101;24;6;1082;224;86;31;2529;325;110;37
2022.03_13-10-2022;Кабардино-Балкарская Республика;105_165_days;CoviVac;4;0;0;0;1;0;0;0;5;0;0;0;1447;101;24;6;1082;224;86;31;2529;325;110;37
2022.03_13-10-2022;Кабардино-Балкарская Республика;105_165_days;EpiVacCorona;1;0;0;0;2;2;0;0;3;2;0;0;1447;101;24;6;1082;224;86;31;2529;325;110;37
2022.03_13-10-2022;Кабардино-Балкарская Республика;105_165_days;SputnikLite;118;1;0;0;77;15;5;1;195;16;5;1;1447;101;24;6;1082;224;86;31;2529;325;110;37
2022.03_13-10-2022;Кабардино-Балкарская Республика;105_165_days;SputnikV;44;0;0;0;40;5;1;0;84;5;1;0;1447;101;24;6;1082;224;86;31;2529;325;110;37
2022.03_13-10-2022;Кабардино-Балкарская Республика;165_195_days;AllVaccines;44;5;1;0;42;3;2;2;86;8;3;2;1447;101;24;6;1082;224;86;31;2529;325;110;37
2022.03_13-10-2022;Кабардино-Балкарская Республика;165_195_days;SputnikLite;19;1;0;0;23;2;2;2;42;3;2;2;1447;101;24;6;1082;224;86;31;2529;325;110;37
2022.03_13-10-2022;Кабардино-Балкарская Республика;165_195_days;SputnikV;25;4;1;0;19;1;0;0;44;5;1;0;1447;101;24;6;1082;224;86;31;2529;325;110;37
2022.03_13-10-2022;Кабардино-Балкарская Республика;21_45_days;AllVaccines;41;2;0;0;21;2;0;0;62;4;0;0;1447;101;24;6;1082;224;86;31;2529;325;110;37
2022.03_13-10-2022;Кабардино-Балкарская Республика;21_45_days;CoviVac;2;0;0;0;1;0;0;0;3;0;0;0;1447;101;24;6;1082;224;86;31;2529;325;110;37
2022.03_13-10-2022;Кабардино-Балкарская Республика;21_45_days;EpiVacCorona;4;0;0;0;1;0;0;0;5;0;0;0;1447;101;24;6;1082;224;86;31;2529;325;110;37
2022.03_13-10-2022;Кабардино-Балкарская Республика;21_45_days;SputnikLite;23;2;0;0;15;1;0;0;38;3;0;0;1447;101;24;6;1082;224;86;31;2529;325;110;37
2022.03_13-10-2022;Кабардино-Балкарская Республика;21_45_days;SputnikV;12;0;0;0;4;1;0;0;16;1;0;0;1447;101;24;6;1082;224;86;31;2529;325;110;37
2022.03_13-10-2022;Кабардино-Балкарская Республика;45_75_days;AllVaccines;71;3;0;0;38;5;2;0;109;8;2;0;1447;101;24;6;1082;224;86;31;2529;325;110;37
2022.03_13-10-2022;Кабардино-Балкарская Республика;45_75_days;CoviVac;1;0;0;0;0;0;0;0;1;0;0;0;1447;101;24;6;1082;224;86;31;2529;325;110;37
2022.03_13-10-2022;Кабардино-Балкарская Республика;45_75_days;EpiVacCorona;8;0;0;0;2;0;0;0;10;0;0;0;1447;101;24;6;1082;224;86;31;2529;325;110;37
2022.03_13-10-2022;Кабардино-Балкарская Республика;45_75_days;SputnikLite;49;2;0;0;30;4;1;0;79;6;1;0;1447;101;24;6;1082;224;86;31;2529;325;110;37
2022.03_13-10-2022;Кабардино-Балкарская Республика;45_75_days;SputnikV;13;1;0;0;6;1;1;0;19;2;1;0;1447;101;24;6;1082;224;86;31;2529;325;110;37
2022.03_13-10-2022;Кабардино-Балкарская Республика;75_90_days;AllVaccines;33;4;1;0;29;4;1;0;62;8;2;0;1447;101;24;6;1082;224;86;31;2529;325;110;37
2022.03_13-10-2022;Кабардино-Балкарская Республика;75_90_days;CoviVac;2;0;0;0;0;0;0;0;2;0;0;0;1447;101;24;6;1082;224;86;31;2529;325;110;37
2022.03_13-10-2022;Кабардино-Балкарская Республика;75_90_days;EpiVacCorona;4;2;1;0;3;0;0;0;7;2;1;0;1447;101;24;6;1082;224;86;31;2529;325;110;37
2022.03_13-10-2022;Кабардино-Балкарская Республика;75_90_days;SputnikLite;17;2;0;0;10;1;0;0;27;3;0;0;1447;101;24;6;1082;224;86;31;2529;325;110;37
2022.03_13-10-2022;Кабардино-Балкарская Республика;75_90_days;SputnikV;10;0;0;0;16;3;1;0;26;3;1;0;1447;101;24;6;1082;224;86;31;2529;325;110;37
2022.03_13-10-2022;Кабардино-Балкарская Республика;90_105_days;AllVaccines;30;0;0;0;28;4;0;0;58;4;0;0;1447;101;24;6;1082;224;86;31;2529;325;110;37
2022.03_13-10-2022;Кабардино-Балкарская Республика;90_105_days;EpiVacCorona;0;0;0;0;1;0;0;0;1;0;0;0;1447;101;24;6;1082;224;86;31;2529;325;110;37
2022.03_13-10-2022;Кабардино-Балкарская Республика;90_105_days;SputnikLite;17;0;0;0;14;2;0;0;31;2;0;0;1447;101;24;6;1082;224;86;31;2529;325;110;37
2022.03_13-10-2022;Кабардино-Балкарская Республика;90_105_days;SputnikV;13;0;0;0;13;2;0;0;26;2;0;0;1447;101;24;6;1082;224;86;31;2529;325;110;37
2022.03_13-10-2022;Калининградская область;105_165_days;AllVaccines;394;22;3;3;370;106;10;5;764;128;13;8;2608;204;13;5;2200;717;113;64;4808;921;126;69
2022.03_13-10-2022;Калининградская область;105_165_days;CoviVac;6;0;0;0;4;1;0;0;10;1;0;0;2608;204;13;5;2200;717;113;64;4808;921;126;69
2022.03_13-10-2022;Калининградская область;105_165_days;EpiVacCorona;5;0;0;0;10;3;0;0;15;3;0;0;2608;204;13;5;2200;717;113;64;4808;921;126;69
2022.03_13-10-2022;Калининградская область;105_165_days;SputnikLite;184;11;1;1;186;48;7;4;370;59;8;5;2608;204;13;5;2200;717;113;64;4808;921;126;69
2022.03_13-10-2022;Калининградская область;105_165_days;SputnikV;199;11;2;2;170;54;3;1;369;65;5;3;2608;204;13;5;2200;717;113;64;4808;921;126;69
2022.03_13-10-2022;Калининградская область;165_195_days;AllVaccines;134;5;0;0;110;23;0;0;244;28;0;0;2608;204;13;5;2200;717;113;64;4808;921;126;69
2022.03_13-10-2022;Калининградская область;165_195_days;EpiVacCorona;2;0;0;0;5;1;0;0;7;1;0;0;2608;204;13;5;2200;717;113;64;4808;921;126;69
2022.03_13-10-2022;Калининградская область;165_195_days;SputnikLite;54;3;0;0;52;11;0;0;106;14;0;0;2608;204;13;5;2200;717;113;64;4808;921;126;69
2022.03_13-10-2022;Калининградская область;165_195_days;SputnikV;78;2;0;0;53;11;0;0;131;13;0;0;2608;204;13;5;2200;717;113;64;4808;921;126;69
2022.03_13-10-2022;Калининградская область;21_45_days;AllVaccines;66;2;0;0;48;9;1;0;114;11;1;0;2608;204;13;5;2200;717;113;64;4808;921;126;69
2022.03_13-10-2022;Калининградская область;21_45_days;EpiVacCorona;6;0;0;0;0;0;0;0;6;0;0;0;2608;204;13;5;2200;717;113;64;4808;921;126;69
2022.03_13-10-2022;Калининградская область;21_45_days;SputnikLite;35;1;0;0;22;5;1;0;57;6;1;0;2608;204;13;5;2200;717;113;64;4808;921;126;69
2022.03_13-10-2022;Калининградская область;21_45_days;SputnikV;25;1;0;0;26;4;0;0;51;5;0;0;2608;204;13;5;2200;717;113;64;4808;921;126;69
2022.03_13-10-2022;Калининградская область;45_75_days;AllVaccines;103;3;1;1;88;23;2;1;191;26;3;2;2608;204;13;5;2200;717;113;64;4808;921;126;69
2022.03_13-10-2022;Калининградская область;45_75_days;CoviVac;0;0;0;0;2;1;0;0;2;1;0;0;2608;204;13;5;2200;717;113;64;4808;921;126;69
2022.03_13-10-2022;Калининградская область;45_75_days;EpiVacCorona;3;0;0;0;5;1;1;0;8;1;1;0;2608;204;13;5;2200;717;113;64;4808;921;126;69
2022.03_13-10-2022;Калининградская область;45_75_days;SputnikLite;73;3;1;1;66;15;0;0;139;18;1;1;2608;204;13;5;2200;717;113;64;4808;921;126;69
2022.03_13-10-2022;Калининградская область;45_75_days;SputnikV;27;0;0;0;15;6;1;1;42;6;1;1;2608;204;13;5;2200;717;113;64;4808;921;126;69
2022.03_13-10-2022;Калининградская область;75_90_days;AllVaccines;86;4;0;0;64;18;1;1;150;22;1;1;2608;204;13;5;2200;717;113;64;4808;921;126;69
2022.03_13-10-2022;Калининградская область;75_90_days;CoviVac;1;0;0;0;5;3;0;0;6;3;0;0;2608;204;13;5;2200;717;113;64;4808;921;126;69
2022.03_13-10-2022;Калининградская область;75_90_days;EpiVacCorona;4;0;0;0;3;1;0;0;7;1;0;0;2608;204;13;5;2200;717;113;64;4808;921;126;69
2022.03_13-10-2022;Калининградская область;75_90_days;SputnikLite;16;1;0;0;28;7;1;1;44;8;1;1;2608;204;13;5;2200;717;113;64;4808;921;126;69
2022.03_13-10-2022;Калининградская область;75_90_days;SputnikV;65;3;0;0;28;7;0;0;93;10;0;0;2608;204;13;5;2200;717;113;64;4808;921;126;69
2022.03_13-10-2022;Калининградская область;90_105_days;AllVaccines;135;12;0;0;123;31;1;0;258;43;1;0;2608;204;13;5;2200;717;113;64;4808;921;126;69
2022.03_13-10-2022;Калининградская область;90_105_days;CoviVac;2;0;0;0;3;0;0;0;5;0;0;0;2608;204;13;5;2200;717;113;64;4808;921;126;69
2022.03_13-10-2022;Калининградская область;90_105_days;EpiVacCorona;0;0;0;0;1;1;0;0;1;1;0;0;2608;204;13;5;2200;717;113;64;4808;921;126;69
2022.03_13-10-2022;Калининградская область;90_105_days;SputnikLite;38;2;0;0;46;7;0;0;84;9;0;0;2608;204;13;5;2200;717;113;64;4808;921;126;69
2022.03_13-10-2022;Калининградская область;90_105_days;SputnikV;95;10;0;0;73;23;1;0;168;33;1;0;2608;204;13;5;2200;717;113;64;4808;921;126;69
2022.03_13-10-2022;Калужская область;105_165_days;AllVaccines;487;13;2;0;351;55;8;5;838;68;10;5;2969;183;19;9;2643;753;142;114;5612;936;161;123
2022.03_13-10-2022;Калужская область;105_165_days;CoviVac;17;1;0;0;11;0;0;0;28;1;0;0;2969;183;19;9;2643;753;142;114;5612;936;161;123
2022.03_13-10-2022;Калужская область;105_165_days;EpiVacCorona;20;2;0;0;18;2;1;1;38;4;1;1;2969;183;19;9;2643;753;142;114;5612;936;161;123
2022.03_13-10-2022;Калужская область;105_165_days;SputnikLite;192;6;2;0;179;27;5;2;371;33;7;2;2969;183;19;9;2643;753;142;114;5612;936;161;123
2022.03_13-10-2022;Калужская область;105_165_days;SputnikV;258;4;0;0;143;26;2;2;401;30;2;2;2969;183;19;9;2643;753;142;114;5612;936;161;123
2022.03_13-10-2022;Калужская область;165_195_days;AllVaccines;119;4;2;0;92;9;1;1;211;13;3;1;2969;183;19;9;2643;753;142;114;5612;936;161;123
2022.03_13-10-2022;Калужская область;165_195_days;CoviVac;4;0;0;0;0;0;0;0;4;0;0;0;2969;183;19;9;2643;753;142;114;5612;936;161;123
2022.03_13-10-2022;Калужская область;165_195_days;EpiVacCorona;12;0;0;0;8;2;1;0;20;2;1;0;2969;183;19;9;2643;753;142;114;5612;936;161;123
2022.03_13-10-2022;Калужская область;165_195_days;SputnikLite;39;2;1;0;49;5;0;1;88;7;1;1;2969;183;19;9;2643;753;142;114;5612;936;161;123
2022.03_13-10-2022;Калужская область;165_195_days;SputnikV;64;2;1;0;35;2;0;0;99;4;1;0;2969;183;19;9;2643;753;142;114;5612;936;161;123
2022.03_13-10-2022;Калужская область;21_45_days;AllVaccines;50;0;0;0;42;6;0;1;92;6;0;1;2969;183;19;9;2643;753;142;114;5612;936;161;123
2022.03_13-10-2022;Калужская область;21_45_days;CoviVac;2;0;0;0;2;1;0;0;4;1;0;0;2969;183;19;9;2643;753;142;114;5612;936;161;123
2022.03_13-10-2022;Калужская область;21_45_days;EpiVacCorona;4;0;0;0;2;2;0;0;6;2;0;0;2969;183;19;9;2643;753;142;114;5612;936;161;123
2022.03_13-10-2022;Калужская область;21_45_days;SputnikLite;24;0;0;0;30;3;0;1;54;3;0;1;2969;183;19;9;2643;753;142;114;5612;936;161;123
2022.03_13-10-2022;Калужская область;21_45_days;SputnikV;20;0;0;0;8;0;0;0;28;0;0;0;2969;183;19;9;2643;753;142;114;5612;936;161;123
2022.03_13-10-2022;Калужская область;45_75_days;AllVaccines;94;0;0;0;85;15;2;2;179;15;2;2;2969;183;19;9;2643;753;142;114;5612;936;161;123
2022.03_13-10-2022;Калужская область;45_75_days;CoviVac;1;0;0;0;1;0;0;0;2;0;0;0;2969;183;19;9;2643;753;142;114;5612;936;161;123
2022.03_13-10-2022;Калужская область;45_75_days;EpiVacCorona;6;0;0;0;7;3;0;1;13;3;0;1;2969;183;19;9;2643;753;142;114;5612;936;161;123
2022.03_13-10-2022;Калужская область;45_75_days;SputnikLite;52;0;0;0;57;8;1;0;109;8;1;0;2969;183;19;9;2643;753;142;114;5612;936;161;123
2022.03_13-10-2022;Калужская область;45_75_days;SputnikV;35;0;0;0;20;4;1;1;55;4;1;1;2969;183;19;9;2643;753;142;114;5612;936;161;123
2022.03_13-10-2022;Калужская область;75_90_days;AllVaccines;102;3;1;1;72;22;4;1;174;25;5;2;2969;183;19;9;2643;753;142;114;5612;936;161;123
2022.03_13-10-2022;Калужская область;75_90_days;EpiVacCorona;5;1;1;1;5;1;0;0;10;2;1;1;2969;183;19;9;2643;753;142;114;5612;936;161;123
2022.03_13-10-2022;Калужская область;75_90_days;SputnikLite;27;0;0;0;25;10;2;0;52;10;2;0;2969;183;19;9;2643;753;142;114;5612;936;161;123
2022.03_13-10-2022;Калужская область;75_90_days;SputnikV;70;2;0;0;42;11;2;1;112;13;2;1;2969;183;19;9;2643;753;142;114;5612;936;161;123
2022.03_13-10-2022;Калужская область;90_105_days;AllVaccines;227;8;1;0;165;34;5;3;392;42;6;3;2969;183;19;9;2643;753;142;114;5612;936;161;123
2022.03_13-10-2022;Калужская область;90_105_days;CoviVac;3;1;0;0;3;1;0;0;6;2;0;0;2969;183;19;9;2643;753;142;114;5612;936;161;123
2022.03_13-10-2022;Калужская область;90_105_days;EpiVacCorona;21;0;0;0;6;2;0;0;27;2;0;0;2969;183;19;9;2643;753;142;114;5612;936;161;123
2022.03_13-10-2022;Калужская область;90_105_days;SputnikLite;42;2;0;0;55;7;0;1;97;9;0;1;2969;183;19;9;2643;753;142;114;5612;936;161;123
2022.03_13-10-2022;Калужская область;90_105_days;SputnikV;161;5;1;0;101;24;5;2;262;29;6;2;2969;183;19;9;2643;753;142;114;5612;936;161;123
2022.03_13-10-2022;Камчатский край;105_165_days;AllVaccines;210;10;1;0;115;22;2;0;325;32;3;0;1706;119;21;7;954;291;61;38;2660;410;82;45
2022.03_13-10-2022;Камчатский край;105_165_days;CoviVac;6;1;0;0;0;0;0;0;6;1;0;0;1706;119;21;7;954;291;61;38;2660;410;82;45
2022.03_13-10-2022;Камчатский край;105_165_days;EpiVacCorona;10;1;0;0;9;3;1;0;19;4;1;0;1706;119;21;7;954;291;61;38;2660;410;82;45
2022.03_13-10-2022;Камчатский край;105_165_days;SputnikLite;126;4;1;0;89;17;1;0;215;21;2;0;1706;119;21;7;954;291;61;38;2660;410;82;45
2022.03_13-10-2022;Камчатский край;105_165_days;SputnikV;68;4;0;0;17;2;0;0;85;6;0;0;1706;119;21;7;954;291;61;38;2660;410;82;45
2022.03_13-10-2022;Камчатский край;165_195_days;AllVaccines;107;3;0;0;40;7;0;0;147;10;0;0;1706;119;21;7;954;291;61;38;2660;410;82;45
2022.03_13-10-2022;Камчатский край;165_195_days;EpiVacCorona;18;0;0;0;7;2;0;0;25;2;0;0;1706;119;21;7;954;291;61;38;2660;410;82;45
2022.03_13-10-2022;Камчатский край;165_195_days;SputnikLite;25;2;0;0;24;5;0;0;49;7;0;0;1706;119;21;7;954;291;61;38;2660;410;82;45
2022.03_13-10-2022;Камчатский край;165_195_days;SputnikV;64;1;0;0;9;0;0;0;73;1;0;0;1706;119;21;7;954;291;61;38;2660;410;82;45
2022.03_13-10-2022;Камчатский край;21_45_days;AllVaccines;20;1;0;0;10;1;0;0;30;2;0;0;1706;119;21;7;954;291;61;38;2660;410;82;45
2022.03_13-10-2022;Камчатский край;21_45_days;SputnikLite;13;0;0;0;7;0;0;0;20;0;0;0;1706;119;21;7;954;291;61;38;2660;410;82;45
2022.03_13-10-2022;Камчатский край;21_45_days;SputnikV;7;1;0;0;3;1;0;0;10;2;0;0;1706;119;21;7;954;291;61;38;2660;410;82;45
2022.03_13-10-2022;Камчатский край;45_75_days;AllVaccines;44;3;0;0;30;7;1;1;74;10;1;1;1706;119;21;7;954;291;61;38;2660;410;82;45
2022.03_13-10-2022;Камчатский край;45_75_days;CoviVac;1;0;0;0;0;0;0;0;1;0;0;0;1706;119;21;7;954;291;61;38;2660;410;82;45
2022.03_13-10-2022;Камчатский край;45_75_days;EpiVacCorona;1;0;0;0;2;1;0;0;3;1;0;0;1706;119;21;7;954;291;61;38;2660;410;82;45
2022.03_13-10-2022;Камчатский край;45_75_days;SputnikLite;28;2;0;0;24;6;1;1;52;8;1;1;1706;119;21;7;954;291;61;38;2660;410;82;45
2022.03_13-10-2022;Камчатский край;45_75_days;SputnikV;14;1;0;0;4;0;0;0;18;1;0;0;1706;119;21;7;954;291;61;38;2660;410;82;45
2022.03_13-10-2022;Камчатский край;75_90_days;AllVaccines;50;4;1;0;29;7;1;0;79;11;2;0;1706;119;21;7;954;291;61;38;2660;410;82;45
2022.03_13-10-2022;Камчатский край;75_90_days;CoviVac;4;0;0;0;0;0;0;0;4;0;0;0;1706;119;21;7;954;291;61;38;2660;410;82;45
2022.03_13-10-2022;Камчатский край;75_90_days;EpiVacCorona;5;1;0;0;3;0;0;0;8;1;0;0;1706;119;21;7;954;291;61;38;2660;410;82;45
2022.03_13-10-2022;Камчатский край;75_90_days;SputnikLite;17;0;0;0;14;4;0;0;31;4;0;0;1706;119;21;7;954;291;61;38;2660;410;82;45
2022.03_13-10-2022;Камчатский край;75_90_days;SputnikV;24;3;1;0;12;3;1;0;36;6;2;0;1706;119;21;7;954;291;61;38;2660;410;82;45
2022.03_13-10-2022;Камчатский край;90_105_days;AllVaccines;61;0;0;0;39;9;1;1;100;9;1;1;1706;119;21;7;954;291;61;38;2660;410;82;45
2022.03_13-10-2022;Камчатский край;90_105_days;CoviVac;1;0;0;0;0;0;0;0;1;0;0;0;1706;119;21;7;954;291;61;38;2660;410;82;45
2022.03_13-10-2022;Камчатский край;90_105_days;EpiVacCorona;3;0;0;0;5;1;0;0;8;1;0;0;1706;119;21;7;954;291;61;38;2660;410;82;45
2022.03_13-10-2022;Камчатский край;90_105_days;SputnikLite;21;0;0;0;16;4;1;1;37;4;1;1;1706;119;21;7;954;291;61;38;2660;410;82;45
2022.03_13-10-2022;Камчатский край;90_105_days;SputnikV;36;0;0;0;18;4;0;0;54;4;0;0;1706;119;21;7;954;291;61;38;2660;410;82;45
2022.03_13-10-2022;Карачаево-Черкесская Республика;105_165_days;AllVaccines;117;6;0;0;77;13;4;2;194;19;4;2;1040;66;9;2;831;250;63;22;1871;316;72;24
2022.03_13-10-2022;Карачаево-Черкесская Республика;105_165_days;CoviVac;1;0;0;0;0;0;0;0;1;0;0;0;1040;66;9;2;831;250;63;22;1871;316;72;24
2022.03_13-10-2022;Карачаево-Черкесская Республика;105_165_days;EpiVacCorona;1;1;0;0;1;0;0;0;2;1;0;0;1040;66;9;2;831;250;63;22;1871;316;72;24
2022.03_13-10-2022;Карачаево-Черкесская Республика;105_165_days;SputnikLite;75;3;0;0;48;8;4;2;123;11;4;2;1040;66;9;2;831;250;63;22;1871;316;72;24
2022.03_13-10-2022;Карачаево-Черкесская Республика;105_165_days;SputnikV;40;2;0;0;28;5;0;0;68;7;0;0;1040;66;9;2;831;250;63;22;1871;316;72;24
2022.03_13-10-2022;Карачаево-Черкесская Республика;165_195_days;AllVaccines;60;1;0;0;33;6;3;0;93;7;3;0;1040;66;9;2;831;250;63;22;1871;316;72;24
2022.03_13-10-2022;Карачаево-Черкесская Республика;165_195_days;CoviVac;1;0;0;0;0;0;0;0;1;0;0;0;1040;66;9;2;831;250;63;22;1871;316;72;24
2022.03_13-10-2022;Карачаево-Черкесская Республика;165_195_days;EpiVacCorona;5;0;0;0;0;0;0;0;5;0;0;0;1040;66;9;2;831;250;63;22;1871;316;72;24
2022.03_13-10-2022;Карачаево-Черкесская Республика;165_195_days;SputnikLite;21;0;0;0;15;3;1;0;36;3;1;0;1040;66;9;2;831;250;63;22;1871;316;72;24
2022.03_13-10-2022;Карачаево-Черкесская Республика;165_195_days;SputnikV;33;1;0;0;18;3;2;0;51;4;2;0;1040;66;9;2;831;250;63;22;1871;316;72;24
2022.03_13-10-2022;Карачаево-Черкесская Республика;21_45_days;AllVaccines;31;1;1;0;15;4;0;0;46;5;1;0;1040;66;9;2;831;250;63;22;1871;316;72;24
2022.03_13-10-2022;Карачаево-Черкесская Республика;21_45_days;EpiVacCorona;5;0;0;0;1;0;0;0;6;0;0;0;1040;66;9;2;831;250;63;22;1871;316;72;24
2022.03_13-10-2022;Карачаево-Черкесская Республика;21_45_days;SputnikLite;14;1;1;0;5;2;0;0;19;3;1;0;1040;66;9;2;831;250;63;22;1871;316;72;24
2022.03_13-10-2022;Карачаево-Черкесская Республика;21_45_days;SputnikV;12;0;0;0;9;2;0;0;21;2;0;0;1040;66;9;2;831;250;63;22;1871;316;72;24
2022.03_13-10-2022;Карачаево-Черкесская Республика;45_75_days;AllVaccines;63;1;0;0;34;6;2;0;97;7;2;0;1040;66;9;2;831;250;63;22;1871;316;72;24
2022.03_13-10-2022;Карачаево-Черкесская Республика;45_75_days;CoviVac;0;0;0;0;3;0;0;0;3;0;0;0;1040;66;9;2;831;250;63;22;1871;316;72;24
2022.03_13-10-2022;Карачаево-Черкесская Республика;45_75_days;EpiVacCorona;2;0;0;0;1;0;0;0;3;0;0;0;1040;66;9;2;831;250;63;22;1871;316;72;24
2022.03_13-10-2022;Карачаево-Черкесская Республика;45_75_days;SputnikLite;46;1;0;0;16;4;2;0;62;5;2;0;1040;66;9;2;831;250;63;22;1871;316;72;24
2022.03_13-10-2022;Карачаево-Черкесская Республика;45_75_days;SputnikV;15;0;0;0;14;2;0;0;29;2;0;0;1040;66;9;2;831;250;63;22;1871;316;72;24
2022.03_13-10-2022;Карачаево-Черкесская Республика;75_90_days;AllVaccines;61;2;0;0;23;2;1;0;84;4;1;0;1040;66;9;2;831;250;63;22;1871;316;72;24
2022.03_13-10-2022;Карачаево-Черкесская Республика;75_90_days;CoviVac;0;0;0;0;1;0;0;0;1;0;0;0;1040;66;9;2;831;250;63;22;1871;316;72;24
2022.03_13-10-2022;Карачаево-Черкесская Республика;75_90_days;EpiVacCorona;5;0;0;0;3;0;0;0;8;0;0;0;1040;66;9;2;831;250;63;22;1871;316;72;24
2022.03_13-10-2022;Карачаево-Черкесская Республика;75_90_days;SputnikLite;21;0;0;0;4;0;0;0;25;0;0;0;1040;66;9;2;831;250;63;22;1871;316;72;24
2022.03_13-10-2022;Карачаево-Черкесская Республика;75_90_days;SputnikV;35;2;0;0;15;2;1;0;50;4;1;0;1040;66;9;2;831;250;63;22;1871;316;72;24
2022.03_13-10-2022;Карачаево-Черкесская Республика;90_105_days;AllVaccines;51;3;0;0;22;1;0;0;73;4;0;0;1040;66;9;2;831;250;63;22;1871;316;72;24
2022.03_13-10-2022;Карачаево-Черкесская Республика;90_105_days;EpiVacCorona;0;0;0;0;1;0;0;0;1;0;0;0;1040;66;9;2;831;250;63;22;1871;316;72;24
2022.03_13-10-2022;Карачаево-Черкесская Республика;90_105_days;SputnikLite;39;3;0;0;16;1;0;0;55;4;0;0;1040;66;9;2;831;250;63;22;1871;316;72;24
2022.03_13-10-2022;Карачаево-Черкесская Республика;90_105_days;SputnikV;12;0;0;0;5;0;0;0;17;0;0;0;1040;66;9;2;831;250;63;22;1871;316;72;24
2022.03_13-10-2022;Кемеровская область;105_165_days;AllVaccines;386;23;2;1;355;108;12;11;741;131;14;12;4059;509;63;45;3366;1415;237;212;7425;1924;300;257
2022.03_13-10-2022;Кемеровская область;105_165_days;CoviVac;9;0;0;0;5;2;0;0;14;2;0;0;4059;509;63;45;3366;1415;237;212;7425;1924;300;257
2022.03_13-10-2022;Кемеровская область;105_165_days;EpiVacCorona;14;2;0;0;12;3;0;0;26;5;0;0;4059;509;63;45;3366;1415;237;212;7425;1924;300;257
2022.03_13-10-2022;Кемеровская область;105_165_days;SputnikLite;147;8;1;1;208;64;7;7;355;72;8;8;4059;509;63;45;3366;1415;237;212;7425;1924;300;257
2022.03_13-10-2022;Кемеровская область;105_165_days;SputnikV;216;13;1;0;130;39;5;4;346;52;6;4;4059;509;63;45;3366;1415;237;212;7425;1924;300;257
2022.03_13-10-2022;Кемеровская область;165_195_days;AllVaccines;197;10;2;2;100;31;2;1;297;41;4;3;4059;509;63;45;3366;1415;237;212;7425;1924;300;257
2022.03_13-10-2022;Кемеровская область;165_195_days;CoviVac;3;0;0;0;1;0;0;0;4;0;0;0;4059;509;63;45;3366;1415;237;212;7425;1924;300;257
2022.03_13-10-2022;Кемеровская область;165_195_days;EpiVacCorona;3;0;0;0;1;0;0;0;4;0;0;0;4059;509;63;45;3366;1415;237;212;7425;1924;300;257
2022.03_13-10-2022;Кемеровская область;165_195_days;SputnikLite;22;0;0;0;40;13;1;1;62;13;1;1;4059;509;63;45;3366;1415;237;212;7425;1924;300;257
2022.03_13-10-2022;Кемеровская область;165_195_days;SputnikV;169;10;2;2;58;18;1;0;227;28;3;2;4059;509;63;45;3366;1415;237;212;7425;1924;300;257
2022.03_13-10-2022;Кемеровская область;21_45_days;AllVaccines;160;14;1;0;94;21;3;2;254;35;4;2;4059;509;63;45;3366;1415;237;212;7425;1924;300;257
2022.03_13-10-2022;Кемеровская область;21_45_days;CoviVac;3;1;0;0;1;0;0;0;4;1;0;0;4059;509;63;45;3366;1415;237;212;7425;1924;300;257
2022.03_13-10-2022;Кемеровская область;21_45_days;EpiVacCorona;8;0;0;0;4;0;0;0;12;0;0;0;4059;509;63;45;3366;1415;237;212;7425;1924;300;257
2022.03_13-10-2022;Кемеровская область;21_45_days;SputnikLite;78;5;1;0;42;10;2;2;120;15;3;2;4059;509;63;45;3366;1415;237;212;7425;1924;300;257
2022.03_13-10-2022;Кемеровская область;21_45_days;SputnikV;71;8;0;0;47;11;1;0;118;19;1;0;4059;509;63;45;3366;1415;237;212;7425;1924;300;257
2022.03_13-10-2022;Кемеровская область;45_75_days;AllVaccines;286;17;1;1;145;39;2;3;431;56;3;4;4059;509;63;45;3366;1415;237;212;7425;1924;300;257
2022.03_13-10-2022;Кемеровская область;45_75_days;CoviVac;3;0;0;0;0;0;0;0;3;0;0;0;4059;509;63;45;3366;1415;237;212;7425;1924;300;257
2022.03_13-10-2022;Кемеровская область;45_75_days;EpiVacCorona;20;2;0;0;18;6;1;1;38;8;1;1;4059;509;63;45;3366;1415;237;212;7425;1924;300;257
2022.03_13-10-2022;Кемеровская область;45_75_days;SputnikLite;198;13;1;1;90;20;1;2;288;33;2;3;4059;509;63;45;3366;1415;237;212;7425;1924;300;257
2022.03_13-10-2022;Кемеровская область;45_75_days;SputnikV;65;2;0;0;37;13;0;0;102;15;0;0;4059;509;63;45;3366;1415;237;212;7425;1924;300;257
2022.03_13-10-2022;Кемеровская область;75_90_days;AllVaccines;154;18;0;1;124;38;3;3;278;56;3;4;4059;509;63;45;3366;1415;237;212;7425;1924;300;257
2022.03_13-10-2022;Кемеровская область;75_90_days;CoviVac;4;1;0;0;1;1;0;0;5;2;0;0;4059;509;63;45;3366;1415;237;212;7425;1924;300;257
2022.03_13-10-2022;Кемеровская область;75_90_days;EpiVacCorona;6;1;0;0;8;2;0;1;14;3;0;1;4059;509;63;45;3366;1415;237;212;7425;1924;300;257
2022.03_13-10-2022;Кемеровская область;75_90_days;SputnikLite;42;5;0;0;52;12;1;0;94;17;1;0;4059;509;63;45;3366;1415;237;212;7425;1924;300;257
2022.03_13-10-2022;Кемеровская область;75_90_days;SputnikV;102;11;0;1;63;23;2;2;165;34;2;3;4059;509;63;45;3366;1415;237;212;7425;1924;300;257
2022.03_13-10-2022;Кемеровская область;90_105_days;AllVaccines;239;12;1;1;165;55;9;8;404;67;10;9;4059;509;63;45;3366;1415;237;212;7425;1924;300;257
2022.03_13-10-2022;Кемеровская область;90_105_days;CoviVac;1;0;0;0;1;0;0;0;2;0;0;0;4059;509;63;45;3366;1415;237;212;7425;1924;300;257
2022.03_13-10-2022;Кемеровская область;90_105_days;EpiVacCorona;9;0;0;0;7;2;0;0;16;2;0;0;4059;509;63;45;3366;1415;237;212;7425;1924;300;257
2022.03_13-10-2022;Кемеровская область;90_105_days;SputnikLite;61;3;0;0;65;26;5;5;126;29;5;5;4059;509;63;45;3366;1415;237;212;7425;1924;300;257
2022.03_13-10-2022;Кемеровская область;90_105_days;SputnikV;168;9;1;1;92;27;4;3;260;36;5;4;4059;509;63;45;3366;1415;237;212;7425;1924;300;257
2022.03_13-10-2022;Кировская область;105_165_days;AllVaccines;1635;71;3;1;1375;266;12;7;3010;337;15;8;8099;611;19;6;7071;2272;292;247;15170;2883;311;253
2022.03_13-10-2022;Кировская область;105_165_days;CoviVac;74;1;0;0;18;2;0;0;92;3;0;0;8099;611;19;6;7071;2272;292;247;15170;2883;311;253
2022.03_13-10-2022;Кировская область;105_165_days;EpiVacCorona;63;5;0;0;43;13;0;0;106;18;0;0;8099;611;19;6;7071;2272;292;247;15170;2883;311;253
2022.03_13-10-2022;Кировская область;105_165_days;SputnikLite;986;41;2;1;838;169;5;3;1824;210;7;4;8099;611;19;6;7071;2272;292;247;15170;2883;311;253
2022.03_13-10-2022;Кировская область;105_165_days;SputnikV;512;24;1;0;476;82;7;4;988;106;8;4;8099;611;19;6;7071;2272;292;247;15170;2883;311;253
2022.03_13-10-2022;Кировская область;165_195_days;AllVaccines;224;15;1;0;299;64;2;0;523;79;3;0;8099;611;19;6;7071;2272;292;247;15170;2883;311;253
2022.03_13-10-2022;Кировская область;165_195_days;CoviVac;11;0;0;0;1;0;0;0;12;0;0;0;8099;611;19;6;7071;2272;292;247;15170;2883;311;253
2022.03_13-10-2022;Кировская область;165_195_days;EpiVacCorona;5;1;1;0;4;2;0;0;9;3;1;0;8099;611;19;6;7071;2272;292;247;15170;2883;311;253
2022.03_13-10-2022;Кировская область;165_195_days;SputnikLite;126;9;0;0;176;36;2;0;302;45;2;0;8099;611;19;6;7071;2272;292;247;15170;2883;311;253
2022.03_13-10-2022;Кировская область;165_195_days;SputnikV;82;5;0;0;118;26;0;0;200;31;0;0;8099;611;19;6;7071;2272;292;247;15170;2883;311;253
2022.03_13-10-2022;Кировская область;21_45_days;AllVaccines;219;7;0;0;187;48;5;5;406;55;5;5;8099;611;19;6;7071;2272;292;247;15170;2883;311;253
2022.03_13-10-2022;Кировская область;21_45_days;CoviVac;7;1;0;0;0;0;0;0;7;1;0;0;8099;611;19;6;7071;2272;292;247;15170;2883;311;253
2022.03_13-10-2022;Кировская область;21_45_days;EpiVacCorona;5;0;0;0;6;0;0;0;11;0;0;0;8099;611;19;6;7071;2272;292;247;15170;2883;311;253
2022.03_13-10-2022;Кировская область;21_45_days;SputnikLite;136;2;0;0;101;24;3;3;237;26;3;3;8099;611;19;6;7071;2272;292;247;15170;2883;311;253
2022.03_13-10-2022;Кировская область;21_45_days;SputnikV;71;4;0;0;80;24;2;2;151;28;2;2;8099;611;19;6;7071;2272;292;247;15170;2883;311;253
2022.03_13-10-2022;Кировская область;45_75_days;AllVaccines;425;16;0;0;351;87;6;4;776;103;6;4;8099;611;19;6;7071;2272;292;247;15170;2883;311;253
2022.03_13-10-2022;Кировская область;45_75_days;CoviVac;7;0;0;0;6;2;0;0;13;2;0;0;8099;611;19;6;7071;2272;292;247;15170;2883;311;253
2022.03_13-10-2022;Кировская область;45_75_days;EpiVacCorona;25;0;0;0;16;4;0;0;41;4;0;0;8099;611;19;6;7071;2272;292;247;15170;2883;311;253
2022.03_13-10-2022;Кировская область;45_75_days;SputnikLite;313;14;0;0;237;48;4;3;550;62;4;3;8099;611;19;6;7071;2272;292;247;15170;2883;311;253
2022.03_13-10-2022;Кировская область;45_75_days;SputnikV;80;2;0;0;92;33;2;1;172;35;2;1;8099;611;19;6;7071;2272;292;247;15170;2883;311;253
2022.03_13-10-2022;Кировская область;75_90_days;AllVaccines;305;25;1;0;301;64;7;2;606;89;8;2;8099;611;19;6;7071;2272;292;247;15170;2883;311;253
2022.03_13-10-2022;Кировская область;75_90_days;CoviVac;10;1;0;0;5;1;0;0;15;2;0;0;8099;611;19;6;7071;2272;292;247;15170;2883;311;253
2022.03_13-10-2022;Кировская область;75_90_days;EpiVacCorona;22;2;0;0;14;5;0;0;36;7;0;0;8099;611;19;6;7071;2272;292;247;15170;2883;311;253
2022.03_13-10-2022;Кировская область;75_90_days;SputnikLite;106;7;0;0;123;24;2;0;229;31;2;0;8099;611;19;6;7071;2272;292;247;15170;2883;311;253
2022.03_13-10-2022;Кировская область;75_90_days;SputnikV;167;15;1;0;159;34;5;2;326;49;6;2;8099;611;19;6;7071;2272;292;247;15170;2883;311;253
2022.03_13-10-2022;Кировская область;90_105_days;AllVaccines;547;45;1;0;539;138;4;3;1086;183;5;3;8099;611;19;6;7071;2272;292;247;15170;2883;311;253
2022.03_13-10-2022;Кировская область;90_105_days;CoviVac;16;0;0;0;2;0;0;0;18;0;0;0;8099;611;19;6;7071;2272;292;247;15170;2883;311;253
2022.03_13-10-2022;Кировская область;90_105_days;EpiVacCorona;27;2;0;0;18;4;0;0;45;6;0;0;8099;611;19;6;7071;2272;292;247;15170;2883;311;253
2022.03_13-10-2022;Кировская область;90_105_days;SputnikLite;183;17;0;0;214;58;4;2;397;75;4;2;8099;611;19;6;7071;2272;292;247;15170;2883;311;253
2022.03_13-10-2022;Кировская область;90_105_days;SputnikV;321;26;1;0;305;76;0;1;626;102;1;1;8099;611;19;6;7071;2272;292;247;15170;2883;311;253
2022.03_13-10-2022;Костромская область;105_165_days;AllVaccines;308;15;0;0;262;50;5;3;570;65;5;3;2219;125;13;2;1841;453;75;51;4060;578;88;53
2022.03_13-10-2022;Костромская область;105_165_days;CoviVac;8;1;0;0;4;1;0;0;12;2;0;0;2219;125;13;2;1841;453;75;51;4060;578;88;53
2022.03_13-10-2022;Костромская область;105_165_days;EpiVacCorona;4;0;0;0;9;0;0;0;13;0;0;0;2219;125;13;2;1841;453;75;51;4060;578;88;53
2022.03_13-10-2022;Костромская область;105_165_days;SputnikLite;214;9;0;0;162;27;3;2;376;36;3;2;2219;125;13;2;1841;453;75;51;4060;578;88;53
2022.03_13-10-2022;Костромская область;105_165_days;SputnikV;82;5;0;0;87;22;2;1;169;27;2;1;2219;125;13;2;1841;453;75;51;4060;578;88;53
2022.03_13-10-2022;Костромская область;165_195_days;AllVaccines;121;4;1;0;76;12;0;0;197;16;1;0;2219;125;13;2;1841;453;75;51;4060;578;88;53
2022.03_13-10-2022;Костромская область;165_195_days;SputnikLite;40;1;0;0;43;7;0;0;83;8;0;0;2219;125;13;2;1841;453;75;51;4060;578;88;53
2022.03_13-10-2022;Костромская область;165_195_days;SputnikV;81;3;1;0;33;5;0;0;114;8;1;0;2219;125;13;2;1841;453;75;51;4060;578;88;53
2022.03_13-10-2022;Костромская область;21_45_days;AllVaccines;55;3;1;0;40;6;0;0;95;9;1;0;2219;125;13;2;1841;453;75;51;4060;578;88;53
2022.03_13-10-2022;Костромская область;21_45_days;CoviVac;2;0;0;0;1;1;0;0;3;1;0;0;2219;125;13;2;1841;453;75;51;4060;578;88;53
2022.03_13-10-2022;Костромская область;21_45_days;EpiVacCorona;4;0;0;0;3;0;0;0;7;0;0;0;2219;125;13;2;1841;453;75;51;4060;578;88;53
2022.03_13-10-2022;Костромская область;21_45_days;SputnikLite;33;1;0;0;25;2;0;0;58;3;0;0;2219;125;13;2;1841;453;75;51;4060;578;88;53
2022.03_13-10-2022;Костромская область;21_45_days;SputnikV;16;2;1;0;11;3;0;0;27;5;1;0;2219;125;13;2;1841;453;75;51;4060;578;88;53
2022.03_13-10-2022;Костромская область;45_75_days;AllVaccines;75;3;0;0;38;5;2;1;113;8;2;1;2219;125;13;2;1841;453;75;51;4060;578;88;53
2022.03_13-10-2022;Костромская область;45_75_days;CoviVac;2;0;0;0;1;0;0;0;3;0;0;0;2219;125;13;2;1841;453;75;51;4060;578;88;53
2022.03_13-10-2022;Костромская область;45_75_days;EpiVacCorona;7;1;0;0;3;3;2;1;10;4;2;1;2219;125;13;2;1841;453;75;51;4060;578;88;53
2022.03_13-10-2022;Костромская область;45_75_days;SputnikLite;47;1;0;0;24;1;0;0;71;2;0;0;2219;125;13;2;1841;453;75;51;4060;578;88;53
2022.03_13-10-2022;Костромская область;45_75_days;SputnikV;19;1;0;0;10;1;0;0;29;2;0;0;2219;125;13;2;1841;453;75;51;4060;578;88;53
2022.03_13-10-2022;Костромская область;75_90_days;AllVaccines;64;2;0;0;48;11;2;2;112;13;2;2;2219;125;13;2;1841;453;75;51;4060;578;88;53
2022.03_13-10-2022;Костромская область;75_90_days;CoviVac;2;0;0;0;1;0;0;0;3;0;0;0;2219;125;13;2;1841;453;75;51;4060;578;88;53
2022.03_13-10-2022;Костромская область;75_90_days;EpiVacCorona;16;0;0;0;6;1;1;1;22;1;1;1;2219;125;13;2;1841;453;75;51;4060;578;88;53
2022.03_13-10-2022;Костромская область;75_90_days;SputnikLite;28;1;0;0;20;3;0;0;48;4;0;0;2219;125;13;2;1841;453;75;51;4060;578;88;53
2022.03_13-10-2022;Костромская область;75_90_days;SputnikV;18;1;0;0;21;7;1;1;39;8;1;1;2219;125;13;2;1841;453;75;51;4060;578;88;53
2022.03_13-10-2022;Костромская область;90_105_days;AllVaccines;98;2;1;0;80;13;2;1;178;15;3;1;2219;125;13;2;1841;453;75;51;4060;578;88;53
2022.03_13-10-2022;Костромская область;90_105_days;CoviVac;1;0;0;0;0;0;0;0;1;0;0;0;2219;125;13;2;1841;453;75;51;4060;578;88;53
2022.03_13-10-2022;Костромская область;90_105_days;EpiVacCorona;10;0;0;0;8;1;0;0;18;1;0;0;2219;125;13;2;1841;453;75;51;4060;578;88;53
2022.03_13-10-2022;Костромская область;90_105_days;SputnikLite;44;0;0;0;35;7;0;0;79;7;0;0;2219;125;13;2;1841;453;75;51;4060;578;88;53
2022.03_13-10-2022;Костромская область;90_105_days;SputnikV;43;2;1;0;37;5;2;1;80;7;3;1;2219;125;13;2;1841;453;75;51;4060;578;88;53
2022.03_13-10-2022;Краснодарский край;105_165_days;AllVaccines;1279;62;6;3;1186;237;56;28;2465;299;62;31;13373;901;149;60;9605;2842;959;509;22978;3743;1108;569
2022.03_13-10-2022;Краснодарский край;105_165_days;CoviVac;49;2;0;0;18;3;1;1;67;5;1;1;13373;901;149;60;9605;2842;959;509;22978;3743;1108;569
2022.03_13-10-2022;Краснодарский край;105_165_days;EpiVacCorona;34;0;0;0;35;6;4;3;69;6;4;3;13373;901;149;60;9605;2842;959;509;22978;3743;1108;569
2022.03_13-10-2022;Краснодарский край;105_165_days;SputnikLite;296;5;0;0;512;87;20;9;808;92;20;9;13373;901;149;60;9605;2842;959;509;22978;3743;1108;569
2022.03_13-10-2022;Краснодарский край;105_165_days;SputnikV;900;55;6;3;621;141;31;15;1521;196;37;18;13373;901;149;60;9605;2842;959;509;22978;3743;1108;569
2022.03_13-10-2022;Краснодарский край;165_195_days;AllVaccines;766;22;3;1;525;119;40;18;1291;141;43;19;13373;901;149;60;9605;2842;959;509;22978;3743;1108;569
2022.03_13-10-2022;Краснодарский край;165_195_days;CoviVac;20;1;0;0;6;0;0;0;26;1;0;0;13373;901;149;60;9605;2842;959;509;22978;3743;1108;569
2022.03_13-10-2022;Краснодарский край;165_195_days;EpiVacCorona;15;1;1;0;18;3;2;1;33;4;3;1;13373;901;149;60;9605;2842;959;509;22978;3743;1108;569
2022.03_13-10-2022;Краснодарский край;165_195_days;SputnikLite;88;1;0;0;202;39;13;1;290;40;13;1;13373;901;149;60;9605;2842;959;509;22978;3743;1108;569
2022.03_13-10-2022;Краснодарский край;165_195_days;SputnikV;643;19;2;1;299;77;25;16;942;96;27;17;13373;901;149;60;9605;2842;959;509;22978;3743;1108;569
2022.03_13-10-2022;Краснодарский край;21_45_days;AllVaccines;272;10;0;0;203;64;17;14;475;74;17;14;13373;901;149;60;9605;2842;959;509;22978;3743;1108;569
2022.03_13-10-2022;Краснодарский край;21_45_days;CoviVac;10;0;0;0;4;1;0;0;14;1;0;0;13373;901;149;60;9605;2842;959;509;22978;3743;1108;569
2022.03_13-10-2022;Краснодарский край;21_45_days;EpiVacCorona;6;0;0;0;22;5;3;2;28;5;3;2;13373;901;149;60;9605;2842;959;509;22978;3743;1108;569
2022.03_13-10-2022;Краснодарский край;21_45_days;SputnikLite;99;3;0;0;40;11;2;1;139;14;2;1;13373;901;149;60;9605;2842;959;509;22978;3743;1108;569
2022.03_13-10-2022;Краснодарский край;21_45_days;SputnikV;157;7;0;0;137;47;12;11;294;54;12;11;13373;901;149;60;9605;2842;959;509;22978;3743;1108;569
2022.03_13-10-2022;Краснодарский край;45_75_days;AllVaccines;562;27;5;1;336;73;14;8;898;100;19;9;13373;901;149;60;9605;2842;959;509;22978;3743;1108;569
2022.03_13-10-2022;Краснодарский край;45_75_days;CoviVac;10;0;0;0;2;0;0;0;12;0;0;0;13373;901;149;60;9605;2842;959;509;22978;3743;1108;569
2022.03_13-10-2022;Краснодарский край;45_75_days;EpiVacCorona;4;1;1;0;11;3;0;0;15;4;1;0;13373;901;149;60;9605;2842;959;509;22978;3743;1108;569
2022.03_13-10-2022;Краснодарский край;45_75_days;SputnikLite;323;7;0;0;161;21;2;2;484;28;2;2;13373;901;149;60;9605;2842;959;509;22978;3743;1108;569
2022.03_13-10-2022;Краснодарский край;45_75_days;SputnikV;225;19;4;1;162;49;12;6;387;68;16;7;13373;901;149;60;9605;2842;959;509;22978;3743;1108;569
2022.03_13-10-2022;Краснодарский край;75_90_days;AllVaccines;478;26;0;0;345;92;24;12;823;118;24;12;13373;901;149;60;9605;2842;959;509;22978;3743;1108;569
2022.03_13-10-2022;Краснодарский край;75_90_days;CoviVac;7;0;0;0;2;1;0;0;9;1;0;0;13373;901;149;60;9605;2842;959;509;22978;3743;1108;569
2022.03_13-10-2022;Краснодарский край;75_90_days;EpiVacCorona;8;0;0;0;7;2;0;0;15;2;0;0;13373;901;149;60;9605;2842;959;509;22978;3743;1108;569
2022.03_13-10-2022;Краснодарский край;75_90_days;SputnikLite;90;6;0;0;115;27;9;4;205;33;9;4;13373;901;149;60;9605;2842;959;509;22978;3743;1108;569
2022.03_13-10-2022;Краснодарский край;75_90_days;SputnikV;373;20;0;0;221;62;15;8;594;82;15;8;13373;901;149;60;9605;2842;959;509;22978;3743;1108;569
2022.03_13-10-2022;Краснодарский край;90_105_days;AllVaccines;641;27;0;0;502;111;38;20;1143;138;38;20;13373;901;149;60;9605;2842;959;509;22978;3743;1108;569
2022.03_13-10-2022;Краснодарский край;90_105_days;CoviVac;4;0;0;0;2;0;0;0;6;0;0;0;13373;901;149;60;9605;2842;959;509;22978;3743;1108;569
2022.03_13-10-2022;Краснодарский край;90_105_days;EpiVacCorona;22;0;0;0;28;14;7;5;50;14;7;5;13373;901;149;60;9605;2842;959;509;22978;3743;1108;569
2022.03_13-10-2022;Краснодарский край;90_105_days;SputnikLite;141;5;0;0;163;31;5;3;304;36;5;3;13373;901;149;60;9605;2842;959;509;22978;3743;1108;569
2022.03_13-10-2022;Краснодарский край;90_105_days;SputnikV;474;22;0;0;309;66;26;12;783;88;26;12;13373;901;149;60;9605;2842;959;509;22978;3743;1108;569
2022.03_13-10-2022;Красноярский край;105_165_days;AllVaccines;1190;44;3;1;970;166;19;12;2160;210;22;13;11848;714;101;37;7986;2433;627;451;19834;3147;728;488
2022.03_13-10-2022;Красноярский край;105_165_days;CoviVac;31;3;0;0;16;1;0;0;47;4;0;0;11848;714;101;37;7986;2433;627;451;19834;3147;728;488
2022.03_13-10-2022;Красноярский край;105_165_days;EpiVacCorona;42;1;0;0;38;12;2;2;80;13;2;2;11848;714;101;37;7986;2433;627;451;19834;3147;728;488
2022.03_13-10-2022;Красноярский край;105_165_days;SputnikLite;597;20;2;1;494;77;8;5;1091;97;10;6;11848;714;101;37;7986;2433;627;451;19834;3147;728;488
2022.03_13-10-2022;Красноярский край;105_165_days;SputnikV;520;20;1;0;422;76;9;5;942;96;10;5;11848;714;101;37;7986;2433;627;451;19834;3147;728;488
2022.03_13-10-2022;Красноярский край;165_195_days;AllVaccines;884;39;3;1;415;65;6;3;1299;104;9;4;11848;714;101;37;7986;2433;627;451;19834;3147;728;488
2022.03_13-10-2022;Красноярский край;165_195_days;CoviVac;13;1;0;0;3;0;0;0;16;1;0;0;11848;714;101;37;7986;2433;627;451;19834;3147;728;488
2022.03_13-10-2022;Красноярский край;165_195_days;EpiVacCorona;28;1;0;0;21;8;1;1;49;9;1;1;11848;714;101;37;7986;2433;627;451;19834;3147;728;488
2022.03_13-10-2022;Красноярский край;165_195_days;SputnikLite;335;18;1;0;171;29;1;1;506;47;2;1;11848;714;101;37;7986;2433;627;451;19834;3147;728;488
2022.03_13-10-2022;Красноярский край;165_195_days;SputnikV;508;19;2;1;220;28;4;1;728;47;6;2;11848;714;101;37;7986;2433;627;451;19834;3147;728;488
2022.03_13-10-2022;Красноярский край;21_45_days;AllVaccines;345;24;1;0;221;36;3;1;566;60;4;1;11848;714;101;37;7986;2433;627;451;19834;3147;728;488
2022.03_13-10-2022;Красноярский край;21_45_days;CoviVac;4;0;0;0;7;0;0;0;11;0;0;0;11848;714;101;37;7986;2433;627;451;19834;3147;728;488
2022.03_13-10-2022;Красноярский край;21_45_days;EpiVacCorona;10;1;0;0;10;2;0;0;20;3;0;0;11848;714;101;37;7986;2433;627;451;19834;3147;728;488
2022.03_13-10-2022;Красноярский край;21_45_days;SputnikLite;206;11;0;0;113;14;0;0;319;25;0;0;11848;714;101;37;7986;2433;627;451;19834;3147;728;488
2022.03_13-10-2022;Красноярский край;21_45_days;SputnikV;125;12;1;0;91;20;3;1;216;32;4;1;11848;714;101;37;7986;2433;627;451;19834;3147;728;488
2022.03_13-10-2022;Красноярский край;45_75_days;AllVaccines;546;15;2;0;345;75;18;7;891;90;20;7;11848;714;101;37;7986;2433;627;451;19834;3147;728;488
2022.03_13-10-2022;Красноярский край;45_75_days;CoviVac;11;0;0;0;2;1;0;0;13;1;0;0;11848;714;101;37;7986;2433;627;451;19834;3147;728;488
2022.03_13-10-2022;Красноярский край;45_75_days;EpiVacCorona;23;3;0;0;19;6;0;1;42;9;0;1;11848;714;101;37;7986;2433;627;451;19834;3147;728;488
2022.03_13-10-2022;Красноярский край;45_75_days;SputnikLite;324;6;1;0;215;39;10;4;539;45;11;4;11848;714;101;37;7986;2433;627;451;19834;3147;728;488
2022.03_13-10-2022;Красноярский край;45_75_days;SputnikV;188;6;1;0;109;29;8;2;297;35;9;2;11848;714;101;37;7986;2433;627;451;19834;3147;728;488
2022.03_13-10-2022;Красноярский край;75_90_days;AllVaccines;452;26;0;0;316;66;8;5;768;92;8;5;11848;714;101;37;7986;2433;627;451;19834;3147;728;488
2022.03_13-10-2022;Красноярский край;75_90_days;CoviVac;6;0;0;0;3;0;0;0;9;0;0;0;11848;714;101;37;7986;2433;627;451;19834;3147;728;488
2022.03_13-10-2022;Красноярский край;75_90_days;EpiVacCorona;37;5;0;0;33;10;1;1;70;15;1;1;11848;714;101;37;7986;2433;627;451;19834;3147;728;488
2022.03_13-10-2022;Красноярский край;75_90_days;SputnikLite;118;7;0;0;121;18;2;2;239;25;2;2;11848;714;101;37;7986;2433;627;451;19834;3147;728;488
2022.03_13-10-2022;Красноярский край;75_90_days;SputnikV;291;14;0;0;159;38;5;2;450;52;5;2;11848;714;101;37;7986;2433;627;451;19834;3147;728;488
2022.03_13-10-2022;Красноярский край;90_105_days;AllVaccines;601;25;2;1;444;102;12;3;1045;127;14;4;11848;714;101;37;7986;2433;627;451;19834;3147;728;488
2022.03_13-10-2022;Красноярский край;90_105_days;CoviVac;18;2;0;0;6;4;0;0;24;6;0;0;11848;714;101;37;7986;2433;627;451;19834;3147;728;488
2022.03_13-10-2022;Красноярский край;90_105_days;EpiVacCorona;30;1;0;0;41;15;2;0;71;16;2;0;11848;714;101;37;7986;2433;627;451;19834;3147;728;488
2022.03_13-10-2022;Красноярский край;90_105_days;SputnikLite;168;3;0;0;165;33;2;0;333;36;2;0;11848;714;101;37;7986;2433;627;451;19834;3147;728;488
2022.03_13-10-2022;Красноярский край;90_105_days;SputnikV;385;19;2;1;232;50;8;3;617;69;10;4;11848;714;101;37;7986;2433;627;451;19834;3147;728;488
2022.03_13-10-2022;Курганская область;105_165_days;AllVaccines;1710;41;4;1;1106;136;27;7;2816;177;31;8;7600;314;43;12;5645;1183;422;164;13245;1497;465;176
2022.03_13-10-2022;Курганская область;105_165_days;CoviVac;41;0;0;0;9;2;1;0;50;2;1;0;7600;314;43;12;5645;1183;422;164;13245;1497;465;176
2022.03_13-10-2022;Курганская область;105_165_days;EpiVacCorona;12;0;0;0;8;2;1;0;20;2;1;0;7600;314;43;12;5645;1183;422;164;13245;1497;465;176
2022.03_13-10-2022;Курганская область;105_165_days;SputnikLite;713;15;2;0;635;68;13;3;1348;83;15;3;7600;314;43;12;5645;1183;422;164;13245;1497;465;176
2022.03_13-10-2022;Курганская область;105_165_days;SputnikV;944;26;2;1;454;64;12;4;1398;90;14;5;7600;314;43;12;5645;1183;422;164;13245;1497;465;176
2022.03_13-10-2022;Курганская область;165_195_days;AllVaccines;316;8;2;1;255;33;9;5;571;41;11;6;7600;314;43;12;5645;1183;422;164;13245;1497;465;176
2022.03_13-10-2022;Курганская область;165_195_days;CoviVac;5;0;0;0;1;0;0;0;6;0;0;0;7600;314;43;12;5645;1183;422;164;13245;1497;465;176
2022.03_13-10-2022;Курганская область;165_195_days;EpiVacCorona;2;0;0;0;1;0;0;0;3;0;0;0;7600;314;43;12;5645;1183;422;164;13245;1497;465;176
2022.03_13-10-2022;Курганская область;165_195_days;SputnikLite;97;4;1;0;160;24;6;4;257;28;7;4;7600;314;43;12;5645;1183;422;164;13245;1497;465;176
2022.03_13-10-2022;Курганская область;165_195_days;SputnikV;212;4;1;1;93;9;3;1;305;13;4;2;7600;314;43;12;5645;1183;422;164;13245;1497;465;176
2022.03_13-10-2022;Курганская область;21_45_days;AllVaccines;361;10;3;1;233;30;9;2;594;40;12;3;7600;314;43;12;5645;1183;422;164;13245;1497;465;176
2022.03_13-10-2022;Курганская область;21_45_days;CoviVac;5;0;0;0;0;0;0;0;5;0;0;0;7600;314;43;12;5645;1183;422;164;13245;1497;465;176
2022.03_13-10-2022;Курганская область;21_45_days;EpiVacCorona;17;0;0;0;11;5;3;0;28;5;3;0;7600;314;43;12;5645;1183;422;164;13245;1497;465;176
2022.03_13-10-2022;Курганская область;21_45_days;SputnikLite;271;8;2;1;167;16;3;1;438;24;5;2;7600;314;43;12;5645;1183;422;164;13245;1497;465;176
2022.03_13-10-2022;Курганская область;21_45_days;SputnikV;68;2;1;0;55;9;3;1;123;11;4;1;7600;314;43;12;5645;1183;422;164;13245;1497;465;176
2022.03_13-10-2022;Курганская область;45_75_days;AllVaccines;443;15;0;0;275;39;12;2;718;54;12;2;7600;314;43;12;5645;1183;422;164;13245;1497;465;176
2022.03_13-10-2022;Курганская область;45_75_days;CoviVac;4;0;0;0;3;1;1;0;7;1;1;0;7600;314;43;12;5645;1183;422;164;13245;1497;465;176
2022.03_13-10-2022;Курганская область;45_75_days;EpiVacCorona;20;1;0;0;27;5;2;0;47;6;2;0;7600;314;43;12;5645;1183;422;164;13245;1497;465;176
2022.03_13-10-2022;Курганская область;45_75_days;SputnikLite;325;11;0;0;196;23;7;2;521;34;7;2;7600;314;43;12;5645;1183;422;164;13245;1497;465;176
2022.03_13-10-2022;Курганская область;45_75_days;SputnikV;94;3;0;0;49;10;2;0;143;13;2;0;7600;314;43;12;5645;1183;422;164;13245;1497;465;176
2022.03_13-10-2022;Курганская область;75_90_days;AllVaccines;146;5;0;0;161;29;8;1;307;34;8;1;7600;314;43;12;5645;1183;422;164;13245;1497;465;176
2022.03_13-10-2022;Курганская область;75_90_days;CoviVac;4;0;0;0;5;1;0;0;9;1;0;0;7600;314;43;12;5645;1183;422;164;13245;1497;465;176
2022.03_13-10-2022;Курганская область;75_90_days;EpiVacCorona;3;1;0;0;7;4;2;1;10;5;2;1;7600;314;43;12;5645;1183;422;164;13245;1497;465;176
2022.03_13-10-2022;Курганская область;75_90_days;SputnikLite;50;2;0;0;75;11;3;0;125;13;3;0;7600;314;43;12;5645;1183;422;164;13245;1497;465;176
2022.03_13-10-2022;Курганская область;75_90_days;SputnikV;89;2;0;0;74;13;3;0;163;15;3;0;7600;314;43;12;5645;1183;422;164;13245;1497;465;176
2022.03_13-10-2022;Курганская область;90_105_days;AllVaccines;338;15;1;0;314;56;11;2;652;71;12;2;7600;314;43;12;5645;1183;422;164;13245;1497;465;176
2022.03_13-10-2022;Курганская область;90_105_days;CoviVac;8;1;0;0;5;1;0;0;13;2;0;0;7600;314;43;12;5645;1183;422;164;13245;1497;465;176
2022.03_13-10-2022;Курганская область;90_105_days;EpiVacCorona;1;0;0;0;3;1;0;0;4;1;0;0;7600;314;43;12;5645;1183;422;164;13245;1497;465;176
2022.03_13-10-2022;Курганская область;90_105_days;SputnikLite;128;5;0;0;165;23;5;0;293;28;5;0;7600;314;43;12;5645;1183;422;164;13245;1497;465;176
2022.03_13-10-2022;Курганская область;90_105_days;SputnikV;201;9;1;0;141;31;6;2;342;40;7;2;7600;314;43;12;5645;1183;422;164;13245;1497;465;176
2022.03_13-10-2022;Курская область;105_165_days;AllVaccines;552;32;1;1;585;131;20;7;1137;163;21;8;4291;360;43;14;3456;1063;280;172;7747;1423;323;186
2022.03_13-10-2022;Курская область;105_165_days;CoviVac;9;0;0;0;7;1;0;0;16;1;0;0;4291;360;43;14;3456;1063;280;172;7747;1423;323;186
2022.03_13-10-2022;Курская область;105_165_days;EpiVacCorona;24;3;0;0;26;7;0;0;50;10;0;0;4291;360;43;14;3456;1063;280;172;7747;1423;323;186
2022.03_13-10-2022;Курская область;105_165_days;SputnikLite;272;13;1;1;354;78;14;6;626;91;15;7;4291;360;43;14;3456;1063;280;172;7747;1423;323;186
2022.03_13-10-2022;Курская область;105_165_days;SputnikV;247;16;0;0;198;45;6;1;445;61;6;1;4291;360;43;14;3456;1063;280;172;7747;1423;323;186
2022.03_13-10-2022;Курская область;165_195_days;AllVaccines;356;21;3;0;225;41;7;4;581;62;10;4;4291;360;43;14;3456;1063;280;172;7747;1423;323;186
2022.03_13-10-2022;Курская область;165_195_days;CoviVac;8;0;0;0;2;0;0;0;10;0;0;0;4291;360;43;14;3456;1063;280;172;7747;1423;323;186
2022.03_13-10-2022;Курская область;165_195_days;EpiVacCorona;1;0;0;0;1;0;0;0;2;0;0;0;4291;360;43;14;3456;1063;280;172;7747;1423;323;186
2022.03_13-10-2022;Курская область;165_195_days;SputnikLite;132;5;1;0;137;26;5;3;269;31;6;3;4291;360;43;14;3456;1063;280;172;7747;1423;323;186
2022.03_13-10-2022;Курская область;165_195_days;SputnikV;215;16;2;0;85;15;2;1;300;31;4;1;4291;360;43;14;3456;1063;280;172;7747;1423;323;186
2022.03_13-10-2022;Курская область;21_45_days;AllVaccines;131;6;0;0;72;13;5;2;203;19;5;2;4291;360;43;14;3456;1063;280;172;7747;1423;323;186
2022.03_13-10-2022;Курская область;21_45_days;CoviVac;6;0;0;0;1;0;0;0;7;0;0;0;4291;360;43;14;3456;1063;280;172;7747;1423;323;186
2022.03_13-10-2022;Курская область;21_45_days;EpiVacCorona;12;0;0;0;13;4;3;1;25;4;3;1;4291;360;43;14;3456;1063;280;172;7747;1423;323;186
2022.03_13-10-2022;Курская область;21_45_days;SputnikLite;87;3;0;0;39;7;2;1;126;10;2;1;4291;360;43;14;3456;1063;280;172;7747;1423;323;186
2022.03_13-10-2022;Курская область;21_45_days;SputnikV;26;3;0;0;19;2;0;0;45;5;0;0;4291;360;43;14;3456;1063;280;172;7747;1423;323;186
2022.03_13-10-2022;Курская область;45_75_days;AllVaccines;175;8;3;0;113;26;6;2;288;34;9;2;4291;360;43;14;3456;1063;280;172;7747;1423;323;186
2022.03_13-10-2022;Курская область;45_75_days;CoviVac;5;0;0;0;3;0;0;0;8;0;0;0;4291;360;43;14;3456;1063;280;172;7747;1423;323;186
2022.03_13-10-2022;Курская область;45_75_days;EpiVacCorona;15;1;0;0;11;4;2;0;26;5;2;0;4291;360;43;14;3456;1063;280;172;7747;1423;323;186
2022.03_13-10-2022;Курская область;45_75_days;SputnikLite;126;6;3;0;76;13;3;2;202;19;6;2;4291;360;43;14;3456;1063;280;172;7747;1423;323;186
2022.03_13-10-2022;Курская область;45_75_days;SputnikV;29;1;0;0;23;9;1;0;52;10;1;0;4291;360;43;14;3456;1063;280;172;7747;1423;323;186
2022.03_13-10-2022;Курская область;75_90_days;AllVaccines;127;9;1;0;118;32;5;2;245;41;6;2;4291;360;43;14;3456;1063;280;172;7747;1423;323;186
2022.03_13-10-2022;Курская область;75_90_days;CoviVac;5;0;0;0;6;0;0;0;11;0;0;0;4291;360;43;14;3456;1063;280;172;7747;1423;323;186
2022.03_13-10-2022;Курская область;75_90_days;EpiVacCorona;11;2;1;0;17;9;1;0;28;11;2;0;4291;360;43;14;3456;1063;280;172;7747;1423;323;186
2022.03_13-10-2022;Курская область;75_90_days;SputnikLite;44;1;0;0;50;5;0;0;94;6;0;0;4291;360;43;14;3456;1063;280;172;7747;1423;323;186
2022.03_13-10-2022;Курская область;75_90_days;SputnikV;67;6;0;0;45;18;4;2;112;24;4;2;4291;360;43;14;3456;1063;280;172;7747;1423;323;186
2022.03_13-10-2022;Курская область;90_105_days;AllVaccines;170;9;2;1;147;34;9;7;317;43;11;8;4291;360;43;14;3456;1063;280;172;7747;1423;323;186
2022.03_13-10-2022;Курская область;90_105_days;CoviVac;5;0;0;0;2;0;0;0;7;0;0;0;4291;360;43;14;3456;1063;280;172;7747;1423;323;186
2022.03_13-10-2022;Курская область;90_105_days;EpiVacCorona;11;0;0;0;20;4;0;0;31;4;0;0;4291;360;43;14;3456;1063;280;172;7747;1423;323;186
2022.03_13-10-2022;Курская область;90_105_days;SputnikLite;66;1;0;0;60;16;6;5;126;17;6;5;4291;360;43;14;3456;1063;280;172;7747;1423;323;186
2022.03_13-10-2022;Курская область;90_105_days;SputnikV;88;8;2;1;65;14;3;2;153;22;5;3;4291;360;43;14;3456;1063;280;172;7747;1423;323;186
2022.03_13-10-2022;Ленинградская область;105_165_days;AllVaccines;847;45;2;0;612;76;15;8;1459;121;17;8;6481;322;43;28;4505;976;183;183;10986;1298;226;211
2022.03_13-10-2022;Ленинградская область;105_165_days;CoviVac;27;2;0;0;8;0;0;0;35;2;0;0;6481;322;43;28;4505;976;183;183;10986;1298;226;211
2022.03_13-10-2022;Ленинградская область;105_165_days;EpiVacCorona;13;1;0;0;13;2;0;0;26;3;0;0;6481;322;43;28;4505;976;183;183;10986;1298;226;211
2022.03_13-10-2022;Ленинградская область;105_165_days;SputnikLite;412;20;1;0;340;48;12;7;752;68;13;7;6481;322;43;28;4505;976;183;183;10986;1298;226;211
2022.03_13-10-2022;Ленинградская область;105_165_days;SputnikV;395;22;1;0;251;26;3;1;646;48;4;1;6481;322;43;28;4505;976;183;183;10986;1298;226;211
2022.03_13-10-2022;Ленинградская область;165_195_days;AllVaccines;338;13;1;0;172;22;3;1;510;35;4;1;6481;322;43;28;4505;976;183;183;10986;1298;226;211
2022.03_13-10-2022;Ленинградская область;165_195_days;CoviVac;12;0;0;0;2;0;0;0;14;0;0;0;6481;322;43;28;4505;976;183;183;10986;1298;226;211
2022.03_13-10-2022;Ленинградская область;165_195_days;EpiVacCorona;0;0;0;0;1;0;0;0;1;0;0;0;6481;322;43;28;4505;976;183;183;10986;1298;226;211
2022.03_13-10-2022;Ленинградская область;165_195_days;SputnikLite;100;4;0;0;67;9;1;1;167;13;1;1;6481;322;43;28;4505;976;183;183;10986;1298;226;211
2022.03_13-10-2022;Ленинградская область;165_195_days;SputnikV;226;9;1;0;102;13;2;0;328;22;3;0;6481;322;43;28;4505;976;183;183;10986;1298;226;211
2022.03_13-10-2022;Ленинградская область;21_45_days;AllVaccines;130;5;0;0;75;9;2;1;205;14;2;1;6481;322;43;28;4505;976;183;183;10986;1298;226;211
2022.03_13-10-2022;Ленинградская область;21_45_days;CoviVac;4;1;0;0;1;0;0;0;5;1;0;0;6481;322;43;28;4505;976;183;183;10986;1298;226;211
2022.03_13-10-2022;Ленинградская область;21_45_days;EpiVacCorona;2;0;0;0;2;0;0;0;4;0;0;0;6481;322;43;28;4505;976;183;183;10986;1298;226;211
2022.03_13-10-2022;Ленинградская область;21_45_days;SputnikLite;62;1;0;0;30;4;1;0;92;5;1;0;6481;322;43;28;4505;976;183;183;10986;1298;226;211
2022.03_13-10-2022;Ленинградская область;21_45_days;SputnikV;62;3;0;0;42;5;1;1;104;8;1;1;6481;322;43;28;4505;976;183;183;10986;1298;226;211
2022.03_13-10-2022;Ленинградская область;45_75_days;AllVaccines;214;7;2;1;163;17;1;0;377;24;3;1;6481;322;43;28;4505;976;183;183;10986;1298;226;211
2022.03_13-10-2022;Ленинградская область;45_75_days;CoviVac;4;0;0;0;1;0;0;0;5;0;0;0;6481;322;43;28;4505;976;183;183;10986;1298;226;211
2022.03_13-10-2022;Ленинградская область;45_75_days;EpiVacCorona;13;1;1;1;4;0;0;0;17;1;1;1;6481;322;43;28;4505;976;183;183;10986;1298;226;211
2022.03_13-10-2022;Ленинградская область;45_75_days;SputnikLite;115;3;0;0;102;11;0;0;217;14;0;0;6481;322;43;28;4505;976;183;183;10986;1298;226;211
2022.03_13-10-2022;Ленинградская область;45_75_days;SputnikV;82;3;1;0;56;6;1;0;138;9;2;0;6481;322;43;28;4505;976;183;183;10986;1298;226;211
2022.03_13-10-2022;Ленинградская область;75_90_days;AllVaccines;227;11;1;0;176;34;8;8;403;45;9;8;6481;322;43;28;4505;976;183;183;10986;1298;226;211
2022.03_13-10-2022;Ленинградская область;75_90_days;CoviVac;3;0;0;0;0;0;0;0;3;0;0;0;6481;322;43;28;4505;976;183;183;10986;1298;226;211
2022.03_13-10-2022;Ленинградская область;75_90_days;EpiVacCorona;11;1;0;0;10;3;0;0;21;4;0;0;6481;322;43;28;4505;976;183;183;10986;1298;226;211
2022.03_13-10-2022;Ленинградская область;75_90_days;SputnikLite;66;3;0;0;59;10;2;3;125;13;2;3;6481;322;43;28;4505;976;183;183;10986;1298;226;211
2022.03_13-10-2022;Ленинградская область;75_90_days;SputnikV;147;7;1;0;107;21;6;5;254;28;7;5;6481;322;43;28;4505;976;183;183;10986;1298;226;211
2022.03_13-10-2022;Ленинградская область;90_105_days;AllVaccines;311;18;2;1;269;43;1;2;580;61;3;3;6481;322;43;28;4505;976;183;183;10986;1298;226;211
2022.03_13-10-2022;Ленинградская область;90_105_days;CoviVac;2;0;0;0;0;0;0;0;2;0;0;0;6481;322;43;28;4505;976;183;183;10986;1298;226;211
2022.03_13-10-2022;Ленинградская область;90_105_days;EpiVacCorona;19;0;0;0;11;4;0;0;30;4;0;0;6481;322;43;28;4505;976;183;183;10986;1298;226;211
2022.03_13-10-2022;Ленинградская область;90_105_days;SputnikLite;74;4;0;0;86;16;0;1;160;20;0;1;6481;322;43;28;4505;976;183;183;10986;1298;226;211
2022.03_13-10-2022;Ленинградская область;90_105_days;SputnikV;216;14;2;1;172;23;1;1;388;37;3;2;6481;322;43;28;4505;976;183;183;10986;1298;226;211
2022.03_13-10-2022;Липецкая область;105_165_days;AllVaccines;1124;40;2;1;662;79;14;13;1786;119;16;14;5439;274;26;13;4134;936;221;183;9573;1210;247;196
2022.03_13-10-2022;Липецкая область;105_165_days;CoviVac;15;1;0;0;3;0;0;0;18;1;0;0;5439;274;26;13;4134;936;221;183;9573;1210;247;196
2022.03_13-10-2022;Липецкая область;105_165_days;EpiVacCorona;51;2;0;0;13;3;0;0;64;5;0;0;5439;274;26;13;4134;936;221;183;9573;1210;247;196
2022.03_13-10-2022;Липецкая область;105_165_days;SputnikLite;385;13;0;0;424;54;11;10;809;67;11;10;5439;274;26;13;4134;936;221;183;9573;1210;247;196
2022.03_13-10-2022;Липецкая область;105_165_days;SputnikV;673;24;2;1;222;22;3;3;895;46;5;4;5439;274;26;13;4134;936;221;183;9573;1210;247;196
2022.03_13-10-2022;Липецкая область;165_195_days;AllVaccines;300;6;1;1;176;15;1;1;476;21;2;2;5439;274;26;13;4134;936;221;183;9573;1210;247;196
2022.03_13-10-2022;Липецкая область;165_195_days;CoviVac;13;0;0;0;1;0;0;0;14;0;0;0;5439;274;26;13;4134;936;221;183;9573;1210;247;196
2022.03_13-10-2022;Липецкая область;165_195_days;EpiVacCorona;1;0;0;0;5;0;0;0;6;0;0;0;5439;274;26;13;4134;936;221;183;9573;1210;247;196
2022.03_13-10-2022;Липецкая область;165_195_days;SputnikLite;60;1;1;1;76;9;1;1;136;10;2;2;5439;274;26;13;4134;936;221;183;9573;1210;247;196
2022.03_13-10-2022;Липецкая область;165_195_days;SputnikV;226;5;0;0;94;6;0;0;320;11;0;0;5439;274;26;13;4134;936;221;183;9573;1210;247;196
2022.03_13-10-2022;Липецкая область;21_45_days;AllVaccines;159;13;0;0;69;10;1;1;228;23;1;1;5439;274;26;13;4134;936;221;183;9573;1210;247;196
2022.03_13-10-2022;Липецкая область;21_45_days;CoviVac;2;0;0;0;0;0;0;0;2;0;0;0;5439;274;26;13;4134;936;221;183;9573;1210;247;196
2022.03_13-10-2022;Липецкая область;21_45_days;EpiVacCorona;8;1;0;0;5;1;1;1;13;2;1;1;5439;274;26;13;4134;936;221;183;9573;1210;247;196
2022.03_13-10-2022;Липецкая область;21_45_days;SputnikLite;102;10;0;0;36;6;0;0;138;16;0;0;5439;274;26;13;4134;936;221;183;9573;1210;247;196
2022.03_13-10-2022;Липецкая область;21_45_days;SputnikV;47;2;0;0;28;3;0;0;75;5;0;0;5439;274;26;13;4134;936;221;183;9573;1210;247;196
2022.03_13-10-2022;Липецкая область;45_75_days;AllVaccines;174;14;1;0;123;17;7;6;297;31;8;6;5439;274;26;13;4134;936;221;183;9573;1210;247;196
2022.03_13-10-2022;Липецкая область;45_75_days;CoviVac;2;0;0;0;0;0;0;0;2;0;0;0;5439;274;26;13;4134;936;221;183;9573;1210;247;196
2022.03_13-10-2022;Липецкая область;45_75_days;EpiVacCorona;10;2;0;0;16;6;3;3;26;8;3;3;5439;274;26;13;4134;936;221;183;9573;1210;247;196
2022.03_13-10-2022;Липецкая область;45_75_days;SputnikLite;125;7;1;0;85;9;4;3;210;16;5;3;5439;274;26;13;4134;936;221;183;9573;1210;247;196
2022.03_13-10-2022;Липецкая область;45_75_days;SputnikV;37;5;0;0;22;2;0;0;59;7;0;0;5439;274;26;13;4134;936;221;183;9573;1210;247;196
2022.03_13-10-2022;Липецкая область;75_90_days;AllVaccines;137;9;2;1;124;24;5;3;261;33;7;4;5439;274;26;13;4134;936;221;183;9573;1210;247;196
2022.03_13-10-2022;Липецкая область;75_90_days;CoviVac;2;0;0;0;0;0;0;0;2;0;0;0;5439;274;26;13;4134;936;221;183;9573;1210;247;196
2022.03_13-10-2022;Липецкая область;75_90_days;EpiVacCorona;16;0;0;0;7;3;0;0;23;3;0;0;5439;274;26;13;4134;936;221;183;9573;1210;247;196
2022.03_13-10-2022;Липецкая область;75_90_days;SputnikLite;35;2;1;1;52;8;2;0;87;10;3;1;5439;274;26;13;4134;936;221;183;9573;1210;247;196
2022.03_13-10-2022;Липецкая область;75_90_days;SputnikV;84;7;1;0;65;13;3;3;149;20;4;3;5439;274;26;13;4134;936;221;183;9573;1210;247;196
2022.03_13-10-2022;Липецкая область;90_105_days;AllVaccines;287;9;0;0;187;32;6;5;474;41;6;5;5439;274;26;13;4134;936;221;183;9573;1210;247;196
2022.03_13-10-2022;Липецкая область;90_105_days;CoviVac;0;0;0;0;1;0;0;0;1;0;0;0;5439;274;26;13;4134;936;221;183;9573;1210;247;196
2022.03_13-10-2022;Липецкая область;90_105_days;EpiVacCorona;14;0;0;0;3;2;1;1;17;2;1;1;5439;274;26;13;4134;936;221;183;9573;1210;247;196
2022.03_13-10-2022;Липецкая область;90_105_days;SputnikLite;70;1;0;0;78;9;2;2;148;10;2;2;5439;274;26;13;4134;936;221;183;9573;1210;247;196
2022.03_13-10-2022;Липецкая область;90_105_days;SputnikV;203;8;0;0;105;21;3;2;308;29;3;2;5439;274;26;13;4134;936;221;183;9573;1210;247;196
2022.03_13-10-2022;Магаданская область;105_165_days;AllVaccines;64;2;0;0;45;12;0;0;109;14;0;0;543;37;4;2;331;78;22;16;874;115;26;18
2022.03_13-10-2022;Магаданская область;105_165_days;CoviVac;2;0;0;0;1;1;0;0;3;1;0;0;543;37;4;2;331;78;22;16;874;115;26;18
2022.03_13-10-2022;Магаданская область;105_165_days;EpiVacCorona;0;0;0;0;3;1;0;0;3;1;0;0;543;37;4;2;331;78;22;16;874;115;26;18
2022.03_13-10-2022;Магаданская область;105_165_days;SputnikLite;52;1;0;0;28;8;0;0;80;9;0;0;543;37;4;2;331;78;22;16;874;115;26;18
2022.03_13-10-2022;Магаданская область;105_165_days;SputnikV;10;1;0;0;13;2;0;0;23;3;0;0;543;37;4;2;331;78;22;16;874;115;26;18
2022.03_13-10-2022;Магаданская область;165_195_days;AllVaccines;27;2;1;0;13;3;0;0;40;5;1;0;543;37;4;2;331;78;22;16;874;115;26;18
2022.03_13-10-2022;Магаданская область;165_195_days;SputnikLite;14;1;1;0;5;1;0;0;19;2;1;0;543;37;4;2;331;78;22;16;874;115;26;18
2022.03_13-10-2022;Магаданская область;165_195_days;SputnikV;13;1;0;0;8;2;0;0;21;3;0;0;543;37;4;2;331;78;22;16;874;115;26;18
2022.03_13-10-2022;Магаданская область;21_45_days;AllVaccines;17;1;0;0;9;1;0;0;26;2;0;0;543;37;4;2;331;78;22;16;874;115;26;18
2022.03_13-10-2022;Магаданская область;21_45_days;EpiVacCorona;0;0;0;0;1;0;0;0;1;0;0;0;543;37;4;2;331;78;22;16;874;115;26;18
2022.03_13-10-2022;Магаданская область;21_45_days;SputnikLite;12;0;0;0;5;1;0;0;17;1;0;0;543;37;4;2;331;78;22;16;874;115;26;18
2022.03_13-10-2022;Магаданская область;21_45_days;SputnikV;5;1;0;0;3;0;0;0;8;1;0;0;543;37;4;2;331;78;22;16;874;115;26;18
2022.03_13-10-2022;Магаданская область;45_75_days;AllVaccines;24;1;0;0;16;1;0;0;40;2;0;0;543;37;4;2;331;78;22;16;874;115;26;18
2022.03_13-10-2022;Магаданская область;45_75_days;CoviVac;2;0;0;0;0;0;0;0;2;0;0;0;543;37;4;2;331;78;22;16;874;115;26;18
2022.03_13-10-2022;Магаданская область;45_75_days;EpiVacCorona;3;0;0;0;0;0;0;0;3;0;0;0;543;37;4;2;331;78;22;16;874;115;26;18
2022.03_13-10-2022;Магаданская область;45_75_days;SputnikLite;16;1;0;0;14;1;0;0;30;2;0;0;543;37;4;2;331;78;22;16;874;115;26;18
2022.03_13-10-2022;Магаданская область;45_75_days;SputnikV;3;0;0;0;2;0;0;0;5;0;0;0;543;37;4;2;331;78;22;16;874;115;26;18
2022.03_13-10-2022;Магаданская область;75_90_days;AllVaccines;14;1;0;0;6;0;0;0;20;1;0;0;543;37;4;2;331;78;22;16;874;115;26;18
2022.03_13-10-2022;Магаданская область;75_90_days;CoviVac;1;0;0;0;0;0;0;0;1;0;0;0;543;37;4;2;331;78;22;16;874;115;26;18
2022.03_13-10-2022;Магаданская область;75_90_days;SputnikLite;10;1;0;0;5;0;0;0;15;1;0;0;543;37;4;2;331;78;22;16;874;115;26;18
2022.03_13-10-2022;Магаданская область;75_90_days;SputnikV;3;0;0;0;1;0;0;0;4;0;0;0;543;37;4;2;331;78;22;16;874;115;26;18
2022.03_13-10-2022;Магаданская область;90_105_days;AllVaccines;28;0;0;0;15;5;1;1;43;5;1;1;543;37;4;2;331;78;22;16;874;115;26;18
2022.03_13-10-2022;Магаданская область;90_105_days;EpiVacCorona;5;0;0;0;1;0;0;0;6;0;0;0;543;37;4;2;331;78;22;16;874;115;26;18
2022.03_13-10-2022;Магаданская область;90_105_days;SputnikLite;11;0;0;0;10;3;1;1;21;3;1;1;543;37;4;2;331;78;22;16;874;115;26;18
2022.03_13-10-2022;Магаданская область;90_105_days;SputnikV;12;0;0;0;4;2;0;0;16;2;0;0;543;37;4;2;331;78;22;16;874;115;26;18
2022.03_13-10-2022;Московская область;105_165_days;AllVaccines;1312;40;13;3;1200;135;39;17;2512;175;52;20;14827;541;117;45;9976;1766;677;333;24803;2307;794;378
2022.03_13-10-2022;Московская область;105_165_days;CoviVac;25;1;0;0;32;1;0;0;57;2;0;0;14827;541;117;45;9976;1766;677;333;24803;2307;794;378
2022.03_13-10-2022;Московская область;105_165_days;EpiVacCorona;32;0;0;0;42;8;5;1;74;8;5;1;14827;541;117;45;9976;1766;677;333;24803;2307;794;378
2022.03_13-10-2022;Московская область;105_165_days;SputnikLite;383;13;5;0;635;74;17;11;1018;87;22;11;14827;541;117;45;9976;1766;677;333;24803;2307;794;378
2022.03_13-10-2022;Московская область;105_165_days;SputnikV;872;26;8;3;491;52;17;5;1363;78;25;8;14827;541;117;45;9976;1766;677;333;24803;2307;794;378
2022.03_13-10-2022;Московская область;165_195_days;AllVaccines;618;11;2;2;382;35;11;4;1000;46;13;6;14827;541;117;45;9976;1766;677;333;24803;2307;794;378
2022.03_13-10-2022;Московская область;165_195_days;CoviVac;22;0;0;0;12;0;0;0;34;0;0;0;14827;541;117;45;9976;1766;677;333;24803;2307;794;378
2022.03_13-10-2022;Московская область;165_195_days;EpiVacCorona;8;0;0;0;16;1;0;0;24;1;0;0;14827;541;117;45;9976;1766;677;333;24803;2307;794;378
2022.03_13-10-2022;Московская область;165_195_days;SputnikLite;71;0;0;0;155;18;3;2;226;18;3;2;14827;541;117;45;9976;1766;677;333;24803;2307;794;378
2022.03_13-10-2022;Московская область;165_195_days;SputnikV;517;11;2;2;199;16;8;2;716;27;10;4;14827;541;117;45;9976;1766;677;333;24803;2307;794;378
2022.03_13-10-2022;Московская область;21_45_days;AllVaccines;325;6;3;1;182;25;7;3;507;31;10;4;14827;541;117;45;9976;1766;677;333;24803;2307;794;378
2022.03_13-10-2022;Московская область;21_45_days;CoviVac;8;0;0;0;3;1;0;0;11;1;0;0;14827;541;117;45;9976;1766;677;333;24803;2307;794;378
2022.03_13-10-2022;Московская область;21_45_days;EpiVacCorona;7;1;1;0;10;2;0;0;17;3;1;0;14827;541;117;45;9976;1766;677;333;24803;2307;794;378
2022.03_13-10-2022;Московская область;21_45_days;SputnikLite;155;2;1;1;88;13;5;1;243;15;6;2;14827;541;117;45;9976;1766;677;333;24803;2307;794;378
2022.03_13-10-2022;Московская область;21_45_days;SputnikV;155;3;1;0;81;9;2;2;236;12;3;2;14827;541;117;45;9976;1766;677;333;24803;2307;794;378
2022.03_13-10-2022;Московская область;45_75_days;AllVaccines;473;6;0;0;302;25;12;5;775;31;12;5;14827;541;117;45;9976;1766;677;333;24803;2307;794;378
2022.03_13-10-2022;Московская область;45_75_days;CoviVac;4;0;0;0;3;0;0;0;7;0;0;0;14827;541;117;45;9976;1766;677;333;24803;2307;794;378
2022.03_13-10-2022;Московская область;45_75_days;EpiVacCorona;7;0;0;0;17;3;2;2;24;3;2;2;14827;541;117;45;9976;1766;677;333;24803;2307;794;378
2022.03_13-10-2022;Московская область;45_75_days;SputnikLite;285;3;0;0;212;16;8;3;497;19;8;3;14827;541;117;45;9976;1766;677;333;24803;2307;794;378
2022.03_13-10-2022;Московская область;45_75_days;SputnikV;177;3;0;0;70;6;2;0;247;9;2;0;14827;541;117;45;9976;1766;677;333;24803;2307;794;378
2022.03_13-10-2022;Московская область;75_90_days;AllVaccines;306;6;1;1;251;30;10;0;557;36;11;1;14827;541;117;45;9976;1766;677;333;24803;2307;794;378
2022.03_13-10-2022;Московская область;75_90_days;CoviVac;6;0;0;0;1;0;0;0;7;0;0;0;14827;541;117;45;9976;1766;677;333;24803;2307;794;378
2022.03_13-10-2022;Московская область;75_90_days;EpiVacCorona;11;0;0;0;19;6;2;0;30;6;2;0;14827;541;117;45;9976;1766;677;333;24803;2307;794;378
2022.03_13-10-2022;Московская область;75_90_days;SputnikLite;63;1;0;0;88;10;1;0;151;11;1;0;14827;541;117;45;9976;1766;677;333;24803;2307;794;378
2022.03_13-10-2022;Московская область;75_90_days;SputnikV;226;5;1;1;143;14;7;0;369;19;8;1;14827;541;117;45;9976;1766;677;333;24803;2307;794;378
2022.03_13-10-2022;Московская область;90_105_days;AllVaccines;432;9;1;1;408;54;17;5;840;63;18;6;14827;541;117;45;9976;1766;677;333;24803;2307;794;378
2022.03_13-10-2022;Московская область;90_105_days;CoviVac;17;0;0;0;8;2;1;0;25;2;1;0;14827;541;117;45;9976;1766;677;333;24803;2307;794;378
2022.03_13-10-2022;Московская область;90_105_days;EpiVacCorona;10;0;0;0;17;2;1;1;27;2;1;1;14827;541;117;45;9976;1766;677;333;24803;2307;794;378
2022.03_13-10-2022;Московская область;90_105_days;SputnikLite;85;0;0;0;148;16;3;0;233;16;3;0;14827;541;117;45;9976;1766;677;333;24803;2307;794;378
2022.03_13-10-2022;Московская область;90_105_days;SputnikV;320;9;1;1;235;34;12;4;555;43;13;5;14827;541;117;45;9976;1766;677;333;24803;2307;794;378
2022.03_13-10-2022;Мурманская область;105_165_days;AllVaccines;227;7;1;0;187;33;2;1;414;40;3;1;2274;164;25;8;1374;356;79;51;3648;520;104;59
2022.03_13-10-2022;Мурманская область;105_165_days;CoviVac;6;0;0;0;2;0;0;0;8;0;0;0;2274;164;25;8;1374;356;79;51;3648;520;104;59
2022.03_13-10-2022;Мурманская область;105_165_days;EpiVacCorona;9;0;0;0;3;1;0;0;12;1;0;0;2274;164;25;8;1374;356;79;51;3648;520;104;59
2022.03_13-10-2022;Мурманская область;105_165_days;SputnikLite;153;4;0;0;118;20;2;1;271;24;2;1;2274;164;25;8;1374;356;79;51;3648;520;104;59
2022.03_13-10-2022;Мурманская область;105_165_days;SputnikV;59;3;1;0;64;12;0;0;123;15;1;0;2274;164;25;8;1374;356;79;51;3648;520;104;59
2022.03_13-10-2022;Мурманская область;165_195_days;AllVaccines;113;8;1;0;68;11;0;0;181;19;1;0;2274;164;25;8;1374;356;79;51;3648;520;104;59
2022.03_13-10-2022;Мурманская область;165_195_days;CoviVac;2;0;0;0;1;0;0;0;3;0;0;0;2274;164;25;8;1374;356;79;51;3648;520;104;59
2022.03_13-10-2022;Мурманская область;165_195_days;EpiVacCorona;1;0;0;0;1;0;0;0;2;0;0;0;2274;164;25;8;1374;356;79;51;3648;520;104;59
2022.03_13-10-2022;Мурманская область;165_195_days;SputnikLite;44;2;0;0;41;8;0;0;85;10;0;0;2274;164;25;8;1374;356;79;51;3648;520;104;59
2022.03_13-10-2022;Мурманская область;165_195_days;SputnikV;66;6;1;0;25;3;0;0;91;9;1;0;2274;164;25;8;1374;356;79;51;3648;520;104;59
2022.03_13-10-2022;Мурманская область;21_45_days;AllVaccines;59;2;1;0;33;6;0;0;92;8;1;0;2274;164;25;8;1374;356;79;51;3648;520;104;59
2022.03_13-10-2022;Мурманская область;21_45_days;CoviVac;1;0;0;0;1;0;0;0;2;0;0;0;2274;164;25;8;1374;356;79;51;3648;520;104;59
2022.03_13-10-2022;Мурманская область;21_45_days;EpiVacCorona;1;0;0;0;0;0;0;0;1;0;0;0;2274;164;25;8;1374;356;79;51;3648;520;104;59
2022.03_13-10-2022;Мурманская область;21_45_days;SputnikLite;40;1;0;0;23;6;0;0;63;7;0;0;2274;164;25;8;1374;356;79;51;3648;520;104;59
2022.03_13-10-2022;Мурманская область;21_45_days;SputnikV;17;1;1;0;9;0;0;0;26;1;1;0;2274;164;25;8;1374;356;79;51;3648;520;104;59
2022.03_13-10-2022;Мурманская область;45_75_days;AllVaccines;68;3;0;0;50;15;1;1;118;18;1;1;2274;164;25;8;1374;356;79;51;3648;520;104;59
2022.03_13-10-2022;Мурманская область;45_75_days;CoviVac;2;0;0;0;0;0;0;0;2;0;0;0;2274;164;25;8;1374;356;79;51;3648;520;104;59
2022.03_13-10-2022;Мурманская область;45_75_days;EpiVacCorona;3;0;0;0;5;3;0;0;8;3;0;0;2274;164;25;8;1374;356;79;51;3648;520;104;59
2022.03_13-10-2022;Мурманская область;45_75_days;SputnikLite;40;0;0;0;36;9;0;0;76;9;0;0;2274;164;25;8;1374;356;79;51;3648;520;104;59
2022.03_13-10-2022;Мурманская область;45_75_days;SputnikV;23;3;0;0;9;3;1;1;32;6;1;1;2274;164;25;8;1374;356;79;51;3648;520;104;59
2022.03_13-10-2022;Мурманская область;75_90_days;AllVaccines;80;5;1;0;48;9;1;1;128;14;2;1;2274;164;25;8;1374;356;79;51;3648;520;104;59
2022.03_13-10-2022;Мурманская область;75_90_days;CoviVac;2;0;0;0;3;0;0;0;5;0;0;0;2274;164;25;8;1374;356;79;51;3648;520;104;59
2022.03_13-10-2022;Мурманская область;75_90_days;EpiVacCorona;5;0;0;0;1;0;0;0;6;0;0;0;2274;164;25;8;1374;356;79;51;3648;520;104;59
2022.03_13-10-2022;Мурманская область;75_90_days;SputnikLite;29;4;1;0;25;2;0;0;54;6;1;0;2274;164;25;8;1374;356;79;51;3648;520;104;59
2022.03_13-10-2022;Мурманская область;75_90_days;SputnikV;44;1;0;0;19;7;1;1;63;8;1;1;2274;164;25;8;1374;356;79;51;3648;520;104;59
2022.03_13-10-2022;Мурманская область;90_105_days;AllVaccines;98;6;0;0;59;12;1;0;157;18;1;0;2274;164;25;8;1374;356;79;51;3648;520;104;59
2022.03_13-10-2022;Мурманская область;90_105_days;CoviVac;11;0;0;0;0;0;0;0;11;0;0;0;2274;164;25;8;1374;356;79;51;3648;520;104;59
2022.03_13-10-2022;Мурманская область;90_105_days;EpiVacCorona;8;1;0;0;3;1;0;0;11;2;0;0;2274;164;25;8;1374;356;79;51;3648;520;104;59
2022.03_13-10-2022;Мурманская область;90_105_days;SputnikLite;35;2;0;0;32;4;1;0;67;6;1;0;2274;164;25;8;1374;356;79;51;3648;520;104;59
2022.03_13-10-2022;Мурманская область;90_105_days;SputnikV;44;3;0;0;24;7;0;0;68;10;0;0;2274;164;25;8;1374;356;79;51;3648;520;104;59
2022.03_13-10-2022;Ненецкий автономный округ;105_165_days;AllVaccines;31;0;0;0;20;1;0;0;51;1;0;0;292;11;0;0;111;19;4;1;403;30;4;1
2022.03_13-10-2022;Ненецкий автономный округ;105_165_days;CoviVac;1;0;0;0;0;0;0;0;1;0;0;0;292;11;0;0;111;19;4;1;403;30;4;1
2022.03_13-10-2022;Ненецкий автономный округ;105_165_days;EpiVacCorona;1;0;0;0;0;0;0;0;1;0;0;0;292;11;0;0;111;19;4;1;403;30;4;1
2022.03_13-10-2022;Ненецкий автономный округ;105_165_days;SputnikLite;28;0;0;0;18;1;0;0;46;1;0;0;292;11;0;0;111;19;4;1;403;30;4;1
2022.03_13-10-2022;Ненецкий автономный округ;105_165_days;SputnikV;1;0;0;0;2;0;0;0;3;0;0;0;292;11;0;0;111;19;4;1;403;30;4;1
2022.03_13-10-2022;Ненецкий автономный округ;165_195_days;AllVaccines;7;0;0;0;6;1;0;0;13;1;0;0;292;11;0;0;111;19;4;1;403;30;4;1
2022.03_13-10-2022;Ненецкий автономный округ;165_195_days;SputnikLite;6;0;0;0;5;1;0;0;11;1;0;0;292;11;0;0;111;19;4;1;403;30;4;1
2022.03_13-10-2022;Ненецкий автономный округ;165_195_days;SputnikV;1;0;0;0;1;0;0;0;2;0;0;0;292;11;0;0;111;19;4;1;403;30;4;1
2022.03_13-10-2022;Ненецкий автономный округ;21_45_days;AllVaccines;9;1;0;0;2;0;0;0;11;1;0;0;292;11;0;0;111;19;4;1;403;30;4;1
2022.03_13-10-2022;Ненецкий автономный округ;21_45_days;EpiVacCorona;1;1;0;0;0;0;0;0;1;1;0;0;292;11;0;0;111;19;4;1;403;30;4;1
2022.03_13-10-2022;Ненецкий автономный округ;21_45_days;SputnikLite;7;0;0;0;2;0;0;0;9;0;0;0;292;11;0;0;111;19;4;1;403;30;4;1
2022.03_13-10-2022;Ненецкий автономный округ;21_45_days;SputnikV;1;0;0;0;0;0;0;0;1;0;0;0;292;11;0;0;111;19;4;1;403;30;4;1
2022.03_13-10-2022;Ненецкий автономный округ;45_75_days;AllVaccines;6;0;0;0;5;1;0;0;11;1;0;0;292;11;0;0;111;19;4;1;403;30;4;1
2022.03_13-10-2022;Ненецкий автономный округ;45_75_days;SputnikLite;6;0;0;0;5;1;0;0;11;1;0;0;292;11;0;0;111;19;4;1;403;30;4;1
2022.03_13-10-2022;Ненецкий автономный округ;75_90_days;AllVaccines;4;0;0;0;6;0;0;0;10;0;0;0;292;11;0;0;111;19;4;1;403;30;4;1
2022.03_13-10-2022;Ненецкий автономный округ;75_90_days;EpiVacCorona;0;0;0;0;1;0;0;0;1;0;0;0;292;11;0;0;111;19;4;1;403;30;4;1
2022.03_13-10-2022;Ненецкий автономный округ;75_90_days;SputnikLite;3;0;0;0;4;0;0;0;7;0;0;0;292;11;0;0;111;19;4;1;403;30;4;1
2022.03_13-10-2022;Ненецкий автономный округ;75_90_days;SputnikV;1;0;0;0;1;0;0;0;2;0;0;0;292;11;0;0;111;19;4;1;403;30;4;1
2022.03_13-10-2022;Ненецкий автономный округ;90_105_days;AllVaccines;8;0;0;0;3;0;0;0;11;0;0;0;292;11;0;0;111;19;4;1;403;30;4;1
2022.03_13-10-2022;Ненецкий автономный округ;90_105_days;SputnikLite;8;0;0;0;2;0;0;0;10;0;0;0;292;11;0;0;111;19;4;1;403;30;4;1
2022.03_13-10-2022;Ненецкий автономный округ;90_105_days;SputnikV;0;0;0;0;1;0;0;0;1;0;0;0;292;11;0;0;111;19;4;1;403;30;4;1
2022.03_13-10-2022;Нижегородская область;105_165_days;AllVaccines;1281;73;6;1;1319;287;21;13;2600;360;27;14;10025;829;89;31;8573;2633;419;266;18598;3462;508;297
2022.03_13-10-2022;Нижегородская область;105_165_days;CoviVac;28;1;0;0;5;0;0;0;33;1;0;0;10025;829;89;31;8573;2633;419;266;18598;3462;508;297
2022.03_13-10-2022;Нижегородская область;105_165_days;EpiVacCorona;25;1;0;0;42;16;1;1;67;17;1;1;10025;829;89;31;8573;2633;419;266;18598;3462;508;297
2022.03_13-10-2022;Нижегородская область;105_165_days;SputnikLite;722;43;4;1;784;170;13;7;1506;213;17;8;10025;829;89;31;8573;2633;419;266;18598;3462;508;297
2022.03_13-10-2022;Нижегородская область;105_165_days;SputnikV;506;28;2;0;488;101;7;5;994;129;9;5;10025;829;89;31;8573;2633;419;266;18598;3462;508;297
2022.03_13-10-2022;Нижегородская область;165_195_days;AllVaccines;473;26;1;0;364;80;10;4;837;106;11;4;10025;829;89;31;8573;2633;419;266;18598;3462;508;297
2022.03_13-10-2022;Нижегородская область;165_195_days;CoviVac;23;1;0;0;12;2;0;0;35;3;0;0;10025;829;89;31;8573;2633;419;266;18598;3462;508;297
2022.03_13-10-2022;Нижегородская область;165_195_days;EpiVacCorona;9;0;0;0;13;4;0;0;22;4;0;0;10025;829;89;31;8573;2633;419;266;18598;3462;508;297
2022.03_13-10-2022;Нижегородская область;165_195_days;SputnikLite;195;11;0;0;171;34;7;2;366;45;7;2;10025;829;89;31;8573;2633;419;266;18598;3462;508;297
2022.03_13-10-2022;Нижегородская область;165_195_days;SputnikV;246;14;1;0;168;40;3;2;414;54;4;2;10025;829;89;31;8573;2633;419;266;18598;3462;508;297
2022.03_13-10-2022;Нижегородская область;21_45_days;AllVaccines;229;7;0;0;139;40;5;1;368;47;5;1;10025;829;89;31;8573;2633;419;266;18598;3462;508;297
2022.03_13-10-2022;Нижегородская область;21_45_days;CoviVac;5;0;0;0;3;1;0;0;8;1;0;0;10025;829;89;31;8573;2633;419;266;18598;3462;508;297
2022.03_13-10-2022;Нижегородская область;21_45_days;EpiVacCorona;4;0;0;0;11;6;2;0;15;6;2;0;10025;829;89;31;8573;2633;419;266;18598;3462;508;297
2022.03_13-10-2022;Нижегородская область;21_45_days;SputnikLite;147;5;0;0;73;19;0;0;220;24;0;0;10025;829;89;31;8573;2633;419;266;18598;3462;508;297
2022.03_13-10-2022;Нижегородская область;21_45_days;SputnikV;73;2;0;0;52;14;3;1;125;16;3;1;10025;829;89;31;8573;2633;419;266;18598;3462;508;297
2022.03_13-10-2022;Нижегородская область;45_75_days;AllVaccines;349;22;0;0;318;71;7;2;667;93;7;2;10025;829;89;31;8573;2633;419;266;18598;3462;508;297
2022.03_13-10-2022;Нижегородская область;45_75_days;CoviVac;8;0;0;0;3;1;0;0;11;1;0;0;10025;829;89;31;8573;2633;419;266;18598;3462;508;297
2022.03_13-10-2022;Нижегородская область;45_75_days;EpiVacCorona;20;3;0;0;20;7;0;0;40;10;0;0;10025;829;89;31;8573;2633;419;266;18598;3462;508;297
2022.03_13-10-2022;Нижегородская область;45_75_days;SputnikLite;253;13;0;0;185;31;4;1;438;44;4;1;10025;829;89;31;8573;2633;419;266;18598;3462;508;297
2022.03_13-10-2022;Нижегородская область;45_75_days;SputnikV;68;6;0;0;110;32;3;1;178;38;3;1;10025;829;89;31;8573;2633;419;266;18598;3462;508;297
2022.03_13-10-2022;Нижегородская область;75_90_days;AllVaccines;264;17;1;1;322;90;11;7;586;107;12;8;10025;829;89;31;8573;2633;419;266;18598;3462;508;297
2022.03_13-10-2022;Нижегородская область;75_90_days;CoviVac;0;0;0;0;2;2;0;0;2;2;0;0;10025;829;89;31;8573;2633;419;266;18598;3462;508;297
2022.03_13-10-2022;Нижегородская область;75_90_days;EpiVacCorona;9;0;0;0;17;10;2;0;26;10;2;0;10025;829;89;31;8573;2633;419;266;18598;3462;508;297
2022.03_13-10-2022;Нижегородская область;75_90_days;SputnikLite;104;8;0;0;147;40;4;3;251;48;4;3;10025;829;89;31;8573;2633;419;266;18598;3462;508;297
2022.03_13-10-2022;Нижегородская область;75_90_days;SputnikV;151;9;1;1;156;38;5;4;307;47;6;5;10025;829;89;31;8573;2633;419;266;18598;3462;508;297
2022.03_13-10-2022;Нижегородская область;90_105_days;AllVaccines;402;31;3;1;500;119;16;5;902;150;19;6;10025;829;89;31;8573;2633;419;266;18598;3462;508;297
2022.03_13-10-2022;Нижегородская область;90_105_days;CoviVac;2;0;0;0;0;0;0;0;2;0;0;0;10025;829;89;31;8573;2633;419;266;18598;3462;508;297
2022.03_13-10-2022;Нижегородская область;90_105_days;EpiVacCorona;18;0;0;0;17;4;0;0;35;4;0;0;10025;829;89;31;8573;2633;419;266;18598;3462;508;297
2022.03_13-10-2022;Нижегородская область;90_105_days;SputnikLite;111;5;1;1;181;41;4;1;292;46;5;2;10025;829;89;31;8573;2633;419;266;18598;3462;508;297
2022.03_13-10-2022;Нижегородская область;90_105_days;SputnikV;271;26;2;0;302;74;12;4;573;100;14;4;10025;829;89;31;8573;2633;419;266;18598;3462;508;297
2022.03_13-10-2022;Новгородская область;105_165_days;AllVaccines;281;11;0;0;271;42;4;1;552;53;4;1;2226;194;5;4;1884;568;67;74;4110;762;72;78
2022.03_13-10-2022;Новгородская область;105_165_days;CoviVac;3;0;0;0;5;0;0;0;8;0;0;0;2226;194;5;4;1884;568;67;74;4110;762;72;78
2022.03_13-10-2022;Новгородская область;105_165_days;EpiVacCorona;8;0;0;0;6;3;0;0;14;3;0;0;2226;194;5;4;1884;568;67;74;4110;762;72;78
2022.03_13-10-2022;Новгородская область;105_165_days;SputnikLite;203;7;0;0;196;27;4;1;399;34;4;1;2226;194;5;4;1884;568;67;74;4110;762;72;78
2022.03_13-10-2022;Новгородская область;105_165_days;SputnikV;67;4;0;0;64;12;0;0;131;16;0;0;2226;194;5;4;1884;568;67;74;4110;762;72;78
2022.03_13-10-2022;Новгородская область;165_195_days;AllVaccines;124;9;0;1;81;19;1;1;205;28;1;2;2226;194;5;4;1884;568;67;74;4110;762;72;78
2022.03_13-10-2022;Новгородская область;165_195_days;CoviVac;1;0;0;0;1;1;0;0;2;1;0;0;2226;194;5;4;1884;568;67;74;4110;762;72;78
2022.03_13-10-2022;Новгородская область;165_195_days;EpiVacCorona;3;0;0;0;0;0;0;0;3;0;0;0;2226;194;5;4;1884;568;67;74;4110;762;72;78
2022.03_13-10-2022;Новгородская область;165_195_days;SputnikLite;79;8;0;1;56;14;1;1;135;22;1;2;2226;194;5;4;1884;568;67;74;4110;762;72;78
2022.03_13-10-2022;Новгородская область;165_195_days;SputnikV;41;1;0;0;24;4;0;0;65;5;0;0;2226;194;5;4;1884;568;67;74;4110;762;72;78
2022.03_13-10-2022;Новгородская область;21_45_days;AllVaccines;43;3;0;0;32;10;0;0;75;13;0;0;2226;194;5;4;1884;568;67;74;4110;762;72;78
2022.03_13-10-2022;Новгородская область;21_45_days;CoviVac;2;0;0;0;0;0;0;0;2;0;0;0;2226;194;5;4;1884;568;67;74;4110;762;72;78
2022.03_13-10-2022;Новгородская область;21_45_days;EpiVacCorona;4;0;0;0;2;2;0;0;6;2;0;0;2226;194;5;4;1884;568;67;74;4110;762;72;78
2022.03_13-10-2022;Новгородская область;21_45_days;SputnikLite;18;1;0;0;9;4;0;0;27;5;0;0;2226;194;5;4;1884;568;67;74;4110;762;72;78
2022.03_13-10-2022;Новгородская область;21_45_days;SputnikV;19;2;0;0;21;4;0;0;40;6;0;0;2226;194;5;4;1884;568;67;74;4110;762;72;78
2022.03_13-10-2022;Новгородская область;45_75_days;AllVaccines;48;2;1;1;61;16;2;1;109;18;3;2;2226;194;5;4;1884;568;67;74;4110;762;72;78
2022.03_13-10-2022;Новгородская область;45_75_days;CoviVac;1;0;0;0;2;0;0;0;3;0;0;0;2226;194;5;4;1884;568;67;74;4110;762;72;78
2022.03_13-10-2022;Новгородская область;45_75_days;EpiVacCorona;7;1;1;1;9;1;0;0;16;2;1;1;2226;194;5;4;1884;568;67;74;4110;762;72;78
2022.03_13-10-2022;Новгородская область;45_75_days;SputnikLite;28;0;0;0;24;5;1;1;52;5;1;1;2226;194;5;4;1884;568;67;74;4110;762;72;78
2022.03_13-10-2022;Новгородская область;45_75_days;SputnikV;12;1;0;0;26;10;1;0;38;11;1;0;2226;194;5;4;1884;568;67;74;4110;762;72;78
2022.03_13-10-2022;Новгородская область;75_90_days;AllVaccines;52;3;0;0;45;14;3;0;97;17;3;0;2226;194;5;4;1884;568;67;74;4110;762;72;78
2022.03_13-10-2022;Новгородская область;75_90_days;CoviVac;3;0;0;0;2;1;0;0;5;1;0;0;2226;194;5;4;1884;568;67;74;4110;762;72;78
2022.03_13-10-2022;Новгородская область;75_90_days;EpiVacCorona;3;0;0;0;9;4;2;0;12;4;2;0;2226;194;5;4;1884;568;67;74;4110;762;72;78
2022.03_13-10-2022;Новгородская область;75_90_days;SputnikLite;10;0;0;0;12;3;0;0;22;3;0;0;2226;194;5;4;1884;568;67;74;4110;762;72;78
2022.03_13-10-2022;Новгородская область;75_90_days;SputnikV;36;3;0;0;22;6;1;0;58;9;1;0;2226;194;5;4;1884;568;67;74;4110;762;72;78
2022.03_13-10-2022;Новгородская область;90_105_days;AllVaccines;121;12;0;0;100;23;1;1;221;35;1;1;2226;194;5;4;1884;568;67;74;4110;762;72;78
2022.03_13-10-2022;Новгородская область;90_105_days;CoviVac;4;0;0;0;1;0;0;0;5;0;0;0;2226;194;5;4;1884;568;67;74;4110;762;72;78
2022.03_13-10-2022;Новгородская область;90_105_days;EpiVacCorona;12;3;0;0;8;0;0;0;20;3;0;0;2226;194;5;4;1884;568;67;74;4110;762;72;78
2022.03_13-10-2022;Новгородская область;90_105_days;SputnikLite;26;2;0;0;34;7;0;1;60;9;0;1;2226;194;5;4;1884;568;67;74;4110;762;72;78
2022.03_13-10-2022;Новгородская область;90_105_days;SputnikV;79;7;0;0;57;16;1;0;136;23;1;0;2226;194;5;4;1884;568;67;74;4110;762;72;78
2022.03_13-10-2022;Новосибирская область;105_165_days;AllVaccines;867;46;4;2;650;135;18;8;1517;181;22;10;7175;652;84;40;5574;1885;405;254;12749;2537;489;294
2022.03_13-10-2022;Новосибирская область;105_165_days;CoviVac;20;0;0;0;8;0;0;0;28;0;0;0;7175;652;84;40;5574;1885;405;254;12749;2537;489;294
2022.03_13-10-2022;Новосибирская область;105_165_days;EpiVacCorona;25;0;0;0;24;7;0;0;49;7;0;0;7175;652;84;40;5574;1885;405;254;12749;2537;489;294
2022.03_13-10-2022;Новосибирская область;105_165_days;SputnikLite;417;24;0;0;362;66;7;4;779;90;7;4;7175;652;84;40;5574;1885;405;254;12749;2537;489;294
2022.03_13-10-2022;Новосибирская область;105_165_days;SputnikV;405;22;4;2;256;62;11;4;661;84;15;6;7175;652;84;40;5574;1885;405;254;12749;2537;489;294
2022.03_13-10-2022;Новосибирская область;165_195_days;AllVaccines;274;10;1;0;167;47;4;1;441;57;5;1;7175;652;84;40;5574;1885;405;254;12749;2537;489;294
2022.03_13-10-2022;Новосибирская область;165_195_days;CoviVac;11;1;0;0;4;1;0;0;15;2;0;0;7175;652;84;40;5574;1885;405;254;12749;2537;489;294
2022.03_13-10-2022;Новосибирская область;165_195_days;EpiVacCorona;14;1;0;0;12;7;0;0;26;8;0;0;7175;652;84;40;5574;1885;405;254;12749;2537;489;294
2022.03_13-10-2022;Новосибирская область;165_195_days;SputnikLite;114;1;0;0;83;17;2;0;197;18;2;0;7175;652;84;40;5574;1885;405;254;12749;2537;489;294
2022.03_13-10-2022;Новосибирская область;165_195_days;SputnikV;135;7;1;0;68;22;2;1;203;29;3;1;7175;652;84;40;5574;1885;405;254;12749;2537;489;294
2022.03_13-10-2022;Новосибирская область;21_45_days;AllVaccines;191;14;2;1;138;27;3;2;329;41;5;3;7175;652;84;40;5574;1885;405;254;12749;2537;489;294
2022.03_13-10-2022;Новосибирская область;21_45_days;CoviVac;5;1;0;0;1;0;0;0;6;1;0;0;7175;652;84;40;5574;1885;405;254;12749;2537;489;294
2022.03_13-10-2022;Новосибирская область;21_45_days;EpiVacCorona;11;1;0;0;13;2;0;0;24;3;0;0;7175;652;84;40;5574;1885;405;254;12749;2537;489;294
2022.03_13-10-2022;Новосибирская область;21_45_days;SputnikLite;122;8;1;0;68;14;0;0;190;22;1;0;7175;652;84;40;5574;1885;405;254;12749;2537;489;294
2022.03_13-10-2022;Новосибирская область;21_45_days;SputnikV;53;4;1;1;56;11;3;2;109;15;4;3;7175;652;84;40;5574;1885;405;254;12749;2537;489;294
2022.03_13-10-2022;Новосибирская область;45_75_days;AllVaccines;341;27;3;1;253;53;9;5;594;80;12;6;7175;652;84;40;5574;1885;405;254;12749;2537;489;294
2022.03_13-10-2022;Новосибирская область;45_75_days;CoviVac;10;1;0;0;1;0;0;0;11;1;0;0;7175;652;84;40;5574;1885;405;254;12749;2537;489;294
2022.03_13-10-2022;Новосибирская область;45_75_days;EpiVacCorona;11;3;0;0;15;5;1;0;26;8;1;0;7175;652;84;40;5574;1885;405;254;12749;2537;489;294
2022.03_13-10-2022;Новосибирская область;45_75_days;SputnikLite;216;15;2;0;179;36;7;4;395;51;9;4;7175;652;84;40;5574;1885;405;254;12749;2537;489;294
2022.03_13-10-2022;Новосибирская область;45_75_days;SputnikV;104;8;1;1;58;12;1;1;162;20;2;2;7175;652;84;40;5574;1885;405;254;12749;2537;489;294
2022.03_13-10-2022;Новосибирская область;75_90_days;AllVaccines;306;17;1;1;219;48;3;1;525;65;4;2;7175;652;84;40;5574;1885;405;254;12749;2537;489;294
2022.03_13-10-2022;Новосибирская область;75_90_days;CoviVac;5;0;0;0;0;0;0;0;5;0;0;0;7175;652;84;40;5574;1885;405;254;12749;2537;489;294
2022.03_13-10-2022;Новосибирская область;75_90_days;EpiVacCorona;11;2;0;0;16;8;1;0;27;10;1;0;7175;652;84;40;5574;1885;405;254;12749;2537;489;294
2022.03_13-10-2022;Новосибирская область;75_90_days;SputnikLite;105;6;0;0;117;24;2;1;222;30;2;1;7175;652;84;40;5574;1885;405;254;12749;2537;489;294
2022.03_13-10-2022;Новосибирская область;75_90_days;SputnikV;185;9;1;1;86;16;0;0;271;25;1;1;7175;652;84;40;5574;1885;405;254;12749;2537;489;294
2022.03_13-10-2022;Новосибирская область;90_105_days;AllVaccines;503;29;1;0;351;74;10;5;854;103;11;5;7175;652;84;40;5574;1885;405;254;12749;2537;489;294
2022.03_13-10-2022;Новосибирская область;90_105_days;EpiVacCorona;23;0;0;0;21;6;0;0;44;6;0;0;7175;652;84;40;5574;1885;405;254;12749;2537;489;294
2022.03_13-10-2022;Новосибирская область;90_105_days;SputnikLite;123;6;0;0;143;22;4;1;266;28;4;1;7175;652;84;40;5574;1885;405;254;12749;2537;489;294
2022.03_13-10-2022;Новосибирская область;90_105_days;SputnikV;357;23;1;0;187;46;6;4;544;69;7;4;7175;652;84;40;5574;1885;405;254;12749;2537;489;294
2022.03_13-10-2022;Омская область;105_165_days;AllVaccines;500;29;3;0;378;89;13;7;878;118;16;7;4339;445;74;33;3775;1309;354;241;8114;1754;428;274
2022.03_13-10-2022;Омская область;105_165_days;CoviVac;5;0;0;0;5;1;0;0;10;1;0;0;4339;445;74;33;3775;1309;354;241;8114;1754;428;274
2022.03_13-10-2022;Омская область;105_165_days;EpiVacCorona;19;0;0;0;19;5;0;0;38;5;0;0;4339;445;74;33;3775;1309;354;241;8114;1754;428;274
2022.03_13-10-2022;Омская область;105_165_days;SputnikLite;186;12;0;0;162;33;6;4;348;45;6;4;4339;445;74;33;3775;1309;354;241;8114;1754;428;274
2022.03_13-10-2022;Омская область;105_165_days;SputnikV;290;17;3;0;192;50;7;3;482;67;10;3;4339;445;74;33;3775;1309;354;241;8114;1754;428;274
2022.03_13-10-2022;Омская область;165_195_days;AllVaccines;241;18;2;1;144;47;4;2;385;65;6;3;4339;445;74;33;3775;1309;354;241;8114;1754;428;274
2022.03_13-10-2022;Омская область;165_195_days;CoviVac;4;0;0;0;3;2;0;0;7;2;0;0;4339;445;74;33;3775;1309;354;241;8114;1754;428;274
2022.03_13-10-2022;Омская область;165_195_days;EpiVacCorona;2;0;0;0;2;1;0;0;4;1;0;0;4339;445;74;33;3775;1309;354;241;8114;1754;428;274
2022.03_13-10-2022;Омская область;165_195_days;SputnikLite;76;7;1;1;59;15;0;0;135;22;1;1;4339;445;74;33;3775;1309;354;241;8114;1754;428;274
2022.03_13-10-2022;Омская область;165_195_days;SputnikV;159;11;1;0;80;29;4;2;239;40;5;2;4339;445;74;33;3775;1309;354;241;8114;1754;428;274
2022.03_13-10-2022;Омская область;21_45_days;AllVaccines;139;5;0;0;82;14;2;1;221;19;2;1;4339;445;74;33;3775;1309;354;241;8114;1754;428;274
2022.03_13-10-2022;Омская область;21_45_days;CoviVac;0;0;0;0;1;0;0;0;1;0;0;0;4339;445;74;33;3775;1309;354;241;8114;1754;428;274
2022.03_13-10-2022;Омская область;21_45_days;EpiVacCorona;6;0;0;0;6;3;0;0;12;3;0;0;4339;445;74;33;3775;1309;354;241;8114;1754;428;274
2022.03_13-10-2022;Омская область;21_45_days;SputnikLite;71;4;0;0;25;4;1;1;96;8;1;1;4339;445;74;33;3775;1309;354;241;8114;1754;428;274
2022.03_13-10-2022;Омская область;21_45_days;SputnikV;62;1;0;0;50;7;1;0;112;8;1;0;4339;445;74;33;3775;1309;354;241;8114;1754;428;274
2022.03_13-10-2022;Омская область;45_75_days;AllVaccines;187;5;0;0;138;33;6;3;325;38;6;3;4339;445;74;33;3775;1309;354;241;8114;1754;428;274
2022.03_13-10-2022;Омская область;45_75_days;CoviVac;6;0;0;0;1;0;0;0;7;0;0;0;4339;445;74;33;3775;1309;354;241;8114;1754;428;274
2022.03_13-10-2022;Омская область;45_75_days;EpiVacCorona;7;0;0;0;7;5;2;2;14;5;2;2;4339;445;74;33;3775;1309;354;241;8114;1754;428;274
2022.03_13-10-2022;Омская область;45_75_days;SputnikLite;115;3;0;0;73;15;3;1;188;18;3;1;4339;445;74;33;3775;1309;354;241;8114;1754;428;274
2022.03_13-10-2022;Омская область;45_75_days;SputnikV;59;2;0;0;57;13;1;0;116;15;1;0;4339;445;74;33;3775;1309;354;241;8114;1754;428;274
2022.03_13-10-2022;Омская область;75_90_days;AllVaccines;156;8;0;0;128;35;6;5;284;43;6;5;4339;445;74;33;3775;1309;354;241;8114;1754;428;274
2022.03_13-10-2022;Омская область;75_90_days;CoviVac;5;1;0;0;2;0;0;0;7;1;0;0;4339;445;74;33;3775;1309;354;241;8114;1754;428;274
2022.03_13-10-2022;Омская область;75_90_days;EpiVacCorona;4;2;0;0;2;2;0;0;6;4;0;0;4339;445;74;33;3775;1309;354;241;8114;1754;428;274
2022.03_13-10-2022;Омская область;75_90_days;SputnikLite;47;1;0;0;43;12;3;2;90;13;3;2;4339;445;74;33;3775;1309;354;241;8114;1754;428;274
2022.03_13-10-2022;Омская область;75_90_days;SputnikV;100;4;0;0;81;21;3;3;181;25;3;3;4339;445;74;33;3775;1309;354;241;8114;1754;428;274
2022.03_13-10-2022;Омская область;90_105_days;AllVaccines;284;23;5;3;205;50;10;4;489;73;15;7;4339;445;74;33;3775;1309;354;241;8114;1754;428;274
2022.03_13-10-2022;Омская область;90_105_days;CoviVac;2;0;0;0;3;2;0;0;5;2;0;0;4339;445;74;33;3775;1309;354;241;8114;1754;428;274
2022.03_13-10-2022;Омская область;90_105_days;EpiVacCorona;11;2;0;1;5;1;0;0;16;3;0;1;4339;445;74;33;3775;1309;354;241;8114;1754;428;274
2022.03_13-10-2022;Омская область;90_105_days;SputnikLite;68;3;1;1;73;14;2;1;141;17;3;2;4339;445;74;33;3775;1309;354;241;8114;1754;428;274
2022.03_13-10-2022;Омская область;90_105_days;SputnikV;203;18;4;1;124;33;8;3;327;51;12;4;4339;445;74;33;3775;1309;354;241;8114;1754;428;274
2022.03_13-10-2022;Оренбургская область;105_165_days;AllVaccines;1399;41;7;2;986;121;22;13;2385;162;29;15;8951;409;64;31;5856;1201;297;188;14807;1610;361;219
2022.03_13-10-2022;Оренбургская область;105_165_days;CoviVac;24;0;0;0;13;3;0;0;37;3;0;0;8951;409;64;31;5856;1201;297;188;14807;1610;361;219
2022.03_13-10-2022;Оренбургская область;105_165_days;EpiVacCorona;58;0;0;0;23;2;1;0;81;2;1;0;8951;409;64;31;5856;1201;297;188;14807;1610;361;219
2022.03_13-10-2022;Оренбургская область;105_165_days;SputnikLite;441;12;2;1;526;59;12;7;967;71;14;8;8951;409;64;31;5856;1201;297;188;14807;1610;361;219
2022.03_13-10-2022;Оренбургская область;105_165_days;SputnikV;876;29;5;1;424;57;9;6;1300;86;14;7;8951;409;64;31;5856;1201;297;188;14807;1610;361;219
2022.03_13-10-2022;Оренбургская область;165_195_days;AllVaccines;550;16;1;1;303;32;8;6;853;48;9;7;8951;409;64;31;5856;1201;297;188;14807;1610;361;219
2022.03_13-10-2022;Оренбургская область;165_195_days;CoviVac;12;1;0;0;4;1;0;0;16;2;0;0;8951;409;64;31;5856;1201;297;188;14807;1610;361;219
2022.03_13-10-2022;Оренбургская область;165_195_days;EpiVacCorona;13;1;1;1;2;0;0;0;15;1;1;1;8951;409;64;31;5856;1201;297;188;14807;1610;361;219
2022.03_13-10-2022;Оренбургская область;165_195_days;SputnikLite;90;4;0;0;155;16;4;3;245;20;4;3;8951;409;64;31;5856;1201;297;188;14807;1610;361;219
2022.03_13-10-2022;Оренбургская область;165_195_days;SputnikV;435;10;0;0;142;15;4;3;577;25;4;3;8951;409;64;31;5856;1201;297;188;14807;1610;361;219
2022.03_13-10-2022;Оренбургская область;21_45_days;AllVaccines;442;8;1;0;179;23;4;2;621;31;5;2;8951;409;64;31;5856;1201;297;188;14807;1610;361;219
2022.03_13-10-2022;Оренбургская область;21_45_days;CoviVac;9;0;0;0;0;0;0;0;9;0;0;0;8951;409;64;31;5856;1201;297;188;14807;1610;361;219
2022.03_13-10-2022;Оренбургская область;21_45_days;EpiVacCorona;14;0;0;0;13;4;2;2;27;4;2;2;8951;409;64;31;5856;1201;297;188;14807;1610;361;219
2022.03_13-10-2022;Оренбургская область;21_45_days;SputnikLite;333;3;1;0;111;11;0;0;444;14;1;0;8951;409;64;31;5856;1201;297;188;14807;1610;361;219
2022.03_13-10-2022;Оренбургская область;21_45_days;SputnikV;86;5;0;0;55;8;2;0;141;13;2;0;8951;409;64;31;5856;1201;297;188;14807;1610;361;219
2022.03_13-10-2022;Оренбургская область;45_75_days;AllVaccines;485;10;1;0;241;34;6;3;726;44;7;3;8951;409;64;31;5856;1201;297;188;14807;1610;361;219
2022.03_13-10-2022;Оренбургская область;45_75_days;CoviVac;6;0;0;0;3;0;0;0;9;0;0;0;8951;409;64;31;5856;1201;297;188;14807;1610;361;219
2022.03_13-10-2022;Оренбургская область;45_75_days;EpiVacCorona;20;0;0;0;8;3;1;1;28;3;1;1;8951;409;64;31;5856;1201;297;188;14807;1610;361;219
2022.03_13-10-2022;Оренбургская область;45_75_days;SputnikLite;374;5;0;0;191;23;2;1;565;28;2;1;8951;409;64;31;5856;1201;297;188;14807;1610;361;219
2022.03_13-10-2022;Оренбургская область;45_75_days;SputnikV;85;5;1;0;39;8;3;1;124;13;4;1;8951;409;64;31;5856;1201;297;188;14807;1610;361;219
2022.03_13-10-2022;Оренбургская область;75_90_days;AllVaccines;245;6;0;0;206;32;3;0;451;38;3;0;8951;409;64;31;5856;1201;297;188;14807;1610;361;219
2022.03_13-10-2022;Оренбургская область;75_90_days;CoviVac;11;0;0;0;0;0;0;0;11;0;0;0;8951;409;64;31;5856;1201;297;188;14807;1610;361;219
2022.03_13-10-2022;Оренбургская область;75_90_days;EpiVacCorona;17;0;0;0;20;4;0;0;37;4;0;0;8951;409;64;31;5856;1201;297;188;14807;1610;361;219
2022.03_13-10-2022;Оренбургская область;75_90_days;SputnikLite;89;2;0;0;83;11;2;0;172;13;2;0;8951;409;64;31;5856;1201;297;188;14807;1610;361;219
2022.03_13-10-2022;Оренбургская область;75_90_days;SputnikV;128;4;0;0;103;17;1;0;231;21;1;0;8951;409;64;31;5856;1201;297;188;14807;1610;361;219
2022.03_13-10-2022;Оренбургская область;90_105_days;AllVaccines;350;14;4;0;294;44;11;6;644;58;15;6;8951;409;64;31;5856;1201;297;188;14807;1610;361;219
2022.03_13-10-2022;Оренбургская область;90_105_days;CoviVac;5;0;0;0;1;0;0;0;6;0;0;0;8951;409;64;31;5856;1201;297;188;14807;1610;361;219
2022.03_13-10-2022;Оренбургская область;90_105_days;EpiVacCorona;16;1;0;0;23;7;2;1;39;8;2;1;8951;409;64;31;5856;1201;297;188;14807;1610;361;219
2022.03_13-10-2022;Оренбургская область;90_105_days;SputnikLite;161;7;2;0;117;17;7;4;278;24;9;4;8951;409;64;31;5856;1201;297;188;14807;1610;361;219
2022.03_13-10-2022;Оренбургская область;90_105_days;SputnikV;168;6;2;0;153;20;2;1;321;26;4;1;8951;409;64;31;5856;1201;297;188;14807;1610;361;219
2022.03_13-10-2022;Орловская область;105_165_days;AllVaccines;565;21;4;0;420;96;26;10;985;117;30;10;3710;255;54;19;2824;908;340;162;6534;1163;394;181
2022.03_13-10-2022;Орловская область;105_165_days;CoviVac;15;0;0;0;3;1;0;0;18;1;0;0;3710;255;54;19;2824;908;340;162;6534;1163;394;181
2022.03_13-10-2022;Орловская область;105_165_days;EpiVacCorona;10;3;0;0;7;0;0;0;17;3;0;0;3710;255;54;19;2824;908;340;162;6534;1163;394;181
2022.03_13-10-2022;Орловская область;105_165_days;SputnikLite;323;13;3;0;284;65;19;8;607;78;22;8;3710;255;54;19;2824;908;340;162;6534;1163;394;181
2022.03_13-10-2022;Орловская область;105_165_days;SputnikV;217;5;1;0;126;30;7;2;343;35;8;2;3710;255;54;19;2824;908;340;162;6534;1163;394;181
2022.03_13-10-2022;Орловская область;165_195_days;AllVaccines;195;5;0;0;129;22;8;4;324;27;8;4;3710;255;54;19;2824;908;340;162;6534;1163;394;181
2022.03_13-10-2022;Орловская область;165_195_days;EpiVacCorona;2;0;0;0;6;0;0;0;8;0;0;0;3710;255;54;19;2824;908;340;162;6534;1163;394;181
2022.03_13-10-2022;Орловская область;165_195_days;SputnikLite;85;4;0;0;67;14;7;3;152;18;7;3;3710;255;54;19;2824;908;340;162;6534;1163;394;181
2022.03_13-10-2022;Орловская область;165_195_days;SputnikV;108;1;0;0;56;8;1;1;164;9;1;1;3710;255;54;19;2824;908;340;162;6534;1163;394;181
2022.03_13-10-2022;Орловская область;21_45_days;AllVaccines;87;2;0;0;35;10;1;1;122;12;1;1;3710;255;54;19;2824;908;340;162;6534;1163;394;181
2022.03_13-10-2022;Орловская область;21_45_days;EpiVacCorona;5;0;0;0;2;0;0;0;7;0;0;0;3710;255;54;19;2824;908;340;162;6534;1163;394;181
2022.03_13-10-2022;Орловская область;21_45_days;SputnikLite;56;1;0;0;20;3;0;0;76;4;0;0;3710;255;54;19;2824;908;340;162;6534;1163;394;181
2022.03_13-10-2022;Орловская область;21_45_days;SputnikV;26;1;0;0;13;7;1;1;39;8;1;1;3710;255;54;19;2824;908;340;162;6534;1163;394;181
2022.03_13-10-2022;Орловская область;45_75_days;AllVaccines;125;10;2;0;90;22;6;0;215;32;8;0;3710;255;54;19;2824;908;340;162;6534;1163;394;181
2022.03_13-10-2022;Орловская область;45_75_days;CoviVac;5;1;0;0;0;0;0;0;5;1;0;0;3710;255;54;19;2824;908;340;162;6534;1163;394;181
2022.03_13-10-2022;Орловская область;45_75_days;EpiVacCorona;4;1;0;0;3;1;0;0;7;2;0;0;3710;255;54;19;2824;908;340;162;6534;1163;394;181
2022.03_13-10-2022;Орловская область;45_75_days;SputnikLite;82;5;1;0;62;13;4;0;144;18;5;0;3710;255;54;19;2824;908;340;162;6534;1163;394;181
2022.03_13-10-2022;Орловская область;45_75_days;SputnikV;34;3;1;0;25;8;2;0;59;11;3;0;3710;255;54;19;2824;908;340;162;6534;1163;394;181
2022.03_13-10-2022;Орловская область;75_90_days;AllVaccines;109;5;1;0;87;19;8;3;196;24;9;3;3710;255;54;19;2824;908;340;162;6534;1163;394;181
2022.03_13-10-2022;Орловская область;75_90_days;CoviVac;14;0;0;0;3;1;1;0;17;1;1;0;3710;255;54;19;2824;908;340;162;6534;1163;394;181
2022.03_13-10-2022;Орловская область;75_90_days;EpiVacCorona;7;1;0;0;2;1;1;1;9;2;1;1;3710;255;54;19;2824;908;340;162;6534;1163;394;181
2022.03_13-10-2022;Орловская область;75_90_days;SputnikLite;20;1;1;0;26;3;0;0;46;4;1;0;3710;255;54;19;2824;908;340;162;6534;1163;394;181
2022.03_13-10-2022;Орловская область;75_90_days;SputnikV;68;3;0;0;56;14;6;2;124;17;6;2;3710;255;54;19;2824;908;340;162;6534;1163;394;181
2022.03_13-10-2022;Орловская область;90_105_days;AllVaccines;234;11;2;1;187;39;12;7;421;50;14;8;3710;255;54;19;2824;908;340;162;6534;1163;394;181
2022.03_13-10-2022;Орловская область;90_105_days;CoviVac;10;0;0;0;5;0;0;0;15;0;0;0;3710;255;54;19;2824;908;340;162;6534;1163;394;181
2022.03_13-10-2022;Орловская область;90_105_days;EpiVacCorona;2;0;0;0;1;1;0;0;3;1;0;0;3710;255;54;19;2824;908;340;162;6534;1163;394;181
2022.03_13-10-2022;Орловская область;90_105_days;SputnikLite;51;2;0;0;72;10;3;3;123;12;3;3;3710;255;54;19;2824;908;340;162;6534;1163;394;181
2022.03_13-10-2022;Орловская область;90_105_days;SputnikV;171;9;2;1;109;28;9;4;280;37;11;5;3710;255;54;19;2824;908;340;162;6534;1163;394;181
2022.03_13-10-2022;Пензенская область;105_165_days;AllVaccines;1816;55;6;3;1217;214;25;17;3033;269;31;20;8567;385;42;23;6996;1598;293;210;15563;1983;335;233
2022.03_13-10-2022;Пензенская область;105_165_days;CoviVac;41;0;0;0;10;0;0;0;51;0;0;0;8567;385;42;23;6996;1598;293;210;15563;1983;335;233
2022.03_13-10-2022;Пензенская область;105_165_days;EpiVacCorona;43;1;1;1;17;2;0;0;60;3;1;1;8567;385;42;23;6996;1598;293;210;15563;1983;335;233
2022.03_13-10-2022;Пензенская область;105_165_days;SputnikLite;434;10;1;0;230;38;0;0;664;48;1;0;8567;385;42;23;6996;1598;293;210;15563;1983;335;233
2022.03_13-10-2022;Пензенская область;105_165_days;SputnikV;1298;44;4;2;960;174;25;17;2258;218;29;19;8567;385;42;23;6996;1598;293;210;15563;1983;335;233
2022.03_13-10-2022;Пензенская область;165_195_days;AllVaccines;665;29;5;2;652;142;28;22;1317;171;33;24;8567;385;42;23;6996;1598;293;210;15563;1983;335;233
2022.03_13-10-2022;Пензенская область;165_195_days;CoviVac;6;0;0;0;1;0;0;0;7;0;0;0;8567;385;42;23;6996;1598;293;210;15563;1983;335;233
2022.03_13-10-2022;Пензенская область;165_195_days;EpiVacCorona;12;1;0;0;14;5;1;1;26;6;1;1;8567;385;42;23;6996;1598;293;210;15563;1983;335;233
2022.03_13-10-2022;Пензенская область;165_195_days;SputnikLite;420;22;5;2;259;53;10;7;679;75;15;9;8567;385;42;23;6996;1598;293;210;15563;1983;335;233
2022.03_13-10-2022;Пензенская область;165_195_days;SputnikV;227;6;0;0;378;84;17;14;605;90;17;14;8567;385;42;23;6996;1598;293;210;15563;1983;335;233
2022.03_13-10-2022;Пензенская область;21_45_days;AllVaccines;284;15;1;0;326;78;17;14;610;93;18;14;8567;385;42;23;6996;1598;293;210;15563;1983;335;233
2022.03_13-10-2022;Пензенская область;21_45_days;CoviVac;3;0;0;0;4;1;0;0;7;1;0;0;8567;385;42;23;6996;1598;293;210;15563;1983;335;233
2022.03_13-10-2022;Пензенская область;21_45_days;EpiVacCorona;10;0;0;0;21;8;3;3;31;8;3;3;8567;385;42;23;6996;1598;293;210;15563;1983;335;233
2022.03_13-10-2022;Пензенская область;21_45_days;SputnikLite;178;10;1;0;127;22;6;4;305;32;7;4;8567;385;42;23;6996;1598;293;210;15563;1983;335;233
2022.03_13-10-2022;Пензенская область;21_45_days;SputnikV;93;5;0;0;174;47;8;7;267;52;8;7;8567;385;42;23;6996;1598;293;210;15563;1983;335;233
2022.03_13-10-2022;Пензенская область;45_75_days;AllVaccines;362;18;0;0;539;150;33;22;901;168;33;22;8567;385;42;23;6996;1598;293;210;15563;1983;335;233
2022.03_13-10-2022;Пензенская область;45_75_days;CoviVac;7;1;0;0;3;2;0;0;10;3;0;0;8567;385;42;23;6996;1598;293;210;15563;1983;335;233
2022.03_13-10-2022;Пензенская область;45_75_days;EpiVacCorona;19;2;0;0;77;34;9;5;96;36;9;5;8567;385;42;23;6996;1598;293;210;15563;1983;335;233
2022.03_13-10-2022;Пензенская область;45_75_days;SputnikLite;253;10;0;0;199;42;8;6;452;52;8;6;8567;385;42;23;6996;1598;293;210;15563;1983;335;233
2022.03_13-10-2022;Пензенская область;45_75_days;SputnikV;83;5;0;0;260;72;16;11;343;77;16;11;8567;385;42;23;6996;1598;293;210;15563;1983;335;233
2022.03_13-10-2022;Пензенская область;75_90_days;AllVaccines;218;14;3;2;294;57;15;8;512;71;18;10;8567;385;42;23;6996;1598;293;210;15563;1983;335;233
2022.03_13-10-2022;Пензенская область;75_90_days;CoviVac;5;0;0;0;8;1;0;0;13;1;0;0;8567;385;42;23;6996;1598;293;210;15563;1983;335;233
2022.03_13-10-2022;Пензенская область;75_90_days;EpiVacCorona;12;0;0;0;23;8;4;3;35;8;4;3;8567;385;42;23;6996;1598;293;210;15563;1983;335;233
2022.03_13-10-2022;Пензенская область;75_90_days;SputnikLite;69;5;3;2;76;11;2;0;145;16;5;2;8567;385;42;23;6996;1598;293;210;15563;1983;335;233
2022.03_13-10-2022;Пензенская область;75_90_days;SputnikV;132;9;0;0;187;37;9;5;319;46;9;5;8567;385;42;23;6996;1598;293;210;15563;1983;335;233
2022.03_13-10-2022;Пензенская область;90_105_days;AllVaccines;492;20;0;0;477;83;15;8;969;103;15;8;8567;385;42;23;6996;1598;293;210;15563;1983;335;233
2022.03_13-10-2022;Пензенская область;90_105_days;CoviVac;12;0;0;0;2;1;0;0;14;1;0;0;8567;385;42;23;6996;1598;293;210;15563;1983;335;233
2022.03_13-10-2022;Пензенская область;90_105_days;EpiVacCorona;4;0;0;0;2;1;1;0;6;1;1;0;8567;385;42;23;6996;1598;293;210;15563;1983;335;233
2022.03_13-10-2022;Пензенская область;90_105_days;SputnikLite;112;5;0;0;126;23;3;1;238;28;3;1;8567;385;42;23;6996;1598;293;210;15563;1983;335;233
2022.03_13-10-2022;Пензенская область;90_105_days;SputnikV;364;15;0;0;347;58;11;7;711;73;11;7;8567;385;42;23;6996;1598;293;210;15563;1983;335;233
2022.03_13-10-2022;Пермский край;105_165_days;AllVaccines;1036;33;1;0;915;147;15;4;1951;180;16;4;9667;463;47;29;7173;1716;253;165;16840;2179;300;194
2022.03_13-10-2022;Пермский край;105_165_days;CoviVac;14;0;0;0;11;1;0;0;25;1;0;0;9667;463;47;29;7173;1716;253;165;16840;2179;300;194
2022.03_13-10-2022;Пермский край;105_165_days;EpiVacCorona;25;1;0;0;18;6;0;0;43;7;0;0;9667;463;47;29;7173;1716;253;165;16840;2179;300;194
2022.03_13-10-2022;Пермский край;105_165_days;SputnikLite;398;9;1;0;484;69;5;2;882;78;6;2;9667;463;47;29;7173;1716;253;165;16840;2179;300;194
2022.03_13-10-2022;Пермский край;105_165_days;SputnikV;599;23;0;0;402;71;10;2;1001;94;10;2;9667;463;47;29;7173;1716;253;165;16840;2179;300;194
2022.03_13-10-2022;Пермский край;165_195_days;AllVaccines;672;21;2;1;423;83;3;4;1095;104;5;5;9667;463;47;29;7173;1716;253;165;16840;2179;300;194
2022.03_13-10-2022;Пермский край;165_195_days;CoviVac;12;1;0;0;2;1;0;1;14;2;0;1;9667;463;47;29;7173;1716;253;165;16840;2179;300;194
2022.03_13-10-2022;Пермский край;165_195_days;EpiVacCorona;16;1;0;0;16;4;0;0;32;5;0;0;9667;463;47;29;7173;1716;253;165;16840;2179;300;194
2022.03_13-10-2022;Пермский край;165_195_days;SputnikLite;213;8;0;0;229;50;1;1;442;58;1;1;9667;463;47;29;7173;1716;253;165;16840;2179;300;194
2022.03_13-10-2022;Пермский край;165_195_days;SputnikV;431;11;2;1;176;28;2;2;607;39;4;3;9667;463;47;29;7173;1716;253;165;16840;2179;300;194
2022.03_13-10-2022;Пермский край;21_45_days;AllVaccines;241;5;0;0;168;24;1;0;409;29;1;0;9667;463;47;29;7173;1716;253;165;16840;2179;300;194
2022.03_13-10-2022;Пермский край;21_45_days;CoviVac;8;0;0;0;1;0;0;0;9;0;0;0;9667;463;47;29;7173;1716;253;165;16840;2179;300;194
2022.03_13-10-2022;Пермский край;21_45_days;EpiVacCorona;3;0;0;0;8;1;0;0;11;1;0;0;9667;463;47;29;7173;1716;253;165;16840;2179;300;194
2022.03_13-10-2022;Пермский край;21_45_days;SputnikLite;142;3;0;0;91;12;0;0;233;15;0;0;9667;463;47;29;7173;1716;253;165;16840;2179;300;194
2022.03_13-10-2022;Пермский край;21_45_days;SputnikV;88;2;0;0;68;11;1;0;156;13;1;0;9667;463;47;29;7173;1716;253;165;16840;2179;300;194
2022.03_13-10-2022;Пермский край;45_75_days;AllVaccines;365;12;1;1;301;58;4;2;666;70;5;3;9667;463;47;29;7173;1716;253;165;16840;2179;300;194
2022.03_13-10-2022;Пермский край;45_75_days;CoviVac;9;1;0;0;4;1;0;0;13;2;0;0;9667;463;47;29;7173;1716;253;165;16840;2179;300;194
2022.03_13-10-2022;Пермский край;45_75_days;EpiVacCorona;11;0;0;0;4;2;0;0;15;2;0;0;9667;463;47;29;7173;1716;253;165;16840;2179;300;194
2022.03_13-10-2022;Пермский край;45_75_days;SputnikLite;245;10;1;1;224;44;3;2;469;54;4;3;9667;463;47;29;7173;1716;253;165;16840;2179;300;194
2022.03_13-10-2022;Пермский край;45_75_days;SputnikV;100;1;0;0;69;11;1;0;169;12;1;0;9667;463;47;29;7173;1716;253;165;16840;2179;300;194
2022.03_13-10-2022;Пермский край;75_90_days;AllVaccines;322;13;3;2;301;55;8;4;623;68;11;6;9667;463;47;29;7173;1716;253;165;16840;2179;300;194
2022.03_13-10-2022;Пермский край;75_90_days;CoviVac;12;1;0;0;1;0;0;0;13;1;0;0;9667;463;47;29;7173;1716;253;165;16840;2179;300;194
2022.03_13-10-2022;Пермский край;75_90_days;EpiVacCorona;9;0;0;0;6;3;0;0;15;3;0;0;9667;463;47;29;7173;1716;253;165;16840;2179;300;194
2022.03_13-10-2022;Пермский край;75_90_days;SputnikLite;77;4;1;1;127;23;4;2;204;27;5;3;9667;463;47;29;7173;1716;253;165;16840;2179;300;194
2022.03_13-10-2022;Пермский край;75_90_days;SputnikV;224;8;2;1;167;29;4;2;391;37;6;3;9667;463;47;29;7173;1716;253;165;16840;2179;300;194
2022.03_13-10-2022;Пермский край;90_105_days;AllVaccines;520;18;1;1;461;83;3;2;981;101;4;3;9667;463;47;29;7173;1716;253;165;16840;2179;300;194
2022.03_13-10-2022;Пермский край;90_105_days;CoviVac;2;0;0;0;1;1;0;0;3;1;0;0;9667;463;47;29;7173;1716;253;165;16840;2179;300;194
2022.03_13-10-2022;Пермский край;90_105_days;EpiVacCorona;9;0;0;0;2;1;0;0;11;1;0;0;9667;463;47;29;7173;1716;253;165;16840;2179;300;194
2022.03_13-10-2022;Пермский край;90_105_days;SputnikLite;133;3;0;0;217;38;3;1;350;41;3;1;9667;463;47;29;7173;1716;253;165;16840;2179;300;194
2022.03_13-10-2022;Пермский край;90_105_days;SputnikV;376;15;1;1;241;43;0;1;617;58;1;2;9667;463;47;29;7173;1716;253;165;16840;2179;300;194
2022.03_13-10-2022;Приморский край;105_165_days;AllVaccines;1300;70;6;1;693;152;23;5;1993;222;29;6;8176;703;69;22;6694;2247;570;278;14870;2950;639;300
2022.03_13-10-2022;Приморский край;105_165_days;CoviVac;55;3;0;0;10;1;1;0;65;4;1;0;8176;703;69;22;6694;2247;570;278;14870;2950;639;300
2022.03_13-10-2022;Приморский край;105_165_days;EpiVacCorona;22;2;0;0;19;4;1;0;41;6;1;0;8176;703;69;22;6694;2247;570;278;14870;2950;639;300
2022.03_13-10-2022;Приморский край;105_165_days;SputnikLite;348;21;2;0;331;77;9;2;679;98;11;2;8176;703;69;22;6694;2247;570;278;14870;2950;639;300
2022.03_13-10-2022;Приморский край;105_165_days;SputnikV;875;44;4;1;333;70;12;3;1208;114;16;4;8176;703;69;22;6694;2247;570;278;14870;2950;639;300
2022.03_13-10-2022;Приморский край;165_195_days;AllVaccines;279;15;1;0;219;47;9;4;498;62;10;4;8176;703;69;22;6694;2247;570;278;14870;2950;639;300
2022.03_13-10-2022;Приморский край;165_195_days;CoviVac;6;0;0;0;0;0;0;0;6;0;0;0;8176;703;69;22;6694;2247;570;278;14870;2950;639;300
2022.03_13-10-2022;Приморский край;165_195_days;EpiVacCorona;11;0;0;0;17;5;1;0;28;5;1;0;8176;703;69;22;6694;2247;570;278;14870;2950;639;300
2022.03_13-10-2022;Приморский край;165_195_days;SputnikLite;74;5;0;0;98;17;2;1;172;22;2;1;8176;703;69;22;6694;2247;570;278;14870;2950;639;300
2022.03_13-10-2022;Приморский край;165_195_days;SputnikV;188;10;1;0;104;25;6;3;292;35;7;3;8176;703;69;22;6694;2247;570;278;14870;2950;639;300
2022.03_13-10-2022;Приморский край;21_45_days;AllVaccines;183;7;0;0;146;31;9;2;329;38;9;2;8176;703;69;22;6694;2247;570;278;14870;2950;639;300
2022.03_13-10-2022;Приморский край;21_45_days;CoviVac;1;1;0;0;0;0;0;0;1;1;0;0;8176;703;69;22;6694;2247;570;278;14870;2950;639;300
2022.03_13-10-2022;Приморский край;21_45_days;EpiVacCorona;5;0;0;0;13;8;2;1;18;8;2;1;8176;703;69;22;6694;2247;570;278;14870;2950;639;300
2022.03_13-10-2022;Приморский край;21_45_days;SputnikLite;137;3;0;0;100;17;4;1;237;20;4;1;8176;703;69;22;6694;2247;570;278;14870;2950;639;300
2022.03_13-10-2022;Приморский край;21_45_days;SputnikV;40;3;0;0;33;6;3;0;73;9;3;0;8176;703;69;22;6694;2247;570;278;14870;2950;639;300
2022.03_13-10-2022;Приморский край;45_75_days;AllVaccines;356;18;4;1;279;56;13;5;635;74;17;6;8176;703;69;22;6694;2247;570;278;14870;2950;639;300
2022.03_13-10-2022;Приморский край;45_75_days;CoviVac;1;0;0;0;0;0;0;0;1;0;0;0;8176;703;69;22;6694;2247;570;278;14870;2950;639;300
2022.03_13-10-2022;Приморский край;45_75_days;EpiVacCorona;15;1;0;0;13;6;2;2;28;7;2;2;8176;703;69;22;6694;2247;570;278;14870;2950;639;300
2022.03_13-10-2022;Приморский край;45_75_days;SputnikLite;202;8;3;1;203;38;8;3;405;46;11;4;8176;703;69;22;6694;2247;570;278;14870;2950;639;300
2022.03_13-10-2022;Приморский край;45_75_days;SputnikV;138;9;1;0;63;12;3;0;201;21;4;0;8176;703;69;22;6694;2247;570;278;14870;2950;639;300
2022.03_13-10-2022;Приморский край;75_90_days;AllVaccines;336;25;3;0;287;67;15;4;623;92;18;4;8176;703;69;22;6694;2247;570;278;14870;2950;639;300
2022.03_13-10-2022;Приморский край;75_90_days;CoviVac;5;0;0;0;0;0;0;0;5;0;0;0;8176;703;69;22;6694;2247;570;278;14870;2950;639;300
2022.03_13-10-2022;Приморский край;75_90_days;EpiVacCorona;18;2;0;0;17;5;1;1;35;7;1;1;8176;703;69;22;6694;2247;570;278;14870;2950;639;300
2022.03_13-10-2022;Приморский край;75_90_days;SputnikLite;86;5;1;0;101;20;4;0;187;25;5;0;8176;703;69;22;6694;2247;570;278;14870;2950;639;300
2022.03_13-10-2022;Приморский край;75_90_days;SputnikV;227;18;2;0;169;42;10;3;396;60;12;3;8176;703;69;22;6694;2247;570;278;14870;2950;639;300
2022.03_13-10-2022;Приморский край;90_105_days;AllVaccines;810;53;3;0;402;87;14;6;1212;140;17;6;8176;703;69;22;6694;2247;570;278;14870;2950;639;300
2022.03_13-10-2022;Приморский край;90_105_days;CoviVac;9;0;0;0;1;0;0;0;10;0;0;0;8176;703;69;22;6694;2247;570;278;14870;2950;639;300
2022.03_13-10-2022;Приморский край;90_105_days;EpiVacCorona;7;0;0;0;4;0;0;0;11;0;0;0;8176;703;69;22;6694;2247;570;278;14870;2950;639;300
2022.03_13-10-2022;Приморский край;90_105_days;SputnikLite;113;8;0;0;157;39;7;4;270;47;7;4;8176;703;69;22;6694;2247;570;278;14870;2950;639;300
2022.03_13-10-2022;Приморский край;90_105_days;SputnikV;681;45;3;0;240;48;7;2;921;93;10;2;8176;703;69;22;6694;2247;570;278;14870;2950;639;300
2022.03_13-10-2022;Псковская область;105_165_days;AllVaccines;301;14;1;1;336;59;4;1;637;73;5;2;3373;184;27;16;2762;658;93;89;6135;842;120;105
2022.03_13-10-2022;Псковская область;105_165_days;CoviVac;15;1;0;0;3;0;0;0;18;1;0;0;3373;184;27;16;2762;658;93;89;6135;842;120;105
2022.03_13-10-2022;Псковская область;105_165_days;EpiVacCorona;16;4;0;0;11;1;0;0;27;5;0;0;3373;184;27;16;2762;658;93;89;6135;842;120;105
2022.03_13-10-2022;Псковская область;105_165_days;SputnikLite;139;4;1;1;215;41;3;1;354;45;4;2;3373;184;27;16;2762;658;93;89;6135;842;120;105
2022.03_13-10-2022;Псковская область;105_165_days;SputnikV;131;5;0;0;107;17;1;0;238;22;1;0;3373;184;27;16;2762;658;93;89;6135;842;120;105
2022.03_13-10-2022;Псковская область;165_195_days;AllVaccines;156;2;0;0;126;14;0;0;282;16;0;0;3373;184;27;16;2762;658;93;89;6135;842;120;105
2022.03_13-10-2022;Псковская область;165_195_days;EpiVacCorona;19;0;0;0;8;0;0;0;27;0;0;0;3373;184;27;16;2762;658;93;89;6135;842;120;105
2022.03_13-10-2022;Псковская область;165_195_days;SputnikLite;40;0;0;0;53;4;0;0;93;4;0;0;3373;184;27;16;2762;658;93;89;6135;842;120;105
2022.03_13-10-2022;Псковская область;165_195_days;SputnikV;97;2;0;0;65;10;0;0;162;12;0;0;3373;184;27;16;2762;658;93;89;6135;842;120;105
2022.03_13-10-2022;Псковская область;21_45_days;AllVaccines;77;6;1;0;53;13;0;0;130;19;1;0;3373;184;27;16;2762;658;93;89;6135;842;120;105
2022.03_13-10-2022;Псковская область;21_45_days;CoviVac;2;0;0;0;1;1;0;0;3;1;0;0;3373;184;27;16;2762;658;93;89;6135;842;120;105
2022.03_13-10-2022;Псковская область;21_45_days;EpiVacCorona;3;1;0;0;6;3;0;0;9;4;0;0;3373;184;27;16;2762;658;93;89;6135;842;120;105
2022.03_13-10-2022;Псковская область;21_45_days;SputnikLite;33;1;0;0;22;4;0;0;55;5;0;0;3373;184;27;16;2762;658;93;89;6135;842;120;105
2022.03_13-10-2022;Псковская область;21_45_days;SputnikV;39;4;1;0;24;5;0;0;63;9;1;0;3373;184;27;16;2762;658;93;89;6135;842;120;105
2022.03_13-10-2022;Псковская область;45_75_days;AllVaccines;111;4;0;0;98;16;2;2;209;20;2;2;3373;184;27;16;2762;658;93;89;6135;842;120;105
2022.03_13-10-2022;Псковская область;45_75_days;CoviVac;7;0;0;0;0;0;0;0;7;0;0;0;3373;184;27;16;2762;658;93;89;6135;842;120;105
2022.03_13-10-2022;Псковская область;45_75_days;EpiVacCorona;3;1;0;0;6;0;0;0;9;1;0;0;3373;184;27;16;2762;658;93;89;6135;842;120;105
2022.03_13-10-2022;Псковская область;45_75_days;SputnikLite;75;2;0;0;64;5;0;0;139;7;0;0;3373;184;27;16;2762;658;93;89;6135;842;120;105
2022.03_13-10-2022;Псковская область;45_75_days;SputnikV;26;1;0;0;28;11;2;2;54;12;2;2;3373;184;27;16;2762;658;93;89;6135;842;120;105
2022.03_13-10-2022;Псковская область;75_90_days;AllVaccines;84;6;1;0;80;15;3;2;164;21;4;2;3373;184;27;16;2762;658;93;89;6135;842;120;105
2022.03_13-10-2022;Псковская область;75_90_days;CoviVac;4;0;0;0;1;0;0;0;5;0;0;0;3373;184;27;16;2762;658;93;89;6135;842;120;105
2022.03_13-10-2022;Псковская область;75_90_days;EpiVacCorona;5;0;0;0;7;3;0;0;12;3;0;0;3373;184;27;16;2762;658;93;89;6135;842;120;105
2022.03_13-10-2022;Псковская область;75_90_days;SputnikLite;25;1;0;0;37;3;1;0;62;4;1;0;3373;184;27;16;2762;658;93;89;6135;842;120;105
2022.03_13-10-2022;Псковская область;75_90_days;SputnikV;50;5;1;0;35;9;2;2;85;14;3;2;3373;184;27;16;2762;658;93;89;6135;842;120;105
2022.03_13-10-2022;Псковская область;90_105_days;AllVaccines;117;6;0;0;125;26;2;3;242;32;2;3;3373;184;27;16;2762;658;93;89;6135;842;120;105
2022.03_13-10-2022;Псковская область;90_105_days;CoviVac;3;0;0;0;3;0;0;0;6;0;0;0;3373;184;27;16;2762;658;93;89;6135;842;120;105
2022.03_13-10-2022;Псковская область;90_105_days;EpiVacCorona;6;1;0;0;4;1;0;0;10;2;0;0;3373;184;27;16;2762;658;93;89;6135;842;120;105
2022.03_13-10-2022;Псковская область;90_105_days;SputnikLite;41;0;0;0;57;12;0;0;98;12;0;0;3373;184;27;16;2762;658;93;89;6135;842;120;105
2022.03_13-10-2022;Псковская область;90_105_days;SputnikV;67;5;0;0;61;13;2;3;128;18;2;3;3373;184;27;16;2762;658;93;89;6135;842;120;105
2022.03_13-10-2022;РФ;105_165_days;AllVaccines;71235;2911;261;81;53791;8729;1283;611;125026;11640;1544;692;522702;32596;4115;1624;374172;93961;21865;13382;896874;126557;25980;15006
2022.03_13-10-2022;РФ;105_165_days;CoviVac;1581;54;5;1;586;91;12;5;2167;145;17;6;522702;32596;4115;1624;374172;93961;21865;13382;896874;126557;25980;15006
2022.03_13-10-2022;РФ;105_165_days;EpiVacCorona;1964;76;3;1;1525;346;57;29;3489;422;60;30;522702;32596;4115;1624;374172;93961;21865;13382;896874;126557;25980;15006
2022.03_13-10-2022;РФ;105_165_days;SputnikLite;31771;1227;103;35;28493;4420;627;302;60264;5647;730;337;522702;32596;4115;1624;374172;93961;21865;13382;896874;126557;25980;15006
2022.03_13-10-2022;РФ;105_165_days;SputnikV;35919;1554;150;44;23187;3872;587;275;59106;5426;737;319;522702;32596;4115;1624;374172;93961;21865;13382;896874;126557;25980;15006
2022.03_13-10-2022;РФ;165_195_days;AllVaccines;26319;1002;96;30;17518;2830;456;209;43837;3832;552;239;522702;32596;4115;1624;374172;93961;21865;13382;896874;126557;25980;15006
2022.03_13-10-2022;РФ;165_195_days;CoviVac;574;18;2;1;178;24;3;2;752;42;5;3;522702;32596;4115;1624;374172;93961;21865;13382;896874;126557;25980;15006
2022.03_13-10-2022;РФ;165_195_days;EpiVacCorona;575;25;4;1;449;97;15;7;1024;122;19;8;522702;32596;4115;1624;374172;93961;21865;13382;896874;126557;25980;15006
2022.03_13-10-2022;РФ;165_195_days;SputnikLite;9553;390;26;10;8584;1332;191;85;18137;1722;217;95;522702;32596;4115;1624;374172;93961;21865;13382;896874;126557;25980;15006
2022.03_13-10-2022;РФ;165_195_days;SputnikV;15617;569;64;18;8307;1377;247;115;23924;1946;311;133;522702;32596;4115;1624;374172;93961;21865;13382;896874;126557;25980;15006
2022.03_13-10-2022;РФ;21_45_days;AllVaccines;14905;562;47;14;9024;1575;268;143;23929;2137;315;157;522702;32596;4115;1624;374172;93961;21865;13382;896874;126557;25980;15006
2022.03_13-10-2022;РФ;21_45_days;CoviVac;309;14;0;0;97;23;6;1;406;37;6;1;522702;32596;4115;1624;374172;93961;21865;13382;896874;126557;25980;15006
2022.03_13-10-2022;РФ;21_45_days;EpiVacCorona;682;31;2;1;677;181;38;18;1359;212;40;19;522702;32596;4115;1624;374172;93961;21865;13382;896874;126557;25980;15006
2022.03_13-10-2022;РФ;21_45_days;SputnikLite;8501;273;22;6;4317;652;102;56;12818;925;124;62;522702;32596;4115;1624;374172;93961;21865;13382;896874;126557;25980;15006
2022.03_13-10-2022;РФ;21_45_days;SputnikV;5413;244;23;7;3933;719;122;68;9346;963;145;75;522702;32596;4115;1624;374172;93961;21865;13382;896874;126557;25980;15006
2022.03_13-10-2022;РФ;45_75_days;AllVaccines;21891;909;76;21;14938;2687;436;223;36829;3596;512;244;522702;32596;4115;1624;374172;93961;21865;13382;896874;126557;25980;15006
2022.03_13-10-2022;РФ;45_75_days;CoviVac;339;11;0;0;164;28;2;0;503;39;2;0;522702;32596;4115;1624;374172;93961;21865;13382;896874;126557;25980;15006
2022.03_13-10-2022;РФ;45_75_days;EpiVacCorona;842;54;7;4;856;269;49;33;1698;323;56;37;522702;32596;4115;1624;374172;93961;21865;13382;896874;126557;25980;15006
2022.03_13-10-2022;РФ;45_75_days;SputnikLite;14597;503;45;11;9480;1431;233;115;24077;1934;278;126;522702;32596;4115;1624;374172;93961;21865;13382;896874;126557;25980;15006
2022.03_13-10-2022;РФ;45_75_days;SputnikV;6113;341;24;6;4438;959;152;75;10551;1300;176;81;522702;32596;4115;1624;374172;93961;21865;13382;896874;126557;25980;15006
2022.03_13-10-2022;РФ;75_90_days;AllVaccines;16398;858;81;28;13341;2557;436;197;29739;3415;517;225;522702;32596;4115;1624;374172;93961;21865;13382;896874;126557;25980;15006
2022.03_13-10-2022;РФ;75_90_days;CoviVac;358;11;1;0;175;32;2;1;533;43;3;1;522702;32596;4115;1624;374172;93961;21865;13382;896874;126557;25980;15006
2022.03_13-10-2022;РФ;75_90_days;EpiVacCorona;768;50;5;1;771;222;46;26;1539;272;51;27;522702;32596;4115;1624;374172;93961;21865;13382;896874;126557;25980;15006
2022.03_13-10-2022;РФ;75_90_days;SputnikLite;5404;253;25;9;5517;988;167;71;10921;1241;192;80;522702;32596;4115;1624;374172;93961;21865;13382;896874;126557;25980;15006
2022.03_13-10-2022;РФ;75_90_days;SputnikV;9868;544;50;18;6878;1315;221;99;16746;1859;271;117;522702;32596;4115;1624;374172;93961;21865;13382;896874;126557;25980;15006
2022.03_13-10-2022;РФ;90_105_days;AllVaccines;26972;1303;108;40;21162;3870;570;276;48134;5173;678;316;522702;32596;4115;1624;374172;93961;21865;13382;896874;126557;25980;15006
2022.03_13-10-2022;РФ;90_105_days;CoviVac;447;17;1;0;155;28;3;2;602;45;4;2;522702;32596;4115;1624;374172;93961;21865;13382;896874;126557;25980;15006
2022.03_13-10-2022;РФ;90_105_days;EpiVacCorona;931;45;5;3;777;201;32;17;1708;246;37;20;522702;32596;4115;1624;374172;93961;21865;13382;896874;126557;25980;15006
2022.03_13-10-2022;РФ;90_105_days;SputnikLite;7857;351;26;11;8175;1418;184;98;16032;1769;210;109;522702;32596;4115;1624;374172;93961;21865;13382;896874;126557;25980;15006
2022.03_13-10-2022;РФ;90_105_days;SputnikV;17737;890;76;26;12055;2223;351;159;29792;3113;427;185;522702;32596;4115;1624;374172;93961;21865;13382;896874;126557;25980;15006
2022.03_13-10-2022;Республика Адыгея;105_165_days;AllVaccines;300;20;0;0;208;32;5;4;508;52;5;4;2025;145;5;2;1661;446;80;53;3686;591;85;55
2022.03_13-10-2022;Республика Адыгея;105_165_days;CoviVac;7;0;0;0;2;0;0;0;9;0;0;0;2025;145;5;2;1661;446;80;53;3686;591;85;55
2022.03_13-10-2022;Республика Адыгея;105_165_days;EpiVacCorona;8;2;0;0;9;2;0;0;17;4;0;0;2025;145;5;2;1661;446;80;53;3686;591;85;55
2022.03_13-10-2022;Республика Адыгея;105_165_days;SputnikLite;194;12;0;0;126;19;4;4;320;31;4;4;2025;145;5;2;1661;446;80;53;3686;591;85;55
2022.03_13-10-2022;Республика Адыгея;105_165_days;SputnikV;91;6;0;0;71;11;1;0;162;17;1;0;2025;145;5;2;1661;446;80;53;3686;591;85;55
2022.03_13-10-2022;Республика Адыгея;165_195_days;AllVaccines;69;3;0;0;69;8;0;0;138;11;0;0;2025;145;5;2;1661;446;80;53;3686;591;85;55
2022.03_13-10-2022;Республика Адыгея;165_195_days;EpiVacCorona;1;0;0;0;3;1;0;0;4;1;0;0;2025;145;5;2;1661;446;80;53;3686;591;85;55
2022.03_13-10-2022;Республика Адыгея;165_195_days;SputnikLite;23;0;0;0;30;5;0;0;53;5;0;0;2025;145;5;2;1661;446;80;53;3686;591;85;55
2022.03_13-10-2022;Республика Адыгея;165_195_days;SputnikV;45;3;0;0;36;2;0;0;81;5;0;0;2025;145;5;2;1661;446;80;53;3686;591;85;55
2022.03_13-10-2022;Республика Адыгея;21_45_days;AllVaccines;58;4;0;0;30;3;0;0;88;7;0;0;2025;145;5;2;1661;446;80;53;3686;591;85;55
2022.03_13-10-2022;Республика Адыгея;21_45_days;CoviVac;1;0;0;0;0;0;0;0;1;0;0;0;2025;145;5;2;1661;446;80;53;3686;591;85;55
2022.03_13-10-2022;Республика Адыгея;21_45_days;EpiVacCorona;3;0;0;0;1;0;0;0;4;0;0;0;2025;145;5;2;1661;446;80;53;3686;591;85;55
2022.03_13-10-2022;Республика Адыгея;21_45_days;SputnikLite;27;3;0;0;18;2;0;0;45;5;0;0;2025;145;5;2;1661;446;80;53;3686;591;85;55
2022.03_13-10-2022;Республика Адыгея;21_45_days;SputnikV;27;1;0;0;11;1;0;0;38;2;0;0;2025;145;5;2;1661;446;80;53;3686;591;85;55
2022.03_13-10-2022;Республика Адыгея;45_75_days;AllVaccines;82;5;0;0;65;10;0;0;147;15;0;0;2025;145;5;2;1661;446;80;53;3686;591;85;55
2022.03_13-10-2022;Республика Адыгея;45_75_days;CoviVac;0;0;0;0;1;0;0;0;1;0;0;0;2025;145;5;2;1661;446;80;53;3686;591;85;55
2022.03_13-10-2022;Республика Адыгея;45_75_days;EpiVacCorona;2;1;0;0;0;0;0;0;2;1;0;0;2025;145;5;2;1661;446;80;53;3686;591;85;55
2022.03_13-10-2022;Республика Адыгея;45_75_days;SputnikLite;67;4;0;0;57;9;0;0;124;13;0;0;2025;145;5;2;1661;446;80;53;3686;591;85;55
2022.03_13-10-2022;Республика Адыгея;45_75_days;SputnikV;13;0;0;0;7;1;0;0;20;1;0;0;2025;145;5;2;1661;446;80;53;3686;591;85;55
2022.03_13-10-2022;Республика Адыгея;75_90_days;AllVaccines;54;4;0;0;51;9;2;1;105;13;2;1;2025;145;5;2;1661;446;80;53;3686;591;85;55
2022.03_13-10-2022;Республика Адыгея;75_90_days;CoviVac;3;0;0;0;0;0;0;0;3;0;0;0;2025;145;5;2;1661;446;80;53;3686;591;85;55
2022.03_13-10-2022;Республика Адыгея;75_90_days;EpiVacCorona;0;0;0;0;4;1;0;1;4;1;0;1;2025;145;5;2;1661;446;80;53;3686;591;85;55
2022.03_13-10-2022;Республика Адыгея;75_90_days;SputnikLite;29;1;0;0;21;4;2;0;50;5;2;0;2025;145;5;2;1661;446;80;53;3686;591;85;55
2022.03_13-10-2022;Республика Адыгея;75_90_days;SputnikV;22;3;0;0;26;4;0;0;48;7;0;0;2025;145;5;2;1661;446;80;53;3686;591;85;55
2022.03_13-10-2022;Республика Адыгея;90_105_days;AllVaccines;61;7;0;0;68;8;1;0;129;15;1;0;2025;145;5;2;1661;446;80;53;3686;591;85;55
2022.03_13-10-2022;Республика Адыгея;90_105_days;CoviVac;1;0;0;0;1;0;0;0;2;0;0;0;2025;145;5;2;1661;446;80;53;3686;591;85;55
2022.03_13-10-2022;Республика Адыгея;90_105_days;EpiVacCorona;4;1;0;0;2;1;0;0;6;2;0;0;2025;145;5;2;1661;446;80;53;3686;591;85;55
2022.03_13-10-2022;Республика Адыгея;90_105_days;SputnikLite;25;2;0;0;35;3;1;0;60;5;1;0;2025;145;5;2;1661;446;80;53;3686;591;85;55
2022.03_13-10-2022;Республика Адыгея;90_105_days;SputnikV;31;4;0;0;30;4;0;0;61;8;0;0;2025;145;5;2;1661;446;80;53;3686;591;85;55
2022.03_13-10-2022;Республика Алтай;105_165_days;AllVaccines;140;15;0;0;112;39;3;3;252;54;3;3;1164;126;8;3;638;283;30;20;1802;409;38;23
2022.03_13-10-2022;Республика Алтай;105_165_days;EpiVacCorona;4;0;0;0;1;1;0;0;5;1;0;0;1164;126;8;3;638;283;30;20;1802;409;38;23
2022.03_13-10-2022;Республика Алтай;105_165_days;SputnikLite;108;13;0;0;73;28;2;2;181;41;2;2;1164;126;8;3;638;283;30;20;1802;409;38;23
2022.03_13-10-2022;Республика Алтай;105_165_days;SputnikV;28;2;0;0;38;10;1;1;66;12;1;1;1164;126;8;3;638;283;30;20;1802;409;38;23
2022.03_13-10-2022;Республика Алтай;165_195_days;AllVaccines;47;8;0;0;38;14;0;0;85;22;0;0;1164;126;8;3;638;283;30;20;1802;409;38;23
2022.03_13-10-2022;Республика Алтай;165_195_days;SputnikLite;23;3;0;0;25;9;0;0;48;12;0;0;1164;126;8;3;638;283;30;20;1802;409;38;23
2022.03_13-10-2022;Республика Алтай;165_195_days;SputnikV;24;5;0;0;13;5;0;0;37;10;0;0;1164;126;8;3;638;283;30;20;1802;409;38;23
2022.03_13-10-2022;Республика Алтай;21_45_days;AllVaccines;60;5;0;0;10;4;0;0;70;9;0;0;1164;126;8;3;638;283;30;20;1802;409;38;23
2022.03_13-10-2022;Республика Алтай;21_45_days;EpiVacCorona;0;0;0;0;1;1;0;0;1;1;0;0;1164;126;8;3;638;283;30;20;1802;409;38;23
2022.03_13-10-2022;Республика Алтай;21_45_days;SputnikLite;33;4;0;0;4;2;0;0;37;6;0;0;1164;126;8;3;638;283;30;20;1802;409;38;23
2022.03_13-10-2022;Республика Алтай;21_45_days;SputnikV;27;1;0;0;5;1;0;0;32;2;0;0;1164;126;8;3;638;283;30;20;1802;409;38;23
2022.03_13-10-2022;Республика Алтай;45_75_days;AllVaccines;86;5;0;0;24;8;0;0;110;13;0;0;1164;126;8;3;638;283;30;20;1802;409;38;23
2022.03_13-10-2022;Республика Алтай;45_75_days;CoviVac;2;0;0;0;0;0;0;0;2;0;0;0;1164;126;8;3;638;283;30;20;1802;409;38;23
2022.03_13-10-2022;Республика Алтай;45_75_days;EpiVacCorona;2;0;0;0;2;1;0;0;4;1;0;0;1164;126;8;3;638;283;30;20;1802;409;38;23
2022.03_13-10-2022;Республика Алтай;45_75_days;SputnikLite;70;2;0;0;17;5;0;0;87;7;0;0;1164;126;8;3;638;283;30;20;1802;409;38;23
2022.03_13-10-2022;Республика Алтай;45_75_days;SputnikV;12;3;0;0;5;2;0;0;17;5;0;0;1164;126;8;3;638;283;30;20;1802;409;38;23
2022.03_13-10-2022;Республика Алтай;75_90_days;AllVaccines;55;8;0;0;34;13;0;0;89;21;0;0;1164;126;8;3;638;283;30;20;1802;409;38;23
2022.03_13-10-2022;Республика Алтай;75_90_days;EpiVacCorona;0;0;0;0;1;1;0;0;1;1;0;0;1164;126;8;3;638;283;30;20;1802;409;38;23
2022.03_13-10-2022;Республика Алтай;75_90_days;SputnikLite;43;4;0;0;21;6;0;0;64;10;0;0;1164;126;8;3;638;283;30;20;1802;409;38;23
2022.03_13-10-2022;Республика Алтай;75_90_days;SputnikV;12;4;0;0;12;6;0;0;24;10;0;0;1164;126;8;3;638;283;30;20;1802;409;38;23
2022.03_13-10-2022;Республика Алтай;90_105_days;AllVaccines;43;3;0;0;35;8;0;0;78;11;0;0;1164;126;8;3;638;283;30;20;1802;409;38;23
2022.03_13-10-2022;Республика Алтай;90_105_days;SputnikLite;22;1;0;0;17;3;0;0;39;4;0;0;1164;126;8;3;638;283;30;20;1802;409;38;23
2022.03_13-10-2022;Республика Алтай;90_105_days;SputnikV;21;2;0;0;18;5;0;0;39;7;0;0;1164;126;8;3;638;283;30;20;1802;409;38;23
2022.03_13-10-2022;Республика Башкортостан;105_165_days;AllVaccines;958;45;9;1;660;67;24;4;1618;112;33;5;5678;278;88;25;4544;665;282;113;10222;943;370;138
2022.03_13-10-2022;Республика Башкортостан;105_165_days;CoviVac;6;1;1;1;2;0;0;0;8;1;1;1;5678;278;88;25;4544;665;282;113;10222;943;370;138
2022.03_13-10-2022;Республика Башкортостан;105_165_days;EpiVacCorona;27;0;0;0;29;3;1;0;56;3;1;0;5678;278;88;25;4544;665;282;113;10222;943;370;138
2022.03_13-10-2022;Республика Башкортостан;105_165_days;SputnikLite;221;11;1;0;163;12;8;3;384;23;9;3;5678;278;88;25;4544;665;282;113;10222;943;370;138
2022.03_13-10-2022;Республика Башкортостан;105_165_days;SputnikV;704;33;7;0;466;52;15;1;1170;85;22;1;5678;278;88;25;4544;665;282;113;10222;943;370;138
2022.03_13-10-2022;Республика Башкортостан;165_195_days;AllVaccines;333;10;2;1;199;25;9;5;532;35;11;6;5678;278;88;25;4544;665;282;113;10222;943;370;138
2022.03_13-10-2022;Республика Башкортостан;165_195_days;CoviVac;8;0;0;0;7;0;0;0;15;0;0;0;5678;278;88;25;4544;665;282;113;10222;943;370;138
2022.03_13-10-2022;Республика Башкортостан;165_195_days;EpiVacCorona;6;0;0;0;4;1;0;0;10;1;0;0;5678;278;88;25;4544;665;282;113;10222;943;370;138
2022.03_13-10-2022;Республика Башкортостан;165_195_days;SputnikLite;105;1;0;0;81;6;2;0;186;7;2;0;5678;278;88;25;4544;665;282;113;10222;943;370;138
2022.03_13-10-2022;Республика Башкортостан;165_195_days;SputnikV;214;9;2;1;107;18;7;5;321;27;9;6;5678;278;88;25;4544;665;282;113;10222;943;370;138
2022.03_13-10-2022;Республика Башкортостан;21_45_days;AllVaccines;176;3;0;0;125;14;6;4;301;17;6;4;5678;278;88;25;4544;665;282;113;10222;943;370;138
2022.03_13-10-2022;Республика Башкортостан;21_45_days;CoviVac;6;0;0;0;2;0;0;0;8;0;0;0;5678;278;88;25;4544;665;282;113;10222;943;370;138
2022.03_13-10-2022;Республика Башкортостан;21_45_days;EpiVacCorona;7;0;0;0;7;2;0;0;14;2;0;0;5678;278;88;25;4544;665;282;113;10222;943;370;138
2022.03_13-10-2022;Республика Башкортостан;21_45_days;SputnikLite;71;2;0;0;32;4;3;2;103;6;3;2;5678;278;88;25;4544;665;282;113;10222;943;370;138
2022.03_13-10-2022;Республика Башкортостан;21_45_days;SputnikV;92;1;0;0;84;8;3;2;176;9;3;2;5678;278;88;25;4544;665;282;113;10222;943;370;138
2022.03_13-10-2022;Республика Башкортостан;45_75_days;AllVaccines;325;17;2;0;167;21;7;1;492;38;9;1;5678;278;88;25;4544;665;282;113;10222;943;370;138
2022.03_13-10-2022;Республика Башкортостан;45_75_days;CoviVac;8;1;0;0;5;1;1;0;13;2;1;0;5678;278;88;25;4544;665;282;113;10222;943;370;138
2022.03_13-10-2022;Республика Башкортостан;45_75_days;EpiVacCorona;14;0;0;0;18;3;2;0;32;3;2;0;5678;278;88;25;4544;665;282;113;10222;943;370;138
2022.03_13-10-2022;Республика Башкортостан;45_75_days;SputnikLite;186;7;1;0;82;7;2;1;268;14;3;1;5678;278;88;25;4544;665;282;113;10222;943;370;138
2022.03_13-10-2022;Республика Башкортостан;45_75_days;SputnikV;117;9;1;0;62;10;2;0;179;19;3;0;5678;278;88;25;4544;665;282;113;10222;943;370;138
2022.03_13-10-2022;Республика Башкортостан;75_90_days;AllVaccines;233;12;1;0;146;19;7;0;379;31;8;0;5678;278;88;25;4544;665;282;113;10222;943;370;138
2022.03_13-10-2022;Республика Башкортостан;75_90_days;CoviVac;14;0;0;0;11;1;1;0;25;1;1;0;5678;278;88;25;4544;665;282;113;10222;943;370;138
2022.03_13-10-2022;Республика Башкортостан;75_90_days;EpiVacCorona;7;1;0;0;9;1;0;0;16;2;0;0;5678;278;88;25;4544;665;282;113;10222;943;370;138
2022.03_13-10-2022;Республика Башкортостан;75_90_days;SputnikLite;96;4;0;0;45;5;2;0;141;9;2;0;5678;278;88;25;4544;665;282;113;10222;943;370;138
2022.03_13-10-2022;Республика Башкортостан;75_90_days;SputnikV;116;7;1;0;81;12;4;0;197;19;5;0;5678;278;88;25;4544;665;282;113;10222;943;370;138
2022.03_13-10-2022;Республика Башкортостан;90_105_days;AllVaccines;304;15;3;1;241;23;8;2;545;38;11;3;5678;278;88;25;4544;665;282;113;10222;943;370;138
2022.03_13-10-2022;Республика Башкортостан;90_105_days;CoviVac;1;0;0;0;0;0;0;0;1;0;0;0;5678;278;88;25;4544;665;282;113;10222;943;370;138
2022.03_13-10-2022;Республика Башкортостан;90_105_days;EpiVacCorona;7;0;0;0;6;3;2;0;13;3;2;0;5678;278;88;25;4544;665;282;113;10222;943;370;138
2022.03_13-10-2022;Республика Башкортостан;90_105_days;SputnikLite;92;4;0;0;90;3;0;0;182;7;0;0;5678;278;88;25;4544;665;282;113;10222;943;370;138
2022.03_13-10-2022;Республика Башкортостан;90_105_days;SputnikV;204;11;3;1;145;17;6;2;349;28;9;3;5678;278;88;25;4544;665;282;113;10222;943;370;138
2022.03_13-10-2022;Республика Бурятия;105_165_days;AllVaccines;553;30;2;0;478;69;4;3;1031;99;6;3;4849;323;29;7;3151;656;137;83;8000;979;166;90
2022.03_13-10-2022;Республика Бурятия;105_165_days;CoviVac;4;0;0;0;2;0;0;0;6;0;0;0;4849;323;29;7;3151;656;137;83;8000;979;166;90
2022.03_13-10-2022;Республика Бурятия;105_165_days;EpiVacCorona;10;0;0;0;5;2;1;1;15;2;1;1;4849;323;29;7;3151;656;137;83;8000;979;166;90
2022.03_13-10-2022;Республика Бурятия;105_165_days;SputnikLite;270;17;2;0;311;42;3;2;581;59;5;2;4849;323;29;7;3151;656;137;83;8000;979;166;90
2022.03_13-10-2022;Республика Бурятия;105_165_days;SputnikV;269;13;0;0;160;25;0;0;429;38;0;0;4849;323;29;7;3151;656;137;83;8000;979;166;90
2022.03_13-10-2022;Республика Бурятия;165_195_days;AllVaccines;348;32;2;1;184;32;8;2;532;64;10;3;4849;323;29;7;3151;656;137;83;8000;979;166;90
2022.03_13-10-2022;Республика Бурятия;165_195_days;CoviVac;1;0;0;0;2;0;0;0;3;0;0;0;4849;323;29;7;3151;656;137;83;8000;979;166;90
2022.03_13-10-2022;Республика Бурятия;165_195_days;EpiVacCorona;2;0;0;0;1;0;0;0;3;0;0;0;4849;323;29;7;3151;656;137;83;8000;979;166;90
2022.03_13-10-2022;Республика Бурятия;165_195_days;SputnikLite;170;19;0;0;85;19;5;2;255;38;5;2;4849;323;29;7;3151;656;137;83;8000;979;166;90
2022.03_13-10-2022;Республика Бурятия;165_195_days;SputnikV;175;13;2;1;96;13;3;0;271;26;5;1;4849;323;29;7;3151;656;137;83;8000;979;166;90
2022.03_13-10-2022;Республика Бурятия;21_45_days;AllVaccines;240;8;1;0;131;15;0;0;371;23;1;0;4849;323;29;7;3151;656;137;83;8000;979;166;90
2022.03_13-10-2022;Республика Бурятия;21_45_days;CoviVac;1;0;0;0;0;0;0;0;1;0;0;0;4849;323;29;7;3151;656;137;83;8000;979;166;90
2022.03_13-10-2022;Республика Бурятия;21_45_days;EpiVacCorona;7;1;0;0;5;3;0;0;12;4;0;0;4849;323;29;7;3151;656;137;83;8000;979;166;90
2022.03_13-10-2022;Республика Бурятия;21_45_days;SputnikLite;104;3;0;0;46;4;0;0;150;7;0;0;4849;323;29;7;3151;656;137;83;8000;979;166;90
2022.03_13-10-2022;Республика Бурятия;21_45_days;SputnikV;128;4;1;0;80;8;0;0;208;12;1;0;4849;323;29;7;3151;656;137;83;8000;979;166;90
2022.03_13-10-2022;Республика Бурятия;45_75_days;AllVaccines;245;16;1;0;151;27;3;1;396;43;4;1;4849;323;29;7;3151;656;137;83;8000;979;166;90
2022.03_13-10-2022;Республика Бурятия;45_75_days;CoviVac;1;0;0;0;2;0;0;0;3;0;0;0;4849;323;29;7;3151;656;137;83;8000;979;166;90
2022.03_13-10-2022;Республика Бурятия;45_75_days;EpiVacCorona;8;1;0;0;17;6;0;0;25;7;0;0;4849;323;29;7;3151;656;137;83;8000;979;166;90
2022.03_13-10-2022;Республика Бурятия;45_75_days;SputnikLite;166;9;1;0;71;11;2;1;237;20;3;1;4849;323;29;7;3151;656;137;83;8000;979;166;90
2022.03_13-10-2022;Республика Бурятия;45_75_days;SputnikV;70;6;0;0;61;10;1;0;131;16;1;0;4849;323;29;7;3151;656;137;83;8000;979;166;90
2022.03_13-10-2022;Республика Бурятия;75_90_days;AllVaccines;179;9;1;1;152;26;7;1;331;35;8;2;4849;323;29;7;3151;656;137;83;8000;979;166;90
2022.03_13-10-2022;Республика Бурятия;75_90_days;CoviVac;2;0;0;0;0;0;0;0;2;0;0;0;4849;323;29;7;3151;656;137;83;8000;979;166;90
2022.03_13-10-2022;Республика Бурятия;75_90_days;EpiVacCorona;1;0;0;0;5;1;0;0;6;1;0;0;4849;323;29;7;3151;656;137;83;8000;979;166;90
2022.03_13-10-2022;Республика Бурятия;75_90_days;SputnikLite;70;2;0;0;81;17;4;1;151;19;4;1;4849;323;29;7;3151;656;137;83;8000;979;166;90
2022.03_13-10-2022;Республика Бурятия;75_90_days;SputnikV;106;7;1;1;66;8;3;0;172;15;4;1;4849;323;29;7;3151;656;137;83;8000;979;166;90
2022.03_13-10-2022;Республика Бурятия;90_105_days;AllVaccines;291;8;1;0;260;47;4;4;551;55;5;4;4849;323;29;7;3151;656;137;83;8000;979;166;90
2022.03_13-10-2022;Республика Бурятия;90_105_days;CoviVac;4;0;0;0;6;3;0;0;10;3;0;0;4849;323;29;7;3151;656;137;83;8000;979;166;90
2022.03_13-10-2022;Республика Бурятия;90_105_days;EpiVacCorona;1;0;0;0;2;2;1;1;3;2;1;1;4849;323;29;7;3151;656;137;83;8000;979;166;90
2022.03_13-10-2022;Республика Бурятия;90_105_days;SputnikLite;101;3;0;0;118;19;0;0;219;22;0;0;4849;323;29;7;3151;656;137;83;8000;979;166;90
2022.03_13-10-2022;Республика Бурятия;90_105_days;SputnikV;185;5;1;0;134;23;3;3;319;28;4;3;4849;323;29;7;3151;656;137;83;8000;979;166;90
2022.03_13-10-2022;Республика Дагестан;105_165_days;AllVaccines;169;13;0;0;60;13;1;0;229;26;1;0;1795;193;15;4;747;180;24;9;2542;373;39;13
2022.03_13-10-2022;Республика Дагестан;105_165_days;CoviVac;1;0;0;0;0;0;0;0;1;0;0;0;1795;193;15;4;747;180;24;9;2542;373;39;13
2022.03_13-10-2022;Республика Дагестан;105_165_days;EpiVacCorona;7;0;0;0;0;0;0;0;7;0;0;0;1795;193;15;4;747;180;24;9;2542;373;39;13
2022.03_13-10-2022;Республика Дагестан;105_165_days;SputnikLite;68;4;0;0;14;5;0;0;82;9;0;0;1795;193;15;4;747;180;24;9;2542;373;39;13
2022.03_13-10-2022;Республика Дагестан;105_165_days;SputnikV;93;9;0;0;46;8;1;0;139;17;1;0;1795;193;15;4;747;180;24;9;2542;373;39;13
2022.03_13-10-2022;Республика Дагестан;165_195_days;AllVaccines;148;10;1;0;37;5;1;1;185;15;2;1;1795;193;15;4;747;180;24;9;2542;373;39;13
2022.03_13-10-2022;Республика Дагестан;165_195_days;CoviVac;0;0;0;0;1;0;0;0;1;0;0;0;1795;193;15;4;747;180;24;9;2542;373;39;13
2022.03_13-10-2022;Республика Дагестан;165_195_days;EpiVacCorona;2;0;0;0;0;0;0;0;2;0;0;0;1795;193;15;4;747;180;24;9;2542;373;39;13
2022.03_13-10-2022;Республика Дагестан;165_195_days;SputnikLite;50;2;0;0;15;3;1;1;65;5;1;1;1795;193;15;4;747;180;24;9;2542;373;39;13
2022.03_13-10-2022;Республика Дагестан;165_195_days;SputnikV;96;8;1;0;21;2;0;0;117;10;1;0;1795;193;15;4;747;180;24;9;2542;373;39;13
2022.03_13-10-2022;Республика Дагестан;21_45_days;AllVaccines;209;17;1;0;82;14;2;2;291;31;3;2;1795;193;15;4;747;180;24;9;2542;373;39;13
2022.03_13-10-2022;Республика Дагестан;21_45_days;CoviVac;5;0;0;0;2;0;0;0;7;0;0;0;1795;193;15;4;747;180;24;9;2542;373;39;13
2022.03_13-10-2022;Республика Дагестан;21_45_days;EpiVacCorona;14;1;0;0;1;0;0;0;15;1;0;0;1795;193;15;4;747;180;24;9;2542;373;39;13
2022.03_13-10-2022;Республика Дагестан;21_45_days;SputnikLite;56;1;0;0;14;1;0;0;70;2;0;0;1795;193;15;4;747;180;24;9;2542;373;39;13
2022.03_13-10-2022;Республика Дагестан;21_45_days;SputnikV;134;15;1;0;65;13;2;2;199;28;3;2;1795;193;15;4;747;180;24;9;2542;373;39;13
2022.03_13-10-2022;Республика Дагестан;45_75_days;AllVaccines;183;15;0;0;46;9;1;0;229;24;1;0;1795;193;15;4;747;180;24;9;2542;373;39;13
2022.03_13-10-2022;Республика Дагестан;45_75_days;CoviVac;1;0;0;0;1;1;0;0;2;1;0;0;1795;193;15;4;747;180;24;9;2542;373;39;13
2022.03_13-10-2022;Республика Дагестан;45_75_days;EpiVacCorona;29;1;0;0;5;0;0;0;34;1;0;0;1795;193;15;4;747;180;24;9;2542;373;39;13
2022.03_13-10-2022;Республика Дагестан;45_75_days;SputnikLite;84;9;0;0;15;2;0;0;99;11;0;0;1795;193;15;4;747;180;24;9;2542;373;39;13
2022.03_13-10-2022;Республика Дагестан;45_75_days;SputnikV;69;5;0;0;25;6;1;0;94;11;1;0;1795;193;15;4;747;180;24;9;2542;373;39;13
2022.03_13-10-2022;Республика Дагестан;75_90_days;AllVaccines;63;5;0;0;20;4;1;1;83;9;1;1;1795;193;15;4;747;180;24;9;2542;373;39;13
2022.03_13-10-2022;Республика Дагестан;75_90_days;CoviVac;4;0;0;0;2;0;0;0;6;0;0;0;1795;193;15;4;747;180;24;9;2542;373;39;13
2022.03_13-10-2022;Республика Дагестан;75_90_days;EpiVacCorona;8;0;0;0;1;0;0;0;9;0;0;0;1795;193;15;4;747;180;24;9;2542;373;39;13
2022.03_13-10-2022;Республика Дагестан;75_90_days;SputnikLite;23;1;0;0;8;3;1;1;31;4;1;1;1795;193;15;4;747;180;24;9;2542;373;39;13
2022.03_13-10-2022;Республика Дагестан;75_90_days;SputnikV;28;4;0;0;9;1;0;0;37;5;0;0;1795;193;15;4;747;180;24;9;2542;373;39;13
2022.03_13-10-2022;Республика Дагестан;90_105_days;AllVaccines;57;6;0;0;15;3;0;0;72;9;0;0;1795;193;15;4;747;180;24;9;2542;373;39;13
2022.03_13-10-2022;Республика Дагестан;90_105_days;CoviVac;2;0;0;0;0;0;0;0;2;0;0;0;1795;193;15;4;747;180;24;9;2542;373;39;13
2022.03_13-10-2022;Республика Дагестан;90_105_days;EpiVacCorona;5;1;0;0;0;0;0;0;5;1;0;0;1795;193;15;4;747;180;24;9;2542;373;39;13
2022.03_13-10-2022;Республика Дагестан;90_105_days;SputnikLite;23;2;0;0;7;0;0;0;30;2;0;0;1795;193;15;4;747;180;24;9;2542;373;39;13
2022.03_13-10-2022;Республика Дагестан;90_105_days;SputnikV;27;3;0;0;8;3;0;0;35;6;0;0;1795;193;15;4;747;180;24;9;2542;373;39;13
2022.03_13-10-2022;Республика Ингушетия;105_165_days;AllVaccines;112;8;0;0;21;7;4;1;133;15;4;1;837;102;7;1;143;33;13;3;980;135;20;4
2022.03_13-10-2022;Республика Ингушетия;105_165_days;SputnikLite;56;1;0;0;15;5;2;1;71;6;2;1;837;102;7;1;143;33;13;3;980;135;20;4
2022.03_13-10-2022;Республика Ингушетия;105_165_days;SputnikV;56;7;0;0;6;2;2;0;62;9;2;0;837;102;7;1;143;33;13;3;980;135;20;4
2022.03_13-10-2022;Республика Ингушетия;165_195_days;AllVaccines;71;7;1;0;10;2;1;0;81;9;2;0;837;102;7;1;143;33;13;3;980;135;20;4
2022.03_13-10-2022;Республика Ингушетия;165_195_days;SputnikLite;24;1;0;0;6;1;0;0;30;2;0;0;837;102;7;1;143;33;13;3;980;135;20;4
2022.03_13-10-2022;Республика Ингушетия;165_195_days;SputnikV;47;6;1;0;4;1;1;0;51;7;2;0;837;102;7;1;143;33;13;3;980;135;20;4
2022.03_13-10-2022;Республика Ингушетия;21_45_days;AllVaccines;35;4;0;0;4;2;1;0;39;6;1;0;837;102;7;1;143;33;13;3;980;135;20;4
2022.03_13-10-2022;Республика Ингушетия;21_45_days;SputnikLite;12;2;0;0;4;2;1;0;16;4;1;0;837;102;7;1;143;33;13;3;980;135;20;4
2022.03_13-10-2022;Республика Ингушетия;21_45_days;SputnikV;23;2;0;0;0;0;0;0;23;2;0;0;837;102;7;1;143;33;13;3;980;135;20;4
2022.03_13-10-2022;Республика Ингушетия;45_75_days;AllVaccines;89;5;1;0;8;2;0;0;97;7;1;0;837;102;7;1;143;33;13;3;980;135;20;4
2022.03_13-10-2022;Республика Ингушетия;45_75_days;SputnikLite;41;2;0;0;2;0;0;0;43;2;0;0;837;102;7;1;143;33;13;3;980;135;20;4
2022.03_13-10-2022;Республика Ингушетия;45_75_days;SputnikV;48;3;1;0;6;2;0;0;54;5;1;0;837;102;7;1;143;33;13;3;980;135;20;4
2022.03_13-10-2022;Республика Ингушетия;75_90_days;AllVaccines;129;16;0;0;23;2;0;0;152;18;0;0;837;102;7;1;143;33;13;3;980;135;20;4
2022.03_13-10-2022;Республика Ингушетия;75_90_days;CoviVac;1;0;0;0;0;0;0;0;1;0;0;0;837;102;7;1;143;33;13;3;980;135;20;4
2022.03_13-10-2022;Республика Ингушетия;75_90_days;SputnikLite;48;3;0;0;5;2;0;0;53;5;0;0;837;102;7;1;143;33;13;3;980;135;20;4
2022.03_13-10-2022;Республика Ингушетия;75_90_days;SputnikV;80;13;0;0;18;0;0;0;98;13;0;0;837;102;7;1;143;33;13;3;980;135;20;4
2022.03_13-10-2022;Республика Ингушетия;90_105_days;AllVaccines;86;6;1;0;9;1;0;0;95;7;1;0;837;102;7;1;143;33;13;3;980;135;20;4
2022.03_13-10-2022;Республика Ингушетия;90_105_days;SputnikLite;59;5;1;0;3;1;0;0;62;6;1;0;837;102;7;1;143;33;13;3;980;135;20;4
2022.03_13-10-2022;Республика Ингушетия;90_105_days;SputnikV;27;1;0;0;6;0;0;0;33;1;0;0;837;102;7;1;143;33;13;3;980;135;20;4
2022.03_13-10-2022;Республика Калмыкия;105_165_days;AllVaccines;275;8;0;0;222;35;4;2;497;43;4;2;1230;54;4;2;792;169;38;19;2022;223;42;21
2022.03_13-10-2022;Республика Калмыкия;105_165_days;CoviVac;10;0;0;0;1;0;0;0;11;0;0;0;1230;54;4;2;792;169;38;19;2022;223;42;21
2022.03_13-10-2022;Республика Калмыкия;105_165_days;EpiVacCorona;3;0;0;0;0;0;0;0;3;0;0;0;1230;54;4;2;792;169;38;19;2022;223;42;21
2022.03_13-10-2022;Республика Калмыкия;105_165_days;SputnikLite;241;8;0;0;204;29;3;2;445;37;3;2;1230;54;4;2;792;169;38;19;2022;223;42;21
2022.03_13-10-2022;Республика Калмыкия;105_165_days;SputnikV;21;0;0;0;17;6;1;0;38;6;1;0;1230;54;4;2;792;169;38;19;2022;223;42;21
2022.03_13-10-2022;Республика Калмыкия;165_195_days;AllVaccines;45;0;0;0;27;5;2;1;72;5;2;1;1230;54;4;2;792;169;38;19;2022;223;42;21
2022.03_13-10-2022;Республика Калмыкия;165_195_days;CoviVac;1;0;0;0;0;0;0;0;1;0;0;0;1230;54;4;2;792;169;38;19;2022;223;42;21
2022.03_13-10-2022;Республика Калмыкия;165_195_days;SputnikLite;30;0;0;0;23;3;1;1;53;3;1;1;1230;54;4;2;792;169;38;19;2022;223;42;21
2022.03_13-10-2022;Республика Калмыкия;165_195_days;SputnikV;14;0;0;0;4;2;1;0;18;2;1;0;1230;54;4;2;792;169;38;19;2022;223;42;21
2022.03_13-10-2022;Республика Калмыкия;21_45_days;AllVaccines;31;0;0;0;21;1;0;0;52;1;0;0;1230;54;4;2;792;169;38;19;2022;223;42;21
2022.03_13-10-2022;Республика Калмыкия;21_45_days;EpiVacCorona;1;0;0;0;1;0;0;0;2;0;0;0;1230;54;4;2;792;169;38;19;2022;223;42;21
2022.03_13-10-2022;Республика Калмыкия;21_45_days;SputnikLite;25;0;0;0;14;0;0;0;39;0;0;0;1230;54;4;2;792;169;38;19;2022;223;42;21
2022.03_13-10-2022;Республика Калмыкия;21_45_days;SputnikV;5;0;0;0;6;1;0;0;11;1;0;0;1230;54;4;2;792;169;38;19;2022;223;42;21
2022.03_13-10-2022;Республика Калмыкия;45_75_days;AllVaccines;66;3;0;0;32;3;1;1;98;6;1;1;1230;54;4;2;792;169;38;19;2022;223;42;21
2022.03_13-10-2022;Республика Калмыкия;45_75_days;CoviVac;1;0;0;0;4;0;0;0;5;0;0;0;1230;54;4;2;792;169;38;19;2022;223;42;21
2022.03_13-10-2022;Республика Калмыкия;45_75_days;EpiVacCorona;4;1;0;0;3;2;1;1;7;3;1;1;1230;54;4;2;792;169;38;19;2022;223;42;21
2022.03_13-10-2022;Республика Калмыкия;45_75_days;SputnikLite;55;2;0;0;22;1;0;0;77;3;0;0;1230;54;4;2;792;169;38;19;2022;223;42;21
2022.03_13-10-2022;Республика Калмыкия;45_75_days;SputnikV;6;0;0;0;3;0;0;0;9;0;0;0;1230;54;4;2;792;169;38;19;2022;223;42;21
2022.03_13-10-2022;Республика Калмыкия;75_90_days;AllVaccines;43;3;1;0;32;9;2;1;75;12;3;1;1230;54;4;2;792;169;38;19;2022;223;42;21
2022.03_13-10-2022;Республика Калмыкия;75_90_days;CoviVac;2;0;0;0;1;0;0;0;3;0;0;0;1230;54;4;2;792;169;38;19;2022;223;42;21
2022.03_13-10-2022;Республика Калмыкия;75_90_days;SputnikLite;34;3;1;0;25;6;2;1;59;9;3;1;1230;54;4;2;792;169;38;19;2022;223;42;21
2022.03_13-10-2022;Республика Калмыкия;75_90_days;SputnikV;7;0;0;0;6;3;0;0;13;3;0;0;1230;54;4;2;792;169;38;19;2022;223;42;21
2022.03_13-10-2022;Республика Калмыкия;90_105_days;AllVaccines;52;2;0;0;41;7;0;0;93;9;0;0;1230;54;4;2;792;169;38;19;2022;223;42;21
2022.03_13-10-2022;Республика Калмыкия;90_105_days;CoviVac;2;0;0;0;0;0;0;0;2;0;0;0;1230;54;4;2;792;169;38;19;2022;223;42;21
2022.03_13-10-2022;Республика Калмыкия;90_105_days;EpiVacCorona;0;0;0;0;1;0;0;0;1;0;0;0;1230;54;4;2;792;169;38;19;2022;223;42;21
2022.03_13-10-2022;Республика Калмыкия;90_105_days;SputnikLite;41;0;0;0;29;4;0;0;70;4;0;0;1230;54;4;2;792;169;38;19;2022;223;42;21
2022.03_13-10-2022;Республика Калмыкия;90_105_days;SputnikV;9;2;0;0;11;3;0;0;20;5;0;0;1230;54;4;2;792;169;38;19;2022;223;42;21
2022.03_13-10-2022;Республика Карелия;105_165_days;AllVaccines;477;26;1;0;630;105;5;5;1107;131;6;5;4037;264;17;7;3070;811;102;125;7107;1075;119;132
2022.03_13-10-2022;Республика Карелия;105_165_days;CoviVac;12;1;0;0;7;2;1;1;19;3;1;1;4037;264;17;7;3070;811;102;125;7107;1075;119;132
2022.03_13-10-2022;Республика Карелия;105_165_days;EpiVacCorona;6;1;0;0;10;4;0;0;16;5;0;0;4037;264;17;7;3070;811;102;125;7107;1075;119;132
2022.03_13-10-2022;Республика Карелия;105_165_days;SputnikLite;339;20;1;0;442;66;3;2;781;86;4;2;4037;264;17;7;3070;811;102;125;7107;1075;119;132
2022.03_13-10-2022;Республика Карелия;105_165_days;SputnikV;120;4;0;0;171;33;1;2;291;37;1;2;4037;264;17;7;3070;811;102;125;7107;1075;119;132
2022.03_13-10-2022;Республика Карелия;165_195_days;AllVaccines;177;8;2;0;162;24;4;0;339;32;6;0;4037;264;17;7;3070;811;102;125;7107;1075;119;132
2022.03_13-10-2022;Республика Карелия;165_195_days;CoviVac;1;0;0;0;0;0;0;0;1;0;0;0;4037;264;17;7;3070;811;102;125;7107;1075;119;132
2022.03_13-10-2022;Республика Карелия;165_195_days;EpiVacCorona;1;0;0;0;1;0;0;0;2;0;0;0;4037;264;17;7;3070;811;102;125;7107;1075;119;132
2022.03_13-10-2022;Республика Карелия;165_195_days;SputnikLite;105;7;1;0;82;16;3;0;187;23;4;0;4037;264;17;7;3070;811;102;125;7107;1075;119;132
2022.03_13-10-2022;Республика Карелия;165_195_days;SputnikV;70;1;1;0;79;8;1;0;149;9;2;0;4037;264;17;7;3070;811;102;125;7107;1075;119;132
2022.03_13-10-2022;Республика Карелия;21_45_days;AllVaccines;115;7;0;0;76;13;2;4;191;20;2;4;4037;264;17;7;3070;811;102;125;7107;1075;119;132
2022.03_13-10-2022;Республика Карелия;21_45_days;CoviVac;1;0;0;0;1;1;0;0;2;1;0;0;4037;264;17;7;3070;811;102;125;7107;1075;119;132
2022.03_13-10-2022;Республика Карелия;21_45_days;EpiVacCorona;7;2;0;0;3;0;0;0;10;2;0;0;4037;264;17;7;3070;811;102;125;7107;1075;119;132
2022.03_13-10-2022;Республика Карелия;21_45_days;SputnikLite;71;4;0;0;38;5;0;1;109;9;0;1;4037;264;17;7;3070;811;102;125;7107;1075;119;132
2022.03_13-10-2022;Республика Карелия;21_45_days;SputnikV;36;1;0;0;34;7;2;3;70;8;2;3;4037;264;17;7;3070;811;102;125;7107;1075;119;132
2022.03_13-10-2022;Республика Карелия;45_75_days;AllVaccines;132;3;0;0;103;26;2;3;235;29;2;3;4037;264;17;7;3070;811;102;125;7107;1075;119;132
2022.03_13-10-2022;Республика Карелия;45_75_days;CoviVac;3;0;0;0;2;1;0;0;5;1;0;0;4037;264;17;7;3070;811;102;125;7107;1075;119;132
2022.03_13-10-2022;Республика Карелия;45_75_days;EpiVacCorona;5;0;0;0;11;5;0;0;16;5;0;0;4037;264;17;7;3070;811;102;125;7107;1075;119;132
2022.03_13-10-2022;Республика Карелия;45_75_days;SputnikLite;75;2;0;0;50;11;0;1;125;13;0;1;4037;264;17;7;3070;811;102;125;7107;1075;119;132
2022.03_13-10-2022;Республика Карелия;45_75_days;SputnikV;49;1;0;0;40;9;2;2;89;10;2;2;4037;264;17;7;3070;811;102;125;7107;1075;119;132
2022.03_13-10-2022;Республика Карелия;75_90_days;AllVaccines;125;9;0;1;138;25;5;3;263;34;5;4;4037;264;17;7;3070;811;102;125;7107;1075;119;132
2022.03_13-10-2022;Республика Карелия;75_90_days;CoviVac;7;0;0;0;1;1;0;0;8;1;0;0;4037;264;17;7;3070;811;102;125;7107;1075;119;132
2022.03_13-10-2022;Республика Карелия;75_90_days;EpiVacCorona;5;0;0;0;8;2;0;0;13;2;0;0;4037;264;17;7;3070;811;102;125;7107;1075;119;132
2022.03_13-10-2022;Республика Карелия;75_90_days;SputnikLite;44;3;0;0;60;9;2;0;104;12;2;0;4037;264;17;7;3070;811;102;125;7107;1075;119;132
2022.03_13-10-2022;Республика Карелия;75_90_days;SputnikV;69;6;0;1;69;13;3;3;138;19;3;4;4037;264;17;7;3070;811;102;125;7107;1075;119;132
2022.03_13-10-2022;Республика Карелия;90_105_days;AllVaccines;170;8;0;1;165;27;1;2;335;35;1;3;4037;264;17;7;3070;811;102;125;7107;1075;119;132
2022.03_13-10-2022;Республика Карелия;90_105_days;CoviVac;1;0;0;0;0;0;0;0;1;0;0;0;4037;264;17;7;3070;811;102;125;7107;1075;119;132
2022.03_13-10-2022;Республика Карелия;90_105_days;EpiVacCorona;8;0;0;0;2;0;0;0;10;0;0;0;4037;264;17;7;3070;811;102;125;7107;1075;119;132
2022.03_13-10-2022;Республика Карелия;90_105_days;SputnikLite;63;4;0;0;64;13;0;0;127;17;0;0;4037;264;17;7;3070;811;102;125;7107;1075;119;132
2022.03_13-10-2022;Республика Карелия;90_105_days;SputnikV;98;4;0;1;99;14;1;2;197;18;1;3;4037;264;17;7;3070;811;102;125;7107;1075;119;132
2022.03_13-10-2022;Республика Коми;105_165_days;AllVaccines;589;41;4;0;542;126;13;8;1131;167;17;8;6396;511;50;12;3857;1089;168;84;10253;1600;218;96
2022.03_13-10-2022;Республика Коми;105_165_days;CoviVac;10;2;0;0;8;3;0;0;18;5;0;0;6396;511;50;12;3857;1089;168;84;10253;1600;218;96
2022.03_13-10-2022;Республика Коми;105_165_days;EpiVacCorona;2;1;0;0;6;3;0;0;8;4;0;0;6396;511;50;12;3857;1089;168;84;10253;1600;218;96
2022.03_13-10-2022;Республика Коми;105_165_days;SputnikLite;416;29;4;0;351;77;8;4;767;106;12;4;6396;511;50;12;3857;1089;168;84;10253;1600;218;96
2022.03_13-10-2022;Республика Коми;105_165_days;SputnikV;161;9;0;0;177;43;5;4;338;52;5;4;6396;511;50;12;3857;1089;168;84;10253;1600;218;96
2022.03_13-10-2022;Республика Коми;165_195_days;AllVaccines;340;21;1;1;140;27;0;0;480;48;1;1;6396;511;50;12;3857;1089;168;84;10253;1600;218;96
2022.03_13-10-2022;Республика Коми;165_195_days;CoviVac;2;0;0;0;0;0;0;0;2;0;0;0;6396;511;50;12;3857;1089;168;84;10253;1600;218;96
2022.03_13-10-2022;Республика Коми;165_195_days;SputnikLite;128;7;1;1;71;12;0;0;199;19;1;1;6396;511;50;12;3857;1089;168;84;10253;1600;218;96
2022.03_13-10-2022;Республика Коми;165_195_days;SputnikV;210;14;0;0;69;15;0;0;279;29;0;0;6396;511;50;12;3857;1089;168;84;10253;1600;218;96
2022.03_13-10-2022;Республика Коми;21_45_days;AllVaccines;160;7;0;0;98;13;1;1;258;20;1;1;6396;511;50;12;3857;1089;168;84;10253;1600;218;96
2022.03_13-10-2022;Республика Коми;21_45_days;CoviVac;3;0;0;0;1;0;0;0;4;0;0;0;6396;511;50;12;3857;1089;168;84;10253;1600;218;96
2022.03_13-10-2022;Республика Коми;21_45_days;EpiVacCorona;6;0;0;0;9;1;0;0;15;1;0;0;6396;511;50;12;3857;1089;168;84;10253;1600;218;96
2022.03_13-10-2022;Республика Коми;21_45_days;SputnikLite;106;4;0;0;49;5;1;1;155;9;1;1;6396;511;50;12;3857;1089;168;84;10253;1600;218;96
2022.03_13-10-2022;Республика Коми;21_45_days;SputnikV;45;3;0;0;39;7;0;0;84;10;0;0;6396;511;50;12;3857;1089;168;84;10253;1600;218;96
2022.03_13-10-2022;Республика Коми;45_75_days;AllVaccines;247;11;1;0;163;25;4;2;410;36;5;2;6396;511;50;12;3857;1089;168;84;10253;1600;218;96
2022.03_13-10-2022;Республика Коми;45_75_days;CoviVac;6;0;0;0;2;0;0;0;8;0;0;0;6396;511;50;12;3857;1089;168;84;10253;1600;218;96
2022.03_13-10-2022;Республика Коми;45_75_days;EpiVacCorona;6;0;0;0;3;2;0;0;9;2;0;0;6396;511;50;12;3857;1089;168;84;10253;1600;218;96
2022.03_13-10-2022;Республика Коми;45_75_days;SputnikLite;172;10;1;0;97;11;3;2;269;21;4;2;6396;511;50;12;3857;1089;168;84;10253;1600;218;96
2022.03_13-10-2022;Республика Коми;45_75_days;SputnikV;63;1;0;0;61;12;1;0;124;13;1;0;6396;511;50;12;3857;1089;168;84;10253;1600;218;96
2022.03_13-10-2022;Республика Коми;75_90_days;AllVaccines;166;12;1;0;146;32;4;2;312;44;5;2;6396;511;50;12;3857;1089;168;84;10253;1600;218;96
2022.03_13-10-2022;Республика Коми;75_90_days;CoviVac;3;0;0;0;5;1;0;0;8;1;0;0;6396;511;50;12;3857;1089;168;84;10253;1600;218;96
2022.03_13-10-2022;Республика Коми;75_90_days;EpiVacCorona;18;1;0;0;8;2;0;0;26;3;0;0;6396;511;50;12;3857;1089;168;84;10253;1600;218;96
2022.03_13-10-2022;Республика Коми;75_90_days;SputnikLite;69;3;0;0;67;13;3;2;136;16;3;2;6396;511;50;12;3857;1089;168;84;10253;1600;218;96
2022.03_13-10-2022;Республика Коми;75_90_days;SputnikV;76;8;1;0;66;16;1;0;142;24;2;0;6396;511;50;12;3857;1089;168;84;10253;1600;218;96
2022.03_13-10-2022;Республика Коми;90_105_days;AllVaccines;207;16;2;0;223;45;5;2;430;61;7;2;6396;511;50;12;3857;1089;168;84;10253;1600;218;96
2022.03_13-10-2022;Республика Коми;90_105_days;CoviVac;1;0;0;0;2;0;0;0;3;0;0;0;6396;511;50;12;3857;1089;168;84;10253;1600;218;96
2022.03_13-10-2022;Республика Коми;90_105_days;EpiVacCorona;5;3;1;0;9;4;1;1;14;7;2;1;6396;511;50;12;3857;1089;168;84;10253;1600;218;96
2022.03_13-10-2022;Республика Коми;90_105_days;SputnikLite;86;4;0;0;89;15;1;0;175;19;1;0;6396;511;50;12;3857;1089;168;84;10253;1600;218;96
2022.03_13-10-2022;Республика Коми;90_105_days;SputnikV;115;9;1;0;123;26;3;1;238;35;4;1;6396;511;50;12;3857;1089;168;84;10253;1600;218;96
2022.03_13-10-2022;Республика Крым;105_165_days;AllVaccines;974;46;1;1;547;117;12;7;1521;163;13;8;4902;449;32;17;4116;1403;254;157;9018;1852;286;174
2022.03_13-10-2022;Республика Крым;105_165_days;CoviVac;22;2;0;0;6;0;1;0;28;2;1;0;4902;449;32;17;4116;1403;254;157;9018;1852;286;174
2022.03_13-10-2022;Республика Крым;105_165_days;EpiVacCorona;34;2;0;0;21;4;1;1;55;6;1;1;4902;449;32;17;4116;1403;254;157;9018;1852;286;174
2022.03_13-10-2022;Республика Крым;105_165_days;SputnikLite;179;14;0;0;286;68;5;3;465;82;5;3;4902;449;32;17;4116;1403;254;157;9018;1852;286;174
2022.03_13-10-2022;Республика Крым;105_165_days;SputnikV;739;28;1;1;234;45;5;3;973;73;6;4;4902;449;32;17;4116;1403;254;157;9018;1852;286;174
2022.03_13-10-2022;Республика Крым;165_195_days;AllVaccines;176;8;0;0;133;25;2;1;309;33;2;1;4902;449;32;17;4116;1403;254;157;9018;1852;286;174
2022.03_13-10-2022;Республика Крым;165_195_days;CoviVac;4;0;0;0;3;2;0;0;7;2;0;0;4902;449;32;17;4116;1403;254;157;9018;1852;286;174
2022.03_13-10-2022;Республика Крым;165_195_days;EpiVacCorona;7;0;0;0;5;3;0;0;12;3;0;0;4902;449;32;17;4116;1403;254;157;9018;1852;286;174
2022.03_13-10-2022;Республика Крым;165_195_days;SputnikLite;34;3;0;0;67;9;0;0;101;12;0;0;4902;449;32;17;4116;1403;254;157;9018;1852;286;174
2022.03_13-10-2022;Республика Крым;165_195_days;SputnikV;131;5;0;0;58;11;2;1;189;16;2;1;4902;449;32;17;4116;1403;254;157;9018;1852;286;174
2022.03_13-10-2022;Республика Крым;21_45_days;AllVaccines;103;13;1;1;53;16;1;0;156;29;2;1;4902;449;32;17;4116;1403;254;157;9018;1852;286;174
2022.03_13-10-2022;Республика Крым;21_45_days;CoviVac;2;0;0;0;0;0;0;0;2;0;0;0;4902;449;32;17;4116;1403;254;157;9018;1852;286;174
2022.03_13-10-2022;Республика Крым;21_45_days;EpiVacCorona;8;1;0;0;7;4;0;0;15;5;0;0;4902;449;32;17;4116;1403;254;157;9018;1852;286;174
2022.03_13-10-2022;Республика Крым;21_45_days;SputnikLite;59;4;0;0;31;10;1;0;90;14;1;0;4902;449;32;17;4116;1403;254;157;9018;1852;286;174
2022.03_13-10-2022;Республика Крым;21_45_days;SputnikV;34;8;1;1;15;2;0;0;49;10;1;1;4902;449;32;17;4116;1403;254;157;9018;1852;286;174
2022.03_13-10-2022;Республика Крым;45_75_days;AllVaccines;245;15;1;1;186;40;2;0;431;55;3;1;4902;449;32;17;4116;1403;254;157;9018;1852;286;174
2022.03_13-10-2022;Республика Крым;45_75_days;CoviVac;2;0;0;0;2;0;0;0;4;0;0;0;4902;449;32;17;4116;1403;254;157;9018;1852;286;174
2022.03_13-10-2022;Республика Крым;45_75_days;EpiVacCorona;10;1;0;0;15;4;0;0;25;5;0;0;4902;449;32;17;4116;1403;254;157;9018;1852;286;174
2022.03_13-10-2022;Республика Крым;45_75_days;SputnikLite;164;7;1;1;137;24;2;0;301;31;3;1;4902;449;32;17;4116;1403;254;157;9018;1852;286;174
2022.03_13-10-2022;Республика Крым;45_75_days;SputnikV;69;7;0;0;32;12;0;0;101;19;0;0;4902;449;32;17;4116;1403;254;157;9018;1852;286;174
2022.03_13-10-2022;Республика Крым;75_90_days;AllVaccines;200;14;2;0;187;44;7;2;387;58;9;2;4902;449;32;17;4116;1403;254;157;9018;1852;286;174
2022.03_13-10-2022;Республика Крым;75_90_days;CoviVac;5;0;0;0;3;1;0;0;8;1;0;0;4902;449;32;17;4116;1403;254;157;9018;1852;286;174
2022.03_13-10-2022;Республика Крым;75_90_days;EpiVacCorona;12;1;0;0;9;3;1;0;21;4;1;0;4902;449;32;17;4116;1403;254;157;9018;1852;286;174
2022.03_13-10-2022;Республика Крым;75_90_days;SputnikLite;72;4;0;0;109;25;2;1;181;29;2;1;4902;449;32;17;4116;1403;254;157;9018;1852;286;174
2022.03_13-10-2022;Республика Крым;75_90_days;SputnikV;111;9;2;0;66;15;4;1;177;24;6;1;4902;449;32;17;4116;1403;254;157;9018;1852;286;174
2022.03_13-10-2022;Республика Крым;90_105_days;AllVaccines;384;30;1;1;309;65;3;1;693;95;4;2;4902;449;32;17;4116;1403;254;157;9018;1852;286;174
2022.03_13-10-2022;Республика Крым;90_105_days;CoviVac;8;1;0;0;2;1;0;0;10;2;0;0;4902;449;32;17;4116;1403;254;157;9018;1852;286;174
2022.03_13-10-2022;Республика Крым;90_105_days;EpiVacCorona;9;0;0;0;7;2;0;0;16;2;0;0;4902;449;32;17;4116;1403;254;157;9018;1852;286;174
2022.03_13-10-2022;Республика Крым;90_105_days;SputnikLite;100;5;0;0;150;30;1;1;250;35;1;1;4902;449;32;17;4116;1403;254;157;9018;1852;286;174
2022.03_13-10-2022;Республика Крым;90_105_days;SputnikV;267;24;1;1;150;32;2;0;417;56;3;1;4902;449;32;17;4116;1403;254;157;9018;1852;286;174
2022.03_13-10-2022;Республика Марий Эл;105_165_days;AllVaccines;74;6;0;0;79;17;2;0;153;23;2;0;370;41;3;2;452;143;25;1;822;184;28;3
2022.03_13-10-2022;Республика Марий Эл;105_165_days;CoviVac;0;0;0;0;1;1;0;0;1;1;0;0;370;41;3;2;452;143;25;1;822;184;28;3
2022.03_13-10-2022;Республика Марий Эл;105_165_days;EpiVacCorona;3;0;0;0;0;0;0;0;3;0;0;0;370;41;3;2;452;143;25;1;822;184;28;3
2022.03_13-10-2022;Республика Марий Эл;105_165_days;SputnikLite;41;4;0;0;50;10;1;0;91;14;1;0;370;41;3;2;452;143;25;1;822;184;28;3
2022.03_13-10-2022;Республика Марий Эл;105_165_days;SputnikV;30;2;0;0;28;6;1;0;58;8;1;0;370;41;3;2;452;143;25;1;822;184;28;3
2022.03_13-10-2022;Республика Марий Эл;165_195_days;AllVaccines;24;1;0;0;12;3;0;0;36;4;0;0;370;41;3;2;452;143;25;1;822;184;28;3
2022.03_13-10-2022;Республика Марий Эл;165_195_days;EpiVacCorona;1;0;0;0;0;0;0;0;1;0;0;0;370;41;3;2;452;143;25;1;822;184;28;3
2022.03_13-10-2022;Республика Марий Эл;165_195_days;SputnikLite;13;1;0;0;7;3;0;0;20;4;0;0;370;41;3;2;452;143;25;1;822;184;28;3
2022.03_13-10-2022;Республика Марий Эл;165_195_days;SputnikV;10;0;0;0;5;0;0;0;15;0;0;0;370;41;3;2;452;143;25;1;822;184;28;3
2022.03_13-10-2022;Республика Марий Эл;21_45_days;AllVaccines;9;0;0;0;6;1;0;0;15;1;0;0;370;41;3;2;452;143;25;1;822;184;28;3
2022.03_13-10-2022;Республика Марий Эл;21_45_days;EpiVacCorona;0;0;0;0;1;0;0;0;1;0;0;0;370;41;3;2;452;143;25;1;822;184;28;3
2022.03_13-10-2022;Республика Марий Эл;21_45_days;SputnikLite;7;0;0;0;5;1;0;0;12;1;0;0;370;41;3;2;452;143;25;1;822;184;28;3
2022.03_13-10-2022;Республика Марий Эл;21_45_days;SputnikV;2;0;0;0;0;0;0;0;2;0;0;0;370;41;3;2;452;143;25;1;822;184;28;3
2022.03_13-10-2022;Республика Марий Эл;45_75_days;AllVaccines;22;1;0;0;18;3;0;0;40;4;0;0;370;41;3;2;452;143;25;1;822;184;28;3
2022.03_13-10-2022;Республика Марий Эл;45_75_days;EpiVacCorona;2;0;0;0;1;1;0;0;3;1;0;0;370;41;3;2;452;143;25;1;822;184;28;3
2022.03_13-10-2022;Республика Марий Эл;45_75_days;SputnikLite;18;1;0;0;12;0;0;0;30;1;0;0;370;41;3;2;452;143;25;1;822;184;28;3
2022.03_13-10-2022;Республика Марий Эл;45_75_days;SputnikV;2;0;0;0;5;2;0;0;7;2;0;0;370;41;3;2;452;143;25;1;822;184;28;3
2022.03_13-10-2022;Республика Марий Эл;75_90_days;AllVaccines;15;0;0;0;11;5;1;0;26;5;1;0;370;41;3;2;452;143;25;1;822;184;28;3
2022.03_13-10-2022;Республика Марий Эл;75_90_days;EpiVacCorona;1;0;0;0;0;0;0;0;1;0;0;0;370;41;3;2;452;143;25;1;822;184;28;3
2022.03_13-10-2022;Республика Марий Эл;75_90_days;SputnikLite;5;0;0;0;7;4;1;0;12;4;1;0;370;41;3;2;452;143;25;1;822;184;28;3
2022.03_13-10-2022;Республика Марий Эл;75_90_days;SputnikV;9;0;0;0;4;1;0;0;13;1;0;0;370;41;3;2;452;143;25;1;822;184;28;3
2022.03_13-10-2022;Республика Марий Эл;90_105_days;AllVaccines;34;1;1;0;18;6;0;0;52;7;1;0;370;41;3;2;452;143;25;1;822;184;28;3
2022.03_13-10-2022;Республика Марий Эл;90_105_days;EpiVacCorona;1;0;0;0;1;0;0;0;2;0;0;0;370;41;3;2;452;143;25;1;822;184;28;3
2022.03_13-10-2022;Республика Марий Эл;90_105_days;SputnikLite;14;1;1;0;4;2;0;0;18;3;1;0;370;41;3;2;452;143;25;1;822;184;28;3
2022.03_13-10-2022;Республика Марий Эл;90_105_days;SputnikV;19;0;0;0;13;4;0;0;32;4;0;0;370;41;3;2;452;143;25;1;822;184;28;3
2022.03_13-10-2022;Республика Мордовия;105_165_days;AllVaccines;540;24;2;2;512;82;15;9;1052;106;17;11;2572;183;27;8;2274;586;111;71;4846;769;138;79
2022.03_13-10-2022;Республика Мордовия;105_165_days;CoviVac;9;0;0;0;5;0;0;0;14;0;0;0;2572;183;27;8;2274;586;111;71;4846;769;138;79
2022.03_13-10-2022;Республика Мордовия;105_165_days;EpiVacCorona;12;2;0;0;12;5;2;0;24;7;2;0;2572;183;27;8;2274;586;111;71;4846;769;138;79
2022.03_13-10-2022;Республика Мордовия;105_165_days;SputnikLite;297;9;1;1;297;39;8;5;594;48;9;6;2572;183;27;8;2274;586;111;71;4846;769;138;79
2022.03_13-10-2022;Республика Мордовия;105_165_days;SputnikV;222;13;1;1;198;38;5;4;420;51;6;5;2572;183;27;8;2274;586;111;71;4846;769;138;79
2022.03_13-10-2022;Республика Мордовия;165_195_days;AllVaccines;122;3;1;0;140;37;7;4;262;40;8;4;2572;183;27;8;2274;586;111;71;4846;769;138;79
2022.03_13-10-2022;Республика Мордовия;165_195_days;EpiVacCorona;2;0;0;0;0;0;0;0;2;0;0;0;2572;183;27;8;2274;586;111;71;4846;769;138;79
2022.03_13-10-2022;Республика Мордовия;165_195_days;SputnikLite;50;1;0;0;75;15;3;1;125;16;3;1;2572;183;27;8;2274;586;111;71;4846;769;138;79
2022.03_13-10-2022;Республика Мордовия;165_195_days;SputnikV;70;2;1;0;65;22;4;3;135;24;5;3;2572;183;27;8;2274;586;111;71;4846;769;138;79
2022.03_13-10-2022;Республика Мордовия;21_45_days;AllVaccines;154;5;0;0;93;29;3;3;247;34;3;3;2572;183;27;8;2274;586;111;71;4846;769;138;79
2022.03_13-10-2022;Республика Мордовия;21_45_days;CoviVac;3;0;0;0;2;1;0;0;5;1;0;0;2572;183;27;8;2274;586;111;71;4846;769;138;79
2022.03_13-10-2022;Республика Мордовия;21_45_days;EpiVacCorona;12;0;0;0;15;4;0;0;27;4;0;0;2572;183;27;8;2274;586;111;71;4846;769;138;79
2022.03_13-10-2022;Республика Мордовия;21_45_days;SputnikLite;98;4;0;0;47;17;3;3;145;21;3;3;2572;183;27;8;2274;586;111;71;4846;769;138;79
2022.03_13-10-2022;Республика Мордовия;21_45_days;SputnikV;41;1;0;0;29;7;0;0;70;8;0;0;2572;183;27;8;2274;586;111;71;4846;769;138;79
2022.03_13-10-2022;Республика Мордовия;45_75_days;AllVaccines;246;6;0;0;157;44;5;4;403;50;5;4;2572;183;27;8;2274;586;111;71;4846;769;138;79
2022.03_13-10-2022;Республика Мордовия;45_75_days;CoviVac;1;0;0;0;2;0;0;0;3;0;0;0;2572;183;27;8;2274;586;111;71;4846;769;138;79
2022.03_13-10-2022;Республика Мордовия;45_75_days;EpiVacCorona;7;1;0;0;11;5;0;1;18;6;0;1;2572;183;27;8;2274;586;111;71;4846;769;138;79
2022.03_13-10-2022;Республика Мордовия;45_75_days;SputnikLite;207;5;0;0;109;23;2;1;316;28;2;1;2572;183;27;8;2274;586;111;71;4846;769;138;79
2022.03_13-10-2022;Республика Мордовия;45_75_days;SputnikV;31;0;0;0;35;16;3;2;66;16;3;2;2572;183;27;8;2274;586;111;71;4846;769;138;79
2022.03_13-10-2022;Республика Мордовия;75_90_days;AllVaccines;76;7;1;0;79;12;2;1;155;19;3;1;2572;183;27;8;2274;586;111;71;4846;769;138;79
2022.03_13-10-2022;Республика Мордовия;75_90_days;CoviVac;0;0;0;0;1;1;0;0;1;1;0;0;2572;183;27;8;2274;586;111;71;4846;769;138;79
2022.03_13-10-2022;Республика Мордовия;75_90_days;EpiVacCorona;4;1;0;0;3;0;0;0;7;1;0;0;2572;183;27;8;2274;586;111;71;4846;769;138;79
2022.03_13-10-2022;Республика Мордовия;75_90_days;SputnikLite;37;2;0;0;34;4;1;0;71;6;1;0;2572;183;27;8;2274;586;111;71;4846;769;138;79
2022.03_13-10-2022;Республика Мордовия;75_90_days;SputnikV;35;4;1;0;41;7;1;1;76;11;2;1;2572;183;27;8;2274;586;111;71;4846;769;138;79
2022.03_13-10-2022;Республика Мордовия;90_105_days;AllVaccines;144;7;1;0;138;28;4;3;282;35;5;3;2572;183;27;8;2274;586;111;71;4846;769;138;79
2022.03_13-10-2022;Республика Мордовия;90_105_days;CoviVac;12;1;1;0;1;0;0;0;13;1;1;0;2572;183;27;8;2274;586;111;71;4846;769;138;79
2022.03_13-10-2022;Республика Мордовия;90_105_days;EpiVacCorona;4;0;0;0;3;1;0;0;7;1;0;0;2572;183;27;8;2274;586;111;71;4846;769;138;79
2022.03_13-10-2022;Республика Мордовия;90_105_days;SputnikLite;45;1;0;0;53;12;1;1;98;13;1;1;2572;183;27;8;2274;586;111;71;4846;769;138;79
2022.03_13-10-2022;Республика Мордовия;90_105_days;SputnikV;83;5;0;0;81;15;3;2;164;20;3;2;2572;183;27;8;2274;586;111;71;4846;769;138;79
2022.03_13-10-2022;Республика Саха (Якутия);105_165_days;AllVaccines;1029;61;3;0;567;122;13;2;1596;183;16;2;7594;717;50;6;3745;1246;234;66;11339;1963;284;72
2022.03_13-10-2022;Республика Саха (Якутия);105_165_days;CoviVac;14;1;0;0;7;3;1;1;21;4;1;1;7594;717;50;6;3745;1246;234;66;11339;1963;284;72
2022.03_13-10-2022;Республика Саха (Якутия);105_165_days;EpiVacCorona;24;0;0;0;9;4;1;0;33;4;1;0;7594;717;50;6;3745;1246;234;66;11339;1963;284;72
2022.03_13-10-2022;Республика Саха (Якутия);105_165_days;SputnikLite;743;46;3;0;397;86;8;1;1140;132;11;1;7594;717;50;6;3745;1246;234;66;11339;1963;284;72
2022.03_13-10-2022;Республика Саха (Якутия);105_165_days;SputnikV;248;14;0;0;154;29;3;0;402;43;3;0;7594;717;50;6;3745;1246;234;66;11339;1963;284;72
2022.03_13-10-2022;Республика Саха (Якутия);165_195_days;AllVaccines;464;27;0;0;146;38;3;1;610;65;3;1;7594;717;50;6;3745;1246;234;66;11339;1963;284;72
2022.03_13-10-2022;Республика Саха (Якутия);165_195_days;EpiVacCorona;44;3;0;0;12;3;0;0;56;6;0;0;7594;717;50;6;3745;1246;234;66;11339;1963;284;72
2022.03_13-10-2022;Республика Саха (Якутия);165_195_days;SputnikLite;299;18;0;0;81;19;2;1;380;37;2;1;7594;717;50;6;3745;1246;234;66;11339;1963;284;72
2022.03_13-10-2022;Республика Саха (Якутия);165_195_days;SputnikV;121;6;0;0;53;16;1;0;174;22;1;0;7594;717;50;6;3745;1246;234;66;11339;1963;284;72
2022.03_13-10-2022;Республика Саха (Якутия);21_45_days;AllVaccines;239;13;2;0;120;37;8;2;359;50;10;2;7594;717;50;6;3745;1246;234;66;11339;1963;284;72
2022.03_13-10-2022;Республика Саха (Якутия);21_45_days;CoviVac;0;0;0;0;1;1;1;0;1;1;1;0;7594;717;50;6;3745;1246;234;66;11339;1963;284;72
2022.03_13-10-2022;Республика Саха (Якутия);21_45_days;EpiVacCorona;11;0;0;0;9;4;2;0;20;4;2;0;7594;717;50;6;3745;1246;234;66;11339;1963;284;72
2022.03_13-10-2022;Республика Саха (Якутия);21_45_days;SputnikLite;68;8;2;0;21;8;4;1;89;16;6;1;7594;717;50;6;3745;1246;234;66;11339;1963;284;72
2022.03_13-10-2022;Республика Саха (Якутия);21_45_days;SputnikV;160;5;0;0;89;24;1;1;249;29;1;1;7594;717;50;6;3745;1246;234;66;11339;1963;284;72
2022.03_13-10-2022;Республика Саха (Якутия);45_75_days;AllVaccines;415;34;1;0;176;41;2;1;591;75;3;1;7594;717;50;6;3745;1246;234;66;11339;1963;284;72
2022.03_13-10-2022;Республика Саха (Якутия);45_75_days;CoviVac;5;0;0;0;2;0;0;0;7;0;0;0;7594;717;50;6;3745;1246;234;66;11339;1963;284;72
2022.03_13-10-2022;Республика Саха (Якутия);45_75_days;EpiVacCorona;5;1;1;0;5;2;0;0;10;3;1;0;7594;717;50;6;3745;1246;234;66;11339;1963;284;72
2022.03_13-10-2022;Республика Саха (Якутия);45_75_days;SputnikLite;273;19;0;0;98;22;1;0;371;41;1;0;7594;717;50;6;3745;1246;234;66;11339;1963;284;72
2022.03_13-10-2022;Республика Саха (Якутия);45_75_days;SputnikV;132;14;0;0;71;17;1;1;203;31;1;1;7594;717;50;6;3745;1246;234;66;11339;1963;284;72
2022.03_13-10-2022;Республика Саха (Якутия);75_90_days;AllVaccines;255;17;2;0;161;49;6;3;416;66;8;3;7594;717;50;6;3745;1246;234;66;11339;1963;284;72
2022.03_13-10-2022;Республика Саха (Якутия);75_90_days;CoviVac;4;0;0;0;5;0;0;0;9;0;0;0;7594;717;50;6;3745;1246;234;66;11339;1963;284;72
2022.03_13-10-2022;Республика Саха (Якутия);75_90_days;EpiVacCorona;4;1;0;0;4;2;2;1;8;3;2;1;7594;717;50;6;3745;1246;234;66;11339;1963;284;72
2022.03_13-10-2022;Республика Саха (Якутия);75_90_days;SputnikLite;137;5;0;0;73;22;3;1;210;27;3;1;7594;717;50;6;3745;1246;234;66;11339;1963;284;72
2022.03_13-10-2022;Республика Саха (Якутия);75_90_days;SputnikV;110;11;2;0;79;25;1;1;189;36;3;1;7594;717;50;6;3745;1246;234;66;11339;1963;284;72
2022.03_13-10-2022;Республика Саха (Якутия);90_105_days;AllVaccines;343;25;3;0;225;63;9;1;568;88;12;1;7594;717;50;6;3745;1246;234;66;11339;1963;284;72
2022.03_13-10-2022;Республика Саха (Якутия);90_105_days;CoviVac;4;0;0;0;0;0;0;0;4;0;0;0;7594;717;50;6;3745;1246;234;66;11339;1963;284;72
2022.03_13-10-2022;Республика Саха (Якутия);90_105_days;EpiVacCorona;1;0;0;0;1;1;0;0;2;1;0;0;7594;717;50;6;3745;1246;234;66;11339;1963;284;72
2022.03_13-10-2022;Республика Саха (Якутия);90_105_days;SputnikLite;187;14;2;0;128;39;5;1;315;53;7;1;7594;717;50;6;3745;1246;234;66;11339;1963;284;72
2022.03_13-10-2022;Республика Саха (Якутия);90_105_days;SputnikV;151;11;1;0;96;23;4;0;247;34;5;0;7594;717;50;6;3745;1246;234;66;11339;1963;284;72
2022.03_13-10-2022;Республика Северная Осетия - Алания;105_165_days;AllVaccines;127;5;0;0;34;1;0;0;161;6;0;0;1110;82;1;0;497;91;25;18;1607;173;26;18
2022.03_13-10-2022;Республика Северная Осетия - Алания;105_165_days;EpiVacCorona;1;0;0;0;0;0;0;0;1;0;0;0;1110;82;1;0;497;91;25;18;1607;173;26;18
2022.03_13-10-2022;Республика Северная Осетия - Алания;105_165_days;SputnikLite;78;4;0;0;25;1;0;0;103;5;0;0;1110;82;1;0;497;91;25;18;1607;173;26;18
2022.03_13-10-2022;Республика Северная Осетия - Алания;105_165_days;SputnikV;48;1;0;0;9;0;0;0;57;1;0;0;1110;82;1;0;497;91;25;18;1607;173;26;18
2022.03_13-10-2022;Республика Северная Осетия - Алания;165_195_days;AllVaccines;36;0;0;0;8;0;0;0;44;0;0;0;1110;82;1;0;497;91;25;18;1607;173;26;18
2022.03_13-10-2022;Республика Северная Осетия - Алания;165_195_days;EpiVacCorona;1;0;0;0;0;0;0;0;1;0;0;0;1110;82;1;0;497;91;25;18;1607;173;26;18
2022.03_13-10-2022;Республика Северная Осетия - Алания;165_195_days;SputnikLite;13;0;0;0;3;0;0;0;16;0;0;0;1110;82;1;0;497;91;25;18;1607;173;26;18
2022.03_13-10-2022;Республика Северная Осетия - Алания;165_195_days;SputnikV;22;0;0;0;5;0;0;0;27;0;0;0;1110;82;1;0;497;91;25;18;1607;173;26;18
2022.03_13-10-2022;Республика Северная Осетия - Алания;21_45_days;AllVaccines;28;0;0;0;9;3;0;0;37;3;0;0;1110;82;1;0;497;91;25;18;1607;173;26;18
2022.03_13-10-2022;Республика Северная Осетия - Алания;21_45_days;EpiVacCorona;2;0;0;0;0;0;0;0;2;0;0;0;1110;82;1;0;497;91;25;18;1607;173;26;18
2022.03_13-10-2022;Республика Северная Осетия - Алания;21_45_days;SputnikLite;10;0;0;0;5;1;0;0;15;1;0;0;1110;82;1;0;497;91;25;18;1607;173;26;18
2022.03_13-10-2022;Республика Северная Осетия - Алания;21_45_days;SputnikV;16;0;0;0;4;2;0;0;20;2;0;0;1110;82;1;0;497;91;25;18;1607;173;26;18
2022.03_13-10-2022;Республика Северная Осетия - Алания;45_75_days;AllVaccines;55;1;0;0;12;0;0;0;67;1;0;0;1110;82;1;0;497;91;25;18;1607;173;26;18
2022.03_13-10-2022;Республика Северная Осетия - Алания;45_75_days;CoviVac;4;0;0;0;1;0;0;0;5;0;0;0;1110;82;1;0;497;91;25;18;1607;173;26;18
2022.03_13-10-2022;Республика Северная Осетия - Алания;45_75_days;EpiVacCorona;12;0;0;0;3;0;0;0;15;0;0;0;1110;82;1;0;497;91;25;18;1607;173;26;18
2022.03_13-10-2022;Республика Северная Осетия - Алания;45_75_days;SputnikLite;31;0;0;0;7;0;0;0;38;0;0;0;1110;82;1;0;497;91;25;18;1607;173;26;18
2022.03_13-10-2022;Республика Северная Осетия - Алания;45_75_days;SputnikV;8;1;0;0;1;0;0;0;9;1;0;0;1110;82;1;0;497;91;25;18;1607;173;26;18
2022.03_13-10-2022;Республика Северная Осетия - Алания;75_90_days;AllVaccines;38;0;0;0;16;1;1;0;54;1;1;0;1110;82;1;0;497;91;25;18;1607;173;26;18
2022.03_13-10-2022;Республика Северная Осетия - Алания;75_90_days;SputnikLite;27;0;0;0;10;0;0;0;37;0;0;0;1110;82;1;0;497;91;25;18;1607;173;26;18
2022.03_13-10-2022;Республика Северная Осетия - Алания;75_90_days;SputnikV;11;0;0;0;6;1;1;0;17;1;1;0;1110;82;1;0;497;91;25;18;1607;173;26;18
2022.03_13-10-2022;Республика Северная Осетия - Алания;90_105_days;AllVaccines;32;0;0;0;17;2;1;1;49;2;1;1;1110;82;1;0;497;91;25;18;1607;173;26;18
2022.03_13-10-2022;Республика Северная Осетия - Алания;90_105_days;CoviVac;1;0;0;0;0;0;0;0;1;0;0;0;1110;82;1;0;497;91;25;18;1607;173;26;18
2022.03_13-10-2022;Республика Северная Осетия - Алания;90_105_days;SputnikLite;13;0;0;0;6;0;0;0;19;0;0;0;1110;82;1;0;497;91;25;18;1607;173;26;18
2022.03_13-10-2022;Республика Северная Осетия - Алания;90_105_days;SputnikV;18;0;0;0;11;2;1;1;29;2;1;1;1110;82;1;0;497;91;25;18;1607;173;26;18
2022.03_13-10-2022;Республика Татарстан;105_165_days;AllVaccines;2061;157;13;3;982;189;23;11;3043;346;36;14;8529;720;71;26;6211;1793;335;181;14740;2513;406;207
2022.03_13-10-2022;Республика Татарстан;105_165_days;CoviVac;18;0;0;0;11;4;0;0;29;4;0;0;8529;720;71;26;6211;1793;335;181;14740;2513;406;207
2022.03_13-10-2022;Республика Татарстан;105_165_days;EpiVacCorona;65;3;0;0;36;9;1;0;101;12;1;0;8529;720;71;26;6211;1793;335;181;14740;2513;406;207
2022.03_13-10-2022;Республика Татарстан;105_165_days;SputnikLite;374;26;3;0;305;46;5;3;679;72;8;3;8529;720;71;26;6211;1793;335;181;14740;2513;406;207
2022.03_13-10-2022;Республика Татарстан;105_165_days;SputnikV;1604;128;10;3;630;130;17;8;2234;258;27;11;8529;720;71;26;6211;1793;335;181;14740;2513;406;207
2022.03_13-10-2022;Республика Татарстан;165_195_days;AllVaccines;386;18;1;0;225;54;7;4;611;72;8;4;8529;720;71;26;6211;1793;335;181;14740;2513;406;207
2022.03_13-10-2022;Республика Татарстан;165_195_days;CoviVac;14;0;0;0;2;0;0;0;16;0;0;0;8529;720;71;26;6211;1793;335;181;14740;2513;406;207
2022.03_13-10-2022;Республика Татарстан;165_195_days;EpiVacCorona;7;0;0;0;12;4;1;1;19;4;1;1;8529;720;71;26;6211;1793;335;181;14740;2513;406;207
2022.03_13-10-2022;Республика Татарстан;165_195_days;SputnikLite;83;3;0;0;71;13;0;0;154;16;0;0;8529;720;71;26;6211;1793;335;181;14740;2513;406;207
2022.03_13-10-2022;Республика Татарстан;165_195_days;SputnikV;282;15;1;0;140;37;6;3;422;52;7;3;8529;720;71;26;6211;1793;335;181;14740;2513;406;207
2022.03_13-10-2022;Республика Татарстан;21_45_days;AllVaccines;195;12;1;0;135;36;2;0;330;48;3;0;8529;720;71;26;6211;1793;335;181;14740;2513;406;207
2022.03_13-10-2022;Республика Татарстан;21_45_days;CoviVac;0;0;0;0;2;0;0;0;2;0;0;0;8529;720;71;26;6211;1793;335;181;14740;2513;406;207
2022.03_13-10-2022;Республика Татарстан;21_45_days;EpiVacCorona;4;0;0;0;6;2;1;0;10;2;1;0;8529;720;71;26;6211;1793;335;181;14740;2513;406;207
2022.03_13-10-2022;Республика Татарстан;21_45_days;SputnikLite;82;8;0;0;52;18;0;0;134;26;0;0;8529;720;71;26;6211;1793;335;181;14740;2513;406;207
2022.03_13-10-2022;Республика Татарстан;21_45_days;SputnikV;109;4;1;0;75;16;1;0;184;20;2;0;8529;720;71;26;6211;1793;335;181;14740;2513;406;207
2022.03_13-10-2022;Республика Татарстан;45_75_days;AllVaccines;261;21;3;0;227;52;10;4;488;73;13;4;8529;720;71;26;6211;1793;335;181;14740;2513;406;207
2022.03_13-10-2022;Республика Татарстан;45_75_days;CoviVac;2;1;0;0;2;1;0;0;4;2;0;0;8529;720;71;26;6211;1793;335;181;14740;2513;406;207
2022.03_13-10-2022;Республика Татарстан;45_75_days;EpiVacCorona;7;0;0;0;13;5;0;0;20;5;0;0;8529;720;71;26;6211;1793;335;181;14740;2513;406;207
2022.03_13-10-2022;Республика Татарстан;45_75_days;SputnikLite;127;7;0;0;132;27;6;2;259;34;6;2;8529;720;71;26;6211;1793;335;181;14740;2513;406;207
2022.03_13-10-2022;Республика Татарстан;45_75_days;SputnikV;125;13;3;0;80;19;4;2;205;32;7;2;8529;720;71;26;6211;1793;335;181;14740;2513;406;207
2022.03_13-10-2022;Республика Татарстан;75_90_days;AllVaccines;268;21;1;1;250;53;5;1;518;74;6;2;8529;720;71;26;6211;1793;335;181;14740;2513;406;207
2022.03_13-10-2022;Республика Татарстан;75_90_days;CoviVac;4;0;0;0;4;2;0;0;8;2;0;0;8529;720;71;26;6211;1793;335;181;14740;2513;406;207
2022.03_13-10-2022;Республика Татарстан;75_90_days;EpiVacCorona;10;0;0;0;13;2;0;0;23;2;0;0;8529;720;71;26;6211;1793;335;181;14740;2513;406;207
2022.03_13-10-2022;Республика Татарстан;75_90_days;SputnikLite;56;4;0;0;86;22;5;1;142;26;5;1;8529;720;71;26;6211;1793;335;181;14740;2513;406;207
2022.03_13-10-2022;Республика Татарстан;75_90_days;SputnikV;198;17;1;1;147;27;0;0;345;44;1;1;8529;720;71;26;6211;1793;335;181;14740;2513;406;207
2022.03_13-10-2022;Республика Татарстан;90_105_days;AllVaccines;569;30;2;1;395;101;10;3;964;131;12;4;8529;720;71;26;6211;1793;335;181;14740;2513;406;207
2022.03_13-10-2022;Республика Татарстан;90_105_days;CoviVac;2;0;0;0;1;1;0;0;3;1;0;0;8529;720;71;26;6211;1793;335;181;14740;2513;406;207
2022.03_13-10-2022;Республика Татарстан;90_105_days;EpiVacCorona;8;0;0;0;14;13;0;0;22;13;0;0;8529;720;71;26;6211;1793;335;181;14740;2513;406;207
2022.03_13-10-2022;Республика Татарстан;90_105_days;SputnikLite;78;2;0;0;105;26;2;1;183;28;2;1;8529;720;71;26;6211;1793;335;181;14740;2513;406;207
2022.03_13-10-2022;Республика Татарстан;90_105_days;SputnikV;481;28;2;1;275;61;8;2;756;89;10;3;8529;720;71;26;6211;1793;335;181;14740;2513;406;207
2022.03_13-10-2022;Республика Тыва;105_165_days;AllVaccines;25;5;1;0;25;12;3;0;50;17;4;0;206;78;8;0;82;43;14;2;288;121;22;2
2022.03_13-10-2022;Республика Тыва;105_165_days;SputnikLite;19;3;1;0;22;11;3;0;41;14;4;0;206;78;8;0;82;43;14;2;288;121;22;2
2022.03_13-10-2022;Республика Тыва;105_165_days;SputnikV;6;2;0;0;3;1;0;0;9;3;0;0;206;78;8;0;82;43;14;2;288;121;22;2
2022.03_13-10-2022;Республика Тыва;165_195_days;AllVaccines;7;1;0;0;4;2;0;0;11;3;0;0;206;78;8;0;82;43;14;2;288;121;22;2
2022.03_13-10-2022;Республика Тыва;165_195_days;SputnikLite;3;1;0;0;4;2;0;0;7;3;0;0;206;78;8;0;82;43;14;2;288;121;22;2
2022.03_13-10-2022;Республика Тыва;165_195_days;SputnikV;4;0;0;0;0;0;0;0;4;0;0;0;206;78;8;0;82;43;14;2;288;121;22;2
2022.03_13-10-2022;Республика Тыва;21_45_days;AllVaccines;8;2;0;0;1;0;0;0;9;2;0;0;206;78;8;0;82;43;14;2;288;121;22;2
2022.03_13-10-2022;Республика Тыва;21_45_days;SputnikLite;4;0;0;0;1;0;0;0;5;0;0;0;206;78;8;0;82;43;14;2;288;121;22;2
2022.03_13-10-2022;Республика Тыва;21_45_days;SputnikV;4;2;0;0;0;0;0;0;4;2;0;0;206;78;8;0;82;43;14;2;288;121;22;2
2022.03_13-10-2022;Республика Тыва;45_75_days;AllVaccines;22;7;1;0;3;3;1;0;25;10;2;0;206;78;8;0;82;43;14;2;288;121;22;2
2022.03_13-10-2022;Республика Тыва;45_75_days;SputnikLite;18;5;1;0;3;3;1;0;21;8;2;0;206;78;8;0;82;43;14;2;288;121;22;2
2022.03_13-10-2022;Республика Тыва;45_75_days;SputnikV;4;2;0;0;0;0;0;0;4;2;0;0;206;78;8;0;82;43;14;2;288;121;22;2
2022.03_13-10-2022;Республика Тыва;75_90_days;AllVaccines;5;2;1;0;0;0;0;0;5;2;1;0;206;78;8;0;82;43;14;2;288;121;22;2
2022.03_13-10-2022;Республика Тыва;75_90_days;SputnikLite;1;0;0;0;0;0;0;0;1;0;0;0;206;78;8;0;82;43;14;2;288;121;22;2
2022.03_13-10-2022;Республика Тыва;75_90_days;SputnikV;4;2;1;0;0;0;0;0;4;2;1;0;206;78;8;0;82;43;14;2;288;121;22;2
2022.03_13-10-2022;Республика Тыва;90_105_days;AllVaccines;9;3;0;0;2;0;0;0;11;3;0;0;206;78;8;0;82;43;14;2;288;121;22;2
2022.03_13-10-2022;Республика Тыва;90_105_days;SputnikLite;6;2;0;0;2;0;0;0;8;2;0;0;206;78;8;0;82;43;14;2;288;121;22;2
2022.03_13-10-2022;Республика Тыва;90_105_days;SputnikV;3;1;0;0;0;0;0;0;3;1;0;0;206;78;8;0;82;43;14;2;288;121;22;2
2022.03_13-10-2022;Республика Хакасия;105_165_days;AllVaccines;125;5;1;0;139;30;3;1;264;35;4;1;1317;149;21;6;1231;494;152;81;2548;643;173;87
2022.03_13-10-2022;Республика Хакасия;105_165_days;CoviVac;5;0;0;0;1;0;0;0;6;0;0;0;1317;149;21;6;1231;494;152;81;2548;643;173;87
2022.03_13-10-2022;Республика Хакасия;105_165_days;EpiVacCorona;3;0;0;0;0;0;0;0;3;0;0;0;1317;149;21;6;1231;494;152;81;2548;643;173;87
2022.03_13-10-2022;Республика Хакасия;105_165_days;SputnikLite;77;3;0;0;98;18;3;1;175;21;3;1;1317;149;21;6;1231;494;152;81;2548;643;173;87
2022.03_13-10-2022;Республика Хакасия;105_165_days;SputnikV;40;2;1;0;40;12;0;0;80;14;1;0;1317;149;21;6;1231;494;152;81;2548;643;173;87
2022.03_13-10-2022;Республика Хакасия;165_195_days;AllVaccines;65;3;0;0;44;11;1;0;109;14;1;0;1317;149;21;6;1231;494;152;81;2548;643;173;87
2022.03_13-10-2022;Республика Хакасия;165_195_days;CoviVac;3;0;0;0;3;1;0;0;6;1;0;0;1317;149;21;6;1231;494;152;81;2548;643;173;87
2022.03_13-10-2022;Республика Хакасия;165_195_days;SputnikLite;22;1;0;0;21;5;0;0;43;6;0;0;1317;149;21;6;1231;494;152;81;2548;643;173;87
2022.03_13-10-2022;Республика Хакасия;165_195_days;SputnikV;40;2;0;0;20;5;1;0;60;7;1;0;1317;149;21;6;1231;494;152;81;2548;643;173;87
2022.03_13-10-2022;Республика Хакасия;21_45_days;AllVaccines;54;7;0;0;31;5;2;0;85;12;2;0;1317;149;21;6;1231;494;152;81;2548;643;173;87
2022.03_13-10-2022;Республика Хакасия;21_45_days;CoviVac;1;0;0;0;0;0;0;0;1;0;0;0;1317;149;21;6;1231;494;152;81;2548;643;173;87
2022.03_13-10-2022;Республика Хакасия;21_45_days;EpiVacCorona;1;0;0;0;0;0;0;0;1;0;0;0;1317;149;21;6;1231;494;152;81;2548;643;173;87
2022.03_13-10-2022;Республика Хакасия;21_45_days;SputnikLite;33;3;0;0;14;2;0;0;47;5;0;0;1317;149;21;6;1231;494;152;81;2548;643;173;87
2022.03_13-10-2022;Республика Хакасия;21_45_days;SputnikV;19;4;0;0;17;3;2;0;36;7;2;0;1317;149;21;6;1231;494;152;81;2548;643;173;87
2022.03_13-10-2022;Республика Хакасия;45_75_days;AllVaccines;64;3;0;0;47;15;2;1;111;18;2;1;1317;149;21;6;1231;494;152;81;2548;643;173;87
2022.03_13-10-2022;Республика Хакасия;45_75_days;CoviVac;1;0;0;0;2;0;0;0;3;0;0;0;1317;149;21;6;1231;494;152;81;2548;643;173;87
2022.03_13-10-2022;Республика Хакасия;45_75_days;EpiVacCorona;3;0;0;0;1;0;0;0;4;0;0;0;1317;149;21;6;1231;494;152;81;2548;643;173;87
2022.03_13-10-2022;Республика Хакасия;45_75_days;SputnikLite;52;2;0;0;36;11;2;1;88;13;2;1;1317;149;21;6;1231;494;152;81;2548;643;173;87
2022.03_13-10-2022;Республика Хакасия;45_75_days;SputnikV;8;1;0;0;8;4;0;0;16;5;0;0;1317;149;21;6;1231;494;152;81;2548;643;173;87
2022.03_13-10-2022;Республика Хакасия;75_90_days;AllVaccines;23;2;0;0;24;4;1;0;47;6;1;0;1317;149;21;6;1231;494;152;81;2548;643;173;87
2022.03_13-10-2022;Республика Хакасия;75_90_days;CoviVac;1;0;0;0;0;0;0;0;1;0;0;0;1317;149;21;6;1231;494;152;81;2548;643;173;87
2022.03_13-10-2022;Республика Хакасия;75_90_days;SputnikLite;9;1;0;0;14;0;0;0;23;1;0;0;1317;149;21;6;1231;494;152;81;2548;643;173;87
2022.03_13-10-2022;Республика Хакасия;75_90_days;SputnikV;13;1;0;0;10;4;1;0;23;5;1;0;1317;149;21;6;1231;494;152;81;2548;643;173;87
2022.03_13-10-2022;Республика Хакасия;90_105_days;AllVaccines;29;2;0;0;41;12;4;1;70;14;4;1;1317;149;21;6;1231;494;152;81;2548;643;173;87
2022.03_13-10-2022;Республика Хакасия;90_105_days;EpiVacCorona;2;0;0;0;3;1;1;1;5;1;1;1;1317;149;21;6;1231;494;152;81;2548;643;173;87
2022.03_13-10-2022;Республика Хакасия;90_105_days;SputnikLite;16;2;0;0;14;3;1;0;30;5;1;0;1317;149;21;6;1231;494;152;81;2548;643;173;87
2022.03_13-10-2022;Республика Хакасия;90_105_days;SputnikV;11;0;0;0;24;8;2;0;35;8;2;0;1317;149;21;6;1231;494;152;81;2548;643;173;87
2022.03_13-10-2022;Ростовская область;105_165_days;AllVaccines;1274;45;5;1;1186;187;41;12;2460;232;46;13;15522;798;137;48;12198;3001;903;411;27720;3799;1040;459
2022.03_13-10-2022;Ростовская область;105_165_days;CoviVac;40;1;1;0;20;2;0;0;60;3;1;0;15522;798;137;48;12198;3001;903;411;27720;3799;1040;459
2022.03_13-10-2022;Ростовская область;105_165_days;EpiVacCorona;11;0;0;0;22;5;2;0;33;5;2;0;15522;798;137;48;12198;3001;903;411;27720;3799;1040;459
2022.03_13-10-2022;Ростовская область;105_165_days;SputnikLite;503;17;1;1;520;93;19;8;1023;110;20;9;15522;798;137;48;12198;3001;903;411;27720;3799;1040;459
2022.03_13-10-2022;Ростовская область;105_165_days;SputnikV;720;27;3;0;624;87;20;4;1344;114;23;4;15522;798;137;48;12198;3001;903;411;27720;3799;1040;459
2022.03_13-10-2022;Ростовская область;165_195_days;AllVaccines;1036;34;7;3;586;95;28;3;1622;129;35;6;15522;798;137;48;12198;3001;903;411;27720;3799;1040;459
2022.03_13-10-2022;Ростовская область;165_195_days;CoviVac;5;0;0;0;7;1;1;0;12;1;1;0;15522;798;137;48;12198;3001;903;411;27720;3799;1040;459
2022.03_13-10-2022;Ростовская область;165_195_days;EpiVacCorona;16;1;0;0;20;4;2;0;36;5;2;0;15522;798;137;48;12198;3001;903;411;27720;3799;1040;459
2022.03_13-10-2022;Ростовская область;165_195_days;SputnikLite;198;2;0;0;203;28;8;2;401;30;8;2;15522;798;137;48;12198;3001;903;411;27720;3799;1040;459
2022.03_13-10-2022;Ростовская область;165_195_days;SputnikV;817;31;7;3;356;62;17;1;1173;93;24;4;15522;798;137;48;12198;3001;903;411;27720;3799;1040;459
2022.03_13-10-2022;Ростовская область;21_45_days;AllVaccines;611;19;0;0;384;63;17;5;995;82;17;5;15522;798;137;48;12198;3001;903;411;27720;3799;1040;459
2022.03_13-10-2022;Ростовская область;21_45_days;CoviVac;14;0;0;0;2;1;0;0;16;1;0;0;15522;798;137;48;12198;3001;903;411;27720;3799;1040;459
2022.03_13-10-2022;Ростовская область;21_45_days;EpiVacCorona;29;0;0;0;16;4;1;0;45;4;1;0;15522;798;137;48;12198;3001;903;411;27720;3799;1040;459
2022.03_13-10-2022;Ростовская область;21_45_days;SputnikLite;291;10;0;0;115;18;6;4;406;28;6;4;15522;798;137;48;12198;3001;903;411;27720;3799;1040;459
2022.03_13-10-2022;Ростовская область;21_45_days;SputnikV;277;9;0;0;251;40;10;1;528;49;10;1;15522;798;137;48;12198;3001;903;411;27720;3799;1040;459
2022.03_13-10-2022;Ростовская область;45_75_days;AllVaccines;546;26;2;1;436;86;26;7;982;112;28;8;15522;798;137;48;12198;3001;903;411;27720;3799;1040;459
2022.03_13-10-2022;Ростовская область;45_75_days;CoviVac;2;0;0;0;7;0;0;0;9;0;0;0;15522;798;137;48;12198;3001;903;411;27720;3799;1040;459
2022.03_13-10-2022;Ростовская область;45_75_days;EpiVacCorona;8;0;0;0;15;6;2;1;23;6;2;1;15522;798;137;48;12198;3001;903;411;27720;3799;1040;459
2022.03_13-10-2022;Ростовская область;45_75_days;SputnikLite;332;18;2;1;166;25;6;1;498;43;8;2;15522;798;137;48;12198;3001;903;411;27720;3799;1040;459
2022.03_13-10-2022;Ростовская область;45_75_days;SputnikV;204;8;0;0;248;55;18;5;452;63;18;5;15522;798;137;48;12198;3001;903;411;27720;3799;1040;459
2022.03_13-10-2022;Ростовская область;75_90_days;AllVaccines;401;21;3;0;411;65;13;5;812;86;16;5;15522;798;137;48;12198;3001;903;411;27720;3799;1040;459
2022.03_13-10-2022;Ростовская область;75_90_days;CoviVac;4;0;0;0;3;0;0;0;7;0;0;0;15522;798;137;48;12198;3001;903;411;27720;3799;1040;459
2022.03_13-10-2022;Ростовская область;75_90_days;EpiVacCorona;4;0;0;0;8;0;0;0;12;0;0;0;15522;798;137;48;12198;3001;903;411;27720;3799;1040;459
2022.03_13-10-2022;Ростовская область;75_90_days;SputnikLite;124;4;1;0;111;22;4;1;235;26;5;1;15522;798;137;48;12198;3001;903;411;27720;3799;1040;459
2022.03_13-10-2022;Ростовская область;75_90_days;SputnikV;269;17;2;0;289;43;9;4;558;60;11;4;15522;798;137;48;12198;3001;903;411;27720;3799;1040;459
2022.03_13-10-2022;Ростовская область;90_105_days;AllVaccines;590;23;1;2;615;81;20;11;1205;104;21;13;15522;798;137;48;12198;3001;903;411;27720;3799;1040;459
2022.03_13-10-2022;Ростовская область;90_105_days;CoviVac;8;0;0;0;4;0;0;0;12;0;0;0;15522;798;137;48;12198;3001;903;411;27720;3799;1040;459
2022.03_13-10-2022;Ростовская область;90_105_days;EpiVacCorona;3;0;0;0;6;0;0;0;9;0;0;0;15522;798;137;48;12198;3001;903;411;27720;3799;1040;459
2022.03_13-10-2022;Ростовская область;90_105_days;SputnikLite;159;6;0;1;206;31;7;5;365;37;7;6;15522;798;137;48;12198;3001;903;411;27720;3799;1040;459
2022.03_13-10-2022;Ростовская область;90_105_days;SputnikV;420;17;1;1;399;50;13;6;819;67;14;7;15522;798;137;48;12198;3001;903;411;27720;3799;1040;459
2022.03_13-10-2022;Рязанская область;105_165_days;AllVaccines;929;11;0;0;480;38;8;5;1409;49;8;5;4833;155;12;12;3801;551;125;93;8634;706;137;105
2022.03_13-10-2022;Рязанская область;105_165_days;CoviVac;16;1;0;0;3;0;0;0;19;1;0;0;4833;155;12;12;3801;551;125;93;8634;706;137;105
2022.03_13-10-2022;Рязанская область;105_165_days;EpiVacCorona;53;1;0;0;21;2;1;1;74;3;1;1;4833;155;12;12;3801;551;125;93;8634;706;137;105
2022.03_13-10-2022;Рязанская область;105_165_days;SputnikLite;245;2;0;0;200;11;3;1;445;13;3;1;4833;155;12;12;3801;551;125;93;8634;706;137;105
2022.03_13-10-2022;Рязанская область;105_165_days;SputnikV;615;7;0;0;256;25;4;3;871;32;4;3;4833;155;12;12;3801;551;125;93;8634;706;137;105
2022.03_13-10-2022;Рязанская область;165_195_days;AllVaccines;235;4;0;0;179;9;0;0;414;13;0;0;4833;155;12;12;3801;551;125;93;8634;706;137;105
2022.03_13-10-2022;Рязанская область;165_195_days;CoviVac;5;0;0;0;1;0;0;0;6;0;0;0;4833;155;12;12;3801;551;125;93;8634;706;137;105
2022.03_13-10-2022;Рязанская область;165_195_days;EpiVacCorona;6;0;0;0;3;0;0;0;9;0;0;0;4833;155;12;12;3801;551;125;93;8634;706;137;105
2022.03_13-10-2022;Рязанская область;165_195_days;SputnikLite;72;1;0;0;91;6;0;0;163;7;0;0;4833;155;12;12;3801;551;125;93;8634;706;137;105
2022.03_13-10-2022;Рязанская область;165_195_days;SputnikV;152;3;0;0;84;3;0;0;236;6;0;0;4833;155;12;12;3801;551;125;93;8634;706;137;105
2022.03_13-10-2022;Рязанская область;21_45_days;AllVaccines;96;1;0;0;65;2;0;0;161;3;0;0;4833;155;12;12;3801;551;125;93;8634;706;137;105
2022.03_13-10-2022;Рязанская область;21_45_days;CoviVac;2;0;0;0;0;0;0;0;2;0;0;0;4833;155;12;12;3801;551;125;93;8634;706;137;105
2022.03_13-10-2022;Рязанская область;21_45_days;EpiVacCorona;2;0;0;0;3;1;0;0;5;1;0;0;4833;155;12;12;3801;551;125;93;8634;706;137;105
2022.03_13-10-2022;Рязанская область;21_45_days;SputnikLite;57;1;0;0;37;1;0;0;94;2;0;0;4833;155;12;12;3801;551;125;93;8634;706;137;105
2022.03_13-10-2022;Рязанская область;21_45_days;SputnikV;35;0;0;0;25;0;0;0;60;0;0;0;4833;155;12;12;3801;551;125;93;8634;706;137;105
2022.03_13-10-2022;Рязанская область;45_75_days;AllVaccines;196;4;0;0;135;12;3;3;331;16;3;3;4833;155;12;12;3801;551;125;93;8634;706;137;105
2022.03_13-10-2022;Рязанская область;45_75_days;CoviVac;3;0;0;0;1;0;0;0;4;0;0;0;4833;155;12;12;3801;551;125;93;8634;706;137;105
2022.03_13-10-2022;Рязанская область;45_75_days;EpiVacCorona;2;0;0;0;5;1;1;1;7;1;1;1;4833;155;12;12;3801;551;125;93;8634;706;137;105
2022.03_13-10-2022;Рязанская область;45_75_days;SputnikLite;137;4;0;0;94;7;2;2;231;11;2;2;4833;155;12;12;3801;551;125;93;8634;706;137;105
2022.03_13-10-2022;Рязанская область;45_75_days;SputnikV;54;0;0;0;35;4;0;0;89;4;0;0;4833;155;12;12;3801;551;125;93;8634;706;137;105
2022.03_13-10-2022;Рязанская область;75_90_days;AllVaccines;157;3;0;0;133;13;2;1;290;16;2;1;4833;155;12;12;3801;551;125;93;8634;706;137;105
2022.03_13-10-2022;Рязанская область;75_90_days;CoviVac;6;0;0;0;2;0;0;0;8;0;0;0;4833;155;12;12;3801;551;125;93;8634;706;137;105
2022.03_13-10-2022;Рязанская область;75_90_days;EpiVacCorona;10;1;0;0;4;1;0;0;14;2;0;0;4833;155;12;12;3801;551;125;93;8634;706;137;105
2022.03_13-10-2022;Рязанская область;75_90_days;SputnikLite;45;1;0;0;57;7;1;1;102;8;1;1;4833;155;12;12;3801;551;125;93;8634;706;137;105
2022.03_13-10-2022;Рязанская область;75_90_days;SputnikV;96;1;0;0;70;5;1;0;166;6;1;0;4833;155;12;12;3801;551;125;93;8634;706;137;105
2022.03_13-10-2022;Рязанская область;90_105_days;AllVaccines;298;5;0;0;211;20;2;2;509;25;2;2;4833;155;12;12;3801;551;125;93;8634;706;137;105
2022.03_13-10-2022;Рязанская область;90_105_days;CoviVac;8;0;0;0;5;0;0;0;13;0;0;0;4833;155;12;12;3801;551;125;93;8634;706;137;105
2022.03_13-10-2022;Рязанская область;90_105_days;EpiVacCorona;7;0;0;0;4;1;0;0;11;1;0;0;4833;155;12;12;3801;551;125;93;8634;706;137;105
2022.03_13-10-2022;Рязанская область;90_105_days;SputnikLite;86;0;0;0;86;9;0;0;172;9;0;0;4833;155;12;12;3801;551;125;93;8634;706;137;105
2022.03_13-10-2022;Рязанская область;90_105_days;SputnikV;197;5;0;0;116;10;2;2;313;15;2;2;4833;155;12;12;3801;551;125;93;8634;706;137;105
2022.03_13-10-2022;Самарская область;105_165_days;AllVaccines;1959;100;14;8;1701;338;32;22;3660;438;46;30;13580;857;114;80;10324;2833;528;361;23904;3690;642;441
2022.03_13-10-2022;Самарская область;105_165_days;CoviVac;26;1;0;0;11;1;0;0;37;2;0;0;13580;857;114;80;10324;2833;528;361;23904;3690;642;441
2022.03_13-10-2022;Самарская область;105_165_days;EpiVacCorona;24;0;0;0;46;11;2;2;70;11;2;2;13580;857;114;80;10324;2833;528;361;23904;3690;642;441
2022.03_13-10-2022;Самарская область;105_165_days;SputnikLite;765;36;6;6;733;147;13;8;1498;183;19;14;13580;857;114;80;10324;2833;528;361;23904;3690;642;441
2022.03_13-10-2022;Самарская область;105_165_days;SputnikV;1144;63;8;2;911;179;17;12;2055;242;25;14;13580;857;114;80;10324;2833;528;361;23904;3690;642;441
2022.03_13-10-2022;Самарская область;165_195_days;AllVaccines;759;28;0;0;471;92;10;6;1230;120;10;6;13580;857;114;80;10324;2833;528;361;23904;3690;642;441
2022.03_13-10-2022;Самарская область;165_195_days;CoviVac;33;0;0;0;6;0;0;0;39;0;0;0;13580;857;114;80;10324;2833;528;361;23904;3690;642;441
2022.03_13-10-2022;Самарская область;165_195_days;EpiVacCorona;9;0;0;0;7;1;0;0;16;1;0;0;13580;857;114;80;10324;2833;528;361;23904;3690;642;441
2022.03_13-10-2022;Самарская область;165_195_days;SputnikLite;285;9;0;0;261;49;4;2;546;58;4;2;13580;857;114;80;10324;2833;528;361;23904;3690;642;441
2022.03_13-10-2022;Самарская область;165_195_days;SputnikV;432;19;0;0;197;42;6;4;629;61;6;4;13580;857;114;80;10324;2833;528;361;23904;3690;642;441
2022.03_13-10-2022;Самарская область;21_45_days;AllVaccines;366;17;1;0;232;42;7;4;598;59;8;4;13580;857;114;80;10324;2833;528;361;23904;3690;642;441
2022.03_13-10-2022;Самарская область;21_45_days;CoviVac;7;2;0;0;2;0;0;0;9;2;0;0;13580;857;114;80;10324;2833;528;361;23904;3690;642;441
2022.03_13-10-2022;Самарская область;21_45_days;EpiVacCorona;16;1;0;0;16;2;0;0;32;3;0;0;13580;857;114;80;10324;2833;528;361;23904;3690;642;441
2022.03_13-10-2022;Самарская область;21_45_days;SputnikLite;179;9;0;0;96;13;3;2;275;22;3;2;13580;857;114;80;10324;2833;528;361;23904;3690;642;441
2022.03_13-10-2022;Самарская область;21_45_days;SputnikV;164;5;1;0;118;27;4;2;282;32;5;2;13580;857;114;80;10324;2833;528;361;23904;3690;642;441
2022.03_13-10-2022;Самарская область;45_75_days;AllVaccines;523;33;3;1;410;101;17;13;933;134;20;14;13580;857;114;80;10324;2833;528;361;23904;3690;642;441
2022.03_13-10-2022;Самарская область;45_75_days;CoviVac;13;1;0;0;3;1;0;0;16;2;0;0;13580;857;114;80;10324;2833;528;361;23904;3690;642;441
2022.03_13-10-2022;Самарская область;45_75_days;EpiVacCorona;9;2;0;0;18;6;1;1;27;8;1;1;13580;857;114;80;10324;2833;528;361;23904;3690;642;441
2022.03_13-10-2022;Самарская область;45_75_days;SputnikLite;344;18;2;0;253;63;11;9;597;81;13;9;13580;857;114;80;10324;2833;528;361;23904;3690;642;441
2022.03_13-10-2022;Самарская область;45_75_days;SputnikV;157;12;1;1;136;31;5;3;293;43;6;4;13580;857;114;80;10324;2833;528;361;23904;3690;642;441
2022.03_13-10-2022;Самарская область;75_90_days;AllVaccines;429;23;1;0;353;93;9;9;782;116;10;9;13580;857;114;80;10324;2833;528;361;23904;3690;642;441
2022.03_13-10-2022;Самарская область;75_90_days;CoviVac;8;1;0;0;8;4;0;0;16;5;0;0;13580;857;114;80;10324;2833;528;361;23904;3690;642;441
2022.03_13-10-2022;Самарская область;75_90_days;EpiVacCorona;12;2;0;0;22;8;1;1;34;10;1;1;13580;857;114;80;10324;2833;528;361;23904;3690;642;441
2022.03_13-10-2022;Самарская область;75_90_days;SputnikLite;130;5;0;0;143;39;5;5;273;44;5;5;13580;857;114;80;10324;2833;528;361;23904;3690;642;441
2022.03_13-10-2022;Самарская область;75_90_days;SputnikV;279;15;1;0;180;42;3;3;459;57;4;3;13580;857;114;80;10324;2833;528;361;23904;3690;642;441
2022.03_13-10-2022;Самарская область;90_105_days;AllVaccines;693;35;0;0;722;164;26;11;1415;199;26;11;13580;857;114;80;10324;2833;528;361;23904;3690;642;441
2022.03_13-10-2022;Самарская область;90_105_days;CoviVac;2;1;0;0;1;0;0;0;3;1;0;0;13580;857;114;80;10324;2833;528;361;23904;3690;642;441
2022.03_13-10-2022;Самарская область;90_105_days;EpiVacCorona;10;2;0;0;22;7;2;1;32;9;2;1;13580;857;114;80;10324;2833;528;361;23904;3690;642;441
2022.03_13-10-2022;Самарская область;90_105_days;SputnikLite;194;9;0;0;278;59;8;5;472;68;8;5;13580;857;114;80;10324;2833;528;361;23904;3690;642;441
2022.03_13-10-2022;Самарская область;90_105_days;SputnikV;487;23;0;0;421;98;16;5;908;121;16;5;13580;857;114;80;10324;2833;528;361;23904;3690;642;441
2022.03_13-10-2022;Саратовская область;105_165_days;AllVaccines;1985;75;6;4;1147;149;31;13;3132;224;37;17;13467;828;107;38;8986;1835;552;276;22453;2663;659;314
2022.03_13-10-2022;Саратовская область;105_165_days;CoviVac;47;2;0;0;6;0;0;0;53;2;0;0;13467;828;107;38;8986;1835;552;276;22453;2663;659;314
2022.03_13-10-2022;Саратовская область;105_165_days;EpiVacCorona;68;1;0;0;35;9;5;2;103;10;5;2;13467;828;107;38;8986;1835;552;276;22453;2663;659;314
2022.03_13-10-2022;Саратовская область;105_165_days;SputnikLite;812;31;2;2;449;47;8;3;1261;78;10;5;13467;828;107;38;8986;1835;552;276;22453;2663;659;314
2022.03_13-10-2022;Саратовская область;105_165_days;SputnikV;1058;41;4;2;657;93;18;8;1715;134;22;10;13467;828;107;38;8986;1835;552;276;22453;2663;659;314
2022.03_13-10-2022;Саратовская область;165_195_days;AllVaccines;618;23;2;1;350;47;7;0;968;70;9;1;13467;828;107;38;8986;1835;552;276;22453;2663;659;314
2022.03_13-10-2022;Саратовская область;165_195_days;CoviVac;21;0;0;0;8;0;0;0;29;0;0;0;13467;828;107;38;8986;1835;552;276;22453;2663;659;314
2022.03_13-10-2022;Саратовская область;165_195_days;EpiVacCorona;13;2;0;0;14;3;1;0;27;5;1;0;13467;828;107;38;8986;1835;552;276;22453;2663;659;314
2022.03_13-10-2022;Саратовская область;165_195_days;SputnikLite;239;13;2;1;165;19;1;0;404;32;3;1;13467;828;107;38;8986;1835;552;276;22453;2663;659;314
2022.03_13-10-2022;Саратовская область;165_195_days;SputnikV;345;8;0;0;163;25;5;0;508;33;5;0;13467;828;107;38;8986;1835;552;276;22453;2663;659;314
2022.03_13-10-2022;Саратовская область;21_45_days;AllVaccines;377;11;0;0;233;35;12;2;610;46;12;2;13467;828;107;38;8986;1835;552;276;22453;2663;659;314
2022.03_13-10-2022;Саратовская область;21_45_days;CoviVac;11;0;0;0;6;2;2;0;17;2;2;0;13467;828;107;38;8986;1835;552;276;22453;2663;659;314
2022.03_13-10-2022;Саратовская область;21_45_days;EpiVacCorona;19;1;0;0;31;10;4;1;50;11;4;1;13467;828;107;38;8986;1835;552;276;22453;2663;659;314
2022.03_13-10-2022;Саратовская область;21_45_days;SputnikLite;209;7;0;0;108;16;2;1;317;23;2;1;13467;828;107;38;8986;1835;552;276;22453;2663;659;314
2022.03_13-10-2022;Саратовская область;21_45_days;SputnikV;138;3;0;0;88;7;4;0;226;10;4;0;13467;828;107;38;8986;1835;552;276;22453;2663;659;314
2022.03_13-10-2022;Саратовская область;45_75_days;AllVaccines;534;22;1;1;297;41;6;4;831;63;7;5;13467;828;107;38;8986;1835;552;276;22453;2663;659;314
2022.03_13-10-2022;Саратовская область;45_75_days;CoviVac;9;0;0;0;4;1;0;0;13;1;0;0;13467;828;107;38;8986;1835;552;276;22453;2663;659;314
2022.03_13-10-2022;Саратовская область;45_75_days;EpiVacCorona;23;3;0;0;23;1;0;0;46;4;0;0;13467;828;107;38;8986;1835;552;276;22453;2663;659;314
2022.03_13-10-2022;Саратовская область;45_75_days;SputnikLite;342;7;0;0;185;25;6;3;527;32;6;3;13467;828;107;38;8986;1835;552;276;22453;2663;659;314
2022.03_13-10-2022;Саратовская область;45_75_days;SputnikV;160;12;1;1;85;14;0;1;245;26;1;2;13467;828;107;38;8986;1835;552;276;22453;2663;659;314
2022.03_13-10-2022;Саратовская область;75_90_days;AllVaccines;409;21;3;2;279;43;10;3;688;64;13;5;13467;828;107;38;8986;1835;552;276;22453;2663;659;314
2022.03_13-10-2022;Саратовская область;75_90_days;CoviVac;10;0;0;0;10;1;0;0;20;1;0;0;13467;828;107;38;8986;1835;552;276;22453;2663;659;314
2022.03_13-10-2022;Саратовская область;75_90_days;EpiVacCorona;38;2;1;0;28;6;1;1;66;8;2;1;13467;828;107;38;8986;1835;552;276;22453;2663;659;314
2022.03_13-10-2022;Саратовская область;75_90_days;SputnikLite;101;2;1;0;100;16;2;0;201;18;3;0;13467;828;107;38;8986;1835;552;276;22453;2663;659;314
2022.03_13-10-2022;Саратовская область;75_90_days;SputnikV;260;17;1;2;141;20;7;2;401;37;8;4;13467;828;107;38;8986;1835;552;276;22453;2663;659;314
2022.03_13-10-2022;Саратовская область;90_105_days;AllVaccines;717;27;1;0;496;62;15;4;1213;89;16;4;13467;828;107;38;8986;1835;552;276;22453;2663;659;314
2022.03_13-10-2022;Саратовская область;90_105_days;CoviVac;2;0;0;0;0;0;0;0;2;0;0;0;13467;828;107;38;8986;1835;552;276;22453;2663;659;314
2022.03_13-10-2022;Саратовская область;90_105_days;EpiVacCorona;24;2;0;0;23;5;2;1;47;7;2;1;13467;828;107;38;8986;1835;552;276;22453;2663;659;314
2022.03_13-10-2022;Саратовская область;90_105_days;SputnikLite;162;2;0;0;162;19;3;2;324;21;3;2;13467;828;107;38;8986;1835;552;276;22453;2663;659;314
2022.03_13-10-2022;Саратовская область;90_105_days;SputnikV;529;23;1;0;311;38;10;1;840;61;11;1;13467;828;107;38;8986;1835;552;276;22453;2663;659;314
2022.03_13-10-2022;Сахалинская область;105_165_days;AllVaccines;142;9;0;0;176;25;3;3;318;34;3;3;1647;109;13;6;1226;365;65;48;2873;474;78;54
2022.03_13-10-2022;Сахалинская область;105_165_days;EpiVacCorona;12;1;0;0;7;2;1;1;19;3;1;1;1647;109;13;6;1226;365;65;48;2873;474;78;54
2022.03_13-10-2022;Сахалинская область;105_165_days;SputnikLite;82;3;0;0;137;18;1;1;219;21;1;1;1647;109;13;6;1226;365;65;48;2873;474;78;54
2022.03_13-10-2022;Сахалинская область;105_165_days;SputnikV;48;5;0;0;32;5;1;1;80;10;1;1;1647;109;13;6;1226;365;65;48;2873;474;78;54
2022.03_13-10-2022;Сахалинская область;165_195_days;AllVaccines;48;1;0;0;16;4;0;0;64;5;0;0;1647;109;13;6;1226;365;65;48;2873;474;78;54
2022.03_13-10-2022;Сахалинская область;165_195_days;CoviVac;1;0;0;0;0;0;0;0;1;0;0;0;1647;109;13;6;1226;365;65;48;2873;474;78;54
2022.03_13-10-2022;Сахалинская область;165_195_days;EpiVacCorona;2;1;0;0;0;0;0;0;2;1;0;0;1647;109;13;6;1226;365;65;48;2873;474;78;54
2022.03_13-10-2022;Сахалинская область;165_195_days;SputnikLite;12;0;0;0;8;2;0;0;20;2;0;0;1647;109;13;6;1226;365;65;48;2873;474;78;54
2022.03_13-10-2022;Сахалинская область;165_195_days;SputnikV;33;0;0;0;8;2;0;0;41;2;0;0;1647;109;13;6;1226;365;65;48;2873;474;78;54
2022.03_13-10-2022;Сахалинская область;21_45_days;AllVaccines;24;0;0;0;22;4;0;0;46;4;0;0;1647;109;13;6;1226;365;65;48;2873;474;78;54
2022.03_13-10-2022;Сахалинская область;21_45_days;CoviVac;2;0;0;0;2;1;0;0;4;1;0;0;1647;109;13;6;1226;365;65;48;2873;474;78;54
2022.03_13-10-2022;Сахалинская область;21_45_days;EpiVacCorona;1;0;0;0;2;0;0;0;3;0;0;0;1647;109;13;6;1226;365;65;48;2873;474;78;54
2022.03_13-10-2022;Сахалинская область;21_45_days;SputnikLite;15;0;0;0;11;3;0;0;26;3;0;0;1647;109;13;6;1226;365;65;48;2873;474;78;54
2022.03_13-10-2022;Сахалинская область;21_45_days;SputnikV;6;0;0;0;7;0;0;0;13;0;0;0;1647;109;13;6;1226;365;65;48;2873;474;78;54
2022.03_13-10-2022;Сахалинская область;45_75_days;AllVaccines;95;6;1;0;46;9;0;0;141;15;1;0;1647;109;13;6;1226;365;65;48;2873;474;78;54
2022.03_13-10-2022;Сахалинская область;45_75_days;CoviVac;2;1;0;0;1;1;0;0;3;2;0;0;1647;109;13;6;1226;365;65;48;2873;474;78;54
2022.03_13-10-2022;Сахалинская область;45_75_days;EpiVacCorona;1;0;0;0;0;0;0;0;1;0;0;0;1647;109;13;6;1226;365;65;48;2873;474;78;54
2022.03_13-10-2022;Сахалинская область;45_75_days;SputnikLite;76;4;1;0;37;6;0;0;113;10;1;0;1647;109;13;6;1226;365;65;48;2873;474;78;54
2022.03_13-10-2022;Сахалинская область;45_75_days;SputnikV;16;1;0;0;8;2;0;0;24;3;0;0;1647;109;13;6;1226;365;65;48;2873;474;78;54
2022.03_13-10-2022;Сахалинская область;75_90_days;AllVaccines;50;3;1;1;42;12;0;0;92;15;1;1;1647;109;13;6;1226;365;65;48;2873;474;78;54
2022.03_13-10-2022;Сахалинская область;75_90_days;CoviVac;1;0;0;0;1;0;0;0;2;0;0;0;1647;109;13;6;1226;365;65;48;2873;474;78;54
2022.03_13-10-2022;Сахалинская область;75_90_days;EpiVacCorona;2;0;0;0;3;1;0;0;5;1;0;0;1647;109;13;6;1226;365;65;48;2873;474;78;54
2022.03_13-10-2022;Сахалинская область;75_90_days;SputnikLite;18;1;0;0;23;8;0;0;41;9;0;0;1647;109;13;6;1226;365;65;48;2873;474;78;54
2022.03_13-10-2022;Сахалинская область;75_90_days;SputnikV;29;2;1;1;15;3;0;0;44;5;1;1;1647;109;13;6;1226;365;65;48;2873;474;78;54
2022.03_13-10-2022;Сахалинская область;90_105_days;AllVaccines;57;4;0;0;46;10;1;0;103;14;1;0;1647;109;13;6;1226;365;65;48;2873;474;78;54
2022.03_13-10-2022;Сахалинская область;90_105_days;EpiVacCorona;6;0;0;0;6;2;0;0;12;2;0;0;1647;109;13;6;1226;365;65;48;2873;474;78;54
2022.03_13-10-2022;Сахалинская область;90_105_days;SputnikLite;23;2;0;0;27;6;0;0;50;8;0;0;1647;109;13;6;1226;365;65;48;2873;474;78;54
2022.03_13-10-2022;Сахалинская область;90_105_days;SputnikV;28;2;0;0;13;2;1;0;41;4;1;0;1647;109;13;6;1226;365;65;48;2873;474;78;54
2022.03_13-10-2022;Свердловская область;105_165_days;AllVaccines;5218;126;6;3;2876;304;20;22;8094;430;26;25;30782;1295;82;60;19379;3374;417;509;50161;4669;499;569
2022.03_13-10-2022;Свердловская область;105_165_days;CoviVac;116;4;0;0;42;9;0;1;158;13;0;1;30782;1295;82;60;19379;3374;417;509;50161;4669;499;569
2022.03_13-10-2022;Свердловская область;105_165_days;EpiVacCorona;159;3;0;0;95;12;1;1;254;15;1;1;30782;1295;82;60;19379;3374;417;509;50161;4669;499;569
2022.03_13-10-2022;Свердловская область;105_165_days;SputnikLite;2123;45;0;1;1286;127;9;10;3409;172;9;11;30782;1295;82;60;19379;3374;417;509;50161;4669;499;569
2022.03_13-10-2022;Свердловская область;105_165_days;SputnikV;2820;74;6;2;1453;156;10;10;4273;230;16;12;30782;1295;82;60;19379;3374;417;509;50161;4669;499;569
2022.03_13-10-2022;Свердловская область;165_195_days;AllVaccines;1304;26;1;0;885;91;5;4;2189;117;6;4;30782;1295;82;60;19379;3374;417;509;50161;4669;499;569
2022.03_13-10-2022;Свердловская область;165_195_days;CoviVac;22;0;0;0;9;2;0;0;31;2;0;0;30782;1295;82;60;19379;3374;417;509;50161;4669;499;569
2022.03_13-10-2022;Свердловская область;165_195_days;EpiVacCorona;26;0;0;0;17;5;0;0;43;5;0;0;30782;1295;82;60;19379;3374;417;509;50161;4669;499;569
2022.03_13-10-2022;Свердловская область;165_195_days;SputnikLite;584;17;1;0;393;45;4;3;977;62;5;3;30782;1295;82;60;19379;3374;417;509;50161;4669;499;569
2022.03_13-10-2022;Свердловская область;165_195_days;SputnikV;672;9;0;0;466;39;1;1;1138;48;1;1;30782;1295;82;60;19379;3374;417;509;50161;4669;499;569
2022.03_13-10-2022;Свердловская область;21_45_days;AllVaccines;757;11;1;0;495;47;4;2;1252;58;5;2;30782;1295;82;60;19379;3374;417;509;50161;4669;499;569
2022.03_13-10-2022;Свердловская область;21_45_days;CoviVac;8;0;0;0;3;1;0;0;11;1;0;0;30782;1295;82;60;19379;3374;417;509;50161;4669;499;569
2022.03_13-10-2022;Свердловская область;21_45_days;EpiVacCorona;70;2;0;0;66;9;2;1;136;11;2;1;30782;1295;82;60;19379;3374;417;509;50161;4669;499;569
2022.03_13-10-2022;Свердловская область;21_45_days;SputnikLite;421;6;1;0;231;20;1;0;652;26;2;0;30782;1295;82;60;19379;3374;417;509;50161;4669;499;569
2022.03_13-10-2022;Свердловская область;21_45_days;SputnikV;258;3;0;0;195;17;1;1;453;20;1;1;30782;1295;82;60;19379;3374;417;509;50161;4669;499;569
2022.03_13-10-2022;Свердловская область;45_75_days;AllVaccines;1115;27;1;0;866;123;6;9;1981;150;7;9;30782;1295;82;60;19379;3374;417;509;50161;4669;499;569
2022.03_13-10-2022;Свердловская область;45_75_days;CoviVac;10;0;0;0;6;1;0;0;16;1;0;0;30782;1295;82;60;19379;3374;417;509;50161;4669;499;569
2022.03_13-10-2022;Свердловская область;45_75_days;EpiVacCorona;44;1;0;0;52;17;1;1;96;18;1;1;30782;1295;82;60;19379;3374;417;509;50161;4669;499;569
2022.03_13-10-2022;Свердловская область;45_75_days;SputnikLite;671;13;1;0;534;65;5;6;1205;78;6;6;30782;1295;82;60;19379;3374;417;509;50161;4669;499;569
2022.03_13-10-2022;Свердловская область;45_75_days;SputnikV;390;13;0;0;274;40;0;2;664;53;0;2;30782;1295;82;60;19379;3374;417;509;50161;4669;499;569
2022.03_13-10-2022;Свердловская область;75_90_days;AllVaccines;1021;32;3;1;813;94;6;5;1834;126;9;6;30782;1295;82;60;19379;3374;417;509;50161;4669;499;569
2022.03_13-10-2022;Свердловская область;75_90_days;CoviVac;7;0;0;0;3;0;0;0;10;0;0;0;30782;1295;82;60;19379;3374;417;509;50161;4669;499;569
2022.03_13-10-2022;Свердловская область;75_90_days;EpiVacCorona;33;2;0;0;41;8;1;1;74;10;1;1;30782;1295;82;60;19379;3374;417;509;50161;4669;499;569
2022.03_13-10-2022;Свердловская область;75_90_days;SputnikLite;325;9;0;0;295;28;1;1;620;37;1;1;30782;1295;82;60;19379;3374;417;509;50161;4669;499;569
2022.03_13-10-2022;Свердловская область;75_90_days;SputnikV;656;21;3;1;474;58;4;3;1130;79;7;4;30782;1295;82;60;19379;3374;417;509;50161;4669;499;569
2022.03_13-10-2022;Свердловская область;90_105_days;AllVaccines;2109;73;4;5;1314;141;5;8;3423;214;9;13;30782;1295;82;60;19379;3374;417;509;50161;4669;499;569
2022.03_13-10-2022;Свердловская область;90_105_days;CoviVac;12;1;0;0;3;1;0;0;15;2;0;0;30782;1295;82;60;19379;3374;417;509;50161;4669;499;569
2022.03_13-10-2022;Свердловская область;90_105_days;EpiVacCorona;41;1;0;0;32;5;0;0;73;6;0;0;30782;1295;82;60;19379;3374;417;509;50161;4669;499;569
2022.03_13-10-2022;Свердловская область;90_105_days;SputnikLite;524;24;1;1;404;33;1;4;928;57;2;5;30782;1295;82;60;19379;3374;417;509;50161;4669;499;569
2022.03_13-10-2022;Свердловская область;90_105_days;SputnikV;1532;47;3;4;875;102;4;4;2407;149;7;8;30782;1295;82;60;19379;3374;417;509;50161;4669;499;569
2022.03_13-10-2022;Смоленская область;105_165_days;AllVaccines;401;10;0;0;346;45;6;4;747;55;6;4;3658;205;12;6;2905;658;93;83;6563;863;105;89
2022.03_13-10-2022;Смоленская область;105_165_days;CoviVac;3;0;0;0;1;1;0;0;4;1;0;0;3658;205;12;6;2905;658;93;83;6563;863;105;89
2022.03_13-10-2022;Смоленская область;105_165_days;EpiVacCorona;2;0;0;0;2;0;0;0;4;0;0;0;3658;205;12;6;2905;658;93;83;6563;863;105;89
2022.03_13-10-2022;Смоленская область;105_165_days;SputnikLite;230;7;0;0;220;29;4;3;450;36;4;3;3658;205;12;6;2905;658;93;83;6563;863;105;89
2022.03_13-10-2022;Смоленская область;105_165_days;SputnikV;166;3;0;0;123;15;2;1;289;18;2;1;3658;205;12;6;2905;658;93;83;6563;863;105;89
2022.03_13-10-2022;Смоленская область;165_195_days;AllVaccines;171;4;0;0;114;11;1;0;285;15;1;0;3658;205;12;6;2905;658;93;83;6563;863;105;89
2022.03_13-10-2022;Смоленская область;165_195_days;CoviVac;0;0;0;0;1;0;0;0;1;0;0;0;3658;205;12;6;2905;658;93;83;6563;863;105;89
2022.03_13-10-2022;Смоленская область;165_195_days;EpiVacCorona;1;0;0;0;3;0;0;0;4;0;0;0;3658;205;12;6;2905;658;93;83;6563;863;105;89
2022.03_13-10-2022;Смоленская область;165_195_days;SputnikLite;48;2;0;0;61;5;0;0;109;7;0;0;3658;205;12;6;2905;658;93;83;6563;863;105;89
2022.03_13-10-2022;Смоленская область;165_195_days;SputnikV;122;2;0;0;49;6;1;0;171;8;1;0;3658;205;12;6;2905;658;93;83;6563;863;105;89
2022.03_13-10-2022;Смоленская область;21_45_days;AllVaccines;76;1;0;0;45;4;1;1;121;5;1;1;3658;205;12;6;2905;658;93;83;6563;863;105;89
2022.03_13-10-2022;Смоленская область;21_45_days;CoviVac;2;0;0;0;0;0;0;0;2;0;0;0;3658;205;12;6;2905;658;93;83;6563;863;105;89
2022.03_13-10-2022;Смоленская область;21_45_days;EpiVacCorona;6;0;0;0;5;0;0;0;11;0;0;0;3658;205;12;6;2905;658;93;83;6563;863;105;89
2022.03_13-10-2022;Смоленская область;21_45_days;SputnikLite;39;1;0;0;19;1;0;0;58;2;0;0;3658;205;12;6;2905;658;93;83;6563;863;105;89
2022.03_13-10-2022;Смоленская область;21_45_days;SputnikV;29;0;0;0;21;3;1;1;50;3;1;1;3658;205;12;6;2905;658;93;83;6563;863;105;89
2022.03_13-10-2022;Смоленская область;45_75_days;AllVaccines;116;7;2;1;92;9;2;1;208;16;4;2;3658;205;12;6;2905;658;93;83;6563;863;105;89
2022.03_13-10-2022;Смоленская область;45_75_days;CoviVac;2;0;0;0;1;0;0;0;3;0;0;0;3658;205;12;6;2905;658;93;83;6563;863;105;89
2022.03_13-10-2022;Смоленская область;45_75_days;EpiVacCorona;8;2;2;1;6;1;0;0;14;3;2;1;3658;205;12;6;2905;658;93;83;6563;863;105;89
2022.03_13-10-2022;Смоленская область;45_75_days;SputnikLite;77;2;0;0;62;5;0;0;139;7;0;0;3658;205;12;6;2905;658;93;83;6563;863;105;89
2022.03_13-10-2022;Смоленская область;45_75_days;SputnikV;29;3;0;0;23;3;2;1;52;6;2;1;3658;205;12;6;2905;658;93;83;6563;863;105;89
2022.03_13-10-2022;Смоленская область;75_90_days;AllVaccines;80;6;0;0;92;14;0;0;172;20;0;0;3658;205;12;6;2905;658;93;83;6563;863;105;89
2022.03_13-10-2022;Смоленская область;75_90_days;CoviVac;6;0;0;0;1;0;0;0;7;0;0;0;3658;205;12;6;2905;658;93;83;6563;863;105;89
2022.03_13-10-2022;Смоленская область;75_90_days;EpiVacCorona;4;1;0;0;5;2;0;0;9;3;0;0;3658;205;12;6;2905;658;93;83;6563;863;105;89
2022.03_13-10-2022;Смоленская область;75_90_days;SputnikLite;25;1;0;0;43;5;0;0;68;6;0;0;3658;205;12;6;2905;658;93;83;6563;863;105;89
2022.03_13-10-2022;Смоленская область;75_90_days;SputnikV;45;4;0;0;43;7;0;0;88;11;0;0;3658;205;12;6;2905;658;93;83;6563;863;105;89
2022.03_13-10-2022;Смоленская область;90_105_days;AllVaccines;100;5;1;0;140;20;0;0;240;25;1;0;3658;205;12;6;2905;658;93;83;6563;863;105;89
2022.03_13-10-2022;Смоленская область;90_105_days;CoviVac;1;0;0;0;1;1;0;0;2;1;0;0;3658;205;12;6;2905;658;93;83;6563;863;105;89
2022.03_13-10-2022;Смоленская область;90_105_days;EpiVacCorona;1;0;0;0;7;1;0;0;8;1;0;0;3658;205;12;6;2905;658;93;83;6563;863;105;89
2022.03_13-10-2022;Смоленская область;90_105_days;SputnikLite;39;2;0;0;61;8;0;0;100;10;0;0;3658;205;12;6;2905;658;93;83;6563;863;105;89
2022.03_13-10-2022;Смоленская область;90_105_days;SputnikV;59;3;1;0;71;10;0;0;130;13;1;0;3658;205;12;6;2905;658;93;83;6563;863;105;89
2022.03_13-10-2022;Ставропольский край;105_165_days;AllVaccines;602;32;3;1;425;86;9;3;1027;118;12;4;4232;446;43;17;3543;1110;201;122;7775;1556;244;139
2022.03_13-10-2022;Ставропольский край;105_165_days;CoviVac;16;2;1;0;9;3;0;0;25;5;1;0;4232;446;43;17;3543;1110;201;122;7775;1556;244;139
2022.03_13-10-2022;Ставропольский край;105_165_days;EpiVacCorona;14;0;0;0;11;2;0;0;25;2;0;0;4232;446;43;17;3543;1110;201;122;7775;1556;244;139
2022.03_13-10-2022;Ставропольский край;105_165_days;SputnikLite;255;13;1;1;215;36;4;2;470;49;5;3;4232;446;43;17;3543;1110;201;122;7775;1556;244;139
2022.03_13-10-2022;Ставропольский край;105_165_days;SputnikV;317;17;1;0;190;45;5;1;507;62;6;1;4232;446;43;17;3543;1110;201;122;7775;1556;244;139
2022.03_13-10-2022;Ставропольский край;165_195_days;AllVaccines;169;11;0;1;151;22;5;1;320;33;5;2;4232;446;43;17;3543;1110;201;122;7775;1556;244;139
2022.03_13-10-2022;Ставропольский край;165_195_days;CoviVac;3;0;0;0;2;0;0;0;5;0;0;0;4232;446;43;17;3543;1110;201;122;7775;1556;244;139
2022.03_13-10-2022;Ставропольский край;165_195_days;EpiVacCorona;1;0;0;0;2;0;0;0;3;0;0;0;4232;446;43;17;3543;1110;201;122;7775;1556;244;139
2022.03_13-10-2022;Ставропольский край;165_195_days;SputnikLite;59;3;0;0;98;11;2;1;157;14;2;1;4232;446;43;17;3543;1110;201;122;7775;1556;244;139
2022.03_13-10-2022;Ставропольский край;165_195_days;SputnikV;106;8;0;1;49;11;3;0;155;19;3;1;4232;446;43;17;3543;1110;201;122;7775;1556;244;139
2022.03_13-10-2022;Ставропольский край;21_45_days;AllVaccines;110;8;0;0;65;16;2;0;175;24;2;0;4232;446;43;17;3543;1110;201;122;7775;1556;244;139
2022.03_13-10-2022;Ставропольский край;21_45_days;CoviVac;2;0;0;0;0;0;0;0;2;0;0;0;4232;446;43;17;3543;1110;201;122;7775;1556;244;139
2022.03_13-10-2022;Ставропольский край;21_45_days;EpiVacCorona;18;2;0;0;17;6;1;0;35;8;1;0;4232;446;43;17;3543;1110;201;122;7775;1556;244;139
2022.03_13-10-2022;Ставропольский край;21_45_days;SputnikLite;62;6;0;0;29;4;1;0;91;10;1;0;4232;446;43;17;3543;1110;201;122;7775;1556;244;139
2022.03_13-10-2022;Ставропольский край;21_45_days;SputnikV;28;0;0;0;19;6;0;0;47;6;0;0;4232;446;43;17;3543;1110;201;122;7775;1556;244;139
2022.03_13-10-2022;Ставропольский край;45_75_days;AllVaccines;168;7;1;0;106;22;1;0;274;29;2;0;4232;446;43;17;3543;1110;201;122;7775;1556;244;139
2022.03_13-10-2022;Ставропольский край;45_75_days;CoviVac;1;0;0;0;2;1;0;0;3;1;0;0;4232;446;43;17;3543;1110;201;122;7775;1556;244;139
2022.03_13-10-2022;Ставропольский край;45_75_days;EpiVacCorona;12;0;0;0;6;2;0;0;18;2;0;0;4232;446;43;17;3543;1110;201;122;7775;1556;244;139
2022.03_13-10-2022;Ставропольский край;45_75_days;SputnikLite;103;3;0;0;71;14;1;0;174;17;1;0;4232;446;43;17;3543;1110;201;122;7775;1556;244;139
2022.03_13-10-2022;Ставропольский край;45_75_days;SputnikV;52;4;1;0;27;5;0;0;79;9;1;0;4232;446;43;17;3543;1110;201;122;7775;1556;244;139
2022.03_13-10-2022;Ставропольский край;75_90_days;AllVaccines;168;16;2;2;97;20;3;1;265;36;5;3;4232;446;43;17;3543;1110;201;122;7775;1556;244;139
2022.03_13-10-2022;Ставропольский край;75_90_days;CoviVac;2;0;0;0;1;0;0;0;3;0;0;0;4232;446;43;17;3543;1110;201;122;7775;1556;244;139
2022.03_13-10-2022;Ставропольский край;75_90_days;EpiVacCorona;3;0;0;0;6;3;2;1;9;3;2;1;4232;446;43;17;3543;1110;201;122;7775;1556;244;139
2022.03_13-10-2022;Ставропольский край;75_90_days;SputnikLite;66;6;1;1;48;7;0;0;114;13;1;1;4232;446;43;17;3543;1110;201;122;7775;1556;244;139
2022.03_13-10-2022;Ставропольский край;75_90_days;SputnikV;97;10;1;1;42;10;1;0;139;20;2;1;4232;446;43;17;3543;1110;201;122;7775;1556;244;139
2022.03_13-10-2022;Ставропольский край;90_105_days;AllVaccines;353;19;1;0;176;36;6;3;529;55;7;3;4232;446;43;17;3543;1110;201;122;7775;1556;244;139
2022.03_13-10-2022;Ставропольский край;90_105_days;CoviVac;2;0;0;0;1;0;0;0;3;0;0;0;4232;446;43;17;3543;1110;201;122;7775;1556;244;139
2022.03_13-10-2022;Ставропольский край;90_105_days;EpiVacCorona;10;0;0;0;5;1;1;0;15;1;1;0;4232;446;43;17;3543;1110;201;122;7775;1556;244;139
2022.03_13-10-2022;Ставропольский край;90_105_days;SputnikLite;93;7;0;0;53;7;0;0;146;14;0;0;4232;446;43;17;3543;1110;201;122;7775;1556;244;139
2022.03_13-10-2022;Ставропольский край;90_105_days;SputnikV;248;12;1;0;117;28;5;3;365;40;6;3;4232;446;43;17;3543;1110;201;122;7775;1556;244;139
2022.03_13-10-2022;Тамбовская область;105_165_days;AllVaccines;643;22;4;3;611;72;8;5;1254;94;12;8;5132;256;22;13;4179;747;114;96;9311;1003;136;109
2022.03_13-10-2022;Тамбовская область;105_165_days;CoviVac;17;0;0;0;5;0;0;0;22;0;0;0;5132;256;22;13;4179;747;114;96;9311;1003;136;109
2022.03_13-10-2022;Тамбовская область;105_165_days;EpiVacCorona;8;0;0;0;11;1;0;0;19;1;0;0;5132;256;22;13;4179;747;114;96;9311;1003;136;109
2022.03_13-10-2022;Тамбовская область;105_165_days;SputnikLite;420;11;0;0;344;43;4;1;764;54;4;1;5132;256;22;13;4179;747;114;96;9311;1003;136;109
2022.03_13-10-2022;Тамбовская область;105_165_days;SputnikV;198;11;4;3;251;28;4;4;449;39;8;7;5132;256;22;13;4179;747;114;96;9311;1003;136;109
2022.03_13-10-2022;Тамбовская область;165_195_days;AllVaccines;344;11;0;0;328;38;6;8;672;49;6;8;5132;256;22;13;4179;747;114;96;9311;1003;136;109
2022.03_13-10-2022;Тамбовская область;165_195_days;EpiVacCorona;2;0;0;0;1;0;0;0;3;0;0;0;5132;256;22;13;4179;747;114;96;9311;1003;136;109
2022.03_13-10-2022;Тамбовская область;165_195_days;SputnikLite;219;9;0;0;172;15;2;3;391;24;2;3;5132;256;22;13;4179;747;114;96;9311;1003;136;109
2022.03_13-10-2022;Тамбовская область;165_195_days;SputnikV;123;2;0;0;155;23;4;5;278;25;4;5;5132;256;22;13;4179;747;114;96;9311;1003;136;109
2022.03_13-10-2022;Тамбовская область;21_45_days;AllVaccines;227;5;1;1;118;16;2;2;345;21;3;3;5132;256;22;13;4179;747;114;96;9311;1003;136;109
2022.03_13-10-2022;Тамбовская область;21_45_days;CoviVac;5;1;0;0;0;0;0;0;5;1;0;0;5132;256;22;13;4179;747;114;96;9311;1003;136;109
2022.03_13-10-2022;Тамбовская область;21_45_days;EpiVacCorona;34;0;0;0;28;6;1;0;62;6;1;0;5132;256;22;13;4179;747;114;96;9311;1003;136;109
2022.03_13-10-2022;Тамбовская область;21_45_days;SputnikLite;109;1;0;0;32;5;1;2;141;6;1;2;5132;256;22;13;4179;747;114;96;9311;1003;136;109
2022.03_13-10-2022;Тамбовская область;21_45_days;SputnikV;79;3;1;1;58;5;0;0;137;8;1;1;5132;256;22;13;4179;747;114;96;9311;1003;136;109
2022.03_13-10-2022;Тамбовская область;45_75_days;AllVaccines;237;1;0;0;164;15;1;1;401;16;1;1;5132;256;22;13;4179;747;114;96;9311;1003;136;109
2022.03_13-10-2022;Тамбовская область;45_75_days;CoviVac;4;0;0;0;2;0;0;0;6;0;0;0;5132;256;22;13;4179;747;114;96;9311;1003;136;109
2022.03_13-10-2022;Тамбовская область;45_75_days;EpiVacCorona;15;0;0;0;6;2;0;0;21;2;0;0;5132;256;22;13;4179;747;114;96;9311;1003;136;109
2022.03_13-10-2022;Тамбовская область;45_75_days;SputnikLite;181;1;0;0;76;4;1;1;257;5;1;1;5132;256;22;13;4179;747;114;96;9311;1003;136;109
2022.03_13-10-2022;Тамбовская область;45_75_days;SputnikV;37;0;0;0;80;9;0;0;117;9;0;0;5132;256;22;13;4179;747;114;96;9311;1003;136;109
2022.03_13-10-2022;Тамбовская область;75_90_days;AllVaccines;111;5;0;0;154;23;2;1;265;28;2;1;5132;256;22;13;4179;747;114;96;9311;1003;136;109
2022.03_13-10-2022;Тамбовская область;75_90_days;CoviVac;3;1;0;0;0;0;0;0;3;1;0;0;5132;256;22;13;4179;747;114;96;9311;1003;136;109
2022.03_13-10-2022;Тамбовская область;75_90_days;EpiVacCorona;4;0;0;0;9;2;0;0;13;2;0;0;5132;256;22;13;4179;747;114;96;9311;1003;136;109
2022.03_13-10-2022;Тамбовская область;75_90_days;SputnikLite;69;2;0;0;68;9;1;1;137;11;1;1;5132;256;22;13;4179;747;114;96;9311;1003;136;109
2022.03_13-10-2022;Тамбовская область;75_90_days;SputnikV;35;2;0;0;77;12;1;0;112;14;1;0;5132;256;22;13;4179;747;114;96;9311;1003;136;109
2022.03_13-10-2022;Тамбовская область;90_105_days;AllVaccines;202;10;2;0;188;29;2;2;390;39;4;2;5132;256;22;13;4179;747;114;96;9311;1003;136;109
2022.03_13-10-2022;Тамбовская область;90_105_days;CoviVac;6;0;0;0;3;0;0;0;9;0;0;0;5132;256;22;13;4179;747;114;96;9311;1003;136;109
2022.03_13-10-2022;Тамбовская область;90_105_days;EpiVacCorona;9;0;0;0;8;3;0;0;17;3;0;0;5132;256;22;13;4179;747;114;96;9311;1003;136;109
2022.03_13-10-2022;Тамбовская область;90_105_days;SputnikLite;104;3;0;0;61;8;1;1;165;11;1;1;5132;256;22;13;4179;747;114;96;9311;1003;136;109
2022.03_13-10-2022;Тамбовская область;90_105_days;SputnikV;83;7;2;0;116;18;1;1;199;25;3;1;5132;256;22;13;4179;747;114;96;9311;1003;136;109
2022.03_13-10-2022;Тверская область;105_165_days;AllVaccines;587;23;2;0;619;104;9;7;1206;127;11;7;5605;306;33;15;4469;1074;177;158;10074;1380;210;173
2022.03_13-10-2022;Тверская область;105_165_days;CoviVac;17;0;0;0;9;2;0;0;26;2;0;0;5605;306;33;15;4469;1074;177;158;10074;1380;210;173
2022.03_13-10-2022;Тверская область;105_165_days;EpiVacCorona;25;0;0;0;19;7;2;1;44;7;2;1;5605;306;33;15;4469;1074;177;158;10074;1380;210;173
2022.03_13-10-2022;Тверская область;105_165_days;SputnikLite;284;8;0;0;368;52;3;4;652;60;3;4;5605;306;33;15;4469;1074;177;158;10074;1380;210;173
2022.03_13-10-2022;Тверская область;105_165_days;SputnikV;261;15;2;0;223;43;4;2;484;58;6;2;5605;306;33;15;4469;1074;177;158;10074;1380;210;173
2022.03_13-10-2022;Тверская область;165_195_days;AllVaccines;237;7;1;1;221;34;6;6;458;41;7;7;5605;306;33;15;4469;1074;177;158;10074;1380;210;173
2022.03_13-10-2022;Тверская область;165_195_days;CoviVac;6;0;0;0;2;0;0;0;8;0;0;0;5605;306;33;15;4469;1074;177;158;10074;1380;210;173
2022.03_13-10-2022;Тверская область;165_195_days;EpiVacCorona;8;1;0;0;7;0;0;0;15;1;0;0;5605;306;33;15;4469;1074;177;158;10074;1380;210;173
2022.03_13-10-2022;Тверская область;165_195_days;SputnikLite;75;1;0;0;119;15;0;1;194;16;0;1;5605;306;33;15;4469;1074;177;158;10074;1380;210;173
2022.03_13-10-2022;Тверская область;165_195_days;SputnikV;148;5;1;1;93;19;6;5;241;24;7;6;5605;306;33;15;4469;1074;177;158;10074;1380;210;173
2022.03_13-10-2022;Тверская область;21_45_days;AllVaccines;165;5;1;1;100;13;0;0;265;18;1;1;5605;306;33;15;4469;1074;177;158;10074;1380;210;173
2022.03_13-10-2022;Тверская область;21_45_days;CoviVac;4;0;0;0;3;1;0;0;7;1;0;0;5605;306;33;15;4469;1074;177;158;10074;1380;210;173
2022.03_13-10-2022;Тверская область;21_45_days;EpiVacCorona;7;1;1;1;12;4;0;0;19;5;1;1;5605;306;33;15;4469;1074;177;158;10074;1380;210;173
2022.03_13-10-2022;Тверская область;21_45_days;SputnikLite;119;2;0;0;51;2;0;0;170;4;0;0;5605;306;33;15;4469;1074;177;158;10074;1380;210;173
2022.03_13-10-2022;Тверская область;21_45_days;SputnikV;35;2;0;0;34;6;0;0;69;8;0;0;5605;306;33;15;4469;1074;177;158;10074;1380;210;173
2022.03_13-10-2022;Тверская область;45_75_days;AllVaccines;196;7;0;0;114;10;2;3;310;17;2;3;5605;306;33;15;4469;1074;177;158;10074;1380;210;173
2022.03_13-10-2022;Тверская область;45_75_days;CoviVac;9;0;0;0;2;0;0;0;11;0;0;0;5605;306;33;15;4469;1074;177;158;10074;1380;210;173
2022.03_13-10-2022;Тверская область;45_75_days;EpiVacCorona;8;0;0;0;8;2;1;1;16;2;1;1;5605;306;33;15;4469;1074;177;158;10074;1380;210;173
2022.03_13-10-2022;Тверская область;45_75_days;SputnikLite;159;6;0;0;89;4;1;2;248;10;1;2;5605;306;33;15;4469;1074;177;158;10074;1380;210;173
2022.03_13-10-2022;Тверская область;45_75_days;SputnikV;20;1;0;0;15;4;0;0;35;5;0;0;5605;306;33;15;4469;1074;177;158;10074;1380;210;173
2022.03_13-10-2022;Тверская область;75_90_days;AllVaccines;124;1;0;0;113;10;2;1;237;11;2;1;5605;306;33;15;4469;1074;177;158;10074;1380;210;173
2022.03_13-10-2022;Тверская область;75_90_days;CoviVac;8;0;0;0;5;1;0;0;13;1;0;0;5605;306;33;15;4469;1074;177;158;10074;1380;210;173
2022.03_13-10-2022;Тверская область;75_90_days;EpiVacCorona;11;0;0;0;15;1;1;1;26;1;1;1;5605;306;33;15;4469;1074;177;158;10074;1380;210;173
2022.03_13-10-2022;Тверская область;75_90_days;SputnikLite;31;0;0;0;39;3;1;0;70;3;1;0;5605;306;33;15;4469;1074;177;158;10074;1380;210;173
2022.03_13-10-2022;Тверская область;75_90_days;SputnikV;74;1;0;0;54;5;0;0;128;6;0;0;5605;306;33;15;4469;1074;177;158;10074;1380;210;173
2022.03_13-10-2022;Тверская область;90_105_days;AllVaccines;175;6;0;0;172;26;2;2;347;32;2;2;5605;306;33;15;4469;1074;177;158;10074;1380;210;173
2022.03_13-10-2022;Тверская область;90_105_days;CoviVac;6;0;0;0;3;0;0;0;9;0;0;0;5605;306;33;15;4469;1074;177;158;10074;1380;210;173
2022.03_13-10-2022;Тверская область;90_105_days;EpiVacCorona;27;1;0;0;24;7;0;0;51;8;0;0;5605;306;33;15;4469;1074;177;158;10074;1380;210;173
2022.03_13-10-2022;Тверская область;90_105_days;SputnikLite;53;4;0;0;61;8;1;1;114;12;1;1;5605;306;33;15;4469;1074;177;158;10074;1380;210;173
2022.03_13-10-2022;Тверская область;90_105_days;SputnikV;89;1;0;0;84;11;1;1;173;12;1;1;5605;306;33;15;4469;1074;177;158;10074;1380;210;173
2022.03_13-10-2022;Томская область;105_165_days;AllVaccines;890;37;0;0;581;88;14;5;1471;125;14;5;6352;484;58;29;3889;1112;238;151;10241;1596;296;180
2022.03_13-10-2022;Томская область;105_165_days;CoviVac;10;0;0;0;1;1;1;0;11;1;1;0;6352;484;58;29;3889;1112;238;151;10241;1596;296;180
2022.03_13-10-2022;Томская область;105_165_days;EpiVacCorona;12;0;0;0;4;1;0;0;16;1;0;0;6352;484;58;29;3889;1112;238;151;10241;1596;296;180
2022.03_13-10-2022;Томская область;105_165_days;SputnikLite;457;18;0;0;402;62;10;4;859;80;10;4;6352;484;58;29;3889;1112;238;151;10241;1596;296;180
2022.03_13-10-2022;Томская область;105_165_days;SputnikV;411;19;0;0;174;24;3;1;585;43;3;1;6352;484;58;29;3889;1112;238;151;10241;1596;296;180
2022.03_13-10-2022;Томская область;165_195_days;AllVaccines;229;5;1;1;132;23;3;1;361;28;4;2;6352;484;58;29;3889;1112;238;151;10241;1596;296;180
2022.03_13-10-2022;Томская область;165_195_days;CoviVac;2;0;0;0;0;0;0;0;2;0;0;0;6352;484;58;29;3889;1112;238;151;10241;1596;296;180
2022.03_13-10-2022;Томская область;165_195_days;EpiVacCorona;1;0;0;0;2;1;0;0;3;1;0;0;6352;484;58;29;3889;1112;238;151;10241;1596;296;180
2022.03_13-10-2022;Томская область;165_195_days;SputnikLite;68;1;0;0;72;12;2;0;140;13;2;0;6352;484;58;29;3889;1112;238;151;10241;1596;296;180
2022.03_13-10-2022;Томская область;165_195_days;SputnikV;158;4;1;1;58;10;1;1;216;14;2;2;6352;484;58;29;3889;1112;238;151;10241;1596;296;180
2022.03_13-10-2022;Томская область;21_45_days;AllVaccines;225;5;0;0;128;29;5;4;353;34;5;4;6352;484;58;29;3889;1112;238;151;10241;1596;296;180
2022.03_13-10-2022;Томская область;21_45_days;CoviVac;8;0;0;0;0;0;0;0;8;0;0;0;6352;484;58;29;3889;1112;238;151;10241;1596;296;180
2022.03_13-10-2022;Томская область;21_45_days;EpiVacCorona;15;1;0;0;6;4;0;0;21;5;0;0;6352;484;58;29;3889;1112;238;151;10241;1596;296;180
2022.03_13-10-2022;Томская область;21_45_days;SputnikLite;156;2;0;0;76;14;3;2;232;16;3;2;6352;484;58;29;3889;1112;238;151;10241;1596;296;180
2022.03_13-10-2022;Томская область;21_45_days;SputnikV;46;2;0;0;46;11;2;2;92;13;2;2;6352;484;58;29;3889;1112;238;151;10241;1596;296;180
2022.03_13-10-2022;Томская область;45_75_days;AllVaccines;270;13;1;0;151;26;4;1;421;39;5;1;6352;484;58;29;3889;1112;238;151;10241;1596;296;180
2022.03_13-10-2022;Томская область;45_75_days;CoviVac;7;0;0;0;3;2;0;0;10;2;0;0;6352;484;58;29;3889;1112;238;151;10241;1596;296;180
2022.03_13-10-2022;Томская область;45_75_days;EpiVacCorona;18;1;0;0;8;4;0;0;26;5;0;0;6352;484;58;29;3889;1112;238;151;10241;1596;296;180
2022.03_13-10-2022;Томская область;45_75_days;SputnikLite;178;11;1;0;103;13;3;0;281;24;4;0;6352;484;58;29;3889;1112;238;151;10241;1596;296;180
2022.03_13-10-2022;Томская область;45_75_days;SputnikV;67;1;0;0;37;7;1;1;104;8;1;1;6352;484;58;29;3889;1112;238;151;10241;1596;296;180
2022.03_13-10-2022;Томская область;75_90_days;AllVaccines;245;11;0;0;180;33;9;5;425;44;9;5;6352;484;58;29;3889;1112;238;151;10241;1596;296;180
2022.03_13-10-2022;Томская область;75_90_days;CoviVac;2;0;0;0;0;0;0;0;2;0;0;0;6352;484;58;29;3889;1112;238;151;10241;1596;296;180
2022.03_13-10-2022;Томская область;75_90_days;EpiVacCorona;8;1;0;0;13;3;0;0;21;4;0;0;6352;484;58;29;3889;1112;238;151;10241;1596;296;180
2022.03_13-10-2022;Томская область;75_90_days;SputnikLite;80;5;0;0;81;15;3;1;161;20;3;1;6352;484;58;29;3889;1112;238;151;10241;1596;296;180
2022.03_13-10-2022;Томская область;75_90_days;SputnikV;155;5;0;0;86;15;6;4;241;20;6;4;6352;484;58;29;3889;1112;238;151;10241;1596;296;180
2022.03_13-10-2022;Томская область;90_105_days;AllVaccines;465;21;0;0;251;52;15;8;716;73;15;8;6352;484;58;29;3889;1112;238;151;10241;1596;296;180
2022.03_13-10-2022;Томская область;90_105_days;CoviVac;18;0;0;0;2;1;0;0;20;1;0;0;6352;484;58;29;3889;1112;238;151;10241;1596;296;180
2022.03_13-10-2022;Томская область;90_105_days;EpiVacCorona;5;0;0;0;1;0;0;0;6;0;0;0;6352;484;58;29;3889;1112;238;151;10241;1596;296;180
2022.03_13-10-2022;Томская область;90_105_days;SputnikLite;116;6;0;0;132;22;7;4;248;28;7;4;6352;484;58;29;3889;1112;238;151;10241;1596;296;180
2022.03_13-10-2022;Томская область;90_105_days;SputnikV;326;15;0;0;116;29;8;4;442;44;8;4;6352;484;58;29;3889;1112;238;151;10241;1596;296;180
2022.03_13-10-2022;Тульская область;105_165_days;AllVaccines;656;13;0;0;613;88;15;8;1269;101;15;8;7051;330;43;20;4794;1088;318;221;11845;1418;361;241
2022.03_13-10-2022;Тульская область;105_165_days;CoviVac;21;0;0;0;15;3;0;0;36;3;0;0;7051;330;43;20;4794;1088;318;221;11845;1418;361;241
2022.03_13-10-2022;Тульская область;105_165_days;EpiVacCorona;29;0;0;0;39;10;1;1;68;10;1;1;7051;330;43;20;4794;1088;318;221;11845;1418;361;241
2022.03_13-10-2022;Тульская область;105_165_days;SputnikLite;377;7;0;0;330;48;3;3;707;55;3;3;7051;330;43;20;4794;1088;318;221;11845;1418;361;241
2022.03_13-10-2022;Тульская область;105_165_days;SputnikV;229;6;0;0;229;27;11;4;458;33;11;4;7051;330;43;20;4794;1088;318;221;11845;1418;361;241
2022.03_13-10-2022;Тульская область;165_195_days;AllVaccines;233;3;0;0;160;20;1;1;393;23;1;1;7051;330;43;20;4794;1088;318;221;11845;1418;361;241
2022.03_13-10-2022;Тульская область;165_195_days;CoviVac;1;0;0;0;1;0;0;0;2;0;0;0;7051;330;43;20;4794;1088;318;221;11845;1418;361;241
2022.03_13-10-2022;Тульская область;165_195_days;EpiVacCorona;8;0;0;0;4;0;0;0;12;0;0;0;7051;330;43;20;4794;1088;318;221;11845;1418;361;241
2022.03_13-10-2022;Тульская область;165_195_days;SputnikLite;67;1;0;0;56;8;1;1;123;9;1;1;7051;330;43;20;4794;1088;318;221;11845;1418;361;241
2022.03_13-10-2022;Тульская область;165_195_days;SputnikV;157;2;0;0;99;12;0;0;256;14;0;0;7051;330;43;20;4794;1088;318;221;11845;1418;361;241
2022.03_13-10-2022;Тульская область;21_45_days;AllVaccines;219;2;0;0;97;12;2;1;316;14;2;1;7051;330;43;20;4794;1088;318;221;11845;1418;361;241
2022.03_13-10-2022;Тульская область;21_45_days;CoviVac;2;0;0;0;0;0;0;0;2;0;0;0;7051;330;43;20;4794;1088;318;221;11845;1418;361;241
2022.03_13-10-2022;Тульская область;21_45_days;EpiVacCorona;13;0;0;0;11;2;1;0;24;2;1;0;7051;330;43;20;4794;1088;318;221;11845;1418;361;241
2022.03_13-10-2022;Тульская область;21_45_days;SputnikLite;129;1;0;0;50;6;0;0;179;7;0;0;7051;330;43;20;4794;1088;318;221;11845;1418;361;241
2022.03_13-10-2022;Тульская область;21_45_days;SputnikV;75;1;0;0;36;4;1;1;111;5;1;1;7051;330;43;20;4794;1088;318;221;11845;1418;361;241
2022.03_13-10-2022;Тульская область;45_75_days;AllVaccines;322;7;0;0;207;38;12;6;529;45;12;6;7051;330;43;20;4794;1088;318;221;11845;1418;361;241
2022.03_13-10-2022;Тульская область;45_75_days;CoviVac;1;0;0;0;1;0;0;0;2;0;0;0;7051;330;43;20;4794;1088;318;221;11845;1418;361;241
2022.03_13-10-2022;Тульская область;45_75_days;EpiVacCorona;9;1;0;0;19;6;2;1;28;7;2;1;7051;330;43;20;4794;1088;318;221;11845;1418;361;241
2022.03_13-10-2022;Тульская область;45_75_days;SputnikLite;249;5;0;0;145;18;3;2;394;23;3;2;7051;330;43;20;4794;1088;318;221;11845;1418;361;241
2022.03_13-10-2022;Тульская область;45_75_days;SputnikV;63;1;0;0;42;14;7;3;105;15;7;3;7051;330;43;20;4794;1088;318;221;11845;1418;361;241
2022.03_13-10-2022;Тульская область;75_90_days;AllVaccines;163;5;0;0;144;18;1;1;307;23;1;1;7051;330;43;20;4794;1088;318;221;11845;1418;361;241
2022.03_13-10-2022;Тульская область;75_90_days;CoviVac;5;0;0;0;2;1;0;0;7;1;0;0;7051;330;43;20;4794;1088;318;221;11845;1418;361;241
2022.03_13-10-2022;Тульская область;75_90_days;EpiVacCorona;2;0;0;0;11;1;0;0;13;1;0;0;7051;330;43;20;4794;1088;318;221;11845;1418;361;241
2022.03_13-10-2022;Тульская область;75_90_days;SputnikLite;54;3;0;0;44;7;1;1;98;10;1;1;7051;330;43;20;4794;1088;318;221;11845;1418;361;241
2022.03_13-10-2022;Тульская область;75_90_days;SputnikV;102;2;0;0;87;9;0;0;189;11;0;0;7051;330;43;20;4794;1088;318;221;11845;1418;361;241
2022.03_13-10-2022;Тульская область;90_105_days;AllVaccines;274;11;0;0;218;31;5;2;492;42;5;2;7051;330;43;20;4794;1088;318;221;11845;1418;361;241
2022.03_13-10-2022;Тульская область;90_105_days;CoviVac;5;1;0;0;2;0;0;0;7;1;0;0;7051;330;43;20;4794;1088;318;221;11845;1418;361;241
2022.03_13-10-2022;Тульская область;90_105_days;EpiVacCorona;12;3;0;0;22;3;0;0;34;6;0;0;7051;330;43;20;4794;1088;318;221;11845;1418;361;241
2022.03_13-10-2022;Тульская область;90_105_days;SputnikLite;75;0;0;0;64;6;1;1;139;6;1;1;7051;330;43;20;4794;1088;318;221;11845;1418;361;241
2022.03_13-10-2022;Тульская область;90_105_days;SputnikV;182;7;0;0;130;22;4;1;312;29;4;1;7051;330;43;20;4794;1088;318;221;11845;1418;361;241
2022.03_13-10-2022;Тюменская область;105_165_days;AllVaccines;1228;47;1;0;893;121;17;3;2121;168;18;3;9386;564;74;21;6575;1463;366;158;15961;2027;440;179
2022.03_13-10-2022;Тюменская область;105_165_days;CoviVac;20;1;0;0;4;1;0;0;24;2;0;0;9386;564;74;21;6575;1463;366;158;15961;2027;440;179
2022.03_13-10-2022;Тюменская область;105_165_days;EpiVacCorona;10;1;0;0;11;4;0;0;21;5;0;0;9386;564;74;21;6575;1463;366;158;15961;2027;440;179
2022.03_13-10-2022;Тюменская область;105_165_days;SputnikLite;782;34;1;0;576;74;7;1;1358;108;8;1;9386;564;74;21;6575;1463;366;158;15961;2027;440;179
2022.03_13-10-2022;Тюменская область;105_165_days;SputnikV;416;11;0;0;302;42;10;2;718;53;10;2;9386;564;74;21;6575;1463;366;158;15961;2027;440;179
2022.03_13-10-2022;Тюменская область;165_195_days;AllVaccines;357;17;2;1;302;42;13;4;659;59;15;5;9386;564;74;21;6575;1463;366;158;15961;2027;440;179
2022.03_13-10-2022;Тюменская область;165_195_days;CoviVac;3;1;0;0;0;0;0;0;3;1;0;0;9386;564;74;21;6575;1463;366;158;15961;2027;440;179
2022.03_13-10-2022;Тюменская область;165_195_days;EpiVacCorona;6;0;0;0;5;1;0;0;11;1;0;0;9386;564;74;21;6575;1463;366;158;15961;2027;440;179
2022.03_13-10-2022;Тюменская область;165_195_days;SputnikLite;176;9;2;1;157;20;7;1;333;29;9;2;9386;564;74;21;6575;1463;366;158;15961;2027;440;179
2022.03_13-10-2022;Тюменская область;165_195_days;SputnikV;172;7;0;0;140;21;6;3;312;28;6;3;9386;564;74;21;6575;1463;366;158;15961;2027;440;179
2022.03_13-10-2022;Тюменская область;21_45_days;AllVaccines;338;13;1;0;159;25;4;2;497;38;5;2;9386;564;74;21;6575;1463;366;158;15961;2027;440;179
2022.03_13-10-2022;Тюменская область;21_45_days;CoviVac;4;1;0;0;2;1;0;0;6;2;0;0;9386;564;74;21;6575;1463;366;158;15961;2027;440;179
2022.03_13-10-2022;Тюменская область;21_45_days;EpiVacCorona;7;1;0;0;5;0;0;0;12;1;0;0;9386;564;74;21;6575;1463;366;158;15961;2027;440;179
2022.03_13-10-2022;Тюменская область;21_45_days;SputnikLite;252;7;1;0;110;15;3;2;362;22;4;2;9386;564;74;21;6575;1463;366;158;15961;2027;440;179
2022.03_13-10-2022;Тюменская область;21_45_days;SputnikV;75;4;0;0;42;9;1;0;117;13;1;0;9386;564;74;21;6575;1463;366;158;15961;2027;440;179
2022.03_13-10-2022;Тюменская область;45_75_days;AllVaccines;539;18;2;0;347;49;9;2;886;67;11;2;9386;564;74;21;6575;1463;366;158;15961;2027;440;179
2022.03_13-10-2022;Тюменская область;45_75_days;CoviVac;5;0;0;0;2;0;0;0;7;0;0;0;9386;564;74;21;6575;1463;366;158;15961;2027;440;179
2022.03_13-10-2022;Тюменская область;45_75_days;EpiVacCorona;0;0;0;0;5;2;0;0;5;2;0;0;9386;564;74;21;6575;1463;366;158;15961;2027;440;179
2022.03_13-10-2022;Тюменская область;45_75_days;SputnikLite;455;16;2;0;275;38;8;1;730;54;10;1;9386;564;74;21;6575;1463;366;158;15961;2027;440;179
2022.03_13-10-2022;Тюменская область;45_75_days;SputnikV;79;2;0;0;65;9;1;1;144;11;1;1;9386;564;74;21;6575;1463;366;158;15961;2027;440;179
2022.03_13-10-2022;Тюменская область;75_90_days;AllVaccines;327;10;0;0;275;37;9;1;602;47;9;1;9386;564;74;21;6575;1463;366;158;15961;2027;440;179
2022.03_13-10-2022;Тюменская область;75_90_days;CoviVac;2;1;0;0;1;0;0;0;3;1;0;0;9386;564;74;21;6575;1463;366;158;15961;2027;440;179
2022.03_13-10-2022;Тюменская область;75_90_days;EpiVacCorona;0;0;0;0;2;0;0;0;2;0;0;0;9386;564;74;21;6575;1463;366;158;15961;2027;440;179
2022.03_13-10-2022;Тюменская область;75_90_days;SputnikLite;149;3;0;0;165;19;4;1;314;22;4;1;9386;564;74;21;6575;1463;366;158;15961;2027;440;179
2022.03_13-10-2022;Тюменская область;75_90_days;SputnikV;176;6;0;0;107;18;5;0;283;24;5;0;9386;564;74;21;6575;1463;366;158;15961;2027;440;179
2022.03_13-10-2022;Тюменская область;90_105_days;AllVaccines;630;27;5;1;518;85;13;5;1148;112;18;6;9386;564;74;21;6575;1463;366;158;15961;2027;440;179
2022.03_13-10-2022;Тюменская область;90_105_days;CoviVac;3;0;0;0;1;0;0;0;4;0;0;0;9386;564;74;21;6575;1463;366;158;15961;2027;440;179
2022.03_13-10-2022;Тюменская область;90_105_days;EpiVacCorona;1;0;0;0;3;0;0;0;4;0;0;0;9386;564;74;21;6575;1463;366;158;15961;2027;440;179
2022.03_13-10-2022;Тюменская область;90_105_days;SputnikLite;224;5;0;0;243;40;8;3;467;45;8;3;9386;564;74;21;6575;1463;366;158;15961;2027;440;179
2022.03_13-10-2022;Тюменская область;90_105_days;SputnikV;402;22;5;1;271;45;5;2;673;67;10;3;9386;564;74;21;6575;1463;366;158;15961;2027;440;179
2022.03_13-10-2022;Удмуртская Республика;105_165_days;AllVaccines;797;32;2;1;541;105;11;5;1338;137;13;6;4709;314;35;12;3526;953;183;90;8235;1267;218;102
2022.03_13-10-2022;Удмуртская Республика;105_165_days;CoviVac;10;0;0;0;3;0;0;0;13;0;0;0;4709;314;35;12;3526;953;183;90;8235;1267;218;102
2022.03_13-10-2022;Удмуртская Республика;105_165_days;EpiVacCorona;44;6;1;0;57;17;4;2;101;23;5;2;4709;314;35;12;3526;953;183;90;8235;1267;218;102
2022.03_13-10-2022;Удмуртская Республика;105_165_days;SputnikLite;335;13;1;1;254;41;3;1;589;54;4;2;4709;314;35;12;3526;953;183;90;8235;1267;218;102
2022.03_13-10-2022;Удмуртская Республика;105_165_days;SputnikV;408;13;0;0;227;47;4;2;635;60;4;2;4709;314;35;12;3526;953;183;90;8235;1267;218;102
2022.03_13-10-2022;Удмуртская Республика;165_195_days;AllVaccines;219;9;0;0;151;23;1;2;370;32;1;2;4709;314;35;12;3526;953;183;90;8235;1267;218;102
2022.03_13-10-2022;Удмуртская Республика;165_195_days;CoviVac;1;0;0;0;0;0;0;0;1;0;0;0;4709;314;35;12;3526;953;183;90;8235;1267;218;102
2022.03_13-10-2022;Удмуртская Республика;165_195_days;EpiVacCorona;34;0;0;0;36;4;1;1;70;4;1;1;4709;314;35;12;3526;953;183;90;8235;1267;218;102
2022.03_13-10-2022;Удмуртская Республика;165_195_days;SputnikLite;77;2;0;0;72;16;0;1;149;18;0;1;4709;314;35;12;3526;953;183;90;8235;1267;218;102
2022.03_13-10-2022;Удмуртская Республика;165_195_days;SputnikV;107;7;0;0;43;3;0;0;150;10;0;0;4709;314;35;12;3526;953;183;90;8235;1267;218;102
2022.03_13-10-2022;Удмуртская Республика;21_45_days;AllVaccines;124;3;0;0;109;25;3;1;233;28;3;1;4709;314;35;12;3526;953;183;90;8235;1267;218;102
2022.03_13-10-2022;Удмуртская Республика;21_45_days;CoviVac;2;0;0;0;0;0;0;0;2;0;0;0;4709;314;35;12;3526;953;183;90;8235;1267;218;102
2022.03_13-10-2022;Удмуртская Республика;21_45_days;EpiVacCorona;6;0;0;0;13;3;1;1;19;3;1;1;4709;314;35;12;3526;953;183;90;8235;1267;218;102
2022.03_13-10-2022;Удмуртская Республика;21_45_days;SputnikLite;72;2;0;0;59;12;2;0;131;14;2;0;4709;314;35;12;3526;953;183;90;8235;1267;218;102
2022.03_13-10-2022;Удмуртская Республика;21_45_days;SputnikV;44;1;0;0;37;10;0;0;81;11;0;0;4709;314;35;12;3526;953;183;90;8235;1267;218;102
2022.03_13-10-2022;Удмуртская Республика;45_75_days;AllVaccines;155;9;0;0;140;27;4;1;295;36;4;1;4709;314;35;12;3526;953;183;90;8235;1267;218;102
2022.03_13-10-2022;Удмуртская Республика;45_75_days;CoviVac;3;0;0;0;0;0;0;0;3;0;0;0;4709;314;35;12;3526;953;183;90;8235;1267;218;102
2022.03_13-10-2022;Удмуртская Республика;45_75_days;EpiVacCorona;8;0;0;0;8;1;0;0;16;1;0;0;4709;314;35;12;3526;953;183;90;8235;1267;218;102
2022.03_13-10-2022;Удмуртская Республика;45_75_days;SputnikLite;90;4;0;0;92;15;3;0;182;19;3;0;4709;314;35;12;3526;953;183;90;8235;1267;218;102
2022.03_13-10-2022;Удмуртская Республика;45_75_days;SputnikV;54;5;0;0;40;11;1;1;94;16;1;1;4709;314;35;12;3526;953;183;90;8235;1267;218;102
2022.03_13-10-2022;Удмуртская Республика;75_90_days;AllVaccines;127;6;1;0;106;24;4;1;233;30;5;1;4709;314;35;12;3526;953;183;90;8235;1267;218;102
2022.03_13-10-2022;Удмуртская Республика;75_90_days;CoviVac;4;0;0;0;4;1;0;0;8;1;0;0;4709;314;35;12;3526;953;183;90;8235;1267;218;102
2022.03_13-10-2022;Удмуртская Республика;75_90_days;EpiVacCorona;6;1;0;0;9;3;0;0;15;4;0;0;4709;314;35;12;3526;953;183;90;8235;1267;218;102
2022.03_13-10-2022;Удмуртская Республика;75_90_days;SputnikLite;36;2;0;0;59;12;4;1;95;14;4;1;4709;314;35;12;3526;953;183;90;8235;1267;218;102
2022.03_13-10-2022;Удмуртская Республика;75_90_days;SputnikV;81;3;1;0;34;8;0;0;115;11;1;0;4709;314;35;12;3526;953;183;90;8235;1267;218;102
2022.03_13-10-2022;Удмуртская Республика;90_105_days;AllVaccines;206;9;0;0;195;44;4;2;401;53;4;2;4709;314;35;12;3526;953;183;90;8235;1267;218;102
2022.03_13-10-2022;Удмуртская Республика;90_105_days;CoviVac;7;1;0;0;1;0;0;0;8;1;0;0;4709;314;35;12;3526;953;183;90;8235;1267;218;102
2022.03_13-10-2022;Удмуртская Республика;90_105_days;EpiVacCorona;9;0;0;0;7;3;0;0;16;3;0;0;4709;314;35;12;3526;953;183;90;8235;1267;218;102
2022.03_13-10-2022;Удмуртская Республика;90_105_days;SputnikLite;44;2;0;0;74;22;3;1;118;24;3;1;4709;314;35;12;3526;953;183;90;8235;1267;218;102
2022.03_13-10-2022;Удмуртская Республика;90_105_days;SputnikV;146;6;0;0;113;19;1;1;259;25;1;1;4709;314;35;12;3526;953;183;90;8235;1267;218;102
2022.03_13-10-2022;Ульяновская область;105_165_days;AllVaccines;1106;19;2;1;886;114;14;11;1992;133;16;12;7948;339;37;24;5641;1035;245;167;13589;1374;282;191
2022.03_13-10-2022;Ульяновская область;105_165_days;CoviVac;24;0;0;0;6;2;1;1;30;2;1;1;7948;339;37;24;5641;1035;245;167;13589;1374;282;191
2022.03_13-10-2022;Ульяновская область;105_165_days;EpiVacCorona;29;0;0;0;15;2;0;0;44;2;0;0;7948;339;37;24;5641;1035;245;167;13589;1374;282;191
2022.03_13-10-2022;Ульяновская область;105_165_days;SputnikLite;508;7;1;1;497;51;5;3;1005;58;6;4;7948;339;37;24;5641;1035;245;167;13589;1374;282;191
2022.03_13-10-2022;Ульяновская область;105_165_days;SputnikV;545;12;1;0;368;59;8;7;913;71;9;7;7948;339;37;24;5641;1035;245;167;13589;1374;282;191
2022.03_13-10-2022;Ульяновская область;165_195_days;AllVaccines;435;4;0;0;241;29;6;1;676;33;6;1;7948;339;37;24;5641;1035;245;167;13589;1374;282;191
2022.03_13-10-2022;Ульяновская область;165_195_days;CoviVac;1;0;0;0;0;0;0;0;1;0;0;0;7948;339;37;24;5641;1035;245;167;13589;1374;282;191
2022.03_13-10-2022;Ульяновская область;165_195_days;EpiVacCorona;7;0;0;0;4;0;0;0;11;0;0;0;7948;339;37;24;5641;1035;245;167;13589;1374;282;191
2022.03_13-10-2022;Ульяновская область;165_195_days;SputnikLite;188;2;0;0;142;17;6;1;330;19;6;1;7948;339;37;24;5641;1035;245;167;13589;1374;282;191
2022.03_13-10-2022;Ульяновская область;165_195_days;SputnikV;239;2;0;0;95;12;0;0;334;14;0;0;7948;339;37;24;5641;1035;245;167;13589;1374;282;191
2022.03_13-10-2022;Ульяновская область;21_45_days;AllVaccines;165;1;0;0;99;15;1;2;264;16;1;2;7948;339;37;24;5641;1035;245;167;13589;1374;282;191
2022.03_13-10-2022;Ульяновская область;21_45_days;CoviVac;1;0;0;0;1;0;0;0;2;0;0;0;7948;339;37;24;5641;1035;245;167;13589;1374;282;191
2022.03_13-10-2022;Ульяновская область;21_45_days;EpiVacCorona;7;0;0;0;9;3;0;1;16;3;0;1;7948;339;37;24;5641;1035;245;167;13589;1374;282;191
2022.03_13-10-2022;Ульяновская область;21_45_days;SputnikLite;101;0;0;0;53;8;1;1;154;8;1;1;7948;339;37;24;5641;1035;245;167;13589;1374;282;191
2022.03_13-10-2022;Ульяновская область;21_45_days;SputnikV;56;1;0;0;36;4;0;0;92;5;0;0;7948;339;37;24;5641;1035;245;167;13589;1374;282;191
2022.03_13-10-2022;Ульяновская область;45_75_days;AllVaccines;277;9;0;0;186;18;5;2;463;27;5;2;7948;339;37;24;5641;1035;245;167;13589;1374;282;191
2022.03_13-10-2022;Ульяновская область;45_75_days;CoviVac;2;0;0;0;0;0;0;0;2;0;0;0;7948;339;37;24;5641;1035;245;167;13589;1374;282;191
2022.03_13-10-2022;Ульяновская область;45_75_days;EpiVacCorona;5;0;0;0;13;3;0;0;18;3;0;0;7948;339;37;24;5641;1035;245;167;13589;1374;282;191
2022.03_13-10-2022;Ульяновская область;45_75_days;SputnikLite;204;4;0;0;124;10;3;2;328;14;3;2;7948;339;37;24;5641;1035;245;167;13589;1374;282;191
2022.03_13-10-2022;Ульяновская область;45_75_days;SputnikV;66;5;0;0;49;5;2;0;115;10;2;0;7948;339;37;24;5641;1035;245;167;13589;1374;282;191
2022.03_13-10-2022;Ульяновская область;75_90_days;AllVaccines;230;9;3;0;186;21;3;3;416;30;6;3;7948;339;37;24;5641;1035;245;167;13589;1374;282;191
2022.03_13-10-2022;Ульяновская область;75_90_days;CoviVac;1;0;0;0;1;0;0;0;2;0;0;0;7948;339;37;24;5641;1035;245;167;13589;1374;282;191
2022.03_13-10-2022;Ульяновская область;75_90_days;EpiVacCorona;15;0;0;0;10;4;1;1;25;4;1;1;7948;339;37;24;5641;1035;245;167;13589;1374;282;191
2022.03_13-10-2022;Ульяновская область;75_90_days;SputnikLite;76;2;1;0;81;7;2;1;157;9;3;1;7948;339;37;24;5641;1035;245;167;13589;1374;282;191
2022.03_13-10-2022;Ульяновская область;75_90_days;SputnikV;138;7;2;0;94;10;0;1;232;17;2;1;7948;339;37;24;5641;1035;245;167;13589;1374;282;191
2022.03_13-10-2022;Ульяновская область;90_105_days;AllVaccines;430;11;1;0;332;45;8;4;762;56;9;4;7948;339;37;24;5641;1035;245;167;13589;1374;282;191
2022.03_13-10-2022;Ульяновская область;90_105_days;CoviVac;14;1;0;0;2;1;0;0;16;2;0;0;7948;339;37;24;5641;1035;245;167;13589;1374;282;191
2022.03_13-10-2022;Ульяновская область;90_105_days;EpiVacCorona;15;0;0;0;9;0;0;0;24;0;0;0;7948;339;37;24;5641;1035;245;167;13589;1374;282;191
2022.03_13-10-2022;Ульяновская область;90_105_days;SputnikLite;98;4;1;0;120;12;2;1;218;16;3;1;7948;339;37;24;5641;1035;245;167;13589;1374;282;191
2022.03_13-10-2022;Ульяновская область;90_105_days;SputnikV;303;6;0;0;201;32;6;3;504;38;6;3;7948;339;37;24;5641;1035;245;167;13589;1374;282;191
2022.03_13-10-2022;Хабаровский край;105_165_days;AllVaccines;572;27;1;0;467;110;5;4;1039;137;6;4;7161;594;39;17;4826;1550;156;132;11987;2144;195;149
2022.03_13-10-2022;Хабаровский край;105_165_days;CoviVac;13;1;0;0;10;1;0;0;23;2;0;0;7161;594;39;17;4826;1550;156;132;11987;2144;195;149
2022.03_13-10-2022;Хабаровский край;105_165_days;EpiVacCorona;5;0;0;0;2;1;0;0;7;1;0;0;7161;594;39;17;4826;1550;156;132;11987;2144;195;149
2022.03_13-10-2022;Хабаровский край;105_165_days;SputnikLite;374;19;1;0;299;76;2;1;673;95;3;1;7161;594;39;17;4826;1550;156;132;11987;2144;195;149
2022.03_13-10-2022;Хабаровский край;105_165_days;SputnikV;180;7;0;0;156;32;3;3;336;39;3;3;7161;594;39;17;4826;1550;156;132;11987;2144;195;149
2022.03_13-10-2022;Хабаровский край;165_195_days;AllVaccines;278;9;0;0;169;30;0;1;447;39;0;1;7161;594;39;17;4826;1550;156;132;11987;2144;195;149
2022.03_13-10-2022;Хабаровский край;165_195_days;CoviVac;1;0;0;0;0;0;0;0;1;0;0;0;7161;594;39;17;4826;1550;156;132;11987;2144;195;149
2022.03_13-10-2022;Хабаровский край;165_195_days;EpiVacCorona;0;0;0;0;1;0;0;0;1;0;0;0;7161;594;39;17;4826;1550;156;132;11987;2144;195;149
2022.03_13-10-2022;Хабаровский край;165_195_days;SputnikLite;99;3;0;0;84;11;0;0;183;14;0;0;7161;594;39;17;4826;1550;156;132;11987;2144;195;149
2022.03_13-10-2022;Хабаровский край;165_195_days;SputnikV;178;6;0;0;84;19;0;1;262;25;0;1;7161;594;39;17;4826;1550;156;132;11987;2144;195;149
2022.03_13-10-2022;Хабаровский край;21_45_days;AllVaccines;215;13;1;1;109;31;1;1;324;44;2;2;7161;594;39;17;4826;1550;156;132;11987;2144;195;149
2022.03_13-10-2022;Хабаровский край;21_45_days;CoviVac;2;0;0;0;1;0;0;0;3;0;0;0;7161;594;39;17;4826;1550;156;132;11987;2144;195;149
2022.03_13-10-2022;Хабаровский край;21_45_days;EpiVacCorona;19;3;0;0;16;5;0;0;35;8;0;0;7161;594;39;17;4826;1550;156;132;11987;2144;195;149
2022.03_13-10-2022;Хабаровский край;21_45_days;SputnikLite;116;6;1;1;42;7;0;0;158;13;1;1;7161;594;39;17;4826;1550;156;132;11987;2144;195;149
2022.03_13-10-2022;Хабаровский край;21_45_days;SputnikV;78;4;0;0;50;19;1;1;128;23;1;1;7161;594;39;17;4826;1550;156;132;11987;2144;195;149
2022.03_13-10-2022;Хабаровский край;45_75_days;AllVaccines;291;15;0;0;226;62;4;6;517;77;4;6;7161;594;39;17;4826;1550;156;132;11987;2144;195;149
2022.03_13-10-2022;Хабаровский край;45_75_days;CoviVac;11;1;0;0;1;0;0;0;12;1;0;0;7161;594;39;17;4826;1550;156;132;11987;2144;195;149
2022.03_13-10-2022;Хабаровский край;45_75_days;EpiVacCorona;21;1;0;0;12;3;0;0;33;4;0;0;7161;594;39;17;4826;1550;156;132;11987;2144;195;149
2022.03_13-10-2022;Хабаровский край;45_75_days;SputnikLite;148;9;0;0;124;36;2;2;272;45;2;2;7161;594;39;17;4826;1550;156;132;11987;2144;195;149
2022.03_13-10-2022;Хабаровский край;45_75_days;SputnikV;111;4;0;0;89;23;2;4;200;27;2;4;7161;594;39;17;4826;1550;156;132;11987;2144;195;149
2022.03_13-10-2022;Хабаровский край;75_90_days;AllVaccines;233;14;1;0;144;34;1;1;377;48;2;1;7161;594;39;17;4826;1550;156;132;11987;2144;195;149
2022.03_13-10-2022;Хабаровский край;75_90_days;CoviVac;8;0;0;0;3;1;0;0;11;1;0;0;7161;594;39;17;4826;1550;156;132;11987;2144;195;149
2022.03_13-10-2022;Хабаровский край;75_90_days;EpiVacCorona;22;1;0;0;7;1;0;0;29;2;0;0;7161;594;39;17;4826;1550;156;132;11987;2144;195;149
2022.03_13-10-2022;Хабаровский край;75_90_days;SputnikLite;80;3;0;0;71;18;1;1;151;21;1;1;7161;594;39;17;4826;1550;156;132;11987;2144;195;149
2022.03_13-10-2022;Хабаровский край;75_90_days;SputnikV;123;10;1;0;63;14;0;0;186;24;1;0;7161;594;39;17;4826;1550;156;132;11987;2144;195;149
2022.03_13-10-2022;Хабаровский край;90_105_days;AllVaccines;377;27;1;1;243;54;3;2;620;81;4;3;7161;594;39;17;4826;1550;156;132;11987;2144;195;149
2022.03_13-10-2022;Хабаровский край;90_105_days;CoviVac;15;1;0;0;3;0;0;0;18;1;0;0;7161;594;39;17;4826;1550;156;132;11987;2144;195;149
2022.03_13-10-2022;Хабаровский край;90_105_days;EpiVacCorona;28;1;0;0;16;7;2;1;44;8;2;1;7161;594;39;17;4826;1550;156;132;11987;2144;195;149
2022.03_13-10-2022;Хабаровский край;90_105_days;SputnikLite;129;8;0;1;93;12;0;0;222;20;0;1;7161;594;39;17;4826;1550;156;132;11987;2144;195;149
2022.03_13-10-2022;Хабаровский край;90_105_days;SputnikV;205;17;1;0;131;35;1;1;336;52;2;1;7161;594;39;17;4826;1550;156;132;11987;2144;195;149
2022.03_13-10-2022;Ханты-Мансийский автономный округ - Югра;105_165_days;AllVaccines;1036;28;5;0;449;72;2;1;1485;100;7;1;6222;277;31;10;2854;640;95;46;9076;917;126;56
2022.03_13-10-2022;Ханты-Мансийский автономный округ - Югра;105_165_days;CoviVac;22;0;0;0;12;3;0;0;34;3;0;0;6222;277;31;10;2854;640;95;46;9076;917;126;56
2022.03_13-10-2022;Ханты-Мансийский автономный округ - Югра;105_165_days;EpiVacCorona;13;0;0;0;9;3;0;0;22;3;0;0;6222;277;31;10;2854;640;95;46;9076;917;126;56
2022.03_13-10-2022;Ханты-Мансийский автономный округ - Югра;105_165_days;SputnikLite;439;8;3;0;248;38;1;1;687;46;4;1;6222;277;31;10;2854;640;95;46;9076;917;126;56
2022.03_13-10-2022;Ханты-Мансийский автономный округ - Югра;105_165_days;SputnikV;562;20;2;0;180;28;1;0;742;48;3;0;6222;277;31;10;2854;640;95;46;9076;917;126;56
2022.03_13-10-2022;Ханты-Мансийский автономный округ - Югра;165_195_days;AllVaccines;296;15;0;0;120;21;1;0;416;36;1;0;6222;277;31;10;2854;640;95;46;9076;917;126;56
2022.03_13-10-2022;Ханты-Мансийский автономный округ - Югра;165_195_days;CoviVac;1;0;0;0;0;0;0;0;1;0;0;0;6222;277;31;10;2854;640;95;46;9076;917;126;56
2022.03_13-10-2022;Ханты-Мансийский автономный округ - Югра;165_195_days;EpiVacCorona;11;0;0;0;4;1;0;0;15;1;0;0;6222;277;31;10;2854;640;95;46;9076;917;126;56
2022.03_13-10-2022;Ханты-Мансийский автономный округ - Югра;165_195_days;SputnikLite;97;5;0;0;61;10;1;0;158;15;1;0;6222;277;31;10;2854;640;95;46;9076;917;126;56
2022.03_13-10-2022;Ханты-Мансийский автономный округ - Югра;165_195_days;SputnikV;187;10;0;0;55;10;0;0;242;20;0;0;6222;277;31;10;2854;640;95;46;9076;917;126;56
2022.03_13-10-2022;Ханты-Мансийский автономный округ - Югра;21_45_days;AllVaccines;200;2;0;0;93;16;0;0;293;18;0;0;6222;277;31;10;2854;640;95;46;9076;917;126;56
2022.03_13-10-2022;Ханты-Мансийский автономный округ - Югра;21_45_days;CoviVac;2;0;0;0;1;1;0;0;3;1;0;0;6222;277;31;10;2854;640;95;46;9076;917;126;56
2022.03_13-10-2022;Ханты-Мансийский автономный округ - Югра;21_45_days;EpiVacCorona;3;0;0;0;3;1;0;0;6;1;0;0;6222;277;31;10;2854;640;95;46;9076;917;126;56
2022.03_13-10-2022;Ханты-Мансийский автономный округ - Югра;21_45_days;SputnikLite;128;2;0;0;49;8;0;0;177;10;0;0;6222;277;31;10;2854;640;95;46;9076;917;126;56
2022.03_13-10-2022;Ханты-Мансийский автономный округ - Югра;21_45_days;SputnikV;67;0;0;0;40;6;0;0;107;6;0;0;6222;277;31;10;2854;640;95;46;9076;917;126;56
2022.03_13-10-2022;Ханты-Мансийский автономный округ - Югра;45_75_days;AllVaccines;307;7;2;1;147;14;0;0;454;21;2;1;6222;277;31;10;2854;640;95;46;9076;917;126;56
2022.03_13-10-2022;Ханты-Мансийский автономный округ - Югра;45_75_days;CoviVac;2;0;0;0;3;0;0;0;5;0;0;0;6222;277;31;10;2854;640;95;46;9076;917;126;56
2022.03_13-10-2022;Ханты-Мансийский автономный округ - Югра;45_75_days;EpiVacCorona;4;0;0;0;2;0;0;0;6;0;0;0;6222;277;31;10;2854;640;95;46;9076;917;126;56
2022.03_13-10-2022;Ханты-Мансийский автономный округ - Югра;45_75_days;SputnikLite;227;4;2;1;104;7;0;0;331;11;2;1;6222;277;31;10;2854;640;95;46;9076;917;126;56
2022.03_13-10-2022;Ханты-Мансийский автономный округ - Югра;45_75_days;SputnikV;74;3;0;0;38;7;0;0;112;10;0;0;6222;277;31;10;2854;640;95;46;9076;917;126;56
2022.03_13-10-2022;Ханты-Мансийский автономный округ - Югра;75_90_days;AllVaccines;243;5;0;0;133;29;3;3;376;34;3;3;6222;277;31;10;2854;640;95;46;9076;917;126;56
2022.03_13-10-2022;Ханты-Мансийский автономный округ - Югра;75_90_days;EpiVacCorona;8;0;0;0;6;2;1;1;14;2;1;1;6222;277;31;10;2854;640;95;46;9076;917;126;56
2022.03_13-10-2022;Ханты-Мансийский автономный округ - Югра;75_90_days;SputnikLite;118;1;0;0;67;13;1;1;185;14;1;1;6222;277;31;10;2854;640;95;46;9076;917;126;56
2022.03_13-10-2022;Ханты-Мансийский автономный округ - Югра;75_90_days;SputnikV;117;4;0;0;60;14;1;1;177;18;1;1;6222;277;31;10;2854;640;95;46;9076;917;126;56
2022.03_13-10-2022;Ханты-Мансийский автономный округ - Югра;90_105_days;AllVaccines;335;8;1;0;180;24;1;0;515;32;2;0;6222;277;31;10;2854;640;95;46;9076;917;126;56
2022.03_13-10-2022;Ханты-Мансийский автономный округ - Югра;90_105_days;CoviVac;4;0;0;0;1;0;0;0;5;0;0;0;6222;277;31;10;2854;640;95;46;9076;917;126;56
2022.03_13-10-2022;Ханты-Мансийский автономный округ - Югра;90_105_days;EpiVacCorona;9;0;0;0;11;0;0;0;20;0;0;0;6222;277;31;10;2854;640;95;46;9076;917;126;56
2022.03_13-10-2022;Ханты-Мансийский автономный округ - Югра;90_105_days;SputnikLite;144;5;1;0;74;13;1;0;218;18;2;0;6222;277;31;10;2854;640;95;46;9076;917;126;56
2022.03_13-10-2022;Ханты-Мансийский автономный округ - Югра;90_105_days;SputnikV;178;3;0;0;94;11;0;0;272;14;0;0;6222;277;31;10;2854;640;95;46;9076;917;126;56
2022.03_13-10-2022;Челябинская область;105_165_days;AllVaccines;2028;96;6;1;1386;206;20;11;3414;302;26;12;11369;755;64;35;9290;2253;374;353;20659;3008;438;388
2022.03_13-10-2022;Челябинская область;105_165_days;CoviVac;57;2;0;0;19;6;0;0;76;8;0;0;11369;755;64;35;9290;2253;374;353;20659;3008;438;388
2022.03_13-10-2022;Челябинская область;105_165_days;EpiVacCorona;78;1;0;0;47;8;0;1;125;9;0;1;11369;755;64;35;9290;2253;374;353;20659;3008;438;388
2022.03_13-10-2022;Челябинская область;105_165_days;SputnikLite;677;30;3;0;522;63;6;2;1199;93;9;2;11369;755;64;35;9290;2253;374;353;20659;3008;438;388
2022.03_13-10-2022;Челябинская область;105_165_days;SputnikV;1216;63;3;1;798;129;14;8;2014;192;17;9;11369;755;64;35;9290;2253;374;353;20659;3008;438;388
2022.03_13-10-2022;Челябинская область;165_195_days;AllVaccines;523;19;1;1;385;64;5;5;908;83;6;6;11369;755;64;35;9290;2253;374;353;20659;3008;438;388
2022.03_13-10-2022;Челябинская область;165_195_days;CoviVac;29;2;0;0;5;1;0;0;34;3;0;0;11369;755;64;35;9290;2253;374;353;20659;3008;438;388
2022.03_13-10-2022;Челябинская область;165_195_days;EpiVacCorona;15;1;0;0;17;3;1;1;32;4;1;1;11369;755;64;35;9290;2253;374;353;20659;3008;438;388
2022.03_13-10-2022;Челябинская область;165_195_days;SputnikLite;193;5;0;1;188;34;2;2;381;39;2;3;11369;755;64;35;9290;2253;374;353;20659;3008;438;388
2022.03_13-10-2022;Челябинская область;165_195_days;SputnikV;286;11;1;0;175;26;2;2;461;37;3;2;11369;755;64;35;9290;2253;374;353;20659;3008;438;388
2022.03_13-10-2022;Челябинская область;21_45_days;AllVaccines;295;3;0;0;227;44;3;3;522;47;3;3;11369;755;64;35;9290;2253;374;353;20659;3008;438;388
2022.03_13-10-2022;Челябинская область;21_45_days;CoviVac;7;0;0;0;2;0;0;0;9;0;0;0;11369;755;64;35;9290;2253;374;353;20659;3008;438;388
2022.03_13-10-2022;Челябинская область;21_45_days;EpiVacCorona;16;0;0;0;36;8;0;0;52;8;0;0;11369;755;64;35;9290;2253;374;353;20659;3008;438;388
2022.03_13-10-2022;Челябинская область;21_45_days;SputnikLite;168;1;0;0;93;17;1;0;261;18;1;0;11369;755;64;35;9290;2253;374;353;20659;3008;438;388
2022.03_13-10-2022;Челябинская область;21_45_days;SputnikV;104;2;0;0;96;19;2;3;200;21;2;3;11369;755;64;35;9290;2253;374;353;20659;3008;438;388
2022.03_13-10-2022;Челябинская область;45_75_days;AllVaccines;436;15;0;0;417;63;6;6;853;78;6;6;11369;755;64;35;9290;2253;374;353;20659;3008;438;388
2022.03_13-10-2022;Челябинская область;45_75_days;CoviVac;1;0;0;0;5;0;0;0;6;0;0;0;11369;755;64;35;9290;2253;374;353;20659;3008;438;388
2022.03_13-10-2022;Челябинская область;45_75_days;EpiVacCorona;21;0;0;0;24;4;0;0;45;4;0;0;11369;755;64;35;9290;2253;374;353;20659;3008;438;388
2022.03_13-10-2022;Челябинская область;45_75_days;SputnikLite;299;6;0;0;290;42;5;5;589;48;5;5;11369;755;64;35;9290;2253;374;353;20659;3008;438;388
2022.03_13-10-2022;Челябинская область;45_75_days;SputnikV;115;9;0;0;98;17;1;1;213;26;1;1;11369;755;64;35;9290;2253;374;353;20659;3008;438;388
2022.03_13-10-2022;Челябинская область;75_90_days;AllVaccines;344;19;0;0;326;68;8;3;670;87;8;3;11369;755;64;35;9290;2253;374;353;20659;3008;438;388
2022.03_13-10-2022;Челябинская область;75_90_days;CoviVac;3;0;0;0;10;0;0;1;13;0;0;1;11369;755;64;35;9290;2253;374;353;20659;3008;438;388
2022.03_13-10-2022;Челябинская область;75_90_days;EpiVacCorona;13;0;0;0;20;4;1;0;33;4;1;0;11369;755;64;35;9290;2253;374;353;20659;3008;438;388
2022.03_13-10-2022;Челябинская область;75_90_days;SputnikLite;102;5;0;0;129;28;4;1;231;33;4;1;11369;755;64;35;9290;2253;374;353;20659;3008;438;388
2022.03_13-10-2022;Челябинская область;75_90_days;SputnikV;226;14;0;0;167;36;3;1;393;50;3;1;11369;755;64;35;9290;2253;374;353;20659;3008;438;388
2022.03_13-10-2022;Челябинская область;90_105_days;AllVaccines;711;32;1;1;580;87;10;9;1291;119;11;10;11369;755;64;35;9290;2253;374;353;20659;3008;438;388
2022.03_13-10-2022;Челябинская область;90_105_days;CoviVac;4;0;0;0;2;1;1;1;6;1;1;1;11369;755;64;35;9290;2253;374;353;20659;3008;438;388
2022.03_13-10-2022;Челябинская область;90_105_days;EpiVacCorona;22;3;0;0;20;5;1;1;42;8;1;1;11369;755;64;35;9290;2253;374;353;20659;3008;438;388
2022.03_13-10-2022;Челябинская область;90_105_days;SputnikLite;215;9;0;0;214;33;3;4;429;42;3;4;11369;755;64;35;9290;2253;374;353;20659;3008;438;388
2022.03_13-10-2022;Челябинская область;90_105_days;SputnikV;470;20;1;1;344;48;5;3;814;68;6;4;11369;755;64;35;9290;2253;374;353;20659;3008;438;388
2022.03_13-10-2022;Чеченская Республика;105_165_days;AllVaccines;45;3;0;0;2;1;0;0;47;4;0;0;535;26;1;1;47;10;0;0;582;36;1;1
2022.03_13-10-2022;Чеченская Республика;105_165_days;CoviVac;2;0;0;0;0;0;0;0;2;0;0;0;535;26;1;1;47;10;0;0;582;36;1;1
2022.03_13-10-2022;Чеченская Республика;105_165_days;EpiVacCorona;1;0;0;0;0;0;0;0;1;0;0;0;535;26;1;1;47;10;0;0;582;36;1;1
2022.03_13-10-2022;Чеченская Республика;105_165_days;SputnikLite;27;1;0;0;1;0;0;0;28;1;0;0;535;26;1;1;47;10;0;0;582;36;1;1
2022.03_13-10-2022;Чеченская Республика;105_165_days;SputnikV;15;2;0;0;1;1;0;0;16;3;0;0;535;26;1;1;47;10;0;0;582;36;1;1
2022.03_13-10-2022;Чеченская Республика;165_195_days;AllVaccines;11;0;0;0;1;1;0;0;12;1;0;0;535;26;1;1;47;10;0;0;582;36;1;1
2022.03_13-10-2022;Чеченская Республика;165_195_days;CoviVac;2;0;0;0;0;0;0;0;2;0;0;0;535;26;1;1;47;10;0;0;582;36;1;1
2022.03_13-10-2022;Чеченская Республика;165_195_days;SputnikLite;1;0;0;0;0;0;0;0;1;0;0;0;535;26;1;1;47;10;0;0;582;36;1;1
2022.03_13-10-2022;Чеченская Республика;165_195_days;SputnikV;8;0;0;0;1;1;0;0;9;1;0;0;535;26;1;1;47;10;0;0;582;36;1;1
2022.03_13-10-2022;Чеченская Республика;21_45_days;AllVaccines;53;0;0;0;3;0;0;0;56;0;0;0;535;26;1;1;47;10;0;0;582;36;1;1
2022.03_13-10-2022;Чеченская Республика;21_45_days;EpiVacCorona;1;0;0;0;0;0;0;0;1;0;0;0;535;26;1;1;47;10;0;0;582;36;1;1
2022.03_13-10-2022;Чеченская Республика;21_45_days;SputnikLite;44;0;0;0;3;0;0;0;47;0;0;0;535;26;1;1;47;10;0;0;582;36;1;1
2022.03_13-10-2022;Чеченская Республика;21_45_days;SputnikV;8;0;0;0;0;0;0;0;8;0;0;0;535;26;1;1;47;10;0;0;582;36;1;1
2022.03_13-10-2022;Чеченская Республика;45_75_days;AllVaccines;79;3;0;0;4;0;0;0;83;3;0;0;535;26;1;1;47;10;0;0;582;36;1;1
2022.03_13-10-2022;Чеченская Республика;45_75_days;CoviVac;1;0;0;0;0;0;0;0;1;0;0;0;535;26;1;1;47;10;0;0;582;36;1;1
2022.03_13-10-2022;Чеченская Республика;45_75_days;EpiVacCorona;0;0;0;0;1;0;0;0;1;0;0;0;535;26;1;1;47;10;0;0;582;36;1;1
2022.03_13-10-2022;Чеченская Республика;45_75_days;SputnikLite;76;3;0;0;3;0;0;0;79;3;0;0;535;26;1;1;47;10;0;0;582;36;1;1
2022.03_13-10-2022;Чеченская Республика;45_75_days;SputnikV;2;0;0;0;0;0;0;0;2;0;0;0;535;26;1;1;47;10;0;0;582;36;1;1
2022.03_13-10-2022;Чеченская Республика;75_90_days;AllVaccines;30;0;0;0;1;0;0;0;31;0;0;0;535;26;1;1;47;10;0;0;582;36;1;1
2022.03_13-10-2022;Чеченская Республика;75_90_days;SputnikLite;24;0;0;0;1;0;0;0;25;0;0;0;535;26;1;1;47;10;0;0;582;36;1;1
2022.03_13-10-2022;Чеченская Республика;75_90_days;SputnikV;6;0;0;0;0;0;0;0;6;0;0;0;535;26;1;1;47;10;0;0;582;36;1;1
2022.03_13-10-2022;Чеченская Республика;90_105_days;AllVaccines;20;2;0;0;2;0;0;0;22;2;0;0;535;26;1;1;47;10;0;0;582;36;1;1
2022.03_13-10-2022;Чеченская Республика;90_105_days;EpiVacCorona;5;0;0;0;0;0;0;0;5;0;0;0;535;26;1;1;47;10;0;0;582;36;1;1
2022.03_13-10-2022;Чеченская Республика;90_105_days;SputnikLite;12;1;0;0;2;0;0;0;14;1;0;0;535;26;1;1;47;10;0;0;582;36;1;1
2022.03_13-10-2022;Чеченская Республика;90_105_days;SputnikV;3;1;0;0;0;0;0;0;3;1;0;0;535;26;1;1;47;10;0;0;582;36;1;1
2022.03_13-10-2022;Чувашская Республика;105_165_days;AllVaccines;171;18;3;0;169;61;9;4;340;79;12;4;1188;171;28;10;1462;734;169;87;2650;905;197;97
2022.03_13-10-2022;Чувашская Республика;105_165_days;CoviVac;0;0;0;0;1;1;0;0;1;1;0;0;1188;171;28;10;1462;734;169;87;2650;905;197;97
2022.03_13-10-2022;Чувашская Республика;105_165_days;EpiVacCorona;5;0;0;0;5;3;0;0;10;3;0;0;1188;171;28;10;1462;734;169;87;2650;905;197;97
2022.03_13-10-2022;Чувашская Республика;105_165_days;SputnikLite;83;11;2;0;80;27;4;2;163;38;6;2;1188;171;28;10;1462;734;169;87;2650;905;197;97
2022.03_13-10-2022;Чувашская Республика;105_165_days;SputnikV;83;7;1;0;83;30;5;2;166;37;6;2;1188;171;28;10;1462;734;169;87;2650;905;197;97
2022.03_13-10-2022;Чувашская Республика;165_195_days;AllVaccines;62;3;0;0;65;35;6;4;127;38;6;4;1188;171;28;10;1462;734;169;87;2650;905;197;97
2022.03_13-10-2022;Чувашская Республика;165_195_days;CoviVac;1;0;0;0;1;0;0;0;2;0;0;0;1188;171;28;10;1462;734;169;87;2650;905;197;97
2022.03_13-10-2022;Чувашская Республика;165_195_days;EpiVacCorona;1;0;0;0;1;0;0;0;2;0;0;0;1188;171;28;10;1462;734;169;87;2650;905;197;97
2022.03_13-10-2022;Чувашская Республика;165_195_days;SputnikLite;29;2;0;0;43;21;5;3;72;23;5;3;1188;171;28;10;1462;734;169;87;2650;905;197;97
2022.03_13-10-2022;Чувашская Республика;165_195_days;SputnikV;31;1;0;0;20;14;1;1;51;15;1;1;1188;171;28;10;1462;734;169;87;2650;905;197;97
2022.03_13-10-2022;Чувашская Республика;21_45_days;AllVaccines;47;5;0;0;52;22;5;4;99;27;5;4;1188;171;28;10;1462;734;169;87;2650;905;197;97
2022.03_13-10-2022;Чувашская Республика;21_45_days;CoviVac;0;0;0;0;1;1;1;0;1;1;1;0;1188;171;28;10;1462;734;169;87;2650;905;197;97
2022.03_13-10-2022;Чувашская Республика;21_45_days;EpiVacCorona;2;0;0;0;4;2;0;0;6;2;0;0;1188;171;28;10;1462;734;169;87;2650;905;197;97
2022.03_13-10-2022;Чувашская Республика;21_45_days;SputnikLite;30;4;0;0;26;9;2;2;56;13;2;2;1188;171;28;10;1462;734;169;87;2650;905;197;97
2022.03_13-10-2022;Чувашская Республика;21_45_days;SputnikV;15;1;0;0;21;10;2;2;36;11;2;2;1188;171;28;10;1462;734;169;87;2650;905;197;97
2022.03_13-10-2022;Чувашская Республика;45_75_days;AllVaccines;69;4;0;0;48;18;3;0;117;22;3;0;1188;171;28;10;1462;734;169;87;2650;905;197;97
2022.03_13-10-2022;Чувашская Республика;45_75_days;CoviVac;0;0;0;0;1;1;0;0;1;1;0;0;1188;171;28;10;1462;734;169;87;2650;905;197;97
2022.03_13-10-2022;Чувашская Республика;45_75_days;EpiVacCorona;3;0;0;0;3;1;0;0;6;1;0;0;1188;171;28;10;1462;734;169;87;2650;905;197;97
2022.03_13-10-2022;Чувашская Республика;45_75_days;SputnikLite;53;2;0;0;28;9;2;0;81;11;2;0;1188;171;28;10;1462;734;169;87;2650;905;197;97
2022.03_13-10-2022;Чувашская Республика;45_75_days;SputnikV;13;2;0;0;16;7;1;0;29;9;1;0;1188;171;28;10;1462;734;169;87;2650;905;197;97
2022.03_13-10-2022;Чувашская Республика;75_90_days;AllVaccines;40;5;0;0;44;21;3;2;84;26;3;2;1188;171;28;10;1462;734;169;87;2650;905;197;97
2022.03_13-10-2022;Чувашская Республика;75_90_days;CoviVac;1;0;0;0;0;0;0;0;1;0;0;0;1188;171;28;10;1462;734;169;87;2650;905;197;97
2022.03_13-10-2022;Чувашская Республика;75_90_days;EpiVacCorona;1;0;0;0;1;0;0;0;2;0;0;0;1188;171;28;10;1462;734;169;87;2650;905;197;97
2022.03_13-10-2022;Чувашская Республика;75_90_days;SputnikLite;11;0;0;0;16;7;1;1;27;7;1;1;1188;171;28;10;1462;734;169;87;2650;905;197;97
2022.03_13-10-2022;Чувашская Республика;75_90_days;SputnikV;27;5;0;0;27;14;2;1;54;19;2;1;1188;171;28;10;1462;734;169;87;2650;905;197;97
2022.03_13-10-2022;Чувашская Республика;90_105_days;AllVaccines;63;6;2;0;77;38;4;1;140;44;6;1;1188;171;28;10;1462;734;169;87;2650;905;197;97
2022.03_13-10-2022;Чувашская Республика;90_105_days;CoviVac;2;0;0;0;0;0;0;0;2;0;0;0;1188;171;28;10;1462;734;169;87;2650;905;197;97
2022.03_13-10-2022;Чувашская Республика;90_105_days;EpiVacCorona;2;0;0;0;1;1;0;0;3;1;0;0;1188;171;28;10;1462;734;169;87;2650;905;197;97
2022.03_13-10-2022;Чувашская Республика;90_105_days;SputnikLite;22;3;1;0;34;13;1;0;56;16;2;0;1188;171;28;10;1462;734;169;87;2650;905;197;97
2022.03_13-10-2022;Чувашская Республика;90_105_days;SputnikV;37;3;1;0;42;24;3;1;79;27;4;1;1188;171;28;10;1462;734;169;87;2650;905;197;97
2022.03_13-10-2022;Чукотский автономный округ;105_165_days;AllVaccines;79;3;0;0;22;2;0;0;101;5;0;0;349;18;1;0;72;12;2;1;421;30;3;1
2022.03_13-10-2022;Чукотский автономный округ;105_165_days;CoviVac;9;0;0;0;0;0;0;0;9;0;0;0;349;18;1;0;72;12;2;1;421;30;3;1
2022.03_13-10-2022;Чукотский автономный округ;105_165_days;EpiVacCorona;1;0;0;0;2;1;0;0;3;1;0;0;349;18;1;0;72;12;2;1;421;30;3;1
2022.03_13-10-2022;Чукотский автономный округ;105_165_days;SputnikLite;62;3;0;0;19;1;0;0;81;4;0;0;349;18;1;0;72;12;2;1;421;30;3;1
2022.03_13-10-2022;Чукотский автономный округ;105_165_days;SputnikV;7;0;0;0;1;0;0;0;8;0;0;0;349;18;1;0;72;12;2;1;421;30;3;1
2022.03_13-10-2022;Чукотский автономный округ;165_195_days;AllVaccines;24;1;0;0;2;0;0;0;26;1;0;0;349;18;1;0;72;12;2;1;421;30;3;1
2022.03_13-10-2022;Чукотский автономный округ;165_195_days;CoviVac;7;0;0;0;0;0;0;0;7;0;0;0;349;18;1;0;72;12;2;1;421;30;3;1
2022.03_13-10-2022;Чукотский автономный округ;165_195_days;SputnikLite;12;1;0;0;1;0;0;0;13;1;0;0;349;18;1;0;72;12;2;1;421;30;3;1
2022.03_13-10-2022;Чукотский автономный округ;165_195_days;SputnikV;5;0;0;0;1;0;0;0;6;0;0;0;349;18;1;0;72;12;2;1;421;30;3;1
2022.03_13-10-2022;Чукотский автономный округ;21_45_days;AllVaccines;14;0;0;0;1;0;0;0;15;0;0;0;349;18;1;0;72;12;2;1;421;30;3;1
2022.03_13-10-2022;Чукотский автономный округ;21_45_days;EpiVacCorona;1;0;0;0;0;0;0;0;1;0;0;0;349;18;1;0;72;12;2;1;421;30;3;1
2022.03_13-10-2022;Чукотский автономный округ;21_45_days;SputnikLite;12;0;0;0;1;0;0;0;13;0;0;0;349;18;1;0;72;12;2;1;421;30;3;1
2022.03_13-10-2022;Чукотский автономный округ;21_45_days;SputnikV;1;0;0;0;0;0;0;0;1;0;0;0;349;18;1;0;72;12;2;1;421;30;3;1
2022.03_13-10-2022;Чукотский автономный округ;45_75_days;AllVaccines;13;1;0;0;6;0;0;0;19;1;0;0;349;18;1;0;72;12;2;1;421;30;3;1
2022.03_13-10-2022;Чукотский автономный округ;45_75_days;CoviVac;2;0;0;0;1;0;0;0;3;0;0;0;349;18;1;0;72;12;2;1;421;30;3;1
2022.03_13-10-2022;Чукотский автономный округ;45_75_days;EpiVacCorona;3;0;0;0;0;0;0;0;3;0;0;0;349;18;1;0;72;12;2;1;421;30;3;1
2022.03_13-10-2022;Чукотский автономный округ;45_75_days;SputnikLite;8;1;0;0;5;0;0;0;13;1;0;0;349;18;1;0;72;12;2;1;421;30;3;1
2022.03_13-10-2022;Чукотский автономный округ;75_90_days;AllVaccines;12;1;0;0;2;0;0;0;14;1;0;0;349;18;1;0;72;12;2;1;421;30;3;1
2022.03_13-10-2022;Чукотский автономный округ;75_90_days;SputnikLite;10;1;0;0;2;0;0;0;12;1;0;0;349;18;1;0;72;12;2;1;421;30;3;1
2022.03_13-10-2022;Чукотский автономный округ;75_90_days;SputnikV;2;0;0;0;0;0;0;0;2;0;0;0;349;18;1;0;72;12;2;1;421;30;3;1
2022.03_13-10-2022;Чукотский автономный округ;90_105_days;AllVaccines;19;0;0;0;4;0;0;0;23;0;0;0;349;18;1;0;72;12;2;1;421;30;3;1
2022.03_13-10-2022;Чукотский автономный округ;90_105_days;CoviVac;1;0;0;0;1;0;0;0;2;0;0;0;349;18;1;0;72;12;2;1;421;30;3;1
2022.03_13-10-2022;Чукотский автономный округ;90_105_days;EpiVacCorona;5;0;0;0;0;0;0;0;5;0;0;0;349;18;1;0;72;12;2;1;421;30;3;1
2022.03_13-10-2022;Чукотский автономный округ;90_105_days;SputnikLite;10;0;0;0;2;0;0;0;12;0;0;0;349;18;1;0;72;12;2;1;421;30;3;1
2022.03_13-10-2022;Чукотский автономный округ;90_105_days;SputnikV;3;0;0;0;1;0;0;0;4;0;0;0;349;18;1;0;72;12;2;1;421;30;3;1
2022.03_13-10-2022;Ямало-Ненецкий автономный округ;105_165_days;AllVaccines;726;29;1;0;163;42;4;2;889;71;5;2;4296;173;11;3;926;236;33;14;5222;409;44;17
2022.03_13-10-2022;Ямало-Ненецкий автономный округ;105_165_days;CoviVac;11;0;0;0;1;0;0;0;12;0;0;0;4296;173;11;3;926;236;33;14;5222;409;44;17
2022.03_13-10-2022;Ямало-Ненецкий автономный округ;105_165_days;EpiVacCorona;4;0;0;0;1;0;0;0;5;0;0;0;4296;173;11;3;926;236;33;14;5222;409;44;17
2022.03_13-10-2022;Ямало-Ненецкий автономный округ;105_165_days;SputnikLite;481;20;1;0;145;39;4;2;626;59;5;2;4296;173;11;3;926;236;33;14;5222;409;44;17
2022.03_13-10-2022;Ямало-Ненецкий автономный округ;105_165_days;SputnikV;230;9;0;0;16;3;0;0;246;12;0;0;4296;173;11;3;926;236;33;14;5222;409;44;17
2022.03_13-10-2022;Ямало-Ненецкий автономный округ;165_195_days;AllVaccines;170;5;0;0;28;8;2;2;198;13;2;2;4296;173;11;3;926;236;33;14;5222;409;44;17
2022.03_13-10-2022;Ямало-Ненецкий автономный округ;165_195_days;CoviVac;4;0;0;0;0;0;0;0;4;0;0;0;4296;173;11;3;926;236;33;14;5222;409;44;17
2022.03_13-10-2022;Ямало-Ненецкий автономный округ;165_195_days;SputnikLite;95;4;0;0;15;3;1;1;110;7;1;1;4296;173;11;3;926;236;33;14;5222;409;44;17
2022.03_13-10-2022;Ямало-Ненецкий автономный округ;165_195_days;SputnikV;71;1;0;0;13;5;1;1;84;6;1;1;4296;173;11;3;926;236;33;14;5222;409;44;17
2022.03_13-10-2022;Ямало-Ненецкий автономный округ;21_45_days;AllVaccines;108;2;1;0;31;5;0;0;139;7;1;0;4296;173;11;3;926;236;33;14;5222;409;44;17
2022.03_13-10-2022;Ямало-Ненецкий автономный округ;21_45_days;CoviVac;2;0;0;0;0;0;0;0;2;0;0;0;4296;173;11;3;926;236;33;14;5222;409;44;17
2022.03_13-10-2022;Ямало-Ненецкий автономный округ;21_45_days;EpiVacCorona;1;0;0;0;2;0;0;0;3;0;0;0;4296;173;11;3;926;236;33;14;5222;409;44;17
2022.03_13-10-2022;Ямало-Ненецкий автономный округ;21_45_days;SputnikLite;74;2;1;0;18;4;0;0;92;6;1;0;4296;173;11;3;926;236;33;14;5222;409;44;17
2022.03_13-10-2022;Ямало-Ненецкий автономный округ;21_45_days;SputnikV;31;0;0;0;11;1;0;0;42;1;0;0;4296;173;11;3;926;236;33;14;5222;409;44;17
2022.03_13-10-2022;Ямало-Ненецкий автономный округ;45_75_days;AllVaccines;144;4;0;0;36;9;0;0;180;13;0;0;4296;173;11;3;926;236;33;14;5222;409;44;17
2022.03_13-10-2022;Ямало-Ненецкий автономный округ;45_75_days;CoviVac;1;0;0;0;3;1;0;0;4;1;0;0;4296;173;11;3;926;236;33;14;5222;409;44;17
2022.03_13-10-2022;Ямало-Ненецкий автономный округ;45_75_days;EpiVacCorona;4;0;0;0;0;0;0;0;4;0;0;0;4296;173;11;3;926;236;33;14;5222;409;44;17
2022.03_13-10-2022;Ямало-Ненецкий автономный округ;45_75_days;SputnikLite;121;3;0;0;28;6;0;0;149;9;0;0;4296;173;11;3;926;236;33;14;5222;409;44;17
2022.03_13-10-2022;Ямало-Ненецкий автономный округ;45_75_days;SputnikV;18;1;0;0;5;2;0;0;23;3;0;0;4296;173;11;3;926;236;33;14;5222;409;44;17
2022.03_13-10-2022;Ямало-Ненецкий автономный округ;75_90_days;AllVaccines;114;10;0;0;23;4;0;0;137;14;0;0;4296;173;11;3;926;236;33;14;5222;409;44;17
2022.03_13-10-2022;Ямало-Ненецкий автономный округ;75_90_days;CoviVac;5;0;0;0;1;0;0;0;6;0;0;0;4296;173;11;3;926;236;33;14;5222;409;44;17
2022.03_13-10-2022;Ямало-Ненецкий автономный округ;75_90_days;EpiVacCorona;1;0;0;0;1;0;0;0;2;0;0;0;4296;173;11;3;926;236;33;14;5222;409;44;17
2022.03_13-10-2022;Ямало-Ненецкий автономный округ;75_90_days;SputnikLite;53;5;0;0;15;1;0;0;68;6;0;0;4296;173;11;3;926;236;33;14;5222;409;44;17
2022.03_13-10-2022;Ямало-Ненецкий автономный округ;75_90_days;SputnikV;55;5;0;0;6;3;0;0;61;8;0;0;4296;173;11;3;926;236;33;14;5222;409;44;17
2022.03_13-10-2022;Ямало-Ненецкий автономный округ;90_105_days;AllVaccines;153;10;0;0;35;7;0;0;188;17;0;0;4296;173;11;3;926;236;33;14;5222;409;44;17
2022.03_13-10-2022;Ямало-Ненецкий автономный округ;90_105_days;CoviVac;1;0;0;0;2;0;0;0;3;0;0;0;4296;173;11;3;926;236;33;14;5222;409;44;17
2022.03_13-10-2022;Ямало-Ненецкий автономный округ;90_105_days;EpiVacCorona;1;0;0;0;1;1;0;0;2;1;0;0;4296;173;11;3;926;236;33;14;5222;409;44;17
2022.03_13-10-2022;Ямало-Ненецкий автономный округ;90_105_days;SputnikLite;73;4;0;0;21;4;0;0;94;8;0;0;4296;173;11;3;926;236;33;14;5222;409;44;17
2022.03_13-10-2022;Ямало-Ненецкий автономный округ;90_105_days;SputnikV;78;6;0;0;11;2;0;0;89;8;0;0;4296;173;11;3;926;236;33;14;5222;409;44;17
2022.03_13-10-2022;Ярославская область;105_165_days;AllVaccines;383;16;2;2;344;66;22;7;727;82;24;9;3535;229;42;18;2936;771;248;129;6471;1000;290;147
2022.03_13-10-2022;Ярославская область;105_165_days;CoviVac;6;1;0;0;0;0;0;0;6;1;0;0;3535;229;42;18;2936;771;248;129;6471;1000;290;147
2022.03_13-10-2022;Ярославская область;105_165_days;EpiVacCorona;4;0;0;0;1;0;0;0;5;0;0;0;3535;229;42;18;2936;771;248;129;6471;1000;290;147
2022.03_13-10-2022;Ярославская область;105_165_days;SputnikLite;239;9;1;2;214;47;14;4;453;56;15;6;3535;229;42;18;2936;771;248;129;6471;1000;290;147
2022.03_13-10-2022;Ярославская область;105_165_days;SputnikV;134;6;1;0;129;19;8;3;263;25;9;3;3535;229;42;18;2936;771;248;129;6471;1000;290;147
2022.03_13-10-2022;Ярославская область;165_195_days;AllVaccines;167;3;2;0;125;15;1;0;292;18;3;0;3535;229;42;18;2936;771;248;129;6471;1000;290;147
2022.03_13-10-2022;Ярославская область;165_195_days;CoviVac;2;0;0;0;0;0;0;0;2;0;0;0;3535;229;42;18;2936;771;248;129;6471;1000;290;147
2022.03_13-10-2022;Ярославская область;165_195_days;EpiVacCorona;2;0;0;0;2;0;0;0;4;0;0;0;3535;229;42;18;2936;771;248;129;6471;1000;290;147
2022.03_13-10-2022;Ярославская область;165_195_days;SputnikLite;75;0;0;0;55;3;1;0;130;3;1;0;3535;229;42;18;2936;771;248;129;6471;1000;290;147
2022.03_13-10-2022;Ярославская область;165_195_days;SputnikV;88;3;2;0;68;12;0;0;156;15;2;0;3535;229;42;18;2936;771;248;129;6471;1000;290;147
2022.03_13-10-2022;Ярославская область;21_45_days;AllVaccines;81;5;1;1;36;5;0;0;117;10;1;1;3535;229;42;18;2936;771;248;129;6471;1000;290;147
2022.03_13-10-2022;Ярославская область;21_45_days;CoviVac;4;1;0;0;0;0;0;0;4;1;0;0;3535;229;42;18;2936;771;248;129;6471;1000;290;147
2022.03_13-10-2022;Ярославская область;21_45_days;EpiVacCorona;2;0;0;0;0;0;0;0;2;0;0;0;3535;229;42;18;2936;771;248;129;6471;1000;290;147
2022.03_13-10-2022;Ярославская область;21_45_days;SputnikLite;37;0;0;0;22;4;0;0;59;4;0;0;3535;229;42;18;2936;771;248;129;6471;1000;290;147
2022.03_13-10-2022;Ярославская область;21_45_days;SputnikV;38;4;1;1;14;1;0;0;52;5;1;1;3535;229;42;18;2936;771;248;129;6471;1000;290;147
2022.03_13-10-2022;Ярославская область;45_75_days;AllVaccines;124;3;2;0;101;16;0;1;225;19;2;1;3535;229;42;18;2936;771;248;129;6471;1000;290;147
2022.03_13-10-2022;Ярославская область;45_75_days;CoviVac;3;0;0;0;1;1;0;0;4;1;0;0;3535;229;42;18;2936;771;248;129;6471;1000;290;147
2022.03_13-10-2022;Ярославская область;45_75_days;EpiVacCorona;5;0;0;0;1;0;0;0;6;0;0;0;3535;229;42;18;2936;771;248;129;6471;1000;290;147
2022.03_13-10-2022;Ярославская область;45_75_days;SputnikLite;76;1;1;0;67;7;0;1;143;8;1;1;3535;229;42;18;2936;771;248;129;6471;1000;290;147
2022.03_13-10-2022;Ярославская область;45_75_days;SputnikV;40;2;1;0;32;8;0;0;72;10;1;0;3535;229;42;18;2936;771;248;129;6471;1000;290;147
2022.03_13-10-2022;Ярославская область;75_90_days;AllVaccines;91;4;0;0;82;15;3;0;173;19;3;0;3535;229;42;18;2936;771;248;129;6471;1000;290;147
2022.03_13-10-2022;Ярославская область;75_90_days;CoviVac;9;0;0;0;1;0;0;0;10;0;0;0;3535;229;42;18;2936;771;248;129;6471;1000;290;147
2022.03_13-10-2022;Ярославская область;75_90_days;EpiVacCorona;3;0;0;0;4;1;1;0;7;1;1;0;3535;229;42;18;2936;771;248;129;6471;1000;290;147
2022.03_13-10-2022;Ярославская область;75_90_days;SputnikLite;20;1;0;0;35;4;0;0;55;5;0;0;3535;229;42;18;2936;771;248;129;6471;1000;290;147
2022.03_13-10-2022;Ярославская область;75_90_days;SputnikV;59;3;0;0;42;10;2;0;101;13;2;0;3535;229;42;18;2936;771;248;129;6471;1000;290;147
2022.03_13-10-2022;Ярославская область;90_105_days;AllVaccines;108;6;1;1;135;22;5;0;243;28;6;1;3535;229;42;18;2936;771;248;129;6471;1000;290;147
2022.03_13-10-2022;Ярославская область;90_105_days;CoviVac;2;0;0;0;0;0;0;0;2;0;0;0;3535;229;42;18;2936;771;248;129;6471;1000;290;147
2022.03_13-10-2022;Ярославская область;90_105_days;EpiVacCorona;3;0;0;0;5;2;1;0;8;2;1;0;3535;229;42;18;2936;771;248;129;6471;1000;290;147
2022.03_13-10-2022;Ярославская область;90_105_days;SputnikLite;47;1;0;0;70;11;1;0;117;12;1;0;3535;229;42;18;2936;771;248;129;6471;1000;290;147
2022.03_13-10-2022;Ярославская область;90_105_days;SputnikV;56;5;1;1;60;9;3;0;116;14;4;1;3535;229;42;18;2936;771;248;129;6471;1000;290;147
2022.03_13-10-2022;г. Москва;105_165_days;AllVaccines;1585;27;12;4;2063;123;90;38;3648;150;102;42;20949;591;371;95;12979;1679;1334;751;33928;2270;1705;846
2022.03_13-10-2022;г. Москва;105_165_days;CoviVac;74;0;2;0;23;1;0;0;97;1;2;0;20949;591;371;95;12979;1679;1334;751;33928;2270;1705;846
2022.03_13-10-2022;г. Москва;105_165_days;EpiVacCorona;8;0;0;0;18;2;1;0;26;2;1;0;20949;591;371;95;12979;1679;1334;751;33928;2270;1705;846
2022.03_13-10-2022;г. Москва;105_165_days;SputnikLite;639;10;4;0;1073;56;33;17;1712;66;37;17;20949;591;371;95;12979;1679;1334;751;33928;2270;1705;846
2022.03_13-10-2022;г. Москва;105_165_days;SputnikV;864;17;6;4;949;64;56;21;1813;81;62;25;20949;591;371;95;12979;1679;1334;751;33928;2270;1705;846
2022.03_13-10-2022;г. Москва;165_195_days;AllVaccines;634;6;8;2;845;47;26;12;1479;53;34;14;20949;591;371;95;12979;1679;1334;751;33928;2270;1705;846
2022.03_13-10-2022;г. Москва;165_195_days;CoviVac;42;1;1;0;10;1;1;0;52;2;2;0;20949;591;371;95;12979;1679;1334;751;33928;2270;1705;846
2022.03_13-10-2022;г. Москва;165_195_days;EpiVacCorona;5;0;1;0;8;0;2;1;13;0;3;1;20949;591;371;95;12979;1679;1334;751;33928;2270;1705;846
2022.03_13-10-2022;г. Москва;165_195_days;SputnikLite;140;2;2;1;400;19;6;4;540;21;8;5;20949;591;371;95;12979;1679;1334;751;33928;2270;1705;846
2022.03_13-10-2022;г. Москва;165_195_days;SputnikV;447;3;4;1;427;27;17;7;874;30;21;8;20949;591;371;95;12979;1679;1334;751;33928;2270;1705;846
2022.03_13-10-2022;г. Москва;21_45_days;AllVaccines;484;4;2;0;310;18;13;6;794;22;15;6;20949;591;371;95;12979;1679;1334;751;33928;2270;1705;846
2022.03_13-10-2022;г. Москва;21_45_days;CoviVac;16;1;0;0;1;0;0;0;17;1;0;0;20949;591;371;95;12979;1679;1334;751;33928;2270;1705;846
2022.03_13-10-2022;г. Москва;21_45_days;EpiVacCorona;2;0;0;0;1;0;0;0;3;0;0;0;20949;591;371;95;12979;1679;1334;751;33928;2270;1705;846
2022.03_13-10-2022;г. Москва;21_45_days;SputnikLite;289;1;1;0;199;12;9;3;488;13;10;3;20949;591;371;95;12979;1679;1334;751;33928;2270;1705;846
2022.03_13-10-2022;г. Москва;21_45_days;SputnikV;177;2;1;0;109;6;4;3;286;8;5;3;20949;591;371;95;12979;1679;1334;751;33928;2270;1705;846
2022.03_13-10-2022;г. Москва;45_75_days;AllVaccines;702;16;9;2;460;28;18;10;1162;44;27;12;20949;591;371;95;12979;1679;1334;751;33928;2270;1705;846
2022.03_13-10-2022;г. Москва;45_75_days;CoviVac;10;0;0;0;5;0;0;0;15;0;0;0;20949;591;371;95;12979;1679;1334;751;33928;2270;1705;846
2022.03_13-10-2022;г. Москва;45_75_days;EpiVacCorona;1;0;0;0;1;0;0;0;2;0;0;0;20949;591;371;95;12979;1679;1334;751;33928;2270;1705;846
2022.03_13-10-2022;г. Москва;45_75_days;SputnikLite;499;9;7;1;307;16;13;5;806;25;20;6;20949;591;371;95;12979;1679;1334;751;33928;2270;1705;846
2022.03_13-10-2022;г. Москва;45_75_days;SputnikV;192;7;2;1;147;12;5;5;339;19;7;6;20949;591;371;95;12979;1679;1334;751;33928;2270;1705;846
2022.03_13-10-2022;г. Москва;75_90_days;AllVaccines;411;5;3;1;423;34;24;14;834;39;27;15;20949;591;371;95;12979;1679;1334;751;33928;2270;1705;846
2022.03_13-10-2022;г. Москва;75_90_days;CoviVac;25;0;0;0;4;0;0;0;29;0;0;0;20949;591;371;95;12979;1679;1334;751;33928;2270;1705;846
2022.03_13-10-2022;г. Москва;75_90_days;EpiVacCorona;0;0;0;0;6;1;0;0;6;1;0;0;20949;591;371;95;12979;1679;1334;751;33928;2270;1705;846
2022.03_13-10-2022;г. Москва;75_90_days;SputnikLite;141;1;1;0;202;19;11;7;343;20;12;7;20949;591;371;95;12979;1679;1334;751;33928;2270;1705;846
2022.03_13-10-2022;г. Москва;75_90_days;SputnikV;245;4;2;1;211;14;13;7;456;18;15;8;20949;591;371;95;12979;1679;1334;751;33928;2270;1705;846
2022.03_13-10-2022;г. Москва;90_105_days;AllVaccines;493;13;4;1;545;43;24;15;1038;56;28;16;20949;591;371;95;12979;1679;1334;751;33928;2270;1705;846
2022.03_13-10-2022;г. Москва;90_105_days;CoviVac;50;3;0;0;14;0;0;0;64;3;0;0;20949;591;371;95;12979;1679;1334;751;33928;2270;1705;846
2022.03_13-10-2022;г. Москва;90_105_days;EpiVacCorona;1;0;0;0;7;1;0;0;8;1;0;0;20949;591;371;95;12979;1679;1334;751;33928;2270;1705;846
2022.03_13-10-2022;г. Москва;90_105_days;SputnikLite;116;3;0;0;225;19;10;7;341;22;10;7;20949;591;371;95;12979;1679;1334;751;33928;2270;1705;846
2022.03_13-10-2022;г. Москва;90_105_days;SputnikV;326;7;4;1;299;23;14;8;625;30;18;9;20949;591;371;95;12979;1679;1334;751;33928;2270;1705;846
2022.03_13-10-2022;г. Санкт-Петербург;105_165_days;AllVaccines;2380;121;15;2;1785;270;55;19;4165;391;70;21;21681;1640;214;69;14087;3786;1121;669;35768;5426;1335;738
2022.03_13-10-2022;г. Санкт-Петербург;105_165_days;CoviVac;81;2;0;0;8;1;0;0;89;3;0;0;21681;1640;214;69;14087;3786;1121;669;35768;5426;1335;738
2022.03_13-10-2022;г. Санкт-Петербург;105_165_days;EpiVacCorona;22;0;0;0;22;7;0;0;44;7;0;0;21681;1640;214;69;14087;3786;1121;669;35768;5426;1335;738
2022.03_13-10-2022;г. Санкт-Петербург;105_165_days;SputnikLite;1134;50;8;2;1010;131;35;13;2144;181;43;15;21681;1640;214;69;14087;3786;1121;669;35768;5426;1335;738
2022.03_13-10-2022;г. Санкт-Петербург;105_165_days;SputnikV;1143;69;7;0;745;131;20;6;1888;200;27;6;21681;1640;214;69;14087;3786;1121;669;35768;5426;1335;738
2022.03_13-10-2022;г. Санкт-Петербург;165_195_days;AllVaccines;1151;56;3;1;762;129;28;10;1913;185;31;11;21681;1640;214;69;14087;3786;1121;669;35768;5426;1335;738
2022.03_13-10-2022;г. Санкт-Петербург;165_195_days;CoviVac;71;5;1;1;6;0;0;0;77;5;1;1;21681;1640;214;69;14087;3786;1121;669;35768;5426;1335;738
2022.03_13-10-2022;г. Санкт-Петербург;165_195_days;EpiVacCorona;6;0;0;0;5;2;0;0;11;2;0;0;21681;1640;214;69;14087;3786;1121;669;35768;5426;1335;738
2022.03_13-10-2022;г. Санкт-Петербург;165_195_days;SputnikLite;552;31;1;0;386;66;14;6;938;97;15;6;21681;1640;214;69;14087;3786;1121;669;35768;5426;1335;738
2022.03_13-10-2022;г. Санкт-Петербург;165_195_days;SputnikV;522;20;1;0;365;61;14;4;887;81;15;4;21681;1640;214;69;14087;3786;1121;669;35768;5426;1335;738
2022.03_13-10-2022;г. Санкт-Петербург;21_45_days;AllVaccines;468;25;6;2;245;40;11;7;713;65;17;9;21681;1640;214;69;14087;3786;1121;669;35768;5426;1335;738
2022.03_13-10-2022;г. Санкт-Петербург;21_45_days;CoviVac;20;0;0;0;1;0;0;0;21;0;0;0;21681;1640;214;69;14087;3786;1121;669;35768;5426;1335;738
2022.03_13-10-2022;г. Санкт-Петербург;21_45_days;EpiVacCorona;7;0;0;0;7;2;0;0;14;2;0;0;21681;1640;214;69;14087;3786;1121;669;35768;5426;1335;738
2022.03_13-10-2022;г. Санкт-Петербург;21_45_days;SputnikLite;219;9;3;1;135;18;3;1;354;27;6;2;21681;1640;214;69;14087;3786;1121;669;35768;5426;1335;738
2022.03_13-10-2022;г. Санкт-Петербург;21_45_days;SputnikV;222;16;3;1;102;20;8;6;324;36;11;7;21681;1640;214;69;14087;3786;1121;669;35768;5426;1335;738
2022.03_13-10-2022;г. Санкт-Петербург;45_75_days;AllVaccines;719;40;4;2;563;102;16;7;1282;142;20;9;21681;1640;214;69;14087;3786;1121;669;35768;5426;1335;738
2022.03_13-10-2022;г. Санкт-Петербург;45_75_days;CoviVac;6;0;0;0;0;0;0;0;6;0;0;0;21681;1640;214;69;14087;3786;1121;669;35768;5426;1335;738
2022.03_13-10-2022;г. Санкт-Петербург;45_75_days;EpiVacCorona;11;0;0;0;13;5;0;0;24;5;0;0;21681;1640;214;69;14087;3786;1121;669;35768;5426;1335;738
2022.03_13-10-2022;г. Санкт-Петербург;45_75_days;SputnikLite;375;23;3;2;339;60;9;4;714;83;12;6;21681;1640;214;69;14087;3786;1121;669;35768;5426;1335;738
2022.03_13-10-2022;г. Санкт-Петербург;45_75_days;SputnikV;327;17;1;0;211;37;7;3;538;54;8;3;21681;1640;214;69;14087;3786;1121;669;35768;5426;1335;738
2022.03_13-10-2022;г. Санкт-Петербург;75_90_days;AllVaccines;714;34;7;2;534;100;26;15;1248;134;33;17;21681;1640;214;69;14087;3786;1121;669;35768;5426;1335;738
2022.03_13-10-2022;г. Санкт-Петербург;75_90_days;CoviVac;15;2;1;0;2;0;0;0;17;2;1;0;21681;1640;214;69;14087;3786;1121;669;35768;5426;1335;738
2022.03_13-10-2022;г. Санкт-Петербург;75_90_days;EpiVacCorona;15;0;0;0;23;8;1;0;38;8;1;0;21681;1640;214;69;14087;3786;1121;669;35768;5426;1335;738
2022.03_13-10-2022;г. Санкт-Петербург;75_90_days;SputnikLite;202;14;2;1;259;51;15;8;461;65;17;9;21681;1640;214;69;14087;3786;1121;669;35768;5426;1335;738
2022.03_13-10-2022;г. Санкт-Петербург;75_90_days;SputnikV;482;18;4;1;250;41;10;7;732;59;14;8;21681;1640;214;69;14087;3786;1121;669;35768;5426;1335;738
2022.03_13-10-2022;г. Санкт-Петербург;90_105_days;AllVaccines;973;59;2;1;743;157;37;19;1716;216;39;20;21681;1640;214;69;14087;3786;1121;669;35768;5426;1335;738
2022.03_13-10-2022;г. Санкт-Петербург;90_105_days;CoviVac;10;0;0;0;4;1;0;0;14;1;0;0;21681;1640;214;69;14087;3786;1121;669;35768;5426;1335;738
2022.03_13-10-2022;г. Санкт-Петербург;90_105_days;EpiVacCorona;21;0;0;0;18;6;1;0;39;6;1;0;21681;1640;214;69;14087;3786;1121;669;35768;5426;1335;738
2022.03_13-10-2022;г. Санкт-Петербург;90_105_days;SputnikLite;287;20;1;0;353;66;12;6;640;86;13;6;21681;1640;214;69;14087;3786;1121;669;35768;5426;1335;738
2022.03_13-10-2022;г. Санкт-Петербург;90_105_days;SputnikV;655;39;1;1;368;84;24;13;1023;123;25;14;21681;1640;214;69;14087;3786;1121;669;35768;5426;1335;738
2022.03_13-10-2022;г. Севастополь;105_165_days;AllVaccines;396;22;1;1;291;43;11;5;687;65;12;6;2217;171;23;12;1683;454;123;95;3900;625;146;107
2022.03_13-10-2022;г. Севастополь;105_165_days;CoviVac;10;1;0;0;0;0;0;0;10;1;0;0;2217;171;23;12;1683;454;123;95;3900;625;146;107
2022.03_13-10-2022;г. Севастополь;105_165_days;EpiVacCorona;6;1;0;0;2;0;0;0;8;1;0;0;2217;171;23;12;1683;454;123;95;3900;625;146;107
2022.03_13-10-2022;г. Севастополь;105_165_days;SputnikLite;150;7;0;0;199;30;8;3;349;37;8;3;2217;171;23;12;1683;454;123;95;3900;625;146;107
2022.03_13-10-2022;г. Севастополь;105_165_days;SputnikV;230;13;1;1;90;13;3;2;320;26;4;3;2217;171;23;12;1683;454;123;95;3900;625;146;107
2022.03_13-10-2022;г. Севастополь;165_195_days;AllVaccines;67;2;1;0;47;9;2;2;114;11;3;2;2217;171;23;12;1683;454;123;95;3900;625;146;107
2022.03_13-10-2022;г. Севастополь;165_195_days;CoviVac;1;0;0;0;0;0;0;0;1;0;0;0;2217;171;23;12;1683;454;123;95;3900;625;146;107
2022.03_13-10-2022;г. Севастополь;165_195_days;EpiVacCorona;1;1;0;0;3;0;0;0;4;1;0;0;2217;171;23;12;1683;454;123;95;3900;625;146;107
2022.03_13-10-2022;г. Севастополь;165_195_days;SputnikLite;18;0;0;0;25;4;1;1;43;4;1;1;2217;171;23;12;1683;454;123;95;3900;625;146;107
2022.03_13-10-2022;г. Севастополь;165_195_days;SputnikV;47;1;1;0;19;5;1;1;66;6;2;1;2217;171;23;12;1683;454;123;95;3900;625;146;107
2022.03_13-10-2022;г. Севастополь;21_45_days;AllVaccines;30;2;0;0;24;1;0;0;54;3;0;0;2217;171;23;12;1683;454;123;95;3900;625;146;107
2022.03_13-10-2022;г. Севастополь;21_45_days;CoviVac;0;0;0;0;1;0;0;0;1;0;0;0;2217;171;23;12;1683;454;123;95;3900;625;146;107
2022.03_13-10-2022;г. Севастополь;21_45_days;SputnikLite;17;0;0;0;15;1;0;0;32;1;0;0;2217;171;23;12;1683;454;123;95;3900;625;146;107
2022.03_13-10-2022;г. Севастополь;21_45_days;SputnikV;13;2;0;0;8;0;0;0;21;2;0;0;2217;171;23;12;1683;454;123;95;3900;625;146;107
2022.03_13-10-2022;г. Севастополь;45_75_days;AllVaccines;99;2;1;0;77;10;2;2;176;12;3;2;2217;171;23;12;1683;454;123;95;3900;625;146;107
2022.03_13-10-2022;г. Севастополь;45_75_days;CoviVac;3;0;0;0;3;0;0;0;6;0;0;0;2217;171;23;12;1683;454;123;95;3900;625;146;107
2022.03_13-10-2022;г. Севастополь;45_75_days;EpiVacCorona;3;0;0;0;0;0;0;0;3;0;0;0;2217;171;23;12;1683;454;123;95;3900;625;146;107
2022.03_13-10-2022;г. Севастополь;45_75_days;SputnikLite;65;0;1;0;62;7;2;2;127;7;3;2;2217;171;23;12;1683;454;123;95;3900;625;146;107
2022.03_13-10-2022;г. Севастополь;45_75_days;SputnikV;28;2;0;0;12;3;0;0;40;5;0;0;2217;171;23;12;1683;454;123;95;3900;625;146;107
2022.03_13-10-2022;г. Севастополь;75_90_days;AllVaccines;60;4;1;1;35;8;1;1;95;12;2;2;2217;171;23;12;1683;454;123;95;3900;625;146;107
2022.03_13-10-2022;г. Севастополь;75_90_days;EpiVacCorona;1;0;0;0;3;2;1;1;4;2;1;1;2217;171;23;12;1683;454;123;95;3900;625;146;107
2022.03_13-10-2022;г. Севастополь;75_90_days;SputnikLite;19;1;0;0;17;2;0;0;36;3;0;0;2217;171;23;12;1683;454;123;95;3900;625;146;107
2022.03_13-10-2022;г. Севастополь;75_90_days;SputnikV;40;3;1;1;15;4;0;0;55;7;1;1;2217;171;23;12;1683;454;123;95;3900;625;146;107
2022.03_13-10-2022;г. Севастополь;90_105_days;AllVaccines;103;8;1;0;70;14;1;1;173;22;2;1;2217;171;23;12;1683;454;123;95;3900;625;146;107
2022.03_13-10-2022;г. Севастополь;90_105_days;EpiVacCorona;1;1;0;0;1;0;0;0;2;1;0;0;2217;171;23;12;1683;454;123;95;3900;625;146;107
2022.03_13-10-2022;г. Севастополь;90_105_days;SputnikLite;26;0;0;0;36;8;1;1;62;8;1;1;2217;171;23;12;1683;454;123;95;3900;625;146;107
2022.03_13-10-2022;г. Севастополь;90_105_days;SputnikV;76;7;1;0;33;6;0;0;109;13;1;0;2217;171;23;12;1683;454;123;95;3900;625;146;107
2022.04_13-10-2022;Алтайский край;105_165_days;AllVaccines;355;41;9;2;438;123;22;6;793;164;31;8;2572;300;55;23;2399;818;243;98;4971;1118;298;121
2022.04_13-10-2022;Алтайский край;105_165_days;CoviVac;10;1;0;0;4;1;1;0;14;2;1;0;2572;300;55;23;2399;818;243;98;4971;1118;298;121
2022.04_13-10-2022;Алтайский край;105_165_days;EpiVacCorona;33;2;0;0;28;9;1;0;61;11;1;0;2572;300;55;23;2399;818;243;98;4971;1118;298;121
2022.04_13-10-2022;Алтайский край;105_165_days;SputnikLite;112;17;6;2;152;43;10;2;264;60;16;4;2572;300;55;23;2399;818;243;98;4971;1118;298;121
2022.04_13-10-2022;Алтайский край;105_165_days;SputnikV;200;21;3;0;254;70;10;4;454;91;13;4;2572;300;55;23;2399;818;243;98;4971;1118;298;121
2022.04_13-10-2022;Алтайский край;165_195_days;AllVaccines;100;5;0;0;128;29;6;2;228;34;6;2;2572;300;55;23;2399;818;243;98;4971;1118;298;121
2022.04_13-10-2022;Алтайский край;165_195_days;EpiVacCorona;1;0;0;0;1;0;0;0;2;0;0;0;2572;300;55;23;2399;818;243;98;4971;1118;298;121
2022.04_13-10-2022;Алтайский край;165_195_days;SputnikLite;68;1;0;0;84;20;5;2;152;21;5;2;2572;300;55;23;2399;818;243;98;4971;1118;298;121
2022.04_13-10-2022;Алтайский край;165_195_days;SputnikV;31;4;0;0;43;9;1;0;74;13;1;0;2572;300;55;23;2399;818;243;98;4971;1118;298;121
2022.04_13-10-2022;Алтайский край;21_45_days;AllVaccines;23;1;0;0;21;7;1;1;44;8;1;1;2572;300;55;23;2399;818;243;98;4971;1118;298;121
2022.04_13-10-2022;Алтайский край;21_45_days;CoviVac;3;0;0;0;1;0;0;0;4;0;0;0;2572;300;55;23;2399;818;243;98;4971;1118;298;121
2022.04_13-10-2022;Алтайский край;21_45_days;EpiVacCorona;2;0;0;0;1;0;0;0;3;0;0;0;2572;300;55;23;2399;818;243;98;4971;1118;298;121
2022.04_13-10-2022;Алтайский край;21_45_days;SputnikLite;3;0;0;0;1;1;0;0;4;1;0;0;2572;300;55;23;2399;818;243;98;4971;1118;298;121
2022.04_13-10-2022;Алтайский край;21_45_days;SputnikV;15;1;0;0;18;6;1;1;33;7;1;1;2572;300;55;23;2399;818;243;98;4971;1118;298;121
2022.04_13-10-2022;Алтайский край;45_75_days;AllVaccines;151;16;2;1;104;25;5;3;255;41;7;4;2572;300;55;23;2399;818;243;98;4971;1118;298;121
2022.04_13-10-2022;Алтайский край;45_75_days;EpiVacCorona;7;0;0;0;6;1;0;0;13;1;0;0;2572;300;55;23;2399;818;243;98;4971;1118;298;121
2022.04_13-10-2022;Алтайский край;45_75_days;SputnikLite;86;6;0;0;47;8;3;1;133;14;3;1;2572;300;55;23;2399;818;243;98;4971;1118;298;121
2022.04_13-10-2022;Алтайский край;45_75_days;SputnikV;58;10;2;1;51;16;2;2;109;26;4;3;2572;300;55;23;2399;818;243;98;4971;1118;298;121
2022.04_13-10-2022;Алтайский край;75_90_days;AllVaccines;61;2;0;0;61;7;1;1;122;9;1;1;2572;300;55;23;2399;818;243;98;4971;1118;298;121
2022.04_13-10-2022;Алтайский край;75_90_days;EpiVacCorona;1;0;0;0;2;0;0;0;3;0;0;0;2572;300;55;23;2399;818;243;98;4971;1118;298;121
2022.04_13-10-2022;Алтайский край;75_90_days;SputnikLite;48;1;0;0;49;6;0;0;97;7;0;0;2572;300;55;23;2399;818;243;98;4971;1118;298;121
2022.04_13-10-2022;Алтайский край;75_90_days;SputnikV;12;1;0;0;10;1;1;1;22;2;1;1;2572;300;55;23;2399;818;243;98;4971;1118;298;121
2022.04_13-10-2022;Алтайский край;90_105_days;AllVaccines;38;3;0;0;51;17;0;0;89;20;0;0;2572;300;55;23;2399;818;243;98;4971;1118;298;121
2022.04_13-10-2022;Алтайский край;90_105_days;EpiVacCorona;2;0;0;0;6;2;0;0;8;2;0;0;2572;300;55;23;2399;818;243;98;4971;1118;298;121
2022.04_13-10-2022;Алтайский край;90_105_days;SputnikLite;21;2;0;0;29;8;0;0;50;10;0;0;2572;300;55;23;2399;818;243;98;4971;1118;298;121
2022.04_13-10-2022;Алтайский край;90_105_days;SputnikV;15;1;0;0;16;7;0;0;31;8;0;0;2572;300;55;23;2399;818;243;98;4971;1118;298;121
2022.04_13-10-2022;Амурская область;105_165_days;AllVaccines;172;16;2;2;180;53;12;1;352;69;14;3;1066;98;25;5;816;294;108;29;1882;392;133;34
2022.04_13-10-2022;Амурская область;105_165_days;CoviVac;6;0;0;0;0;0;0;0;6;0;0;0;1066;98;25;5;816;294;108;29;1882;392;133;34
2022.04_13-10-2022;Амурская область;105_165_days;EpiVacCorona;17;2;0;0;18;4;2;1;35;6;2;1;1066;98;25;5;816;294;108;29;1882;392;133;34
2022.04_13-10-2022;Амурская область;105_165_days;SputnikLite;42;4;1;1;81;24;4;0;123;28;5;1;1066;98;25;5;816;294;108;29;1882;392;133;34
2022.04_13-10-2022;Амурская область;105_165_days;SputnikV;107;10;1;1;81;25;6;0;188;35;7;1;1066;98;25;5;816;294;108;29;1882;392;133;34
2022.04_13-10-2022;Амурская область;165_195_days;AllVaccines;66;3;0;0;46;13;4;2;112;16;4;2;1066;98;25;5;816;294;108;29;1882;392;133;34
2022.04_13-10-2022;Амурская область;165_195_days;CoviVac;3;0;0;0;1;0;0;0;4;0;0;0;1066;98;25;5;816;294;108;29;1882;392;133;34
2022.04_13-10-2022;Амурская область;165_195_days;EpiVacCorona;3;0;0;0;1;0;0;0;4;0;0;0;1066;98;25;5;816;294;108;29;1882;392;133;34
2022.04_13-10-2022;Амурская область;165_195_days;SputnikLite;41;1;0;0;37;9;3;2;78;10;3;2;1066;98;25;5;816;294;108;29;1882;392;133;34
2022.04_13-10-2022;Амурская область;165_195_days;SputnikV;19;2;0;0;7;4;1;0;26;6;1;0;1066;98;25;5;816;294;108;29;1882;392;133;34
2022.04_13-10-2022;Амурская область;21_45_days;AllVaccines;19;0;0;0;8;1;1;0;27;1;1;0;1066;98;25;5;816;294;108;29;1882;392;133;34
2022.04_13-10-2022;Амурская область;21_45_days;CoviVac;1;0;0;0;0;0;0;0;1;0;0;0;1066;98;25;5;816;294;108;29;1882;392;133;34
2022.04_13-10-2022;Амурская область;21_45_days;EpiVacCorona;1;0;0;0;1;0;0;0;2;0;0;0;1066;98;25;5;816;294;108;29;1882;392;133;34
2022.04_13-10-2022;Амурская область;21_45_days;SputnikLite;6;0;0;0;3;1;1;0;9;1;1;0;1066;98;25;5;816;294;108;29;1882;392;133;34
2022.04_13-10-2022;Амурская область;21_45_days;SputnikV;11;0;0;0;4;0;0;0;15;0;0;0;1066;98;25;5;816;294;108;29;1882;392;133;34
2022.04_13-10-2022;Амурская область;45_75_days;AllVaccines;42;4;1;1;28;10;3;0;70;14;4;1;1066;98;25;5;816;294;108;29;1882;392;133;34
2022.04_13-10-2022;Амурская область;45_75_days;EpiVacCorona;8;0;0;0;2;1;1;0;10;1;1;0;1066;98;25;5;816;294;108;29;1882;392;133;34
2022.04_13-10-2022;Амурская область;45_75_days;SputnikLite;22;4;1;1;9;4;1;0;31;8;2;1;1066;98;25;5;816;294;108;29;1882;392;133;34
2022.04_13-10-2022;Амурская область;45_75_days;SputnikV;12;0;0;0;17;5;1;0;29;5;1;0;1066;98;25;5;816;294;108;29;1882;392;133;34
2022.04_13-10-2022;Амурская область;75_90_days;AllVaccines;29;1;0;0;11;3;2;0;40;4;2;0;1066;98;25;5;816;294;108;29;1882;392;133;34
2022.04_13-10-2022;Амурская область;75_90_days;EpiVacCorona;1;0;0;0;0;0;0;0;1;0;0;0;1066;98;25;5;816;294;108;29;1882;392;133;34
2022.04_13-10-2022;Амурская область;75_90_days;SputnikLite;23;1;0;0;8;2;1;0;31;3;1;0;1066;98;25;5;816;294;108;29;1882;392;133;34
2022.04_13-10-2022;Амурская область;75_90_days;SputnikV;5;0;0;0;3;1;1;0;8;1;1;0;1066;98;25;5;816;294;108;29;1882;392;133;34
2022.04_13-10-2022;Амурская область;90_105_days;AllVaccines;16;2;0;0;15;5;3;1;31;7;3;1;1066;98;25;5;816;294;108;29;1882;392;133;34
2022.04_13-10-2022;Амурская область;90_105_days;CoviVac;0;0;0;0;1;1;0;0;1;1;0;0;1066;98;25;5;816;294;108;29;1882;392;133;34
2022.04_13-10-2022;Амурская область;90_105_days;SputnikLite;8;1;0;0;11;2;2;1;19;3;2;1;1066;98;25;5;816;294;108;29;1882;392;133;34
2022.04_13-10-2022;Амурская область;90_105_days;SputnikV;8;1;0;0;3;2;1;0;11;3;1;0;1066;98;25;5;816;294;108;29;1882;392;133;34
2022.04_13-10-2022;Архангельская область;105_165_days;AllVaccines;241;35;3;2;253;100;19;11;494;135;22;13;1367;178;27;10;1263;550;132;81;2630;728;159;91
2022.04_13-10-2022;Архангельская область;105_165_days;CoviVac;3;0;0;0;3;1;0;0;6;1;0;0;1367;178;27;10;1263;550;132;81;2630;728;159;91
2022.04_13-10-2022;Архангельская область;105_165_days;EpiVacCorona;24;3;0;0;18;7;2;2;42;10;2;2;1367;178;27;10;1263;550;132;81;2630;728;159;91
2022.04_13-10-2022;Архангельская область;105_165_days;SputnikLite;93;15;1;0;107;37;8;4;200;52;9;4;1367;178;27;10;1263;550;132;81;2630;728;159;91
2022.04_13-10-2022;Архангельская область;105_165_days;SputnikV;121;17;2;2;125;55;9;5;246;72;11;7;1367;178;27;10;1263;550;132;81;2630;728;159;91
2022.04_13-10-2022;Архангельская область;165_195_days;AllVaccines;94;9;1;0;103;36;4;3;197;45;5;3;1367;178;27;10;1263;550;132;81;2630;728;159;91
2022.04_13-10-2022;Архангельская область;165_195_days;CoviVac;1;0;0;0;0;0;0;0;1;0;0;0;1367;178;27;10;1263;550;132;81;2630;728;159;91
2022.04_13-10-2022;Архангельская область;165_195_days;SputnikLite;79;8;1;0;80;26;1;1;159;34;2;1;1367;178;27;10;1263;550;132;81;2630;728;159;91
2022.04_13-10-2022;Архангельская область;165_195_days;SputnikV;14;1;0;0;23;10;3;2;37;11;3;2;1367;178;27;10;1263;550;132;81;2630;728;159;91
2022.04_13-10-2022;Архангельская область;21_45_days;AllVaccines;14;3;1;0;8;4;3;1;22;7;4;1;1367;178;27;10;1263;550;132;81;2630;728;159;91
2022.04_13-10-2022;Архангельская область;21_45_days;EpiVacCorona;1;1;0;0;1;0;0;0;2;1;0;0;1367;178;27;10;1263;550;132;81;2630;728;159;91
2022.04_13-10-2022;Архангельская область;21_45_days;SputnikLite;4;0;0;0;2;0;0;0;6;0;0;0;1367;178;27;10;1263;550;132;81;2630;728;159;91
2022.04_13-10-2022;Архангельская область;21_45_days;SputnikV;9;2;1;0;5;4;3;1;14;6;4;1;1367;178;27;10;1263;550;132;81;2630;728;159;91
2022.04_13-10-2022;Архангельская область;45_75_days;AllVaccines;41;1;0;0;30;10;3;0;71;11;3;0;1367;178;27;10;1263;550;132;81;2630;728;159;91
2022.04_13-10-2022;Архангельская область;45_75_days;EpiVacCorona;3;1;0;0;3;2;2;0;6;3;2;0;1367;178;27;10;1263;550;132;81;2630;728;159;91
2022.04_13-10-2022;Архангельская область;45_75_days;SputnikLite;19;0;0;0;9;3;1;0;28;3;1;0;1367;178;27;10;1263;550;132;81;2630;728;159;91
2022.04_13-10-2022;Архангельская область;45_75_days;SputnikV;19;0;0;0;18;5;0;0;37;5;0;0;1367;178;27;10;1263;550;132;81;2630;728;159;91
2022.04_13-10-2022;Архангельская область;75_90_days;AllVaccines;29;2;0;0;27;11;2;0;56;13;2;0;1367;178;27;10;1263;550;132;81;2630;728;159;91
2022.04_13-10-2022;Архангельская область;75_90_days;EpiVacCorona;0;0;0;0;1;1;0;0;1;1;0;0;1367;178;27;10;1263;550;132;81;2630;728;159;91
2022.04_13-10-2022;Архангельская область;75_90_days;SputnikLite;24;0;0;0;24;9;2;0;48;9;2;0;1367;178;27;10;1263;550;132;81;2630;728;159;91
2022.04_13-10-2022;Архангельская область;75_90_days;SputnikV;5;2;0;0;2;1;0;0;7;3;0;0;1367;178;27;10;1263;550;132;81;2630;728;159;91
2022.04_13-10-2022;Архангельская область;90_105_days;AllVaccines;17;1;0;0;20;9;2;2;37;10;2;2;1367;178;27;10;1263;550;132;81;2630;728;159;91
2022.04_13-10-2022;Архангельская область;90_105_days;EpiVacCorona;2;0;0;0;1;0;0;0;3;0;0;0;1367;178;27;10;1263;550;132;81;2630;728;159;91
2022.04_13-10-2022;Архангельская область;90_105_days;SputnikLite;12;1;0;0;14;6;1;1;26;7;1;1;1367;178;27;10;1263;550;132;81;2630;728;159;91
2022.04_13-10-2022;Архангельская область;90_105_days;SputnikV;3;0;0;0;5;3;1;1;8;3;1;1;1367;178;27;10;1263;550;132;81;2630;728;159;91
2022.04_13-10-2022;Астраханская область;105_165_days;AllVaccines;161;21;1;2;116;24;2;2;277;45;3;4;1053;139;18;9;838;262;57;30;1891;401;75;39
2022.04_13-10-2022;Астраханская область;105_165_days;CoviVac;2;0;0;0;1;0;0;0;3;0;0;0;1053;139;18;9;838;262;57;30;1891;401;75;39
2022.04_13-10-2022;Астраханская область;105_165_days;EpiVacCorona;11;0;0;0;6;3;0;0;17;3;0;0;1053;139;18;9;838;262;57;30;1891;401;75;39
2022.04_13-10-2022;Астраханская область;105_165_days;SputnikLite;66;10;0;1;66;12;1;1;132;22;1;2;1053;139;18;9;838;262;57;30;1891;401;75;39
2022.04_13-10-2022;Астраханская область;105_165_days;SputnikV;82;11;1;1;43;9;1;1;125;20;2;2;1053;139;18;9;838;262;57;30;1891;401;75;39
2022.04_13-10-2022;Астраханская область;165_195_days;AllVaccines;61;6;2;0;42;9;3;1;103;15;5;1;1053;139;18;9;838;262;57;30;1891;401;75;39
2022.04_13-10-2022;Астраханская область;165_195_days;CoviVac;1;0;0;0;1;1;1;0;2;1;1;0;1053;139;18;9;838;262;57;30;1891;401;75;39
2022.04_13-10-2022;Астраханская область;165_195_days;EpiVacCorona;0;0;0;0;2;0;0;0;2;0;0;0;1053;139;18;9;838;262;57;30;1891;401;75;39
2022.04_13-10-2022;Астраханская область;165_195_days;SputnikLite;35;2;1;0;28;6;2;1;63;8;3;1;1053;139;18;9;838;262;57;30;1891;401;75;39
2022.04_13-10-2022;Астраханская область;165_195_days;SputnikV;25;4;1;0;11;2;0;0;36;6;1;0;1053;139;18;9;838;262;57;30;1891;401;75;39
2022.04_13-10-2022;Астраханская область;21_45_days;AllVaccines;23;3;0;0;11;2;0;0;34;5;0;0;1053;139;18;9;838;262;57;30;1891;401;75;39
2022.04_13-10-2022;Астраханская область;21_45_days;SputnikLite;16;1;0;0;8;2;0;0;24;3;0;0;1053;139;18;9;838;262;57;30;1891;401;75;39
2022.04_13-10-2022;Астраханская область;21_45_days;SputnikV;7;2;0;0;3;0;0;0;10;2;0;0;1053;139;18;9;838;262;57;30;1891;401;75;39
2022.04_13-10-2022;Астраханская область;45_75_days;AllVaccines;43;2;0;0;29;6;0;0;72;8;0;0;1053;139;18;9;838;262;57;30;1891;401;75;39
2022.04_13-10-2022;Астраханская область;45_75_days;CoviVac;1;0;0;0;1;0;0;0;2;0;0;0;1053;139;18;9;838;262;57;30;1891;401;75;39
2022.04_13-10-2022;Астраханская область;45_75_days;EpiVacCorona;0;0;0;0;1;0;0;0;1;0;0;0;1053;139;18;9;838;262;57;30;1891;401;75;39
2022.04_13-10-2022;Астраханская область;45_75_days;SputnikLite;24;1;0;0;16;3;0;0;40;4;0;0;1053;139;18;9;838;262;57;30;1891;401;75;39
2022.04_13-10-2022;Астраханская область;45_75_days;SputnikV;18;1;0;0;11;3;0;0;29;4;0;0;1053;139;18;9;838;262;57;30;1891;401;75;39
2022.04_13-10-2022;Астраханская область;75_90_days;AllVaccines;28;2;0;0;20;2;0;0;48;4;0;0;1053;139;18;9;838;262;57;30;1891;401;75;39
2022.04_13-10-2022;Астраханская область;75_90_days;CoviVac;0;0;0;0;1;0;0;0;1;0;0;0;1053;139;18;9;838;262;57;30;1891;401;75;39
2022.04_13-10-2022;Астраханская область;75_90_days;SputnikLite;25;2;0;0;16;2;0;0;41;4;0;0;1053;139;18;9;838;262;57;30;1891;401;75;39
2022.04_13-10-2022;Астраханская область;75_90_days;SputnikV;3;0;0;0;3;0;0;0;6;0;0;0;1053;139;18;9;838;262;57;30;1891;401;75;39
2022.04_13-10-2022;Астраханская область;90_105_days;AllVaccines;26;3;0;0;21;3;1;1;47;6;1;1;1053;139;18;9;838;262;57;30;1891;401;75;39
2022.04_13-10-2022;Астраханская область;90_105_days;EpiVacCorona;0;0;0;0;3;0;0;0;3;0;0;0;1053;139;18;9;838;262;57;30;1891;401;75;39
2022.04_13-10-2022;Астраханская область;90_105_days;SputnikLite;13;2;0;0;12;3;1;1;25;5;1;1;1053;139;18;9;838;262;57;30;1891;401;75;39
2022.04_13-10-2022;Астраханская область;90_105_days;SputnikV;13;1;0;0;6;0;0;0;19;1;0;0;1053;139;18;9;838;262;57;30;1891;401;75;39
2022.04_13-10-2022;Белгородская область;105_165_days;AllVaccines;280;30;2;0;245;55;6;5;525;85;8;5;1332;150;13;7;1252;334;60;48;2584;484;73;55
2022.04_13-10-2022;Белгородская область;105_165_days;CoviVac;5;0;0;0;4;1;0;0;9;1;0;0;1332;150;13;7;1252;334;60;48;2584;484;73;55
2022.04_13-10-2022;Белгородская область;105_165_days;EpiVacCorona;3;0;0;0;6;4;2;1;9;4;2;1;1332;150;13;7;1252;334;60;48;2584;484;73;55
2022.04_13-10-2022;Белгородская область;105_165_days;SputnikLite;130;14;1;0;111;24;2;2;241;38;3;2;1332;150;13;7;1252;334;60;48;2584;484;73;55
2022.04_13-10-2022;Белгородская область;105_165_days;SputnikV;142;16;1;0;124;26;2;2;266;42;3;2;1332;150;13;7;1252;334;60;48;2584;484;73;55
2022.04_13-10-2022;Белгородская область;165_195_days;AllVaccines;82;9;2;2;112;20;2;2;194;29;4;4;1332;150;13;7;1252;334;60;48;2584;484;73;55
2022.04_13-10-2022;Белгородская область;165_195_days;CoviVac;3;0;0;0;1;0;0;0;4;0;0;0;1332;150;13;7;1252;334;60;48;2584;484;73;55
2022.04_13-10-2022;Белгородская область;165_195_days;EpiVacCorona;1;1;0;0;0;0;0;0;1;1;0;0;1332;150;13;7;1252;334;60;48;2584;484;73;55
2022.04_13-10-2022;Белгородская область;165_195_days;SputnikLite;57;8;2;2;93;13;0;0;150;21;2;2;1332;150;13;7;1252;334;60;48;2584;484;73;55
2022.04_13-10-2022;Белгородская область;165_195_days;SputnikV;21;0;0;0;18;7;2;2;39;7;2;2;1332;150;13;7;1252;334;60;48;2584;484;73;55
2022.04_13-10-2022;Белгородская область;21_45_days;AllVaccines;14;0;0;0;12;1;0;0;26;1;0;0;1332;150;13;7;1252;334;60;48;2584;484;73;55
2022.04_13-10-2022;Белгородская область;21_45_days;EpiVacCorona;1;0;0;0;1;0;0;0;2;0;0;0;1332;150;13;7;1252;334;60;48;2584;484;73;55
2022.04_13-10-2022;Белгородская область;21_45_days;SputnikLite;8;0;0;0;8;1;0;0;16;1;0;0;1332;150;13;7;1252;334;60;48;2584;484;73;55
2022.04_13-10-2022;Белгородская область;21_45_days;SputnikV;5;0;0;0;3;0;0;0;8;0;0;0;1332;150;13;7;1252;334;60;48;2584;484;73;55
2022.04_13-10-2022;Белгородская область;45_75_days;AllVaccines;54;7;1;1;33;4;1;0;87;11;2;1;1332;150;13;7;1252;334;60;48;2584;484;73;55
2022.04_13-10-2022;Белгородская область;45_75_days;CoviVac;1;0;0;0;0;0;0;0;1;0;0;0;1332;150;13;7;1252;334;60;48;2584;484;73;55
2022.04_13-10-2022;Белгородская область;45_75_days;EpiVacCorona;2;2;0;0;2;0;0;0;4;2;0;0;1332;150;13;7;1252;334;60;48;2584;484;73;55
2022.04_13-10-2022;Белгородская область;45_75_days;SputnikLite;35;3;0;0;22;3;1;0;57;6;1;0;1332;150;13;7;1252;334;60;48;2584;484;73;55
2022.04_13-10-2022;Белгородская область;45_75_days;SputnikV;16;2;1;1;9;1;0;0;25;3;1;1;1332;150;13;7;1252;334;60;48;2584;484;73;55
2022.04_13-10-2022;Белгородская область;75_90_days;AllVaccines;49;2;0;0;28;4;3;2;77;6;3;2;1332;150;13;7;1252;334;60;48;2584;484;73;55
2022.04_13-10-2022;Белгородская область;75_90_days;CoviVac;0;0;0;0;1;0;0;0;1;0;0;0;1332;150;13;7;1252;334;60;48;2584;484;73;55
2022.04_13-10-2022;Белгородская область;75_90_days;SputnikLite;45;2;0;0;25;4;3;2;70;6;3;2;1332;150;13;7;1252;334;60;48;2584;484;73;55
2022.04_13-10-2022;Белгородская область;75_90_days;SputnikV;4;0;0;0;2;0;0;0;6;0;0;0;1332;150;13;7;1252;334;60;48;2584;484;73;55
2022.04_13-10-2022;Белгородская область;90_105_days;AllVaccines;25;3;0;0;29;8;3;3;54;11;3;3;1332;150;13;7;1252;334;60;48;2584;484;73;55
2022.04_13-10-2022;Белгородская область;90_105_days;EpiVacCorona;0;0;0;0;1;1;0;0;1;1;0;0;1332;150;13;7;1252;334;60;48;2584;484;73;55
2022.04_13-10-2022;Белгородская область;90_105_days;SputnikLite;14;1;0;0;23;7;3;3;37;8;3;3;1332;150;13;7;1252;334;60;48;2584;484;73;55
2022.04_13-10-2022;Белгородская область;90_105_days;SputnikV;11;2;0;0;5;0;0;0;16;2;0;0;1332;150;13;7;1252;334;60;48;2584;484;73;55
2022.04_13-10-2022;Брянская область;105_165_days;AllVaccines;177;11;1;0;268;39;5;4;445;50;6;4;1222;60;7;6;1365;286;56;45;2587;346;63;51
2022.04_13-10-2022;Брянская область;105_165_days;CoviVac;14;0;0;0;8;1;0;0;22;1;0;0;1222;60;7;6;1365;286;56;45;2587;346;63;51
2022.04_13-10-2022;Брянская область;105_165_days;EpiVacCorona;23;1;0;0;26;8;0;0;49;9;0;0;1222;60;7;6;1365;286;56;45;2587;346;63;51
2022.04_13-10-2022;Брянская область;105_165_days;SputnikLite;44;3;0;0;108;16;4;3;152;19;4;3;1222;60;7;6;1365;286;56;45;2587;346;63;51
2022.04_13-10-2022;Брянская область;105_165_days;SputnikV;96;7;1;0;126;14;1;1;222;21;2;1;1222;60;7;6;1365;286;56;45;2587;346;63;51
2022.04_13-10-2022;Брянская область;165_195_days;AllVaccines;75;0;0;0;103;11;1;1;178;11;1;1;1222;60;7;6;1365;286;56;45;2587;346;63;51
2022.04_13-10-2022;Брянская область;165_195_days;CoviVac;1;0;0;0;0;0;0;0;1;0;0;0;1222;60;7;6;1365;286;56;45;2587;346;63;51
2022.04_13-10-2022;Брянская область;165_195_days;SputnikLite;43;0;0;0;83;9;0;0;126;9;0;0;1222;60;7;6;1365;286;56;45;2587;346;63;51
2022.04_13-10-2022;Брянская область;165_195_days;SputnikV;31;0;0;0;20;2;1;1;51;2;1;1;1222;60;7;6;1365;286;56;45;2587;346;63;51
2022.04_13-10-2022;Брянская область;21_45_days;AllVaccines;6;1;0;0;7;0;0;0;13;1;0;0;1222;60;7;6;1365;286;56;45;2587;346;63;51
2022.04_13-10-2022;Брянская область;21_45_days;EpiVacCorona;1;1;0;0;0;0;0;0;1;1;0;0;1222;60;7;6;1365;286;56;45;2587;346;63;51
2022.04_13-10-2022;Брянская область;21_45_days;SputnikLite;1;0;0;0;5;0;0;0;6;0;0;0;1222;60;7;6;1365;286;56;45;2587;346;63;51
2022.04_13-10-2022;Брянская область;21_45_days;SputnikV;4;0;0;0;2;0;0;0;6;0;0;0;1222;60;7;6;1365;286;56;45;2587;346;63;51
2022.04_13-10-2022;Брянская область;45_75_days;AllVaccines;47;1;0;0;51;7;0;0;98;8;0;0;1222;60;7;6;1365;286;56;45;2587;346;63;51
2022.04_13-10-2022;Брянская область;45_75_days;CoviVac;1;0;0;0;2;0;0;0;3;0;0;0;1222;60;7;6;1365;286;56;45;2587;346;63;51
2022.04_13-10-2022;Брянская область;45_75_days;EpiVacCorona;4;0;0;0;4;3;0;0;8;3;0;0;1222;60;7;6;1365;286;56;45;2587;346;63;51
2022.04_13-10-2022;Брянская область;45_75_days;SputnikLite;18;0;0;0;22;2;0;0;40;2;0;0;1222;60;7;6;1365;286;56;45;2587;346;63;51
2022.04_13-10-2022;Брянская область;45_75_days;SputnikV;24;1;0;0;23;2;0;0;47;3;0;0;1222;60;7;6;1365;286;56;45;2587;346;63;51
2022.04_13-10-2022;Брянская область;75_90_days;AllVaccines;38;0;0;0;42;7;3;2;80;7;3;2;1222;60;7;6;1365;286;56;45;2587;346;63;51
2022.04_13-10-2022;Брянская область;75_90_days;SputnikLite;34;0;0;0;38;5;1;1;72;5;1;1;1222;60;7;6;1365;286;56;45;2587;346;63;51
2022.04_13-10-2022;Брянская область;75_90_days;SputnikV;4;0;0;0;4;2;2;1;8;2;2;1;1222;60;7;6;1365;286;56;45;2587;346;63;51
2022.04_13-10-2022;Брянская область;90_105_days;AllVaccines;13;0;0;0;24;4;0;0;37;4;0;0;1222;60;7;6;1365;286;56;45;2587;346;63;51
2022.04_13-10-2022;Брянская область;90_105_days;CoviVac;0;0;0;0;1;0;0;0;1;0;0;0;1222;60;7;6;1365;286;56;45;2587;346;63;51
2022.04_13-10-2022;Брянская область;90_105_days;EpiVacCorona;0;0;0;0;1;0;0;0;1;0;0;0;1222;60;7;6;1365;286;56;45;2587;346;63;51
2022.04_13-10-2022;Брянская область;90_105_days;SputnikLite;6;0;0;0;15;4;0;0;21;4;0;0;1222;60;7;6;1365;286;56;45;2587;346;63;51
2022.04_13-10-2022;Брянская область;90_105_days;SputnikV;7;0;0;0;7;0;0;0;14;0;0;0;1222;60;7;6;1365;286;56;45;2587;346;63;51
2022.04_13-10-2022;Владимирская область;105_165_days;AllVaccines;199;13;1;1;242;54;6;3;441;67;7;4;1319;151;14;7;1352;372;88;47;2671;523;102;54
2022.04_13-10-2022;Владимирская область;105_165_days;CoviVac;6;1;0;0;2;0;0;0;8;1;0;0;1319;151;14;7;1352;372;88;47;2671;523;102;54
2022.04_13-10-2022;Владимирская область;105_165_days;EpiVacCorona;10;1;0;0;20;5;1;0;30;6;1;0;1319;151;14;7;1352;372;88;47;2671;523;102;54
2022.04_13-10-2022;Владимирская область;105_165_days;SputnikLite;84;5;0;0;104;22;2;2;188;27;2;2;1319;151;14;7;1352;372;88;47;2671;523;102;54
2022.04_13-10-2022;Владимирская область;105_165_days;SputnikV;99;6;1;1;116;27;3;1;215;33;4;2;1319;151;14;7;1352;372;88;47;2671;523;102;54
2022.04_13-10-2022;Владимирская область;165_195_days;AllVaccines;61;5;0;0;89;23;2;0;150;28;2;0;1319;151;14;7;1352;372;88;47;2671;523;102;54
2022.04_13-10-2022;Владимирская область;165_195_days;EpiVacCorona;1;0;0;0;0;0;0;0;1;0;0;0;1319;151;14;7;1352;372;88;47;2671;523;102;54
2022.04_13-10-2022;Владимирская область;165_195_days;SputnikLite;40;3;0;0;60;15;2;0;100;18;2;0;1319;151;14;7;1352;372;88;47;2671;523;102;54
2022.04_13-10-2022;Владимирская область;165_195_days;SputnikV;20;2;0;0;29;8;0;0;49;10;0;0;1319;151;14;7;1352;372;88;47;2671;523;102;54
2022.04_13-10-2022;Владимирская область;21_45_days;AllVaccines;5;1;0;0;7;4;0;0;12;5;0;0;1319;151;14;7;1352;372;88;47;2671;523;102;54
2022.04_13-10-2022;Владимирская область;21_45_days;CoviVac;0;0;0;0;1;1;0;0;1;1;0;0;1319;151;14;7;1352;372;88;47;2671;523;102;54
2022.04_13-10-2022;Владимирская область;21_45_days;EpiVacCorona;0;0;0;0;1;1;0;0;1;1;0;0;1319;151;14;7;1352;372;88;47;2671;523;102;54
2022.04_13-10-2022;Владимирская область;21_45_days;SputnikLite;0;0;0;0;4;1;0;0;4;1;0;0;1319;151;14;7;1352;372;88;47;2671;523;102;54
2022.04_13-10-2022;Владимирская область;21_45_days;SputnikV;5;1;0;0;1;1;0;0;6;2;0;0;1319;151;14;7;1352;372;88;47;2671;523;102;54
2022.04_13-10-2022;Владимирская область;45_75_days;AllVaccines;26;0;0;0;31;5;1;1;57;5;1;1;1319;151;14;7;1352;372;88;47;2671;523;102;54
2022.04_13-10-2022;Владимирская область;45_75_days;EpiVacCorona;0;0;0;0;2;0;0;0;2;0;0;0;1319;151;14;7;1352;372;88;47;2671;523;102;54
2022.04_13-10-2022;Владимирская область;45_75_days;SputnikLite;21;0;0;0;17;2;1;1;38;2;1;1;1319;151;14;7;1352;372;88;47;2671;523;102;54
2022.04_13-10-2022;Владимирская область;45_75_days;SputnikV;5;0;0;0;12;3;0;0;17;3;0;0;1319;151;14;7;1352;372;88;47;2671;523;102;54
2022.04_13-10-2022;Владимирская область;75_90_days;AllVaccines;25;3;0;0;27;4;1;1;52;7;1;1;1319;151;14;7;1352;372;88;47;2671;523;102;54
2022.04_13-10-2022;Владимирская область;75_90_days;EpiVacCorona;1;0;0;0;2;0;0;0;3;0;0;0;1319;151;14;7;1352;372;88;47;2671;523;102;54
2022.04_13-10-2022;Владимирская область;75_90_days;SputnikLite;22;3;0;0;22;4;1;1;44;7;1;1;1319;151;14;7;1352;372;88;47;2671;523;102;54
2022.04_13-10-2022;Владимирская область;75_90_days;SputnikV;2;0;0;0;3;0;0;0;5;0;0;0;1319;151;14;7;1352;372;88;47;2671;523;102;54
2022.04_13-10-2022;Владимирская область;90_105_days;AllVaccines;15;2;0;0;19;4;2;1;34;6;2;1;1319;151;14;7;1352;372;88;47;2671;523;102;54
2022.04_13-10-2022;Владимирская область;90_105_days;EpiVacCorona;1;1;0;0;5;1;0;0;6;2;0;0;1319;151;14;7;1352;372;88;47;2671;523;102;54
2022.04_13-10-2022;Владимирская область;90_105_days;SputnikLite;6;1;0;0;8;3;2;1;14;4;2;1;1319;151;14;7;1352;372;88;47;2671;523;102;54
2022.04_13-10-2022;Владимирская область;90_105_days;SputnikV;8;0;0;0;6;0;0;0;14;0;0;0;1319;151;14;7;1352;372;88;47;2671;523;102;54
2022.04_13-10-2022;Волгоградская область;105_165_days;AllVaccines;791;84;13;4;734;204;40;15;1525;288;53;19;4018;444;69;22;3237;1113;314;135;7255;1557;383;157
2022.04_13-10-2022;Волгоградская область;105_165_days;CoviVac;5;1;0;0;7;5;2;0;12;6;2;0;4018;444;69;22;3237;1113;314;135;7255;1557;383;157
2022.04_13-10-2022;Волгоградская область;105_165_days;EpiVacCorona;29;4;0;0;22;5;2;0;51;9;2;0;4018;444;69;22;3237;1113;314;135;7255;1557;383;157
2022.04_13-10-2022;Волгоградская область;105_165_days;SputnikLite;225;26;2;1;247;73;14;7;472;99;16;8;4018;444;69;22;3237;1113;314;135;7255;1557;383;157
2022.04_13-10-2022;Волгоградская область;105_165_days;SputnikV;532;53;11;3;458;121;22;8;990;174;33;11;4018;444;69;22;3237;1113;314;135;7255;1557;383;157
2022.04_13-10-2022;Волгоградская область;165_195_days;AllVaccines;190;18;4;0;191;67;8;2;381;85;12;2;4018;444;69;22;3237;1113;314;135;7255;1557;383;157
2022.04_13-10-2022;Волгоградская область;165_195_days;CoviVac;5;0;0;0;3;0;0;0;8;0;0;0;4018;444;69;22;3237;1113;314;135;7255;1557;383;157
2022.04_13-10-2022;Волгоградская область;165_195_days;EpiVacCorona;0;0;0;0;4;1;0;0;4;1;0;0;4018;444;69;22;3237;1113;314;135;7255;1557;383;157
2022.04_13-10-2022;Волгоградская область;165_195_days;SputnikLite;117;13;3;0;127;47;6;1;244;60;9;1;4018;444;69;22;3237;1113;314;135;7255;1557;383;157
2022.04_13-10-2022;Волгоградская область;165_195_days;SputnikV;68;5;1;0;57;19;2;1;125;24;3;1;4018;444;69;22;3237;1113;314;135;7255;1557;383;157
2022.04_13-10-2022;Волгоградская область;21_45_days;AllVaccines;61;9;1;0;34;9;1;1;95;18;2;1;4018;444;69;22;3237;1113;314;135;7255;1557;383;157
2022.04_13-10-2022;Волгоградская область;21_45_days;CoviVac;0;0;0;0;1;0;0;0;1;0;0;0;4018;444;69;22;3237;1113;314;135;7255;1557;383;157
2022.04_13-10-2022;Волгоградская область;21_45_days;EpiVacCorona;5;2;0;0;3;2;0;0;8;4;0;0;4018;444;69;22;3237;1113;314;135;7255;1557;383;157
2022.04_13-10-2022;Волгоградская область;21_45_days;SputnikLite;31;3;1;0;13;2;1;1;44;5;2;1;4018;444;69;22;3237;1113;314;135;7255;1557;383;157
2022.04_13-10-2022;Волгоградская область;21_45_days;SputnikV;25;4;0;0;17;5;0;0;42;9;0;0;4018;444;69;22;3237;1113;314;135;7255;1557;383;157
2022.04_13-10-2022;Волгоградская область;45_75_days;AllVaccines;188;19;1;1;114;22;5;0;302;41;6;1;4018;444;69;22;3237;1113;314;135;7255;1557;383;157
2022.04_13-10-2022;Волгоградская область;45_75_days;CoviVac;7;1;0;0;3;0;0;0;10;1;0;0;4018;444;69;22;3237;1113;314;135;7255;1557;383;157
2022.04_13-10-2022;Волгоградская область;45_75_days;EpiVacCorona;9;1;0;0;0;0;0;0;9;1;0;0;4018;444;69;22;3237;1113;314;135;7255;1557;383;157
2022.04_13-10-2022;Волгоградская область;45_75_days;SputnikLite;98;10;0;0;56;12;2;0;154;22;2;0;4018;444;69;22;3237;1113;314;135;7255;1557;383;157
2022.04_13-10-2022;Волгоградская область;45_75_days;SputnikV;74;7;1;1;55;10;3;0;129;17;4;1;4018;444;69;22;3237;1113;314;135;7255;1557;383;157
2022.04_13-10-2022;Волгоградская область;75_90_days;AllVaccines;119;8;0;0;75;17;4;2;194;25;4;2;4018;444;69;22;3237;1113;314;135;7255;1557;383;157
2022.04_13-10-2022;Волгоградская область;75_90_days;CoviVac;2;0;0;0;1;0;0;0;3;0;0;0;4018;444;69;22;3237;1113;314;135;7255;1557;383;157
2022.04_13-10-2022;Волгоградская область;75_90_days;EpiVacCorona;1;0;0;0;3;3;0;0;4;3;0;0;4018;444;69;22;3237;1113;314;135;7255;1557;383;157
2022.04_13-10-2022;Волгоградская область;75_90_days;SputnikLite;96;7;0;0;58;10;3;1;154;17;3;1;4018;444;69;22;3237;1113;314;135;7255;1557;383;157
2022.04_13-10-2022;Волгоградская область;75_90_days;SputnikV;20;1;0;0;13;4;1;1;33;5;1;1;4018;444;69;22;3237;1113;314;135;7255;1557;383;157
2022.04_13-10-2022;Волгоградская область;90_105_days;AllVaccines;86;10;1;0;79;25;9;2;165;35;10;2;4018;444;69;22;3237;1113;314;135;7255;1557;383;157
2022.04_13-10-2022;Волгоградская область;90_105_days;CoviVac;1;0;0;0;2;1;0;0;3;1;0;0;4018;444;69;22;3237;1113;314;135;7255;1557;383;157
2022.04_13-10-2022;Волгоградская область;90_105_days;EpiVacCorona;5;0;0;0;3;3;1;0;8;3;1;0;4018;444;69;22;3237;1113;314;135;7255;1557;383;157
2022.04_13-10-2022;Волгоградская область;90_105_days;SputnikLite;60;4;0;0;47;16;6;0;107;20;6;0;4018;444;69;22;3237;1113;314;135;7255;1557;383;157
2022.04_13-10-2022;Волгоградская область;90_105_days;SputnikV;20;6;1;0;27;5;2;2;47;11;3;2;4018;444;69;22;3237;1113;314;135;7255;1557;383;157
2022.04_13-10-2022;Вологодская область;105_165_days;AllVaccines;320;15;2;1;288;62;12;9;608;77;14;10;1810;138;32;11;1395;335;80;45;3205;473;112;56
2022.04_13-10-2022;Вологодская область;105_165_days;CoviVac;9;0;0;0;2;1;0;0;11;1;0;0;1810;138;32;11;1395;335;80;45;3205;473;112;56
2022.04_13-10-2022;Вологодская область;105_165_days;EpiVacCorona;17;0;0;0;19;2;1;0;36;2;1;0;1810;138;32;11;1395;335;80;45;3205;473;112;56
2022.04_13-10-2022;Вологодская область;105_165_days;SputnikLite;89;6;0;0;91;15;0;0;180;21;0;0;1810;138;32;11;1395;335;80;45;3205;473;112;56
2022.04_13-10-2022;Вологодская область;105_165_days;SputnikV;205;9;2;1;176;44;11;9;381;53;13;10;1810;138;32;11;1395;335;80;45;3205;473;112;56
2022.04_13-10-2022;Вологодская область;165_195_days;AllVaccines;142;6;1;0;98;19;4;2;240;25;5;2;1810;138;32;11;1395;335;80;45;3205;473;112;56
2022.04_13-10-2022;Вологодская область;165_195_days;SputnikLite;131;6;1;0;70;14;4;2;201;20;5;2;1810;138;32;11;1395;335;80;45;3205;473;112;56
2022.04_13-10-2022;Вологодская область;165_195_days;SputnikV;11;0;0;0;28;5;0;0;39;5;0;0;1810;138;32;11;1395;335;80;45;3205;473;112;56
2022.04_13-10-2022;Вологодская область;21_45_days;AllVaccines;19;1;0;0;15;5;1;0;34;6;1;0;1810;138;32;11;1395;335;80;45;3205;473;112;56
2022.04_13-10-2022;Вологодская область;21_45_days;CoviVac;1;0;0;0;0;0;0;0;1;0;0;0;1810;138;32;11;1395;335;80;45;3205;473;112;56
2022.04_13-10-2022;Вологодская область;21_45_days;EpiVacCorona;1;0;0;0;1;0;0;0;2;0;0;0;1810;138;32;11;1395;335;80;45;3205;473;112;56
2022.04_13-10-2022;Вологодская область;21_45_days;SputnikLite;5;1;0;0;2;1;0;0;7;2;0;0;1810;138;32;11;1395;335;80;45;3205;473;112;56
2022.04_13-10-2022;Вологодская область;21_45_days;SputnikV;12;0;0;0;12;4;1;0;24;4;1;0;1810;138;32;11;1395;335;80;45;3205;473;112;56
2022.04_13-10-2022;Вологодская область;45_75_days;AllVaccines;50;3;0;0;27;9;1;0;77;12;1;0;1810;138;32;11;1395;335;80;45;3205;473;112;56
2022.04_13-10-2022;Вологодская область;45_75_days;CoviVac;0;0;0;0;2;1;0;0;2;1;0;0;1810;138;32;11;1395;335;80;45;3205;473;112;56
2022.04_13-10-2022;Вологодская область;45_75_days;EpiVacCorona;3;1;0;0;4;0;0;0;7;1;0;0;1810;138;32;11;1395;335;80;45;3205;473;112;56
2022.04_13-10-2022;Вологодская область;45_75_days;SputnikLite;16;0;0;0;5;1;0;0;21;1;0;0;1810;138;32;11;1395;335;80;45;3205;473;112;56
2022.04_13-10-2022;Вологодская область;45_75_days;SputnikV;31;2;0;0;16;7;1;0;47;9;1;0;1810;138;32;11;1395;335;80;45;3205;473;112;56
2022.04_13-10-2022;Вологодская область;75_90_days;AllVaccines;30;4;0;0;24;2;0;0;54;6;0;0;1810;138;32;11;1395;335;80;45;3205;473;112;56
2022.04_13-10-2022;Вологодская область;75_90_days;CoviVac;1;0;0;0;0;0;0;0;1;0;0;0;1810;138;32;11;1395;335;80;45;3205;473;112;56
2022.04_13-10-2022;Вологодская область;75_90_days;EpiVacCorona;1;0;0;0;0;0;0;0;1;0;0;0;1810;138;32;11;1395;335;80;45;3205;473;112;56
2022.04_13-10-2022;Вологодская область;75_90_days;SputnikLite;20;4;0;0;20;2;0;0;40;6;0;0;1810;138;32;11;1395;335;80;45;3205;473;112;56
2022.04_13-10-2022;Вологодская область;75_90_days;SputnikV;8;0;0;0;4;0;0;0;12;0;0;0;1810;138;32;11;1395;335;80;45;3205;473;112;56
2022.04_13-10-2022;Вологодская область;90_105_days;AllVaccines;33;4;0;0;20;2;0;0;53;6;0;0;1810;138;32;11;1395;335;80;45;3205;473;112;56
2022.04_13-10-2022;Вологодская область;90_105_days;CoviVac;1;0;0;0;0;0;0;0;1;0;0;0;1810;138;32;11;1395;335;80;45;3205;473;112;56
2022.04_13-10-2022;Вологодская область;90_105_days;EpiVacCorona;6;0;0;0;4;0;0;0;10;0;0;0;1810;138;32;11;1395;335;80;45;3205;473;112;56
2022.04_13-10-2022;Вологодская область;90_105_days;SputnikLite;9;1;0;0;7;0;0;0;16;1;0;0;1810;138;32;11;1395;335;80;45;3205;473;112;56
2022.04_13-10-2022;Вологодская область;90_105_days;SputnikV;17;3;0;0;9;2;0;0;26;5;0;0;1810;138;32;11;1395;335;80;45;3205;473;112;56
2022.04_13-10-2022;Воронежская область;105_165_days;AllVaccines;932;47;6;2;835;157;17;11;1767;204;23;13;4836;291;28;12;4244;973;179;119;9080;1264;207;131
2022.04_13-10-2022;Воронежская область;105_165_days;CoviVac;15;0;0;0;7;0;0;0;22;0;0;0;4836;291;28;12;4244;973;179;119;9080;1264;207;131
2022.04_13-10-2022;Воронежская область;105_165_days;EpiVacCorona;38;3;0;0;45;14;4;3;83;17;4;3;4836;291;28;12;4244;973;179;119;9080;1264;207;131
2022.04_13-10-2022;Воронежская область;105_165_days;SputnikLite;232;12;1;1;340;58;7;4;572;70;8;5;4836;291;28;12;4244;973;179;119;9080;1264;207;131
2022.04_13-10-2022;Воронежская область;105_165_days;SputnikV;647;32;5;1;443;85;6;4;1090;117;11;5;4836;291;28;12;4244;973;179;119;9080;1264;207;131
2022.04_13-10-2022;Воронежская область;165_195_days;AllVaccines;286;9;0;0;298;41;4;1;584;50;4;1;4836;291;28;12;4244;973;179;119;9080;1264;207;131
2022.04_13-10-2022;Воронежская область;165_195_days;CoviVac;6;0;0;0;1;0;0;0;7;0;0;0;4836;291;28;12;4244;973;179;119;9080;1264;207;131
2022.04_13-10-2022;Воронежская область;165_195_days;EpiVacCorona;3;0;0;0;1;1;0;0;4;1;0;0;4836;291;28;12;4244;973;179;119;9080;1264;207;131
2022.04_13-10-2022;Воронежская область;165_195_days;SputnikLite;195;8;0;0;224;32;4;1;419;40;4;1;4836;291;28;12;4244;973;179;119;9080;1264;207;131
2022.04_13-10-2022;Воронежская область;165_195_days;SputnikV;82;1;0;0;72;8;0;0;154;9;0;0;4836;291;28;12;4244;973;179;119;9080;1264;207;131
2022.04_13-10-2022;Воронежская область;21_45_days;AllVaccines;55;3;0;0;40;4;0;0;95;7;0;0;4836;291;28;12;4244;973;179;119;9080;1264;207;131
2022.04_13-10-2022;Воронежская область;21_45_days;CoviVac;3;0;0;0;2;0;0;0;5;0;0;0;4836;291;28;12;4244;973;179;119;9080;1264;207;131
2022.04_13-10-2022;Воронежская область;21_45_days;EpiVacCorona;4;0;0;0;8;1;0;0;12;1;0;0;4836;291;28;12;4244;973;179;119;9080;1264;207;131
2022.04_13-10-2022;Воронежская область;21_45_days;SputnikLite;15;1;0;0;14;0;0;0;29;1;0;0;4836;291;28;12;4244;973;179;119;9080;1264;207;131
2022.04_13-10-2022;Воронежская область;21_45_days;SputnikV;33;2;0;0;16;3;0;0;49;5;0;0;4836;291;28;12;4244;973;179;119;9080;1264;207;131
2022.04_13-10-2022;Воронежская область;45_75_days;AllVaccines;141;4;0;0;136;34;5;4;277;38;5;4;4836;291;28;12;4244;973;179;119;9080;1264;207;131
2022.04_13-10-2022;Воронежская область;45_75_days;CoviVac;3;0;0;0;5;0;0;0;8;0;0;0;4836;291;28;12;4244;973;179;119;9080;1264;207;131
2022.04_13-10-2022;Воронежская область;45_75_days;EpiVacCorona;4;0;0;0;3;2;0;0;7;2;0;0;4836;291;28;12;4244;973;179;119;9080;1264;207;131
2022.04_13-10-2022;Воронежская область;45_75_days;SputnikLite;73;1;0;0;52;12;0;0;125;13;0;0;4836;291;28;12;4244;973;179;119;9080;1264;207;131
2022.04_13-10-2022;Воронежская область;45_75_days;SputnikV;61;3;0;0;76;20;5;4;137;23;5;4;4836;291;28;12;4244;973;179;119;9080;1264;207;131
2022.04_13-10-2022;Воронежская область;75_90_days;AllVaccines;116;7;0;0;94;14;5;3;210;21;5;3;4836;291;28;12;4244;973;179;119;9080;1264;207;131
2022.04_13-10-2022;Воронежская область;75_90_days;CoviVac;3;0;0;0;0;0;0;0;3;0;0;0;4836;291;28;12;4244;973;179;119;9080;1264;207;131
2022.04_13-10-2022;Воронежская область;75_90_days;EpiVacCorona;5;0;0;0;4;0;0;0;9;0;0;0;4836;291;28;12;4244;973;179;119;9080;1264;207;131
2022.04_13-10-2022;Воронежская область;75_90_days;SputnikLite;97;6;0;0;78;12;5;3;175;18;5;3;4836;291;28;12;4244;973;179;119;9080;1264;207;131
2022.04_13-10-2022;Воронежская область;75_90_days;SputnikV;11;1;0;0;12;2;0;0;23;3;0;0;4836;291;28;12;4244;973;179;119;9080;1264;207;131
2022.04_13-10-2022;Воронежская область;90_105_days;AllVaccines;77;2;1;0;69;15;1;0;146;17;2;0;4836;291;28;12;4244;973;179;119;9080;1264;207;131
2022.04_13-10-2022;Воронежская область;90_105_days;EpiVacCorona;5;0;0;0;7;2;0;0;12;2;0;0;4836;291;28;12;4244;973;179;119;9080;1264;207;131
2022.04_13-10-2022;Воронежская область;90_105_days;SputnikLite;47;1;0;0;45;8;0;0;92;9;0;0;4836;291;28;12;4244;973;179;119;9080;1264;207;131
2022.04_13-10-2022;Воронежская область;90_105_days;SputnikV;25;1;1;0;17;5;1;0;42;6;2;0;4836;291;28;12;4244;973;179;119;9080;1264;207;131
2022.04_13-10-2022;Еврейская автономная область;105_165_days;AllVaccines;34;6;1;0;18;11;0;0;52;17;1;0;205;42;1;0;197;115;8;20;402;157;9;20
2022.04_13-10-2022;Еврейская автономная область;105_165_days;CoviVac;1;0;0;0;1;1;0;0;2;1;0;0;205;42;1;0;197;115;8;20;402;157;9;20
2022.04_13-10-2022;Еврейская автономная область;105_165_days;EpiVacCorona;4;0;0;0;1;1;0;0;5;1;0;0;205;42;1;0;197;115;8;20;402;157;9;20
2022.04_13-10-2022;Еврейская автономная область;105_165_days;SputnikLite;14;2;1;0;8;6;0;0;22;8;1;0;205;42;1;0;197;115;8;20;402;157;9;20
2022.04_13-10-2022;Еврейская автономная область;105_165_days;SputnikV;15;4;0;0;8;3;0;0;23;7;0;0;205;42;1;0;197;115;8;20;402;157;9;20
2022.04_13-10-2022;Еврейская автономная область;165_195_days;AllVaccines;7;0;0;0;9;5;0;1;16;5;0;1;205;42;1;0;197;115;8;20;402;157;9;20
2022.04_13-10-2022;Еврейская автономная область;165_195_days;SputnikLite;5;0;0;0;9;5;0;1;14;5;0;1;205;42;1;0;197;115;8;20;402;157;9;20
2022.04_13-10-2022;Еврейская автономная область;165_195_days;SputnikV;2;0;0;0;0;0;0;0;2;0;0;0;205;42;1;0;197;115;8;20;402;157;9;20
2022.04_13-10-2022;Еврейская автономная область;21_45_days;AllVaccines;0;0;0;0;1;1;0;0;1;1;0;0;205;42;1;0;197;115;8;20;402;157;9;20
2022.04_13-10-2022;Еврейская автономная область;21_45_days;EpiVacCorona;0;0;0;0;1;1;0;0;1;1;0;0;205;42;1;0;197;115;8;20;402;157;9;20
2022.04_13-10-2022;Еврейская автономная область;45_75_days;AllVaccines;10;1;0;0;10;4;0;0;20;5;0;0;205;42;1;0;197;115;8;20;402;157;9;20
2022.04_13-10-2022;Еврейская автономная область;45_75_days;CoviVac;2;0;0;0;0;0;0;0;2;0;0;0;205;42;1;0;197;115;8;20;402;157;9;20
2022.04_13-10-2022;Еврейская автономная область;45_75_days;EpiVacCorona;1;0;0;0;4;1;0;0;5;1;0;0;205;42;1;0;197;115;8;20;402;157;9;20
2022.04_13-10-2022;Еврейская автономная область;45_75_days;SputnikLite;6;1;0;0;5;3;0;0;11;4;0;0;205;42;1;0;197;115;8;20;402;157;9;20
2022.04_13-10-2022;Еврейская автономная область;45_75_days;SputnikV;1;0;0;0;1;0;0;0;2;0;0;0;205;42;1;0;197;115;8;20;402;157;9;20
2022.04_13-10-2022;Еврейская автономная область;75_90_days;AllVaccines;12;1;0;0;6;1;0;0;18;2;0;0;205;42;1;0;197;115;8;20;402;157;9;20
2022.04_13-10-2022;Еврейская автономная область;75_90_days;CoviVac;1;0;0;0;0;0;0;0;1;0;0;0;205;42;1;0;197;115;8;20;402;157;9;20
2022.04_13-10-2022;Еврейская автономная область;75_90_days;SputnikLite;11;1;0;0;6;1;0;0;17;2;0;0;205;42;1;0;197;115;8;20;402;157;9;20
2022.04_13-10-2022;Еврейская автономная область;90_105_days;AllVaccines;10;1;0;0;8;6;0;0;18;7;0;0;205;42;1;0;197;115;8;20;402;157;9;20
2022.04_13-10-2022;Еврейская автономная область;90_105_days;CoviVac;1;1;0;0;2;1;0;0;3;2;0;0;205;42;1;0;197;115;8;20;402;157;9;20
2022.04_13-10-2022;Еврейская автономная область;90_105_days;EpiVacCorona;4;0;0;0;2;2;0;0;6;2;0;0;205;42;1;0;197;115;8;20;402;157;9;20
2022.04_13-10-2022;Еврейская автономная область;90_105_days;SputnikLite;2;0;0;0;1;1;0;0;3;1;0;0;205;42;1;0;197;115;8;20;402;157;9;20
2022.04_13-10-2022;Еврейская автономная область;90_105_days;SputnikV;3;0;0;0;3;2;0;0;6;2;0;0;205;42;1;0;197;115;8;20;402;157;9;20
2022.04_13-10-2022;Забайкальский край;105_165_days;AllVaccines;229;31;4;0;214;69;5;1;443;100;9;1;1116;233;26;7;837;317;53;24;1953;550;79;31
2022.04_13-10-2022;Забайкальский край;105_165_days;CoviVac;3;0;0;0;0;0;0;0;3;0;0;0;1116;233;26;7;837;317;53;24;1953;550;79;31
2022.04_13-10-2022;Забайкальский край;105_165_days;EpiVacCorona;19;1;0;0;11;5;0;0;30;6;0;0;1116;233;26;7;837;317;53;24;1953;550;79;31
2022.04_13-10-2022;Забайкальский край;105_165_days;SputnikLite;90;12;2;0;91;28;0;1;181;40;2;1;1116;233;26;7;837;317;53;24;1953;550;79;31
2022.04_13-10-2022;Забайкальский край;105_165_days;SputnikV;117;18;2;0;112;36;5;0;229;54;7;0;1116;233;26;7;837;317;53;24;1953;550;79;31
2022.04_13-10-2022;Забайкальский край;165_195_days;AllVaccines;68;11;0;0;51;12;0;0;119;23;0;0;1116;233;26;7;837;317;53;24;1953;550;79;31
2022.04_13-10-2022;Забайкальский край;165_195_days;CoviVac;0;0;0;0;2;1;0;0;2;1;0;0;1116;233;26;7;837;317;53;24;1953;550;79;31
2022.04_13-10-2022;Забайкальский край;165_195_days;EpiVacCorona;1;0;0;0;0;0;0;0;1;0;0;0;1116;233;26;7;837;317;53;24;1953;550;79;31
2022.04_13-10-2022;Забайкальский край;165_195_days;SputnikLite;60;11;0;0;43;9;0;0;103;20;0;0;1116;233;26;7;837;317;53;24;1953;550;79;31
2022.04_13-10-2022;Забайкальский край;165_195_days;SputnikV;7;0;0;0;6;2;0;0;13;2;0;0;1116;233;26;7;837;317;53;24;1953;550;79;31
2022.04_13-10-2022;Забайкальский край;21_45_days;AllVaccines;22;3;1;1;16;4;0;0;38;7;1;1;1116;233;26;7;837;317;53;24;1953;550;79;31
2022.04_13-10-2022;Забайкальский край;21_45_days;CoviVac;2;0;0;0;0;0;0;0;2;0;0;0;1116;233;26;7;837;317;53;24;1953;550;79;31
2022.04_13-10-2022;Забайкальский край;21_45_days;EpiVacCorona;3;1;0;0;2;0;0;0;5;1;0;0;1116;233;26;7;837;317;53;24;1953;550;79;31
2022.04_13-10-2022;Забайкальский край;21_45_days;SputnikLite;2;0;0;0;2;0;0;0;4;0;0;0;1116;233;26;7;837;317;53;24;1953;550;79;31
2022.04_13-10-2022;Забайкальский край;21_45_days;SputnikV;15;2;1;1;12;4;0;0;27;6;1;1;1116;233;26;7;837;317;53;24;1953;550;79;31
2022.04_13-10-2022;Забайкальский край;45_75_days;AllVaccines;58;7;1;0;38;7;2;1;96;14;3;1;1116;233;26;7;837;317;53;24;1953;550;79;31
2022.04_13-10-2022;Забайкальский край;45_75_days;CoviVac;2;0;0;0;1;0;0;0;3;0;0;0;1116;233;26;7;837;317;53;24;1953;550;79;31
2022.04_13-10-2022;Забайкальский край;45_75_days;EpiVacCorona;3;1;0;0;6;1;0;0;9;2;0;0;1116;233;26;7;837;317;53;24;1953;550;79;31
2022.04_13-10-2022;Забайкальский край;45_75_days;SputnikLite;23;3;1;0;9;0;0;0;32;3;1;0;1116;233;26;7;837;317;53;24;1953;550;79;31
2022.04_13-10-2022;Забайкальский край;45_75_days;SputnikV;30;3;0;0;22;6;2;1;52;9;2;1;1116;233;26;7;837;317;53;24;1953;550;79;31
2022.04_13-10-2022;Забайкальский край;75_90_days;AllVaccines;32;8;2;1;12;5;1;1;44;13;3;2;1116;233;26;7;837;317;53;24;1953;550;79;31
2022.04_13-10-2022;Забайкальский край;75_90_days;CoviVac;1;0;0;0;0;0;0;0;1;0;0;0;1116;233;26;7;837;317;53;24;1953;550;79;31
2022.04_13-10-2022;Забайкальский край;75_90_days;EpiVacCorona;1;1;0;0;0;0;0;0;1;1;0;0;1116;233;26;7;837;317;53;24;1953;550;79;31
2022.04_13-10-2022;Забайкальский край;75_90_days;SputnikLite;21;4;2;1;6;3;0;0;27;7;2;1;1116;233;26;7;837;317;53;24;1953;550;79;31
2022.04_13-10-2022;Забайкальский край;75_90_days;SputnikV;9;3;0;0;6;2;1;1;15;5;1;1;1116;233;26;7;837;317;53;24;1953;550;79;31
2022.04_13-10-2022;Забайкальский край;90_105_days;AllVaccines;22;2;0;0;21;9;2;1;43;11;2;1;1116;233;26;7;837;317;53;24;1953;550;79;31
2022.04_13-10-2022;Забайкальский край;90_105_days;CoviVac;1;0;0;0;0;0;0;0;1;0;0;0;1116;233;26;7;837;317;53;24;1953;550;79;31
2022.04_13-10-2022;Забайкальский край;90_105_days;EpiVacCorona;2;0;0;0;1;1;1;1;3;1;1;1;1116;233;26;7;837;317;53;24;1953;550;79;31
2022.04_13-10-2022;Забайкальский край;90_105_days;SputnikLite;10;0;0;0;10;3;0;0;20;3;0;0;1116;233;26;7;837;317;53;24;1953;550;79;31
2022.04_13-10-2022;Забайкальский край;90_105_days;SputnikV;9;2;0;0;10;5;1;0;19;7;1;0;1116;233;26;7;837;317;53;24;1953;550;79;31
2022.04_13-10-2022;Ивановская область;105_165_days;AllVaccines;176;10;0;1;219;40;3;4;395;50;3;5;1565;105;7;4;1298;267;34;34;2863;372;41;38
2022.04_13-10-2022;Ивановская область;105_165_days;CoviVac;4;0;0;0;5;0;0;0;9;0;0;0;1565;105;7;4;1298;267;34;34;2863;372;41;38
2022.04_13-10-2022;Ивановская область;105_165_days;EpiVacCorona;5;1;0;0;8;2;0;0;13;3;0;0;1565;105;7;4;1298;267;34;34;2863;372;41;38
2022.04_13-10-2022;Ивановская область;105_165_days;SputnikLite;81;5;0;1;111;19;1;1;192;24;1;2;1565;105;7;4;1298;267;34;34;2863;372;41;38
2022.04_13-10-2022;Ивановская область;105_165_days;SputnikV;86;4;0;0;95;19;2;3;181;23;2;3;1565;105;7;4;1298;267;34;34;2863;372;41;38
2022.04_13-10-2022;Ивановская область;165_195_days;AllVaccines;58;2;0;0;76;14;0;0;134;16;0;0;1565;105;7;4;1298;267;34;34;2863;372;41;38
2022.04_13-10-2022;Ивановская область;165_195_days;EpiVacCorona;2;0;0;0;0;0;0;0;2;0;0;0;1565;105;7;4;1298;267;34;34;2863;372;41;38
2022.04_13-10-2022;Ивановская область;165_195_days;SputnikLite;43;1;0;0;57;8;0;0;100;9;0;0;1565;105;7;4;1298;267;34;34;2863;372;41;38
2022.04_13-10-2022;Ивановская область;165_195_days;SputnikV;13;1;0;0;19;6;0;0;32;7;0;0;1565;105;7;4;1298;267;34;34;2863;372;41;38
2022.04_13-10-2022;Ивановская область;21_45_days;AllVaccines;14;0;0;0;13;1;0;0;27;1;0;0;1565;105;7;4;1298;267;34;34;2863;372;41;38
2022.04_13-10-2022;Ивановская область;21_45_days;CoviVac;1;0;0;0;0;0;0;0;1;0;0;0;1565;105;7;4;1298;267;34;34;2863;372;41;38
2022.04_13-10-2022;Ивановская область;21_45_days;EpiVacCorona;2;0;0;0;1;0;0;0;3;0;0;0;1565;105;7;4;1298;267;34;34;2863;372;41;38
2022.04_13-10-2022;Ивановская область;21_45_days;SputnikLite;5;0;0;0;7;1;0;0;12;1;0;0;1565;105;7;4;1298;267;34;34;2863;372;41;38
2022.04_13-10-2022;Ивановская область;21_45_days;SputnikV;6;0;0;0;5;0;0;0;11;0;0;0;1565;105;7;4;1298;267;34;34;2863;372;41;38
2022.04_13-10-2022;Ивановская область;45_75_days;AllVaccines;29;0;0;0;26;7;0;0;55;7;0;0;1565;105;7;4;1298;267;34;34;2863;372;41;38
2022.04_13-10-2022;Ивановская область;45_75_days;CoviVac;1;0;0;0;0;0;0;0;1;0;0;0;1565;105;7;4;1298;267;34;34;2863;372;41;38
2022.04_13-10-2022;Ивановская область;45_75_days;EpiVacCorona;1;0;0;0;1;0;0;0;2;0;0;0;1565;105;7;4;1298;267;34;34;2863;372;41;38
2022.04_13-10-2022;Ивановская область;45_75_days;SputnikLite;12;0;0;0;11;2;0;0;23;2;0;0;1565;105;7;4;1298;267;34;34;2863;372;41;38
2022.04_13-10-2022;Ивановская область;45_75_days;SputnikV;15;0;0;0;14;5;0;0;29;5;0;0;1565;105;7;4;1298;267;34;34;2863;372;41;38
2022.04_13-10-2022;Ивановская область;75_90_days;AllVaccines;31;2;0;0;10;1;0;0;41;3;0;0;1565;105;7;4;1298;267;34;34;2863;372;41;38
2022.04_13-10-2022;Ивановская область;75_90_days;EpiVacCorona;1;0;0;0;0;0;0;0;1;0;0;0;1565;105;7;4;1298;267;34;34;2863;372;41;38
2022.04_13-10-2022;Ивановская область;75_90_days;SputnikLite;25;2;0;0;8;1;0;0;33;3;0;0;1565;105;7;4;1298;267;34;34;2863;372;41;38
2022.04_13-10-2022;Ивановская область;75_90_days;SputnikV;5;0;0;0;2;0;0;0;7;0;0;0;1565;105;7;4;1298;267;34;34;2863;372;41;38
2022.04_13-10-2022;Ивановская область;90_105_days;AllVaccines;11;1;0;0;16;2;0;0;27;3;0;0;1565;105;7;4;1298;267;34;34;2863;372;41;38
2022.04_13-10-2022;Ивановская область;90_105_days;EpiVacCorona;0;0;0;0;2;1;0;0;2;1;0;0;1565;105;7;4;1298;267;34;34;2863;372;41;38
2022.04_13-10-2022;Ивановская область;90_105_days;SputnikLite;7;0;0;0;9;1;0;0;16;1;0;0;1565;105;7;4;1298;267;34;34;2863;372;41;38
2022.04_13-10-2022;Ивановская область;90_105_days;SputnikV;4;1;0;0;5;0;0;0;9;1;0;0;1565;105;7;4;1298;267;34;34;2863;372;41;38
2022.04_13-10-2022;Иркутская область;105_165_days;AllVaccines;526;65;10;4;396;149;20;4;922;214;30;8;2429;430;57;20;1992;825;156;89;4421;1255;213;109
2022.04_13-10-2022;Иркутская область;105_165_days;CoviVac;6;0;0;0;8;2;0;0;14;2;0;0;2429;430;57;20;1992;825;156;89;4421;1255;213;109
2022.04_13-10-2022;Иркутская область;105_165_days;EpiVacCorona;18;1;0;0;14;8;1;0;32;9;1;0;2429;430;57;20;1992;825;156;89;4421;1255;213;109
2022.04_13-10-2022;Иркутская область;105_165_days;SputnikLite;135;15;0;0;210;76;10;2;345;91;10;2;2429;430;57;20;1992;825;156;89;4421;1255;213;109
2022.04_13-10-2022;Иркутская область;105_165_days;SputnikV;367;49;10;4;164;63;9;2;531;112;19;6;2429;430;57;20;1992;825;156;89;4421;1255;213;109
2022.04_13-10-2022;Иркутская область;165_195_days;AllVaccines;89;13;1;0;130;34;1;0;219;47;2;0;2429;430;57;20;1992;825;156;89;4421;1255;213;109
2022.04_13-10-2022;Иркутская область;165_195_days;CoviVac;2;0;0;0;0;0;0;0;2;0;0;0;2429;430;57;20;1992;825;156;89;4421;1255;213;109
2022.04_13-10-2022;Иркутская область;165_195_days;EpiVacCorona;3;1;1;0;1;1;0;0;4;2;1;0;2429;430;57;20;1992;825;156;89;4421;1255;213;109
2022.04_13-10-2022;Иркутская область;165_195_days;SputnikLite;59;9;0;0;101;29;1;0;160;38;1;0;2429;430;57;20;1992;825;156;89;4421;1255;213;109
2022.04_13-10-2022;Иркутская область;165_195_days;SputnikV;25;3;0;0;28;4;0;0;53;7;0;0;2429;430;57;20;1992;825;156;89;4421;1255;213;109
2022.04_13-10-2022;Иркутская область;21_45_days;AllVaccines;26;5;0;0;16;7;2;0;42;12;2;0;2429;430;57;20;1992;825;156;89;4421;1255;213;109
2022.04_13-10-2022;Иркутская область;21_45_days;CoviVac;1;0;0;0;0;0;0;0;1;0;0;0;2429;430;57;20;1992;825;156;89;4421;1255;213;109
2022.04_13-10-2022;Иркутская область;21_45_days;EpiVacCorona;2;0;0;0;0;0;0;0;2;0;0;0;2429;430;57;20;1992;825;156;89;4421;1255;213;109
2022.04_13-10-2022;Иркутская область;21_45_days;SputnikLite;4;0;0;0;3;1;0;0;7;1;0;0;2429;430;57;20;1992;825;156;89;4421;1255;213;109
2022.04_13-10-2022;Иркутская область;21_45_days;SputnikV;19;5;0;0;13;6;2;0;32;11;2;0;2429;430;57;20;1992;825;156;89;4421;1255;213;109
2022.04_13-10-2022;Иркутская область;45_75_days;AllVaccines;70;8;0;0;72;21;2;1;142;29;2;1;2429;430;57;20;1992;825;156;89;4421;1255;213;109
2022.04_13-10-2022;Иркутская область;45_75_days;CoviVac;2;1;0;0;0;0;0;0;2;1;0;0;2429;430;57;20;1992;825;156;89;4421;1255;213;109
2022.04_13-10-2022;Иркутская область;45_75_days;EpiVacCorona;4;0;0;0;2;2;0;0;6;2;0;0;2429;430;57;20;1992;825;156;89;4421;1255;213;109
2022.04_13-10-2022;Иркутская область;45_75_days;SputnikLite;24;1;0;0;29;10;1;0;53;11;1;0;2429;430;57;20;1992;825;156;89;4421;1255;213;109
2022.04_13-10-2022;Иркутская область;45_75_days;SputnikV;40;6;0;0;41;9;1;1;81;15;1;1;2429;430;57;20;1992;825;156;89;4421;1255;213;109
2022.04_13-10-2022;Иркутская область;75_90_days;AllVaccines;50;7;0;0;45;13;1;0;95;20;1;0;2429;430;57;20;1992;825;156;89;4421;1255;213;109
2022.04_13-10-2022;Иркутская область;75_90_days;EpiVacCorona;2;0;0;0;1;0;0;0;3;0;0;0;2429;430;57;20;1992;825;156;89;4421;1255;213;109
2022.04_13-10-2022;Иркутская область;75_90_days;SputnikLite;35;6;0;0;37;12;1;0;72;18;1;0;2429;430;57;20;1992;825;156;89;4421;1255;213;109
2022.04_13-10-2022;Иркутская область;75_90_days;SputnikV;13;1;0;0;7;1;0;0;20;2;0;0;2429;430;57;20;1992;825;156;89;4421;1255;213;109
2022.04_13-10-2022;Иркутская область;90_105_days;AllVaccines;53;7;0;0;39;12;2;1;92;19;2;1;2429;430;57;20;1992;825;156;89;4421;1255;213;109
2022.04_13-10-2022;Иркутская область;90_105_days;EpiVacCorona;0;0;0;0;2;0;0;0;2;0;0;0;2429;430;57;20;1992;825;156;89;4421;1255;213;109
2022.04_13-10-2022;Иркутская область;90_105_days;SputnikLite;25;4;0;0;22;7;2;1;47;11;2;1;2429;430;57;20;1992;825;156;89;4421;1255;213;109
2022.04_13-10-2022;Иркутская область;90_105_days;SputnikV;28;3;0;0;15;5;0;0;43;8;0;0;2429;430;57;20;1992;825;156;89;4421;1255;213;109
2022.04_13-10-2022;Кабардино-Балкарская Республика;105_165_days;AllVaccines;78;1;0;0;59;16;2;2;137;17;2;2;611;47;4;1;502;135;55;20;1113;182;59;21
2022.04_13-10-2022;Кабардино-Балкарская Республика;105_165_days;EpiVacCorona;4;0;0;0;5;1;0;0;9;1;0;0;611;47;4;1;502;135;55;20;1113;182;59;21
2022.04_13-10-2022;Кабардино-Балкарская Республика;105_165_days;SputnikLite;44;0;0;0;31;8;2;2;75;8;2;2;611;47;4;1;502;135;55;20;1113;182;59;21
2022.04_13-10-2022;Кабардино-Балкарская Республика;105_165_days;SputnikV;30;1;0;0;23;7;0;0;53;8;0;0;611;47;4;1;502;135;55;20;1113;182;59;21
2022.04_13-10-2022;Кабардино-Балкарская Республика;165_195_days;AllVaccines;35;4;1;0;26;6;4;2;61;10;5;2;611;47;4;1;502;135;55;20;1113;182;59;21
2022.04_13-10-2022;Кабардино-Балкарская Республика;165_195_days;EpiVacCorona;1;0;0;0;0;0;0;0;1;0;0;0;611;47;4;1;502;135;55;20;1113;182;59;21
2022.04_13-10-2022;Кабардино-Балкарская Республика;165_195_days;SputnikLite;28;4;1;0;15;3;2;1;43;7;3;1;611;47;4;1;502;135;55;20;1113;182;59;21
2022.04_13-10-2022;Кабардино-Балкарская Республика;165_195_days;SputnikV;6;0;0;0;11;3;2;1;17;3;2;1;611;47;4;1;502;135;55;20;1113;182;59;21
2022.04_13-10-2022;Кабардино-Балкарская Республика;21_45_days;AllVaccines;10;0;0;0;9;0;0;0;19;0;0;0;611;47;4;1;502;135;55;20;1113;182;59;21
2022.04_13-10-2022;Кабардино-Балкарская Республика;21_45_days;EpiVacCorona;3;0;0;0;2;0;0;0;5;0;0;0;611;47;4;1;502;135;55;20;1113;182;59;21
2022.04_13-10-2022;Кабардино-Балкарская Республика;21_45_days;SputnikLite;1;0;0;0;2;0;0;0;3;0;0;0;611;47;4;1;502;135;55;20;1113;182;59;21
2022.04_13-10-2022;Кабардино-Балкарская Республика;21_45_days;SputnikV;6;0;0;0;5;0;0;0;11;0;0;0;611;47;4;1;502;135;55;20;1113;182;59;21
2022.04_13-10-2022;Кабардино-Балкарская Республика;45_75_days;AllVaccines;30;2;0;0;16;3;0;0;46;5;0;0;611;47;4;1;502;135;55;20;1113;182;59;21
2022.04_13-10-2022;Кабардино-Балкарская Республика;45_75_days;CoviVac;1;0;0;0;0;0;0;0;1;0;0;0;611;47;4;1;502;135;55;20;1113;182;59;21
2022.04_13-10-2022;Кабардино-Балкарская Республика;45_75_days;EpiVacCorona;2;0;0;0;2;0;0;0;4;0;0;0;611;47;4;1;502;135;55;20;1113;182;59;21
2022.04_13-10-2022;Кабардино-Балкарская Республика;45_75_days;SputnikLite;14;2;0;0;5;1;0;0;19;3;0;0;611;47;4;1;502;135;55;20;1113;182;59;21
2022.04_13-10-2022;Кабардино-Балкарская Республика;45_75_days;SputnikV;13;0;0;0;9;2;0;0;22;2;0;0;611;47;4;1;502;135;55;20;1113;182;59;21
2022.04_13-10-2022;Кабардино-Балкарская Республика;75_90_days;AllVaccines;10;0;0;0;10;0;0;0;20;0;0;0;611;47;4;1;502;135;55;20;1113;182;59;21
2022.04_13-10-2022;Кабардино-Балкарская Республика;75_90_days;CoviVac;1;0;0;0;1;0;0;0;2;0;0;0;611;47;4;1;502;135;55;20;1113;182;59;21
2022.04_13-10-2022;Кабардино-Балкарская Республика;75_90_days;SputnikLite;7;0;0;0;8;0;0;0;15;0;0;0;611;47;4;1;502;135;55;20;1113;182;59;21
2022.04_13-10-2022;Кабардино-Балкарская Республика;75_90_days;SputnikV;2;0;0;0;1;0;0;0;3;0;0;0;611;47;4;1;502;135;55;20;1113;182;59;21
2022.04_13-10-2022;Кабардино-Балкарская Республика;90_105_days;AllVaccines;21;1;0;0;9;1;0;0;30;2;0;0;611;47;4;1;502;135;55;20;1113;182;59;21
2022.04_13-10-2022;Кабардино-Балкарская Республика;90_105_days;EpiVacCorona;7;0;0;0;1;0;0;0;8;0;0;0;611;47;4;1;502;135;55;20;1113;182;59;21
2022.04_13-10-2022;Кабардино-Балкарская Республика;90_105_days;SputnikLite;7;0;0;0;5;1;0;0;12;1;0;0;611;47;4;1;502;135;55;20;1113;182;59;21
2022.04_13-10-2022;Кабардино-Балкарская Республика;90_105_days;SputnikV;7;1;0;0;3;0;0;0;10;1;0;0;611;47;4;1;502;135;55;20;1113;182;59;21
2022.04_13-10-2022;Калининградская область;105_165_days;AllVaccines;117;6;0;0;102;40;3;1;219;46;3;1;761;72;6;3;492;217;40;23;1253;289;46;26
2022.04_13-10-2022;Калининградская область;105_165_days;CoviVac;3;0;0;0;0;0;0;0;3;0;0;0;761;72;6;3;492;217;40;23;1253;289;46;26
2022.04_13-10-2022;Калининградская область;105_165_days;EpiVacCorona;6;1;0;0;3;0;0;0;9;1;0;0;761;72;6;3;492;217;40;23;1253;289;46;26
2022.04_13-10-2022;Калининградская область;105_165_days;SputnikLite;26;1;0;0;37;12;1;0;63;13;1;0;761;72;6;3;492;217;40;23;1253;289;46;26
2022.04_13-10-2022;Калининградская область;105_165_days;SputnikV;82;4;0;0;62;28;2;1;144;32;2;1;761;72;6;3;492;217;40;23;1253;289;46;26
2022.04_13-10-2022;Калининградская область;165_195_days;AllVaccines;61;5;0;0;36;15;1;0;97;20;1;0;761;72;6;3;492;217;40;23;1253;289;46;26
2022.04_13-10-2022;Калининградская область;165_195_days;EpiVacCorona;1;0;0;0;0;0;0;0;1;0;0;0;761;72;6;3;492;217;40;23;1253;289;46;26
2022.04_13-10-2022;Калининградская область;165_195_days;SputnikLite;43;3;0;0;25;11;1;0;68;14;1;0;761;72;6;3;492;217;40;23;1253;289;46;26
2022.04_13-10-2022;Калининградская область;165_195_days;SputnikV;17;2;0;0;11;4;0;0;28;6;0;0;761;72;6;3;492;217;40;23;1253;289;46;26
2022.04_13-10-2022;Калининградская область;21_45_days;AllVaccines;7;0;0;0;6;3;0;0;13;3;0;0;761;72;6;3;492;217;40;23;1253;289;46;26
2022.04_13-10-2022;Калининградская область;21_45_days;EpiVacCorona;0;0;0;0;1;1;0;0;1;1;0;0;761;72;6;3;492;217;40;23;1253;289;46;26
2022.04_13-10-2022;Калининградская область;21_45_days;SputnikLite;2;0;0;0;1;0;0;0;3;0;0;0;761;72;6;3;492;217;40;23;1253;289;46;26
2022.04_13-10-2022;Калининградская область;21_45_days;SputnikV;5;0;0;0;4;2;0;0;9;2;0;0;761;72;6;3;492;217;40;23;1253;289;46;26
2022.04_13-10-2022;Калининградская область;45_75_days;AllVaccines;24;4;1;0;14;4;0;0;38;8;1;0;761;72;6;3;492;217;40;23;1253;289;46;26
2022.04_13-10-2022;Калининградская область;45_75_days;EpiVacCorona;2;0;0;0;2;2;0;0;4;2;0;0;761;72;6;3;492;217;40;23;1253;289;46;26
2022.04_13-10-2022;Калининградская область;45_75_days;SputnikLite;11;2;0;0;5;1;0;0;16;3;0;0;761;72;6;3;492;217;40;23;1253;289;46;26
2022.04_13-10-2022;Калининградская область;45_75_days;SputnikV;11;2;1;0;7;1;0;0;18;3;1;0;761;72;6;3;492;217;40;23;1253;289;46;26
2022.04_13-10-2022;Калининградская область;75_90_days;AllVaccines;31;2;0;0;9;3;1;0;40;5;1;0;761;72;6;3;492;217;40;23;1253;289;46;26
2022.04_13-10-2022;Калининградская область;75_90_days;SputnikLite;23;2;0;0;8;3;1;0;31;5;1;0;761;72;6;3;492;217;40;23;1253;289;46;26
2022.04_13-10-2022;Калининградская область;75_90_days;SputnikV;8;0;0;0;1;0;0;0;9;0;0;0;761;72;6;3;492;217;40;23;1253;289;46;26
2022.04_13-10-2022;Калининградская область;90_105_days;AllVaccines;9;1;0;0;13;4;0;0;22;5;0;0;761;72;6;3;492;217;40;23;1253;289;46;26
2022.04_13-10-2022;Калининградская область;90_105_days;EpiVacCorona;1;0;0;0;0;0;0;0;1;0;0;0;761;72;6;3;492;217;40;23;1253;289;46;26
2022.04_13-10-2022;Калининградская область;90_105_days;SputnikLite;4;0;0;0;8;4;0;0;12;4;0;0;761;72;6;3;492;217;40;23;1253;289;46;26
2022.04_13-10-2022;Калининградская область;90_105_days;SputnikV;4;1;0;0;5;0;0;0;9;1;0;0;761;72;6;3;492;217;40;23;1253;289;46;26
2022.04_13-10-2022;Калужская область;105_165_days;AllVaccines;264;17;1;0;205;38;2;0;469;55;3;0;1190;101;16;6;1221;363;69;51;2411;464;85;57
2022.04_13-10-2022;Калужская область;105_165_days;CoviVac;13;0;0;0;5;2;0;0;18;2;0;0;1190;101;16;6;1221;363;69;51;2411;464;85;57
2022.04_13-10-2022;Калужская область;105_165_days;EpiVacCorona;12;0;0;0;8;1;0;0;20;1;0;0;1190;101;16;6;1221;363;69;51;2411;464;85;57
2022.04_13-10-2022;Калужская область;105_165_days;SputnikLite;59;5;1;0;89;13;1;0;148;18;2;0;1190;101;16;6;1221;363;69;51;2411;464;85;57
2022.04_13-10-2022;Калужская область;105_165_days;SputnikV;180;12;0;0;103;22;1;0;283;34;1;0;1190;101;16;6;1221;363;69;51;2411;464;85;57
2022.04_13-10-2022;Калужская область;165_195_days;AllVaccines;79;6;1;0;81;13;3;2;160;19;4;2;1190;101;16;6;1221;363;69;51;2411;464;85;57
2022.04_13-10-2022;Калужская область;165_195_days;CoviVac;1;0;0;0;0;0;0;0;1;0;0;0;1190;101;16;6;1221;363;69;51;2411;464;85;57
2022.04_13-10-2022;Калужская область;165_195_days;EpiVacCorona;1;0;0;0;0;0;0;0;1;0;0;0;1190;101;16;6;1221;363;69;51;2411;464;85;57
2022.04_13-10-2022;Калужская область;165_195_days;SputnikLite;58;5;0;0;64;12;3;2;122;17;3;2;1190;101;16;6;1221;363;69;51;2411;464;85;57
2022.04_13-10-2022;Калужская область;165_195_days;SputnikV;19;1;1;0;17;1;0;0;36;2;1;0;1190;101;16;6;1221;363;69;51;2411;464;85;57
2022.04_13-10-2022;Калужская область;21_45_days;AllVaccines;8;0;0;0;6;2;0;0;14;2;0;0;1190;101;16;6;1221;363;69;51;2411;464;85;57
2022.04_13-10-2022;Калужская область;21_45_days;SputnikLite;4;0;0;0;1;0;0;0;5;0;0;0;1190;101;16;6;1221;363;69;51;2411;464;85;57
2022.04_13-10-2022;Калужская область;21_45_days;SputnikV;4;0;0;0;5;2;0;0;9;2;0;0;1190;101;16;6;1221;363;69;51;2411;464;85;57
2022.04_13-10-2022;Калужская область;45_75_days;AllVaccines;15;0;0;0;24;5;0;0;39;5;0;0;1190;101;16;6;1221;363;69;51;2411;464;85;57
2022.04_13-10-2022;Калужская область;45_75_days;CoviVac;1;0;0;0;0;0;0;0;1;0;0;0;1190;101;16;6;1221;363;69;51;2411;464;85;57
2022.04_13-10-2022;Калужская область;45_75_days;EpiVacCorona;0;0;0;0;1;0;0;0;1;0;0;0;1190;101;16;6;1221;363;69;51;2411;464;85;57
2022.04_13-10-2022;Калужская область;45_75_days;SputnikLite;6;0;0;0;11;1;0;0;17;1;0;0;1190;101;16;6;1221;363;69;51;2411;464;85;57
2022.04_13-10-2022;Калужская область;45_75_days;SputnikV;8;0;0;0;12;4;0;0;20;4;0;0;1190;101;16;6;1221;363;69;51;2411;464;85;57
2022.04_13-10-2022;Калужская область;75_90_days;AllVaccines;25;0;0;0;21;3;0;0;46;3;0;0;1190;101;16;6;1221;363;69;51;2411;464;85;57
2022.04_13-10-2022;Калужская область;75_90_days;CoviVac;1;0;0;0;0;0;0;0;1;0;0;0;1190;101;16;6;1221;363;69;51;2411;464;85;57
2022.04_13-10-2022;Калужская область;75_90_days;SputnikLite;21;0;0;0;19;3;0;0;40;3;0;0;1190;101;16;6;1221;363;69;51;2411;464;85;57
2022.04_13-10-2022;Калужская область;75_90_days;SputnikV;3;0;0;0;2;0;0;0;5;0;0;0;1190;101;16;6;1221;363;69;51;2411;464;85;57
2022.04_13-10-2022;Калужская область;90_105_days;AllVaccines;22;2;0;0;25;6;2;1;47;8;2;1;1190;101;16;6;1221;363;69;51;2411;464;85;57
2022.04_13-10-2022;Калужская область;90_105_days;EpiVacCorona;3;0;0;0;2;1;0;0;5;1;0;0;1190;101;16;6;1221;363;69;51;2411;464;85;57
2022.04_13-10-2022;Калужская область;90_105_days;SputnikLite;5;1;0;0;13;1;1;0;18;2;1;0;1190;101;16;6;1221;363;69;51;2411;464;85;57
2022.04_13-10-2022;Калужская область;90_105_days;SputnikV;14;1;0;0;10;4;1;1;24;5;1;1;1190;101;16;6;1221;363;69;51;2411;464;85;57
2022.04_13-10-2022;Камчатский край;105_165_days;AllVaccines;47;3;0;0;37;10;2;1;84;13;2;1;325;42;4;3;243;104;23;11;568;146;27;14
2022.04_13-10-2022;Камчатский край;105_165_days;CoviVac;1;0;0;0;0;0;0;0;1;0;0;0;325;42;4;3;243;104;23;11;568;146;27;14
2022.04_13-10-2022;Камчатский край;105_165_days;EpiVacCorona;0;0;0;0;3;0;0;0;3;0;0;0;325;42;4;3;243;104;23;11;568;146;27;14
2022.04_13-10-2022;Камчатский край;105_165_days;SputnikLite;32;3;0;0;21;7;1;0;53;10;1;0;325;42;4;3;243;104;23;11;568;146;27;14
2022.04_13-10-2022;Камчатский край;105_165_days;SputnikV;14;0;0;0;13;3;1;1;27;3;1;1;325;42;4;3;243;104;23;11;568;146;27;14
2022.04_13-10-2022;Камчатский край;165_195_days;AllVaccines;10;1;0;0;6;2;0;0;16;3;0;0;325;42;4;3;243;104;23;11;568;146;27;14
2022.04_13-10-2022;Камчатский край;165_195_days;SputnikLite;8;1;0;0;5;2;0;0;13;3;0;0;325;42;4;3;243;104;23;11;568;146;27;14
2022.04_13-10-2022;Камчатский край;165_195_days;SputnikV;2;0;0;0;1;0;0;0;3;0;0;0;325;42;4;3;243;104;23;11;568;146;27;14
2022.04_13-10-2022;Камчатский край;21_45_days;AllVaccines;2;0;0;0;4;2;0;0;6;2;0;0;325;42;4;3;243;104;23;11;568;146;27;14
2022.04_13-10-2022;Камчатский край;21_45_days;SputnikV;2;0;0;0;4;2;0;0;6;2;0;0;325;42;4;3;243;104;23;11;568;146;27;14
2022.04_13-10-2022;Камчатский край;45_75_days;AllVaccines;10;0;0;0;6;2;0;0;16;2;0;0;325;42;4;3;243;104;23;11;568;146;27;14
2022.04_13-10-2022;Камчатский край;45_75_days;SputnikLite;5;0;0;0;3;1;0;0;8;1;0;0;325;42;4;3;243;104;23;11;568;146;27;14
2022.04_13-10-2022;Камчатский край;45_75_days;SputnikV;5;0;0;0;3;1;0;0;8;1;0;0;325;42;4;3;243;104;23;11;568;146;27;14
2022.04_13-10-2022;Камчатский край;75_90_days;AllVaccines;4;0;0;0;2;1;0;0;6;1;0;0;325;42;4;3;243;104;23;11;568;146;27;14
2022.04_13-10-2022;Камчатский край;75_90_days;SputnikLite;4;0;0;0;2;1;0;0;6;1;0;0;325;42;4;3;243;104;23;11;568;146;27;14
2022.04_13-10-2022;Камчатский край;90_105_days;AllVaccines;4;0;0;0;5;2;0;0;9;2;0;0;325;42;4;3;243;104;23;11;568;146;27;14
2022.04_13-10-2022;Камчатский край;90_105_days;EpiVacCorona;0;0;0;0;1;0;0;0;1;0;0;0;325;42;4;3;243;104;23;11;568;146;27;14
2022.04_13-10-2022;Камчатский край;90_105_days;SputnikLite;3;0;0;0;3;1;0;0;6;1;0;0;325;42;4;3;243;104;23;11;568;146;27;14
2022.04_13-10-2022;Камчатский край;90_105_days;SputnikV;1;0;0;0;1;1;0;0;2;1;0;0;325;42;4;3;243;104;23;11;568;146;27;14
2022.04_13-10-2022;Карачаево-Черкесская Республика;105_165_days;AllVaccines;51;1;0;0;31;3;1;0;82;4;1;0;314;15;3;1;259;40;11;2;573;55;14;3
2022.04_13-10-2022;Карачаево-Черкесская Республика;105_165_days;CoviVac;0;0;0;0;1;0;0;0;1;0;0;0;314;15;3;1;259;40;11;2;573;55;14;3
2022.04_13-10-2022;Карачаево-Черкесская Республика;105_165_days;EpiVacCorona;2;0;0;0;0;0;0;0;2;0;0;0;314;15;3;1;259;40;11;2;573;55;14;3
2022.04_13-10-2022;Карачаево-Черкесская Республика;105_165_days;SputnikLite;27;1;0;0;20;2;1;0;47;3;1;0;314;15;3;1;259;40;11;2;573;55;14;3
2022.04_13-10-2022;Карачаево-Черкесская Республика;105_165_days;SputnikV;22;0;0;0;10;1;0;0;32;1;0;0;314;15;3;1;259;40;11;2;573;55;14;3
2022.04_13-10-2022;Карачаево-Черкесская Республика;165_195_days;AllVaccines;13;0;0;0;14;1;1;0;27;1;1;0;314;15;3;1;259;40;11;2;573;55;14;3
2022.04_13-10-2022;Карачаево-Черкесская Республика;165_195_days;SputnikLite;11;0;0;0;11;1;1;0;22;1;1;0;314;15;3;1;259;40;11;2;573;55;14;3
2022.04_13-10-2022;Карачаево-Черкесская Республика;165_195_days;SputnikV;2;0;0;0;3;0;0;0;5;0;0;0;314;15;3;1;259;40;11;2;573;55;14;3
2022.04_13-10-2022;Карачаево-Черкесская Республика;21_45_days;AllVaccines;13;0;0;0;3;2;1;0;16;2;1;0;314;15;3;1;259;40;11;2;573;55;14;3
2022.04_13-10-2022;Карачаево-Черкесская Республика;21_45_days;CoviVac;1;0;0;0;1;1;0;0;2;1;0;0;314;15;3;1;259;40;11;2;573;55;14;3
2022.04_13-10-2022;Карачаево-Черкесская Республика;21_45_days;EpiVacCorona;1;0;0;0;0;0;0;0;1;0;0;0;314;15;3;1;259;40;11;2;573;55;14;3
2022.04_13-10-2022;Карачаево-Черкесская Республика;21_45_days;SputnikLite;1;0;0;0;0;0;0;0;1;0;0;0;314;15;3;1;259;40;11;2;573;55;14;3
2022.04_13-10-2022;Карачаево-Черкесская Республика;21_45_days;SputnikV;10;0;0;0;2;1;1;0;12;1;1;0;314;15;3;1;259;40;11;2;573;55;14;3
2022.04_13-10-2022;Карачаево-Черкесская Республика;45_75_days;AllVaccines;18;1;0;0;13;0;0;0;31;1;0;0;314;15;3;1;259;40;11;2;573;55;14;3
2022.04_13-10-2022;Карачаево-Черкесская Республика;45_75_days;CoviVac;1;0;0;0;0;0;0;0;1;0;0;0;314;15;3;1;259;40;11;2;573;55;14;3
2022.04_13-10-2022;Карачаево-Черкесская Республика;45_75_days;EpiVacCorona;1;0;0;0;3;0;0;0;4;0;0;0;314;15;3;1;259;40;11;2;573;55;14;3
2022.04_13-10-2022;Карачаево-Черкесская Республика;45_75_days;SputnikLite;7;1;0;0;1;0;0;0;8;1;0;0;314;15;3;1;259;40;11;2;573;55;14;3
2022.04_13-10-2022;Карачаево-Черкесская Республика;45_75_days;SputnikV;9;0;0;0;9;0;0;0;18;0;0;0;314;15;3;1;259;40;11;2;573;55;14;3
2022.04_13-10-2022;Карачаево-Черкесская Республика;75_90_days;AllVaccines;18;1;0;0;7;0;0;0;25;1;0;0;314;15;3;1;259;40;11;2;573;55;14;3
2022.04_13-10-2022;Карачаево-Черкесская Республика;75_90_days;CoviVac;1;0;0;0;0;0;0;0;1;0;0;0;314;15;3;1;259;40;11;2;573;55;14;3
2022.04_13-10-2022;Карачаево-Черкесская Республика;75_90_days;SputnikLite;11;0;0;0;4;0;0;0;15;0;0;0;314;15;3;1;259;40;11;2;573;55;14;3
2022.04_13-10-2022;Карачаево-Черкесская Республика;75_90_days;SputnikV;6;1;0;0;3;0;0;0;9;1;0;0;314;15;3;1;259;40;11;2;573;55;14;3
2022.04_13-10-2022;Карачаево-Черкесская Республика;90_105_days;AllVaccines;18;0;0;0;6;1;1;1;24;1;1;1;314;15;3;1;259;40;11;2;573;55;14;3
2022.04_13-10-2022;Карачаево-Черкесская Республика;90_105_days;EpiVacCorona;1;0;0;0;0;0;0;0;1;0;0;0;314;15;3;1;259;40;11;2;573;55;14;3
2022.04_13-10-2022;Карачаево-Черкесская Республика;90_105_days;SputnikLite;9;0;0;0;4;1;1;1;13;1;1;1;314;15;3;1;259;40;11;2;573;55;14;3
2022.04_13-10-2022;Карачаево-Черкесская Республика;90_105_days;SputnikV;8;0;0;0;2;0;0;0;10;0;0;0;314;15;3;1;259;40;11;2;573;55;14;3
2022.04_13-10-2022;Кемеровская область;105_165_days;AllVaccines;309;26;3;3;255;92;7;7;564;118;10;10;2198;375;68;40;1479;696;113;106;3677;1071;181;146
2022.04_13-10-2022;Кемеровская область;105_165_days;CoviVac;2;0;0;0;3;0;0;0;5;0;0;0;2198;375;68;40;1479;696;113;106;3677;1071;181;146
2022.04_13-10-2022;Кемеровская область;105_165_days;EpiVacCorona;9;2;0;0;11;6;0;0;20;8;0;0;2198;375;68;40;1479;696;113;106;3677;1071;181;146
2022.04_13-10-2022;Кемеровская область;105_165_days;SputnikLite;76;6;1;0;115;40;4;4;191;46;5;4;2198;375;68;40;1479;696;113;106;3677;1071;181;146
2022.04_13-10-2022;Кемеровская область;105_165_days;SputnikV;222;18;2;3;126;46;3;3;348;64;5;6;2198;375;68;40;1479;696;113;106;3677;1071;181;146
2022.04_13-10-2022;Кемеровская область;165_195_days;AllVaccines;74;4;1;0;55;18;2;0;129;22;3;0;2198;375;68;40;1479;696;113;106;3677;1071;181;146
2022.04_13-10-2022;Кемеровская область;165_195_days;CoviVac;2;0;0;0;0;0;0;0;2;0;0;0;2198;375;68;40;1479;696;113;106;3677;1071;181;146
2022.04_13-10-2022;Кемеровская область;165_195_days;EpiVacCorona;1;0;0;0;0;0;0;0;1;0;0;0;2198;375;68;40;1479;696;113;106;3677;1071;181;146
2022.04_13-10-2022;Кемеровская область;165_195_days;SputnikLite;35;2;0;0;32;13;2;0;67;15;2;0;2198;375;68;40;1479;696;113;106;3677;1071;181;146
2022.04_13-10-2022;Кемеровская область;165_195_days;SputnikV;36;2;1;0;23;5;0;0;59;7;1;0;2198;375;68;40;1479;696;113;106;3677;1071;181;146
2022.04_13-10-2022;Кемеровская область;21_45_days;AllVaccines;18;1;0;0;11;3;1;1;29;4;1;1;2198;375;68;40;1479;696;113;106;3677;1071;181;146
2022.04_13-10-2022;Кемеровская область;21_45_days;CoviVac;1;0;0;0;0;0;0;0;1;0;0;0;2198;375;68;40;1479;696;113;106;3677;1071;181;146
2022.04_13-10-2022;Кемеровская область;21_45_days;SputnikLite;1;0;0;0;4;0;0;0;5;0;0;0;2198;375;68;40;1479;696;113;106;3677;1071;181;146
2022.04_13-10-2022;Кемеровская область;21_45_days;SputnikV;16;1;0;0;7;3;1;1;23;4;1;1;2198;375;68;40;1479;696;113;106;3677;1071;181;146
2022.04_13-10-2022;Кемеровская область;45_75_days;AllVaccines;110;14;3;2;56;17;0;0;166;31;3;2;2198;375;68;40;1479;696;113;106;3677;1071;181;146
2022.04_13-10-2022;Кемеровская область;45_75_days;CoviVac;2;0;0;0;1;0;0;0;3;0;0;0;2198;375;68;40;1479;696;113;106;3677;1071;181;146
2022.04_13-10-2022;Кемеровская область;45_75_days;EpiVacCorona;5;1;0;0;3;1;0;0;8;2;0;0;2198;375;68;40;1479;696;113;106;3677;1071;181;146
2022.04_13-10-2022;Кемеровская область;45_75_days;SputnikLite;47;5;1;2;26;9;0;0;73;14;1;2;2198;375;68;40;1479;696;113;106;3677;1071;181;146
2022.04_13-10-2022;Кемеровская область;45_75_days;SputnikV;56;8;2;0;26;7;0;0;82;15;2;0;2198;375;68;40;1479;696;113;106;3677;1071;181;146
2022.04_13-10-2022;Кемеровская область;75_90_days;AllVaccines;64;3;0;0;28;9;0;0;92;12;0;0;2198;375;68;40;1479;696;113;106;3677;1071;181;146
2022.04_13-10-2022;Кемеровская область;75_90_days;CoviVac;0;0;0;0;1;0;0;0;1;0;0;0;2198;375;68;40;1479;696;113;106;3677;1071;181;146
2022.04_13-10-2022;Кемеровская область;75_90_days;EpiVacCorona;6;1;0;0;1;0;0;0;7;1;0;0;2198;375;68;40;1479;696;113;106;3677;1071;181;146
2022.04_13-10-2022;Кемеровская область;75_90_days;SputnikLite;43;2;0;0;22;7;0;0;65;9;0;0;2198;375;68;40;1479;696;113;106;3677;1071;181;146
2022.04_13-10-2022;Кемеровская область;75_90_days;SputnikV;15;0;0;0;4;2;0;0;19;2;0;0;2198;375;68;40;1479;696;113;106;3677;1071;181;146
2022.04_13-10-2022;Кемеровская область;90_105_days;AllVaccines;56;6;0;0;35;13;2;2;91;19;2;2;2198;375;68;40;1479;696;113;106;3677;1071;181;146
2022.04_13-10-2022;Кемеровская область;90_105_days;EpiVacCorona;4;2;0;0;6;5;2;2;10;7;2;2;2198;375;68;40;1479;696;113;106;3677;1071;181;146
2022.04_13-10-2022;Кемеровская область;90_105_days;SputnikLite;27;1;0;0;19;5;0;0;46;6;0;0;2198;375;68;40;1479;696;113;106;3677;1071;181;146
2022.04_13-10-2022;Кемеровская область;90_105_days;SputnikV;25;3;0;0;10;3;0;0;35;6;0;0;2198;375;68;40;1479;696;113;106;3677;1071;181;146
2022.04_13-10-2022;Кировская область;105_165_days;AllVaccines;460;41;4;1;581;177;16;10;1041;218;20;11;1944;249;18;9;2194;872;120;90;4138;1121;138;99
2022.04_13-10-2022;Кировская область;105_165_days;CoviVac;15;2;0;0;8;3;0;0;23;5;0;0;1944;249;18;9;2194;872;120;90;4138;1121;138;99
2022.04_13-10-2022;Кировская область;105_165_days;EpiVacCorona;23;3;1;0;22;9;0;0;45;12;1;0;1944;249;18;9;2194;872;120;90;4138;1121;138;99
2022.04_13-10-2022;Кировская область;105_165_days;SputnikLite;169;19;2;0;238;79;7;4;407;98;9;4;1944;249;18;9;2194;872;120;90;4138;1121;138;99
2022.04_13-10-2022;Кировская область;105_165_days;SputnikV;253;17;1;1;313;86;9;6;566;103;10;7;1944;249;18;9;2194;872;120;90;4138;1121;138;99
2022.04_13-10-2022;Кировская область;165_195_days;AllVaccines;155;10;0;0;177;43;3;3;332;53;3;3;1944;249;18;9;2194;872;120;90;4138;1121;138;99
2022.04_13-10-2022;Кировская область;165_195_days;CoviVac;2;0;0;0;2;0;0;0;4;0;0;0;1944;249;18;9;2194;872;120;90;4138;1121;138;99
2022.04_13-10-2022;Кировская область;165_195_days;EpiVacCorona;0;0;0;0;2;0;0;0;2;0;0;0;1944;249;18;9;2194;872;120;90;4138;1121;138;99
2022.04_13-10-2022;Кировская область;165_195_days;SputnikLite;141;8;0;0;136;37;2;2;277;45;2;2;1944;249;18;9;2194;872;120;90;4138;1121;138;99
2022.04_13-10-2022;Кировская область;165_195_days;SputnikV;12;2;0;0;37;6;1;1;49;8;1;1;1944;249;18;9;2194;872;120;90;4138;1121;138;99
2022.04_13-10-2022;Кировская область;21_45_days;AllVaccines;21;2;0;0;25;8;0;0;46;10;0;0;1944;249;18;9;2194;872;120;90;4138;1121;138;99
2022.04_13-10-2022;Кировская область;21_45_days;EpiVacCorona;2;1;0;0;0;0;0;0;2;1;0;0;1944;249;18;9;2194;872;120;90;4138;1121;138;99
2022.04_13-10-2022;Кировская область;21_45_days;SputnikLite;9;1;0;0;14;4;0;0;23;5;0;0;1944;249;18;9;2194;872;120;90;4138;1121;138;99
2022.04_13-10-2022;Кировская область;21_45_days;SputnikV;10;0;0;0;11;4;0;0;21;4;0;0;1944;249;18;9;2194;872;120;90;4138;1121;138;99
2022.04_13-10-2022;Кировская область;45_75_days;AllVaccines;51;2;0;0;81;24;2;1;132;26;2;1;1944;249;18;9;2194;872;120;90;4138;1121;138;99
2022.04_13-10-2022;Кировская область;45_75_days;CoviVac;2;0;0;0;0;0;0;0;2;0;0;0;1944;249;18;9;2194;872;120;90;4138;1121;138;99
2022.04_13-10-2022;Кировская область;45_75_days;EpiVacCorona;1;1;0;0;1;0;0;0;2;1;0;0;1944;249;18;9;2194;872;120;90;4138;1121;138;99
2022.04_13-10-2022;Кировская область;45_75_days;SputnikLite;32;1;0;0;41;15;1;0;73;16;1;0;1944;249;18;9;2194;872;120;90;4138;1121;138;99
2022.04_13-10-2022;Кировская область;45_75_days;SputnikV;16;0;0;0;39;9;1;1;55;9;1;1;1944;249;18;9;2194;872;120;90;4138;1121;138;99
2022.04_13-10-2022;Кировская область;75_90_days;AllVaccines;44;4;1;0;48;20;1;2;92;24;2;2;1944;249;18;9;2194;872;120;90;4138;1121;138;99
2022.04_13-10-2022;Кировская область;75_90_days;CoviVac;0;0;0;0;1;0;0;0;1;0;0;0;1944;249;18;9;2194;872;120;90;4138;1121;138;99
2022.04_13-10-2022;Кировская область;75_90_days;EpiVacCorona;2;1;0;0;1;1;0;0;3;2;0;0;1944;249;18;9;2194;872;120;90;4138;1121;138;99
2022.04_13-10-2022;Кировская область;75_90_days;SputnikLite;36;2;1;0;40;15;0;1;76;17;1;1;1944;249;18;9;2194;872;120;90;4138;1121;138;99
2022.04_13-10-2022;Кировская область;75_90_days;SputnikV;6;1;0;0;6;4;1;1;12;5;1;1;1944;249;18;9;2194;872;120;90;4138;1121;138;99
2022.04_13-10-2022;Кировская область;90_105_days;AllVaccines;39;3;0;0;62;25;1;1;101;28;1;1;1944;249;18;9;2194;872;120;90;4138;1121;138;99
2022.04_13-10-2022;Кировская область;90_105_days;CoviVac;1;0;0;0;0;0;0;0;1;0;0;0;1944;249;18;9;2194;872;120;90;4138;1121;138;99
2022.04_13-10-2022;Кировская область;90_105_days;EpiVacCorona;4;0;0;0;2;0;0;0;6;0;0;0;1944;249;18;9;2194;872;120;90;4138;1121;138;99
2022.04_13-10-2022;Кировская область;90_105_days;SputnikLite;28;2;0;0;40;17;1;1;68;19;1;1;1944;249;18;9;2194;872;120;90;4138;1121;138;99
2022.04_13-10-2022;Кировская область;90_105_days;SputnikV;6;1;0;0;20;8;0;0;26;9;0;0;1944;249;18;9;2194;872;120;90;4138;1121;138;99
2022.04_13-10-2022;Костромская область;105_165_days;AllVaccines;97;9;1;1;152;38;1;2;249;47;2;3;535;54;6;2;729;200;30;24;1264;254;36;26
2022.04_13-10-2022;Костромская область;105_165_days;CoviVac;5;0;0;0;3;0;0;0;8;0;0;0;535;54;6;2;729;200;30;24;1264;254;36;26
2022.04_13-10-2022;Костромская область;105_165_days;EpiVacCorona;10;2;0;0;10;4;0;0;20;6;0;0;535;54;6;2;729;200;30;24;1264;254;36;26
2022.04_13-10-2022;Костромская область;105_165_days;SputnikLite;51;6;1;1;86;18;1;2;137;24;2;3;535;54;6;2;729;200;30;24;1264;254;36;26
2022.04_13-10-2022;Костромская область;105_165_days;SputnikV;31;1;0;0;53;16;0;0;84;17;0;0;535;54;6;2;729;200;30;24;1264;254;36;26
2022.04_13-10-2022;Костромская область;165_195_days;AllVaccines;36;3;0;0;39;7;2;2;75;10;2;2;535;54;6;2;729;200;30;24;1264;254;36;26
2022.04_13-10-2022;Костромская область;165_195_days;SputnikLite;33;2;0;0;32;5;2;2;65;7;2;2;535;54;6;2;729;200;30;24;1264;254;36;26
2022.04_13-10-2022;Костромская область;165_195_days;SputnikV;3;1;0;0;7;2;0;0;10;3;0;0;535;54;6;2;729;200;30;24;1264;254;36;26
2022.04_13-10-2022;Костромская область;21_45_days;AllVaccines;2;0;0;0;3;2;1;1;5;2;1;1;535;54;6;2;729;200;30;24;1264;254;36;26
2022.04_13-10-2022;Костромская область;21_45_days;EpiVacCorona;0;0;0;0;1;1;0;0;1;1;0;0;535;54;6;2;729;200;30;24;1264;254;36;26
2022.04_13-10-2022;Костромская область;21_45_days;SputnikV;2;0;0;0;2;1;1;1;4;1;1;1;535;54;6;2;729;200;30;24;1264;254;36;26
2022.04_13-10-2022;Костромская область;45_75_days;AllVaccines;27;1;0;0;19;4;0;0;46;5;0;0;535;54;6;2;729;200;30;24;1264;254;36;26
2022.04_13-10-2022;Костромская область;45_75_days;CoviVac;2;0;0;0;0;0;0;0;2;0;0;0;535;54;6;2;729;200;30;24;1264;254;36;26
2022.04_13-10-2022;Костромская область;45_75_days;EpiVacCorona;1;0;0;0;2;0;0;0;3;0;0;0;535;54;6;2;729;200;30;24;1264;254;36;26
2022.04_13-10-2022;Костромская область;45_75_days;SputnikLite;18;1;0;0;10;3;0;0;28;4;0;0;535;54;6;2;729;200;30;24;1264;254;36;26
2022.04_13-10-2022;Костромская область;45_75_days;SputnikV;6;0;0;0;7;1;0;0;13;1;0;0;535;54;6;2;729;200;30;24;1264;254;36;26
2022.04_13-10-2022;Костромская область;75_90_days;AllVaccines;10;0;0;0;9;0;0;0;19;0;0;0;535;54;6;2;729;200;30;24;1264;254;36;26
2022.04_13-10-2022;Костромская область;75_90_days;CoviVac;0;0;0;0;1;0;0;0;1;0;0;0;535;54;6;2;729;200;30;24;1264;254;36;26
2022.04_13-10-2022;Костромская область;75_90_days;EpiVacCorona;1;0;0;0;0;0;0;0;1;0;0;0;535;54;6;2;729;200;30;24;1264;254;36;26
2022.04_13-10-2022;Костромская область;75_90_days;SputnikLite;8;0;0;0;6;0;0;0;14;0;0;0;535;54;6;2;729;200;30;24;1264;254;36;26
2022.04_13-10-2022;Костромская область;75_90_days;SputnikV;1;0;0;0;2;0;0;0;3;0;0;0;535;54;6;2;729;200;30;24;1264;254;36;26
2022.04_13-10-2022;Костромская область;90_105_days;AllVaccines;4;0;0;0;8;1;0;0;12;1;0;0;535;54;6;2;729;200;30;24;1264;254;36;26
2022.04_13-10-2022;Костромская область;90_105_days;SputnikLite;2;0;0;0;7;0;0;0;9;0;0;0;535;54;6;2;729;200;30;24;1264;254;36;26
2022.04_13-10-2022;Костромская область;90_105_days;SputnikV;2;0;0;0;1;1;0;0;3;1;0;0;535;54;6;2;729;200;30;24;1264;254;36;26
2022.04_13-10-2022;Краснодарский край;105_165_days;AllVaccines;525;44;10;4;624;169;40;17;1149;213;50;21;3358;421;79;36;3385;1164;356;168;6743;1585;435;204
2022.04_13-10-2022;Краснодарский край;105_165_days;CoviVac;6;2;1;1;12;2;0;0;18;4;1;1;3358;421;79;36;3385;1164;356;168;6743;1585;435;204
2022.04_13-10-2022;Краснодарский край;105_165_days;EpiVacCorona;8;2;1;0;19;5;0;0;27;7;1;0;3358;421;79;36;3385;1164;356;168;6743;1585;435;204
2022.04_13-10-2022;Краснодарский край;105_165_days;SputnikLite;127;11;0;0;235;55;15;7;362;66;15;7;3358;421;79;36;3385;1164;356;168;6743;1585;435;204
2022.04_13-10-2022;Краснодарский край;105_165_days;SputnikV;384;29;8;3;358;107;25;10;742;136;33;13;3358;421;79;36;3385;1164;356;168;6743;1585;435;204
2022.04_13-10-2022;Краснодарский край;165_195_days;AllVaccines;126;10;2;1;188;52;15;7;314;62;17;8;3358;421;79;36;3385;1164;356;168;6743;1585;435;204
2022.04_13-10-2022;Краснодарский край;165_195_days;CoviVac;4;0;0;0;2;1;0;0;6;1;0;0;3358;421;79;36;3385;1164;356;168;6743;1585;435;204
2022.04_13-10-2022;Краснодарский край;165_195_days;EpiVacCorona;3;0;0;0;4;1;0;0;7;1;0;0;3358;421;79;36;3385;1164;356;168;6743;1585;435;204
2022.04_13-10-2022;Краснодарский край;165_195_days;SputnikLite;34;2;0;0;89;18;4;2;123;20;4;2;3358;421;79;36;3385;1164;356;168;6743;1585;435;204
2022.04_13-10-2022;Краснодарский край;165_195_days;SputnikV;85;8;2;1;93;32;11;5;178;40;13;6;3358;421;79;36;3385;1164;356;168;6743;1585;435;204
2022.04_13-10-2022;Краснодарский край;21_45_days;AllVaccines;43;7;0;0;61;21;6;1;104;28;6;1;3358;421;79;36;3385;1164;356;168;6743;1585;435;204
2022.04_13-10-2022;Краснодарский край;21_45_days;CoviVac;2;0;0;0;0;0;0;0;2;0;0;0;3358;421;79;36;3385;1164;356;168;6743;1585;435;204
2022.04_13-10-2022;Краснодарский край;21_45_days;EpiVacCorona;2;0;0;0;9;5;3;1;11;5;3;1;3358;421;79;36;3385;1164;356;168;6743;1585;435;204
2022.04_13-10-2022;Краснодарский край;21_45_days;SputnikLite;8;1;0;0;8;1;0;0;16;2;0;0;3358;421;79;36;3385;1164;356;168;6743;1585;435;204
2022.04_13-10-2022;Краснодарский край;21_45_days;SputnikV;31;6;0;0;44;15;3;0;75;21;3;0;3358;421;79;36;3385;1164;356;168;6743;1585;435;204
2022.04_13-10-2022;Краснодарский край;45_75_days;AllVaccines;124;12;0;0;137;41;6;2;261;53;6;2;3358;421;79;36;3385;1164;356;168;6743;1585;435;204
2022.04_13-10-2022;Краснодарский край;45_75_days;EpiVacCorona;4;1;0;0;10;3;1;0;14;4;1;0;3358;421;79;36;3385;1164;356;168;6743;1585;435;204
2022.04_13-10-2022;Краснодарский край;45_75_days;SputnikLite;37;3;0;0;24;5;0;0;61;8;0;0;3358;421;79;36;3385;1164;356;168;6743;1585;435;204
2022.04_13-10-2022;Краснодарский край;45_75_days;SputnikV;83;8;0;0;103;33;5;2;186;41;5;2;3358;421;79;36;3385;1164;356;168;6743;1585;435;204
2022.04_13-10-2022;Краснодарский край;75_90_days;AllVaccines;77;9;0;0;64;16;3;2;141;25;3;2;3358;421;79;36;3385;1164;356;168;6743;1585;435;204
2022.04_13-10-2022;Краснодарский край;75_90_days;CoviVac;2;0;0;0;0;0;0;0;2;0;0;0;3358;421;79;36;3385;1164;356;168;6743;1585;435;204
2022.04_13-10-2022;Краснодарский край;75_90_days;EpiVacCorona;0;0;0;0;1;1;0;0;1;1;0;0;3358;421;79;36;3385;1164;356;168;6743;1585;435;204
2022.04_13-10-2022;Краснодарский край;75_90_days;SputnikLite;57;6;0;0;36;6;1;1;93;12;1;1;3358;421;79;36;3385;1164;356;168;6743;1585;435;204
2022.04_13-10-2022;Краснодарский край;75_90_days;SputnikV;18;3;0;0;27;9;2;1;45;12;2;1;3358;421;79;36;3385;1164;356;168;6743;1585;435;204
2022.04_13-10-2022;Краснодарский край;90_105_days;AllVaccines;83;11;1;0;74;32;9;4;157;43;10;4;3358;421;79;36;3385;1164;356;168;6743;1585;435;204
2022.04_13-10-2022;Краснодарский край;90_105_days;CoviVac;2;1;0;0;2;0;0;0;4;1;0;0;3358;421;79;36;3385;1164;356;168;6743;1585;435;204
2022.04_13-10-2022;Краснодарский край;90_105_days;EpiVacCorona;1;1;0;0;2;2;1;0;3;3;1;0;3358;421;79;36;3385;1164;356;168;6743;1585;435;204
2022.04_13-10-2022;Краснодарский край;90_105_days;SputnikLite;26;2;0;0;34;14;3;1;60;16;3;1;3358;421;79;36;3385;1164;356;168;6743;1585;435;204
2022.04_13-10-2022;Краснодарский край;90_105_days;SputnikV;54;7;1;0;36;16;5;3;90;23;6;3;3358;421;79;36;3385;1164;356;168;6743;1585;435;204
2022.04_13-10-2022;Красноярский край;105_165_days;AllVaccines;337;48;6;3;332;109;9;7;669;157;15;10;2191;359;41;21;1864;772;158;111;4055;1131;199;132
2022.04_13-10-2022;Красноярский край;105_165_days;CoviVac;3;0;0;0;3;0;0;0;6;0;0;0;2191;359;41;21;1864;772;158;111;4055;1131;199;132
2022.04_13-10-2022;Красноярский край;105_165_days;EpiVacCorona;19;0;0;0;14;4;0;0;33;4;0;0;2191;359;41;21;1864;772;158;111;4055;1131;199;132
2022.04_13-10-2022;Красноярский край;105_165_days;SputnikLite;110;13;0;0;139;48;7;6;249;61;7;6;2191;359;41;21;1864;772;158;111;4055;1131;199;132
2022.04_13-10-2022;Красноярский край;105_165_days;SputnikV;205;35;6;3;176;57;2;1;381;92;8;4;2191;359;41;21;1864;772;158;111;4055;1131;199;132
2022.04_13-10-2022;Красноярский край;165_195_days;AllVaccines;78;12;0;0;102;32;5;4;180;44;5;4;2191;359;41;21;1864;772;158;111;4055;1131;199;132
2022.04_13-10-2022;Красноярский край;165_195_days;CoviVac;1;0;0;0;0;0;0;0;1;0;0;0;2191;359;41;21;1864;772;158;111;4055;1131;199;132
2022.04_13-10-2022;Красноярский край;165_195_days;EpiVacCorona;1;0;0;0;3;2;1;1;4;2;1;1;2191;359;41;21;1864;772;158;111;4055;1131;199;132
2022.04_13-10-2022;Красноярский край;165_195_days;SputnikLite;52;7;0;0;60;17;1;1;112;24;1;1;2191;359;41;21;1864;772;158;111;4055;1131;199;132
2022.04_13-10-2022;Красноярский край;165_195_days;SputnikV;24;5;0;0;39;13;3;2;63;18;3;2;2191;359;41;21;1864;772;158;111;4055;1131;199;132
2022.04_13-10-2022;Красноярский край;21_45_days;AllVaccines;33;4;1;1;13;4;1;0;46;8;2;1;2191;359;41;21;1864;772;158;111;4055;1131;199;132
2022.04_13-10-2022;Красноярский край;21_45_days;CoviVac;1;0;0;0;0;0;0;0;1;0;0;0;2191;359;41;21;1864;772;158;111;4055;1131;199;132
2022.04_13-10-2022;Красноярский край;21_45_days;EpiVacCorona;0;0;0;0;2;0;0;0;2;0;0;0;2191;359;41;21;1864;772;158;111;4055;1131;199;132
2022.04_13-10-2022;Красноярский край;21_45_days;SputnikLite;7;1;0;0;4;0;0;0;11;1;0;0;2191;359;41;21;1864;772;158;111;4055;1131;199;132
2022.04_13-10-2022;Красноярский край;21_45_days;SputnikV;25;3;1;1;7;4;1;0;32;7;2;1;2191;359;41;21;1864;772;158;111;4055;1131;199;132
2022.04_13-10-2022;Красноярский край;45_75_days;AllVaccines;104;8;0;0;85;33;4;2;189;41;4;2;2191;359;41;21;1864;772;158;111;4055;1131;199;132
2022.04_13-10-2022;Красноярский край;45_75_days;CoviVac;5;0;0;0;0;0;0;0;5;0;0;0;2191;359;41;21;1864;772;158;111;4055;1131;199;132
2022.04_13-10-2022;Красноярский край;45_75_days;EpiVacCorona;1;0;0;0;3;1;0;0;4;1;0;0;2191;359;41;21;1864;772;158;111;4055;1131;199;132
2022.04_13-10-2022;Красноярский край;45_75_days;SputnikLite;54;2;0;0;42;17;2;2;96;19;2;2;2191;359;41;21;1864;772;158;111;4055;1131;199;132
2022.04_13-10-2022;Красноярский край;45_75_days;SputnikV;44;6;0;0;40;15;2;0;84;21;2;0;2191;359;41;21;1864;772;158;111;4055;1131;199;132
2022.04_13-10-2022;Красноярский край;75_90_days;AllVaccines;62;6;0;0;46;16;1;0;108;22;1;0;2191;359;41;21;1864;772;158;111;4055;1131;199;132
2022.04_13-10-2022;Красноярский край;75_90_days;EpiVacCorona;0;0;0;0;2;1;0;0;2;1;0;0;2191;359;41;21;1864;772;158;111;4055;1131;199;132
2022.04_13-10-2022;Красноярский край;75_90_days;SputnikLite;52;4;0;0;36;13;1;0;88;17;1;0;2191;359;41;21;1864;772;158;111;4055;1131;199;132
2022.04_13-10-2022;Красноярский край;75_90_days;SputnikV;10;2;0;0;8;2;0;0;18;4;0;0;2191;359;41;21;1864;772;158;111;4055;1131;199;132
2022.04_13-10-2022;Красноярский край;90_105_days;AllVaccines;43;6;0;0;30;10;1;1;73;16;1;1;2191;359;41;21;1864;772;158;111;4055;1131;199;132
2022.04_13-10-2022;Красноярский край;90_105_days;EpiVacCorona;1;0;0;0;2;2;0;0;3;2;0;0;2191;359;41;21;1864;772;158;111;4055;1131;199;132
2022.04_13-10-2022;Красноярский край;90_105_days;SputnikLite;21;1;0;0;12;1;1;1;33;2;1;1;2191;359;41;21;1864;772;158;111;4055;1131;199;132
2022.04_13-10-2022;Красноярский край;90_105_days;SputnikV;21;5;0;0;16;7;0;0;37;12;0;0;2191;359;41;21;1864;772;158;111;4055;1131;199;132
2022.04_13-10-2022;Курганская область;105_165_days;AllVaccines;320;12;1;0;349;84;15;4;669;96;16;4;1395;91;9;1;1472;428;99;47;2867;519;108;48
2022.04_13-10-2022;Курганская область;105_165_days;CoviVac;6;0;0;0;5;0;0;0;11;0;0;0;1395;91;9;1;1472;428;99;47;2867;519;108;48
2022.04_13-10-2022;Курганская область;105_165_days;EpiVacCorona;6;0;0;0;5;2;1;0;11;2;1;0;1395;91;9;1;1472;428;99;47;2867;519;108;48
2022.04_13-10-2022;Курганская область;105_165_days;SputnikLite;86;6;1;0;182;44;6;2;268;50;7;2;1395;91;9;1;1472;428;99;47;2867;519;108;48
2022.04_13-10-2022;Курганская область;105_165_days;SputnikV;222;6;0;0;157;38;8;2;379;44;8;2;1395;91;9;1;1472;428;99;47;2867;519;108;48
2022.04_13-10-2022;Курганская область;165_195_days;AllVaccines;111;5;2;0;101;20;4;2;212;25;6;2;1395;91;9;1;1472;428;99;47;2867;519;108;48
2022.04_13-10-2022;Курганская область;165_195_days;CoviVac;1;0;0;0;1;0;0;0;2;0;0;0;1395;91;9;1;1472;428;99;47;2867;519;108;48
2022.04_13-10-2022;Курганская область;165_195_days;SputnikLite;91;4;2;0;80;13;3;2;171;17;5;2;1395;91;9;1;1472;428;99;47;2867;519;108;48
2022.04_13-10-2022;Курганская область;165_195_days;SputnikV;19;1;0;0;20;7;1;0;39;8;1;0;1395;91;9;1;1472;428;99;47;2867;519;108;48
2022.04_13-10-2022;Курганская область;21_45_days;AllVaccines;18;1;1;0;22;6;0;0;40;7;1;0;1395;91;9;1;1472;428;99;47;2867;519;108;48
2022.04_13-10-2022;Курганская область;21_45_days;CoviVac;0;0;0;0;1;1;0;0;1;1;0;0;1395;91;9;1;1472;428;99;47;2867;519;108;48
2022.04_13-10-2022;Курганская область;21_45_days;EpiVacCorona;2;1;1;0;2;1;0;0;4;2;1;0;1395;91;9;1;1472;428;99;47;2867;519;108;48
2022.04_13-10-2022;Курганская область;21_45_days;SputnikLite;10;0;0;0;10;0;0;0;20;0;0;0;1395;91;9;1;1472;428;99;47;2867;519;108;48
2022.04_13-10-2022;Курганская область;21_45_days;SputnikV;6;0;0;0;9;4;0;0;15;4;0;0;1395;91;9;1;1472;428;99;47;2867;519;108;48
2022.04_13-10-2022;Курганская область;45_75_days;AllVaccines;76;6;0;0;88;23;5;1;164;29;5;1;1395;91;9;1;1472;428;99;47;2867;519;108;48
2022.04_13-10-2022;Курганская область;45_75_days;CoviVac;3;0;0;0;0;0;0;0;3;0;0;0;1395;91;9;1;1472;428;99;47;2867;519;108;48
2022.04_13-10-2022;Курганская область;45_75_days;EpiVacCorona;5;2;0;0;7;3;1;1;12;5;1;1;1395;91;9;1;1472;428;99;47;2867;519;108;48
2022.04_13-10-2022;Курганская область;45_75_days;SputnikLite;50;2;0;0;47;10;1;0;97;12;1;0;1395;91;9;1;1472;428;99;47;2867;519;108;48
2022.04_13-10-2022;Курганская область;45_75_days;SputnikV;18;2;0;0;34;10;3;0;52;12;3;0;1395;91;9;1;1472;428;99;47;2867;519;108;48
2022.04_13-10-2022;Курганская область;75_90_days;AllVaccines;58;2;0;0;50;13;2;1;108;15;2;1;1395;91;9;1;1472;428;99;47;2867;519;108;48
2022.04_13-10-2022;Курганская область;75_90_days;CoviVac;1;0;0;0;2;0;0;0;3;0;0;0;1395;91;9;1;1472;428;99;47;2867;519;108;48
2022.04_13-10-2022;Курганская область;75_90_days;EpiVacCorona;5;0;0;0;1;0;0;0;6;0;0;0;1395;91;9;1;1472;428;99;47;2867;519;108;48
2022.04_13-10-2022;Курганская область;75_90_days;SputnikLite;44;2;0;0;41;11;1;0;85;13;1;0;1395;91;9;1;1472;428;99;47;2867;519;108;48
2022.04_13-10-2022;Курганская область;75_90_days;SputnikV;8;0;0;0;6;2;1;1;14;2;1;1;1395;91;9;1;1472;428;99;47;2867;519;108;48
2022.04_13-10-2022;Курганская область;90_105_days;AllVaccines;37;1;0;0;37;11;2;1;74;12;2;1;1395;91;9;1;1472;428;99;47;2867;519;108;48
2022.04_13-10-2022;Курганская область;90_105_days;EpiVacCorona;1;0;0;0;4;1;1;1;5;1;1;1;1395;91;9;1;1472;428;99;47;2867;519;108;48
2022.04_13-10-2022;Курганская область;90_105_days;SputnikLite;19;0;0;0;21;7;1;0;40;7;1;0;1395;91;9;1;1472;428;99;47;2867;519;108;48
2022.04_13-10-2022;Курганская область;90_105_days;SputnikV;17;1;0;0;12;3;0;0;29;4;0;0;1395;91;9;1;1472;428;99;47;2867;519;108;48
2022.04_13-10-2022;Курская область;105_165_days;AllVaccines;230;15;0;0;248;86;13;10;478;101;13;10;1290;148;23;9;1285;465;114;67;2575;613;137;76
2022.04_13-10-2022;Курская область;105_165_days;CoviVac;6;0;0;0;3;2;0;0;9;2;0;0;1290;148;23;9;1285;465;114;67;2575;613;137;76
2022.04_13-10-2022;Курская область;105_165_days;EpiVacCorona;10;0;0;0;18;8;0;1;28;8;0;1;1290;148;23;9;1285;465;114;67;2575;613;137;76
2022.04_13-10-2022;Курская область;105_165_days;SputnikLite;94;5;0;0;111;41;7;6;205;46;7;6;1290;148;23;9;1285;465;114;67;2575;613;137;76
2022.04_13-10-2022;Курская область;105_165_days;SputnikV;120;10;0;0;116;35;6;3;236;45;6;3;1290;148;23;9;1285;465;114;67;2575;613;137;76
2022.04_13-10-2022;Курская область;165_195_days;AllVaccines;67;6;1;0;83;22;6;2;150;28;7;2;1290;148;23;9;1285;465;114;67;2575;613;137;76
2022.04_13-10-2022;Курская область;165_195_days;CoviVac;1;0;0;0;1;0;0;0;2;0;0;0;1290;148;23;9;1285;465;114;67;2575;613;137;76
2022.04_13-10-2022;Курская область;165_195_days;EpiVacCorona;2;0;0;0;1;1;0;0;3;1;0;0;1290;148;23;9;1285;465;114;67;2575;613;137;76
2022.04_13-10-2022;Курская область;165_195_days;SputnikLite;49;5;1;0;61;16;4;1;110;21;5;1;1290;148;23;9;1285;465;114;67;2575;613;137;76
2022.04_13-10-2022;Курская область;165_195_days;SputnikV;15;1;0;0;20;5;2;1;35;6;2;1;1290;148;23;9;1285;465;114;67;2575;613;137;76
2022.04_13-10-2022;Курская область;21_45_days;AllVaccines;16;1;0;0;8;1;1;0;24;2;1;0;1290;148;23;9;1285;465;114;67;2575;613;137;76
2022.04_13-10-2022;Курская область;21_45_days;EpiVacCorona;1;0;0;0;0;0;0;0;1;0;0;0;1290;148;23;9;1285;465;114;67;2575;613;137;76
2022.04_13-10-2022;Курская область;21_45_days;SputnikLite;5;1;0;0;4;1;1;0;9;2;1;0;1290;148;23;9;1285;465;114;67;2575;613;137;76
2022.04_13-10-2022;Курская область;21_45_days;SputnikV;10;0;0;0;4;0;0;0;14;0;0;0;1290;148;23;9;1285;465;114;67;2575;613;137;76
2022.04_13-10-2022;Курская область;45_75_days;AllVaccines;49;7;2;1;40;14;1;2;89;21;3;3;1290;148;23;9;1285;465;114;67;2575;613;137;76
2022.04_13-10-2022;Курская область;45_75_days;CoviVac;1;1;0;0;0;0;0;0;1;1;0;0;1290;148;23;9;1285;465;114;67;2575;613;137;76
2022.04_13-10-2022;Курская область;45_75_days;EpiVacCorona;3;1;0;0;2;2;0;0;5;3;0;0;1290;148;23;9;1285;465;114;67;2575;613;137;76
2022.04_13-10-2022;Курская область;45_75_days;SputnikLite;29;4;2;1;24;4;0;0;53;8;2;1;1290;148;23;9;1285;465;114;67;2575;613;137;76
2022.04_13-10-2022;Курская область;45_75_days;SputnikV;16;1;0;0;14;8;1;2;30;9;1;2;1290;148;23;9;1285;465;114;67;2575;613;137;76
2022.04_13-10-2022;Курская область;75_90_days;AllVaccines;48;5;0;0;23;6;1;0;71;11;1;0;1290;148;23;9;1285;465;114;67;2575;613;137;76
2022.04_13-10-2022;Курская область;75_90_days;EpiVacCorona;0;0;0;0;2;0;0;0;2;0;0;0;1290;148;23;9;1285;465;114;67;2575;613;137;76
2022.04_13-10-2022;Курская область;75_90_days;SputnikLite;46;5;0;0;18;5;1;0;64;10;1;0;1290;148;23;9;1285;465;114;67;2575;613;137;76
2022.04_13-10-2022;Курская область;75_90_days;SputnikV;2;0;0;0;3;1;0;0;5;1;0;0;1290;148;23;9;1285;465;114;67;2575;613;137;76
2022.04_13-10-2022;Курская область;90_105_days;AllVaccines;25;3;0;0;22;6;3;2;47;9;3;2;1290;148;23;9;1285;465;114;67;2575;613;137;76
2022.04_13-10-2022;Курская область;90_105_days;CoviVac;1;0;0;0;0;0;0;0;1;0;0;0;1290;148;23;9;1285;465;114;67;2575;613;137;76
2022.04_13-10-2022;Курская область;90_105_days;EpiVacCorona;3;0;0;0;4;2;1;1;7;2;1;1;1290;148;23;9;1285;465;114;67;2575;613;137;76
2022.04_13-10-2022;Курская область;90_105_days;SputnikLite;11;2;0;0;15;3;2;1;26;5;2;1;1290;148;23;9;1285;465;114;67;2575;613;137;76
2022.04_13-10-2022;Курская область;90_105_days;SputnikV;10;1;0;0;3;1;0;0;13;2;0;0;1290;148;23;9;1285;465;114;67;2575;613;137;76
2022.04_13-10-2022;Ленинградская область;105_165_days;AllVaccines;361;23;3;2;410;70;8;8;771;93;11;10;2448;165;22;20;2188;508;79;114;4636;673;101;134
2022.04_13-10-2022;Ленинградская область;105_165_days;CoviVac;11;1;0;0;3;0;0;0;14;1;0;0;2448;165;22;20;2188;508;79;114;4636;673;101;134
2022.04_13-10-2022;Ленинградская область;105_165_days;EpiVacCorona;13;1;1;1;18;3;1;0;31;4;2;1;2448;165;22;20;2188;508;79;114;4636;673;101;134
2022.04_13-10-2022;Ленинградская область;105_165_days;SputnikLite;99;11;1;0;148;28;3;2;247;39;4;2;2448;165;22;20;2188;508;79;114;4636;673;101;134
2022.04_13-10-2022;Ленинградская область;105_165_days;SputnikV;238;10;1;1;241;39;4;6;479;49;5;7;2448;165;22;20;2188;508;79;114;4636;673;101;134
2022.04_13-10-2022;Ленинградская область;165_195_days;AllVaccines;146;13;4;3;148;25;3;2;294;38;7;5;2448;165;22;20;2188;508;79;114;4636;673;101;134
2022.04_13-10-2022;Ленинградская область;165_195_days;CoviVac;6;0;0;0;3;2;0;0;9;2;0;0;2448;165;22;20;2188;508;79;114;4636;673;101;134
2022.04_13-10-2022;Ленинградская область;165_195_days;EpiVacCorona;1;0;0;0;1;0;0;0;2;0;0;0;2448;165;22;20;2188;508;79;114;4636;673;101;134
2022.04_13-10-2022;Ленинградская область;165_195_days;SputnikLite;102;11;4;3;90;15;2;1;192;26;6;4;2448;165;22;20;2188;508;79;114;4636;673;101;134
2022.04_13-10-2022;Ленинградская область;165_195_days;SputnikV;37;2;0;0;54;8;1;1;91;10;1;1;2448;165;22;20;2188;508;79;114;4636;673;101;134
2022.04_13-10-2022;Ленинградская область;21_45_days;AllVaccines;33;5;0;0;21;5;2;2;54;10;2;2;2448;165;22;20;2188;508;79;114;4636;673;101;134
2022.04_13-10-2022;Ленинградская область;21_45_days;CoviVac;2;0;0;0;0;0;0;0;2;0;0;0;2448;165;22;20;2188;508;79;114;4636;673;101;134
2022.04_13-10-2022;Ленинградская область;21_45_days;SputnikLite;12;1;0;0;10;3;1;1;22;4;1;1;2448;165;22;20;2188;508;79;114;4636;673;101;134
2022.04_13-10-2022;Ленинградская область;21_45_days;SputnikV;19;4;0;0;11;2;1;1;30;6;1;1;2448;165;22;20;2188;508;79;114;4636;673;101;134
2022.04_13-10-2022;Ленинградская область;45_75_days;AllVaccines;72;3;1;0;78;12;1;0;150;15;2;0;2448;165;22;20;2188;508;79;114;4636;673;101;134
2022.04_13-10-2022;Ленинградская область;45_75_days;CoviVac;1;0;0;0;0;0;0;0;1;0;0;0;2448;165;22;20;2188;508;79;114;4636;673;101;134
2022.04_13-10-2022;Ленинградская область;45_75_days;EpiVacCorona;3;0;0;0;1;0;0;0;4;0;0;0;2448;165;22;20;2188;508;79;114;4636;673;101;134
2022.04_13-10-2022;Ленинградская область;45_75_days;SputnikLite;33;1;0;0;40;5;0;0;73;6;0;0;2448;165;22;20;2188;508;79;114;4636;673;101;134
2022.04_13-10-2022;Ленинградская область;45_75_days;SputnikV;35;2;1;0;37;7;1;0;72;9;2;0;2448;165;22;20;2188;508;79;114;4636;673;101;134
2022.04_13-10-2022;Ленинградская область;75_90_days;AllVaccines;51;3;0;0;43;4;1;0;94;7;1;0;2448;165;22;20;2188;508;79;114;4636;673;101;134
2022.04_13-10-2022;Ленинградская область;75_90_days;CoviVac;2;0;0;0;1;0;0;0;3;0;0;0;2448;165;22;20;2188;508;79;114;4636;673;101;134
2022.04_13-10-2022;Ленинградская область;75_90_days;EpiVacCorona;3;0;0;0;0;0;0;0;3;0;0;0;2448;165;22;20;2188;508;79;114;4636;673;101;134
2022.04_13-10-2022;Ленинградская область;75_90_days;SputnikLite;34;2;0;0;29;3;0;0;63;5;0;0;2448;165;22;20;2188;508;79;114;4636;673;101;134
2022.04_13-10-2022;Ленинградская область;75_90_days;SputnikV;12;1;0;0;13;1;1;0;25;2;1;0;2448;165;22;20;2188;508;79;114;4636;673;101;134
2022.04_13-10-2022;Ленинградская область;90_105_days;AllVaccines;28;1;1;0;45;10;0;0;73;11;1;0;2448;165;22;20;2188;508;79;114;4636;673;101;134
2022.04_13-10-2022;Ленинградская область;90_105_days;CoviVac;2;0;0;0;0;0;0;0;2;0;0;0;2448;165;22;20;2188;508;79;114;4636;673;101;134
2022.04_13-10-2022;Ленинградская область;90_105_days;EpiVacCorona;0;0;0;0;2;0;0;0;2;0;0;0;2448;165;22;20;2188;508;79;114;4636;673;101;134
2022.04_13-10-2022;Ленинградская область;90_105_days;SputnikLite;8;1;1;0;19;5;0;0;27;6;1;0;2448;165;22;20;2188;508;79;114;4636;673;101;134
2022.04_13-10-2022;Ленинградская область;90_105_days;SputnikV;18;0;0;0;24;5;0;0;42;5;0;0;2448;165;22;20;2188;508;79;114;4636;673;101;134
2022.04_13-10-2022;Липецкая область;105_165_days;AllVaccines;413;24;1;1;307;73;6;5;720;97;7;6;1724;166;20;9;1571;409;99;77;3295;575;119;86
2022.04_13-10-2022;Липецкая область;105_165_days;CoviVac;5;0;0;0;0;0;0;0;5;0;0;0;1724;166;20;9;1571;409;99;77;3295;575;119;86
2022.04_13-10-2022;Липецкая область;105_165_days;EpiVacCorona;23;1;0;0;18;3;1;1;41;4;1;1;1724;166;20;9;1571;409;99;77;3295;575;119;86
2022.04_13-10-2022;Липецкая область;105_165_days;SputnikLite;80;5;0;0;163;41;3;2;243;46;3;2;1724;166;20;9;1571;409;99;77;3295;575;119;86
2022.04_13-10-2022;Липецкая область;105_165_days;SputnikV;305;18;1;1;126;29;2;2;431;47;3;3;1724;166;20;9;1571;409;99;77;3295;575;119;86
2022.04_13-10-2022;Липецкая область;165_195_days;AllVaccines;119;8;2;0;117;17;2;2;236;25;4;2;1724;166;20;9;1571;409;99;77;3295;575;119;86
2022.04_13-10-2022;Липецкая область;165_195_days;CoviVac;2;0;0;0;0;0;0;0;2;0;0;0;1724;166;20;9;1571;409;99;77;3295;575;119;86
2022.04_13-10-2022;Липецкая область;165_195_days;EpiVacCorona;1;0;0;0;1;1;0;0;2;1;0;0;1724;166;20;9;1571;409;99;77;3295;575;119;86
2022.04_13-10-2022;Липецкая область;165_195_days;SputnikLite;70;4;2;0;87;14;2;2;157;18;4;2;1724;166;20;9;1571;409;99;77;3295;575;119;86
2022.04_13-10-2022;Липецкая область;165_195_days;SputnikV;46;4;0;0;29;2;0;0;75;6;0;0;1724;166;20;9;1571;409;99;77;3295;575;119;86
2022.04_13-10-2022;Липецкая область;21_45_days;AllVaccines;24;2;0;0;19;4;1;1;43;6;1;1;1724;166;20;9;1571;409;99;77;3295;575;119;86
2022.04_13-10-2022;Липецкая область;21_45_days;CoviVac;1;0;0;0;0;0;0;0;1;0;0;0;1724;166;20;9;1571;409;99;77;3295;575;119;86
2022.04_13-10-2022;Липецкая область;21_45_days;EpiVacCorona;2;0;0;0;1;1;0;0;3;1;0;0;1724;166;20;9;1571;409;99;77;3295;575;119;86
2022.04_13-10-2022;Липецкая область;21_45_days;SputnikLite;9;1;0;0;9;0;0;0;18;1;0;0;1724;166;20;9;1571;409;99;77;3295;575;119;86
2022.04_13-10-2022;Липецкая область;21_45_days;SputnikV;12;1;0;0;9;3;1;1;21;4;1;1;1724;166;20;9;1571;409;99;77;3295;575;119;86
2022.04_13-10-2022;Липецкая область;45_75_days;AllVaccines;75;9;0;0;45;7;1;0;120;16;1;0;1724;166;20;9;1571;409;99;77;3295;575;119;86
2022.04_13-10-2022;Липецкая область;45_75_days;CoviVac;2;0;0;0;0;0;0;0;2;0;0;0;1724;166;20;9;1571;409;99;77;3295;575;119;86
2022.04_13-10-2022;Липецкая область;45_75_days;EpiVacCorona;3;0;0;0;4;0;0;0;7;0;0;0;1724;166;20;9;1571;409;99;77;3295;575;119;86
2022.04_13-10-2022;Липецкая область;45_75_days;SputnikLite;39;5;0;0;18;1;0;0;57;6;0;0;1724;166;20;9;1571;409;99;77;3295;575;119;86
2022.04_13-10-2022;Липецкая область;45_75_days;SputnikV;31;4;0;0;23;6;1;0;54;10;1;0;1724;166;20;9;1571;409;99;77;3295;575;119;86
2022.04_13-10-2022;Липецкая область;75_90_days;AllVaccines;33;1;0;0;29;8;1;1;62;9;1;1;1724;166;20;9;1571;409;99;77;3295;575;119;86
2022.04_13-10-2022;Липецкая область;75_90_days;EpiVacCorona;3;0;0;0;4;1;0;0;7;1;0;0;1724;166;20;9;1571;409;99;77;3295;575;119;86
2022.04_13-10-2022;Липецкая область;75_90_days;SputnikLite;28;1;0;0;24;6;1;1;52;7;1;1;1724;166;20;9;1571;409;99;77;3295;575;119;86
2022.04_13-10-2022;Липецкая область;75_90_days;SputnikV;2;0;0;0;1;1;0;0;3;1;0;0;1724;166;20;9;1571;409;99;77;3295;575;119;86
2022.04_13-10-2022;Липецкая область;90_105_days;AllVaccines;20;1;0;0;20;4;0;0;40;5;0;0;1724;166;20;9;1571;409;99;77;3295;575;119;86
2022.04_13-10-2022;Липецкая область;90_105_days;EpiVacCorona;4;0;0;0;2;1;0;0;6;1;0;0;1724;166;20;9;1571;409;99;77;3295;575;119;86
2022.04_13-10-2022;Липецкая область;90_105_days;SputnikLite;8;1;0;0;13;1;0;0;21;2;0;0;1724;166;20;9;1571;409;99;77;3295;575;119;86
2022.04_13-10-2022;Липецкая область;90_105_days;SputnikV;8;0;0;0;5;2;0;0;13;2;0;0;1724;166;20;9;1571;409;99;77;3295;575;119;86
2022.04_13-10-2022;Магаданская область;105_165_days;AllVaccines;18;1;0;0;10;2;0;0;28;3;0;0;101;10;0;0;48;14;4;2;149;24;4;2
2022.04_13-10-2022;Магаданская область;105_165_days;CoviVac;1;1;0;0;1;0;0;0;2;1;0;0;101;10;0;0;48;14;4;2;149;24;4;2
2022.04_13-10-2022;Магаданская область;105_165_days;EpiVacCorona;2;0;0;0;1;0;0;0;3;0;0;0;101;10;0;0;48;14;4;2;149;24;4;2
2022.04_13-10-2022;Магаданская область;105_165_days;SputnikLite;9;0;0;0;7;1;0;0;16;1;0;0;101;10;0;0;48;14;4;2;149;24;4;2
2022.04_13-10-2022;Магаданская область;105_165_days;SputnikV;6;0;0;0;1;1;0;0;7;1;0;0;101;10;0;0;48;14;4;2;149;24;4;2
2022.04_13-10-2022;Магаданская область;165_195_days;AllVaccines;6;1;0;0;2;0;0;0;8;1;0;0;101;10;0;0;48;14;4;2;149;24;4;2
2022.04_13-10-2022;Магаданская область;165_195_days;SputnikLite;5;1;0;0;2;0;0;0;7;1;0;0;101;10;0;0;48;14;4;2;149;24;4;2
2022.04_13-10-2022;Магаданская область;165_195_days;SputnikV;1;0;0;0;0;0;0;0;1;0;0;0;101;10;0;0;48;14;4;2;149;24;4;2
2022.04_13-10-2022;Магаданская область;21_45_days;AllVaccines;0;0;0;0;3;1;0;0;3;1;0;0;101;10;0;0;48;14;4;2;149;24;4;2
2022.04_13-10-2022;Магаданская область;21_45_days;SputnikLite;0;0;0;0;3;1;0;0;3;1;0;0;101;10;0;0;48;14;4;2;149;24;4;2
2022.04_13-10-2022;Магаданская область;45_75_days;AllVaccines;5;0;0;0;3;0;0;0;8;0;0;0;101;10;0;0;48;14;4;2;149;24;4;2
2022.04_13-10-2022;Магаданская область;45_75_days;SputnikLite;3;0;0;0;3;0;0;0;6;0;0;0;101;10;0;0;48;14;4;2;149;24;4;2
2022.04_13-10-2022;Магаданская область;45_75_days;SputnikV;2;0;0;0;0;0;0;0;2;0;0;0;101;10;0;0;48;14;4;2;149;24;4;2
2022.04_13-10-2022;Магаданская область;75_90_days;AllVaccines;3;0;0;0;1;0;0;0;4;0;0;0;101;10;0;0;48;14;4;2;149;24;4;2
2022.04_13-10-2022;Магаданская область;75_90_days;SputnikLite;1;0;0;0;1;0;0;0;2;0;0;0;101;10;0;0;48;14;4;2;149;24;4;2
2022.04_13-10-2022;Магаданская область;75_90_days;SputnikV;2;0;0;0;0;0;0;0;2;0;0;0;101;10;0;0;48;14;4;2;149;24;4;2
2022.04_13-10-2022;Магаданская область;90_105_days;AllVaccines;6;1;0;0;0;0;0;0;6;1;0;0;101;10;0;0;48;14;4;2;149;24;4;2
2022.04_13-10-2022;Магаданская область;90_105_days;SputnikLite;4;1;0;0;0;0;0;0;4;1;0;0;101;10;0;0;48;14;4;2;149;24;4;2
2022.04_13-10-2022;Магаданская область;90_105_days;SputnikV;2;0;0;0;0;0;0;0;2;0;0;0;101;10;0;0;48;14;4;2;149;24;4;2
2022.04_13-10-2022;Московская область;105_165_days;AllVaccines;833;40;7;4;733;115;29;9;1566;155;36;13;7006;417;76;36;4919;1048;252;175;11925;1465;328;211
2022.04_13-10-2022;Московская область;105_165_days;CoviVac;17;1;0;0;10;1;2;0;27;2;2;0;7006;417;76;36;4919;1048;252;175;11925;1465;328;211
2022.04_13-10-2022;Московская область;105_165_days;EpiVacCorona;18;3;0;0;21;1;0;0;39;4;0;0;7006;417;76;36;4919;1048;252;175;11925;1465;328;211
2022.04_13-10-2022;Московская область;105_165_days;SputnikLite;207;6;1;1;319;52;11;4;526;58;12;5;7006;417;76;36;4919;1048;252;175;11925;1465;328;211
2022.04_13-10-2022;Московская область;105_165_days;SputnikV;591;30;6;3;383;61;16;5;974;91;22;8;7006;417;76;36;4919;1048;252;175;11925;1465;328;211
2022.04_13-10-2022;Московская область;165_195_days;AllVaccines;250;7;1;0;283;38;9;5;533;45;10;5;7006;417;76;36;4919;1048;252;175;11925;1465;328;211
2022.04_13-10-2022;Московская область;165_195_days;CoviVac;8;1;1;0;3;1;0;0;11;2;1;0;7006;417;76;36;4919;1048;252;175;11925;1465;328;211
2022.04_13-10-2022;Московская область;165_195_days;EpiVacCorona;3;0;0;0;2;0;0;0;5;0;0;0;7006;417;76;36;4919;1048;252;175;11925;1465;328;211
2022.04_13-10-2022;Московская область;165_195_days;SputnikLite;86;3;0;0;189;22;4;4;275;25;4;4;7006;417;76;36;4919;1048;252;175;11925;1465;328;211
2022.04_13-10-2022;Московская область;165_195_days;SputnikV;153;3;0;0;89;15;5;1;242;18;5;1;7006;417;76;36;4919;1048;252;175;11925;1465;328;211
2022.04_13-10-2022;Московская область;21_45_days;AllVaccines;87;1;0;0;67;8;0;0;154;9;0;0;7006;417;76;36;4919;1048;252;175;11925;1465;328;211
2022.04_13-10-2022;Московская область;21_45_days;CoviVac;2;0;0;0;1;0;0;0;3;0;0;0;7006;417;76;36;4919;1048;252;175;11925;1465;328;211
2022.04_13-10-2022;Московская область;21_45_days;EpiVacCorona;0;0;0;0;4;1;0;0;4;1;0;0;7006;417;76;36;4919;1048;252;175;11925;1465;328;211
2022.04_13-10-2022;Московская область;21_45_days;SputnikLite;33;0;0;0;42;6;0;0;75;6;0;0;7006;417;76;36;4919;1048;252;175;11925;1465;328;211
2022.04_13-10-2022;Московская область;21_45_days;SputnikV;52;1;0;0;20;1;0;0;72;2;0;0;7006;417;76;36;4919;1048;252;175;11925;1465;328;211
2022.04_13-10-2022;Московская область;45_75_days;AllVaccines;251;13;2;0;141;10;5;3;392;23;7;3;7006;417;76;36;4919;1048;252;175;11925;1465;328;211
2022.04_13-10-2022;Московская область;45_75_days;CoviVac;7;1;1;0;7;0;0;0;14;1;1;0;7006;417;76;36;4919;1048;252;175;11925;1465;328;211
2022.04_13-10-2022;Московская область;45_75_days;EpiVacCorona;5;1;0;0;4;1;0;0;9;2;0;0;7006;417;76;36;4919;1048;252;175;11925;1465;328;211
2022.04_13-10-2022;Московская область;45_75_days;SputnikLite;101;5;0;0;55;5;3;2;156;10;3;2;7006;417;76;36;4919;1048;252;175;11925;1465;328;211
2022.04_13-10-2022;Московская область;45_75_days;SputnikV;138;6;1;0;75;4;2;1;213;10;3;1;7006;417;76;36;4919;1048;252;175;11925;1465;328;211
2022.04_13-10-2022;Московская область;75_90_days;AllVaccines;126;2;1;0;92;9;2;1;218;11;3;1;7006;417;76;36;4919;1048;252;175;11925;1465;328;211
2022.04_13-10-2022;Московская область;75_90_days;CoviVac;1;0;0;0;1;0;0;0;2;0;0;0;7006;417;76;36;4919;1048;252;175;11925;1465;328;211
2022.04_13-10-2022;Московская область;75_90_days;EpiVacCorona;1;0;0;0;2;0;0;0;3;0;0;0;7006;417;76;36;4919;1048;252;175;11925;1465;328;211
2022.04_13-10-2022;Московская область;75_90_days;SputnikLite;93;2;1;0;75;8;2;1;168;10;3;1;7006;417;76;36;4919;1048;252;175;11925;1465;328;211
2022.04_13-10-2022;Московская область;75_90_days;SputnikV;31;0;0;0;14;1;0;0;45;1;0;0;7006;417;76;36;4919;1048;252;175;11925;1465;328;211
2022.04_13-10-2022;Московская область;90_105_days;AllVaccines;83;2;0;0;62;6;1;1;145;8;1;1;7006;417;76;36;4919;1048;252;175;11925;1465;328;211
2022.04_13-10-2022;Московская область;90_105_days;EpiVacCorona;1;0;0;0;4;0;0;0;5;0;0;0;7006;417;76;36;4919;1048;252;175;11925;1465;328;211
2022.04_13-10-2022;Московская область;90_105_days;SputnikLite;35;0;0;0;32;2;0;0;67;2;0;0;7006;417;76;36;4919;1048;252;175;11925;1465;328;211
2022.04_13-10-2022;Московская область;90_105_days;SputnikV;47;2;0;0;26;4;1;1;73;6;1;1;7006;417;76;36;4919;1048;252;175;11925;1465;328;211
2022.04_13-10-2022;Мурманская область;105_165_days;AllVaccines;61;8;3;0;48;20;4;2;109;28;7;2;440;67;14;2;281;134;31;22;721;201;45;24
2022.04_13-10-2022;Мурманская область;105_165_days;CoviVac;2;0;0;0;0;0;0;0;2;0;0;0;440;67;14;2;281;134;31;22;721;201;45;24
2022.04_13-10-2022;Мурманская область;105_165_days;EpiVacCorona;2;0;0;0;2;1;0;0;4;1;0;0;440;67;14;2;281;134;31;22;721;201;45;24
2022.04_13-10-2022;Мурманская область;105_165_days;SputnikLite;35;4;3;0;28;13;3;2;63;17;6;2;440;67;14;2;281;134;31;22;721;201;45;24
2022.04_13-10-2022;Мурманская область;105_165_days;SputnikV;22;4;0;0;18;6;1;0;40;10;1;0;440;67;14;2;281;134;31;22;721;201;45;24
2022.04_13-10-2022;Мурманская область;165_195_days;AllVaccines;12;0;0;0;14;5;1;1;26;5;1;1;440;67;14;2;281;134;31;22;721;201;45;24
2022.04_13-10-2022;Мурманская область;165_195_days;SputnikLite;8;0;0;0;8;2;0;0;16;2;0;0;440;67;14;2;281;134;31;22;721;201;45;24
2022.04_13-10-2022;Мурманская область;165_195_days;SputnikV;4;0;0;0;6;3;1;1;10;3;1;1;440;67;14;2;281;134;31;22;721;201;45;24
2022.04_13-10-2022;Мурманская область;21_45_days;AllVaccines;5;1;1;0;4;1;1;0;9;2;2;0;440;67;14;2;281;134;31;22;721;201;45;24
2022.04_13-10-2022;Мурманская область;21_45_days;SputnikLite;4;1;1;0;4;1;1;0;8;2;2;0;440;67;14;2;281;134;31;22;721;201;45;24
2022.04_13-10-2022;Мурманская область;21_45_days;SputnikV;1;0;0;0;0;0;0;0;1;0;0;0;440;67;14;2;281;134;31;22;721;201;45;24
2022.04_13-10-2022;Мурманская область;45_75_days;AllVaccines;13;3;0;0;8;5;0;0;21;8;0;0;440;67;14;2;281;134;31;22;721;201;45;24
2022.04_13-10-2022;Мурманская область;45_75_days;CoviVac;2;0;0;0;0;0;0;0;2;0;0;0;440;67;14;2;281;134;31;22;721;201;45;24
2022.04_13-10-2022;Мурманская область;45_75_days;EpiVacCorona;0;0;0;0;1;1;0;0;1;1;0;0;440;67;14;2;281;134;31;22;721;201;45;24
2022.04_13-10-2022;Мурманская область;45_75_days;SputnikLite;3;1;0;0;5;3;0;0;8;4;0;0;440;67;14;2;281;134;31;22;721;201;45;24
2022.04_13-10-2022;Мурманская область;45_75_days;SputnikV;8;2;0;0;2;1;0;0;10;3;0;0;440;67;14;2;281;134;31;22;721;201;45;24
2022.04_13-10-2022;Мурманская область;75_90_days;AllVaccines;14;0;0;0;7;3;1;1;21;3;1;1;440;67;14;2;281;134;31;22;721;201;45;24
2022.04_13-10-2022;Мурманская область;75_90_days;SputnikLite;13;0;0;0;6;2;1;1;19;2;1;1;440;67;14;2;281;134;31;22;721;201;45;24
2022.04_13-10-2022;Мурманская область;75_90_days;SputnikV;1;0;0;0;1;1;0;0;2;1;0;0;440;67;14;2;281;134;31;22;721;201;45;24
2022.04_13-10-2022;Мурманская область;90_105_days;AllVaccines;7;0;0;0;10;2;0;0;17;2;0;0;440;67;14;2;281;134;31;22;721;201;45;24
2022.04_13-10-2022;Мурманская область;90_105_days;EpiVacCorona;0;0;0;0;3;1;0;0;3;1;0;0;440;67;14;2;281;134;31;22;721;201;45;24
2022.04_13-10-2022;Мурманская область;90_105_days;SputnikLite;2;0;0;0;6;1;0;0;8;1;0;0;440;67;14;2;281;134;31;22;721;201;45;24
2022.04_13-10-2022;Мурманская область;90_105_days;SputnikV;5;0;0;0;1;0;0;0;6;0;0;0;440;67;14;2;281;134;31;22;721;201;45;24
2022.04_13-10-2022;Ненецкий автономный округ;105_165_days;AllVaccines;13;0;0;0;9;1;0;0;22;1;0;0;55;0;0;0;25;3;1;0;80;3;1;0
2022.04_13-10-2022;Ненецкий автономный округ;105_165_days;SputnikLite;11;0;0;0;9;1;0;0;20;1;0;0;55;0;0;0;25;3;1;0;80;3;1;0
2022.04_13-10-2022;Ненецкий автономный округ;105_165_days;SputnikV;2;0;0;0;0;0;0;0;2;0;0;0;55;0;0;0;25;3;1;0;80;3;1;0
2022.04_13-10-2022;Ненецкий автономный округ;165_195_days;AllVaccines;1;0;0;0;2;0;0;0;3;0;0;0;55;0;0;0;25;3;1;0;80;3;1;0
2022.04_13-10-2022;Ненецкий автономный округ;165_195_days;SputnikLite;1;0;0;0;2;0;0;0;3;0;0;0;55;0;0;0;25;3;1;0;80;3;1;0
2022.04_13-10-2022;Ненецкий автономный округ;75_90_days;AllVaccines;1;0;0;0;1;0;0;0;2;0;0;0;55;0;0;0;25;3;1;0;80;3;1;0
2022.04_13-10-2022;Ненецкий автономный округ;75_90_days;SputnikLite;1;0;0;0;1;0;0;0;2;0;0;0;55;0;0;0;25;3;1;0;80;3;1;0
2022.04_13-10-2022;Ненецкий автономный округ;90_105_days;AllVaccines;0;0;0;0;1;0;0;0;1;0;0;0;55;0;0;0;25;3;1;0;80;3;1;0
2022.04_13-10-2022;Ненецкий автономный округ;90_105_days;SputnikLite;0;0;0;0;1;0;0;0;1;0;0;0;55;0;0;0;25;3;1;0;80;3;1;0
2022.04_13-10-2022;Нижегородская область;105_165_days;AllVaccines;430;59;7;5;688;220;22;15;1118;279;29;20;2998;441;55;30;3508;1314;201;146;6506;1755;256;176
2022.04_13-10-2022;Нижегородская область;105_165_days;CoviVac;6;0;0;0;2;0;0;0;8;0;0;0;2998;441;55;30;3508;1314;201;146;6506;1755;256;176
2022.04_13-10-2022;Нижегородская область;105_165_days;EpiVacCorona;11;2;0;0;18;5;0;0;29;7;0;0;2998;441;55;30;3508;1314;201;146;6506;1755;256;176
2022.04_13-10-2022;Нижегородская область;105_165_days;SputnikLite;151;18;2;1;295;92;7;8;446;110;9;9;2998;441;55;30;3508;1314;201;146;6506;1755;256;176
2022.04_13-10-2022;Нижегородская область;105_165_days;SputnikV;262;39;5;4;373;123;15;7;635;162;20;11;2998;441;55;30;3508;1314;201;146;6506;1755;256;176
2022.04_13-10-2022;Нижегородская область;165_195_days;AllVaccines;161;13;3;2;205;51;6;2;366;64;9;4;2998;441;55;30;3508;1314;201;146;6506;1755;256;176
2022.04_13-10-2022;Нижегородская область;165_195_days;CoviVac;1;0;0;0;1;0;0;0;2;0;0;0;2998;441;55;30;3508;1314;201;146;6506;1755;256;176
2022.04_13-10-2022;Нижегородская область;165_195_days;EpiVacCorona;1;0;0;0;1;0;0;0;2;0;0;0;2998;441;55;30;3508;1314;201;146;6506;1755;256;176
2022.04_13-10-2022;Нижегородская область;165_195_days;SputnikLite;124;9;2;1;149;33;3;1;273;42;5;2;2998;441;55;30;3508;1314;201;146;6506;1755;256;176
2022.04_13-10-2022;Нижегородская область;165_195_days;SputnikV;35;4;1;1;54;18;3;1;89;22;4;2;2998;441;55;30;3508;1314;201;146;6506;1755;256;176
2022.04_13-10-2022;Нижегородская область;21_45_days;AllVaccines;29;4;0;0;26;5;0;0;55;9;0;0;2998;441;55;30;3508;1314;201;146;6506;1755;256;176
2022.04_13-10-2022;Нижегородская область;21_45_days;CoviVac;2;1;0;0;0;0;0;0;2;1;0;0;2998;441;55;30;3508;1314;201;146;6506;1755;256;176
2022.04_13-10-2022;Нижегородская область;21_45_days;EpiVacCorona;2;0;0;0;3;0;0;0;5;0;0;0;2998;441;55;30;3508;1314;201;146;6506;1755;256;176
2022.04_13-10-2022;Нижегородская область;21_45_days;SputnikLite;9;1;0;0;11;2;0;0;20;3;0;0;2998;441;55;30;3508;1314;201;146;6506;1755;256;176
2022.04_13-10-2022;Нижегородская область;21_45_days;SputnikV;16;2;0;0;12;3;0;0;28;5;0;0;2998;441;55;30;3508;1314;201;146;6506;1755;256;176
2022.04_13-10-2022;Нижегородская область;45_75_days;AllVaccines;74;6;0;1;87;26;6;6;161;32;6;7;2998;441;55;30;3508;1314;201;146;6506;1755;256;176
2022.04_13-10-2022;Нижегородская область;45_75_days;CoviVac;4;1;0;0;1;0;0;0;5;1;0;0;2998;441;55;30;3508;1314;201;146;6506;1755;256;176
2022.04_13-10-2022;Нижегородская область;45_75_days;EpiVacCorona;4;0;0;0;3;0;0;0;7;0;0;0;2998;441;55;30;3508;1314;201;146;6506;1755;256;176
2022.04_13-10-2022;Нижегородская область;45_75_days;SputnikLite;40;4;0;0;41;13;2;2;81;17;2;2;2998;441;55;30;3508;1314;201;146;6506;1755;256;176
2022.04_13-10-2022;Нижегородская область;45_75_days;SputnikV;26;1;0;1;42;13;4;4;68;14;4;5;2998;441;55;30;3508;1314;201;146;6506;1755;256;176
2022.04_13-10-2022;Нижегородская область;75_90_days;AllVaccines;72;5;0;0;77;24;4;3;149;29;4;3;2998;441;55;30;3508;1314;201;146;6506;1755;256;176
2022.04_13-10-2022;Нижегородская область;75_90_days;EpiVacCorona;2;0;0;0;7;4;1;1;9;4;1;1;2998;441;55;30;3508;1314;201;146;6506;1755;256;176
2022.04_13-10-2022;Нижегородская область;75_90_days;SputnikLite;56;4;0;0;59;14;3;2;115;18;3;2;2998;441;55;30;3508;1314;201;146;6506;1755;256;176
2022.04_13-10-2022;Нижегородская область;75_90_days;SputnikV;14;1;0;0;11;6;0;0;25;7;0;0;2998;441;55;30;3508;1314;201;146;6506;1755;256;176
2022.04_13-10-2022;Нижегородская область;90_105_days;AllVaccines;42;5;1;1;80;27;3;1;122;32;4;2;2998;441;55;30;3508;1314;201;146;6506;1755;256;176
2022.04_13-10-2022;Нижегородская область;90_105_days;CoviVac;1;0;0;0;1;1;0;0;2;1;0;0;2998;441;55;30;3508;1314;201;146;6506;1755;256;176
2022.04_13-10-2022;Нижегородская область;90_105_days;EpiVacCorona;2;0;0;0;8;2;0;0;10;2;0;0;2998;441;55;30;3508;1314;201;146;6506;1755;256;176
2022.04_13-10-2022;Нижегородская область;90_105_days;SputnikLite;18;2;0;0;37;13;2;0;55;15;2;0;2998;441;55;30;3508;1314;201;146;6506;1755;256;176
2022.04_13-10-2022;Нижегородская область;90_105_days;SputnikV;21;3;1;1;34;11;1;1;55;14;2;2;2998;441;55;30;3508;1314;201;146;6506;1755;256;176
2022.04_13-10-2022;Новгородская область;105_165_days;AllVaccines;110;7;1;1;123;33;1;2;233;40;2;3;779;92;8;4;700;253;49;50;1479;345;57;54
2022.04_13-10-2022;Новгородская область;105_165_days;CoviVac;5;1;0;0;3;0;0;0;8;1;0;0;779;92;8;4;700;253;49;50;1479;345;57;54
2022.04_13-10-2022;Новгородская область;105_165_days;EpiVacCorona;8;1;0;0;11;5;0;0;19;6;0;0;779;92;8;4;700;253;49;50;1479;345;57;54
2022.04_13-10-2022;Новгородская область;105_165_days;SputnikLite;37;2;0;0;54;10;1;1;91;12;1;1;779;92;8;4;700;253;49;50;1479;345;57;54
2022.04_13-10-2022;Новгородская область;105_165_days;SputnikV;60;3;1;1;55;18;0;1;115;21;1;2;779;92;8;4;700;253;49;50;1479;345;57;54
2022.04_13-10-2022;Новгородская область;165_195_days;AllVaccines;51;2;0;0;39;15;1;2;90;17;1;2;779;92;8;4;700;253;49;50;1479;345;57;54
2022.04_13-10-2022;Новгородская область;165_195_days;SputnikLite;47;2;0;0;31;11;0;1;78;13;0;1;779;92;8;4;700;253;49;50;1479;345;57;54
2022.04_13-10-2022;Новгородская область;165_195_days;SputnikV;4;0;0;0;8;4;1;1;12;4;1;1;779;92;8;4;700;253;49;50;1479;345;57;54
2022.04_13-10-2022;Новгородская область;21_45_days;AllVaccines;8;0;0;0;11;6;1;2;19;6;1;2;779;92;8;4;700;253;49;50;1479;345;57;54
2022.04_13-10-2022;Новгородская область;21_45_days;CoviVac;1;0;0;0;0;0;0;0;1;0;0;0;779;92;8;4;700;253;49;50;1479;345;57;54
2022.04_13-10-2022;Новгородская область;21_45_days;EpiVacCorona;0;0;0;0;4;2;0;0;4;2;0;0;779;92;8;4;700;253;49;50;1479;345;57;54
2022.04_13-10-2022;Новгородская область;21_45_days;SputnikLite;4;0;0;0;1;0;0;0;5;0;0;0;779;92;8;4;700;253;49;50;1479;345;57;54
2022.04_13-10-2022;Новгородская область;21_45_days;SputnikV;3;0;0;0;6;4;1;2;9;4;1;2;779;92;8;4;700;253;49;50;1479;345;57;54
2022.04_13-10-2022;Новгородская область;45_75_days;AllVaccines;19;1;0;0;21;2;0;0;40;3;0;0;779;92;8;4;700;253;49;50;1479;345;57;54
2022.04_13-10-2022;Новгородская область;45_75_days;CoviVac;1;0;0;0;0;0;0;0;1;0;0;0;779;92;8;4;700;253;49;50;1479;345;57;54
2022.04_13-10-2022;Новгородская область;45_75_days;EpiVacCorona;3;0;0;0;3;1;0;0;6;1;0;0;779;92;8;4;700;253;49;50;1479;345;57;54
2022.04_13-10-2022;Новгородская область;45_75_days;SputnikLite;3;0;0;0;7;1;0;0;10;1;0;0;779;92;8;4;700;253;49;50;1479;345;57;54
2022.04_13-10-2022;Новгородская область;45_75_days;SputnikV;12;1;0;0;11;0;0;0;23;1;0;0;779;92;8;4;700;253;49;50;1479;345;57;54
2022.04_13-10-2022;Новгородская область;75_90_days;AllVaccines;7;1;0;0;15;1;0;0;22;2;0;0;779;92;8;4;700;253;49;50;1479;345;57;54
2022.04_13-10-2022;Новгородская область;75_90_days;CoviVac;0;0;0;0;1;0;0;0;1;0;0;0;779;92;8;4;700;253;49;50;1479;345;57;54
2022.04_13-10-2022;Новгородская область;75_90_days;SputnikLite;6;1;0;0;13;1;0;0;19;2;0;0;779;92;8;4;700;253;49;50;1479;345;57;54
2022.04_13-10-2022;Новгородская область;75_90_days;SputnikV;1;0;0;0;1;0;0;0;2;0;0;0;779;92;8;4;700;253;49;50;1479;345;57;54
2022.04_13-10-2022;Новгородская область;90_105_days;AllVaccines;14;0;0;0;8;3;0;1;22;3;0;1;779;92;8;4;700;253;49;50;1479;345;57;54
2022.04_13-10-2022;Новгородская область;90_105_days;EpiVacCorona;2;0;0;0;2;2;0;0;4;2;0;0;779;92;8;4;700;253;49;50;1479;345;57;54
2022.04_13-10-2022;Новгородская область;90_105_days;SputnikLite;3;0;0;0;3;0;0;0;6;0;0;0;779;92;8;4;700;253;49;50;1479;345;57;54
2022.04_13-10-2022;Новгородская область;90_105_days;SputnikV;9;0;0;0;3;1;0;1;12;1;0;1;779;92;8;4;700;253;49;50;1479;345;57;54
2022.04_13-10-2022;Новосибирская область;105_165_days;AllVaccines;328;29;5;1;316;107;10;5;644;136;15;6;1807;282;32;15;1584;660;111;70;3391;942;143;85
2022.04_13-10-2022;Новосибирская область;105_165_days;CoviVac;3;1;0;0;1;1;0;0;4;2;0;0;1807;282;32;15;1584;660;111;70;3391;942;143;85
2022.04_13-10-2022;Новосибирская область;105_165_days;EpiVacCorona;15;3;1;0;9;4;1;0;24;7;2;0;1807;282;32;15;1584;660;111;70;3391;942;143;85
2022.04_13-10-2022;Новосибирская область;105_165_days;SputnikLite;87;7;1;0;110;38;1;1;197;45;2;1;1807;282;32;15;1584;660;111;70;3391;942;143;85
2022.04_13-10-2022;Новосибирская область;105_165_days;SputnikV;223;18;3;1;196;64;8;4;419;82;11;5;1807;282;32;15;1584;660;111;70;3391;942;143;85
2022.04_13-10-2022;Новосибирская область;165_195_days;AllVaccines;92;15;2;2;88;27;0;1;180;42;2;3;1807;282;32;15;1584;660;111;70;3391;942;143;85
2022.04_13-10-2022;Новосибирская область;165_195_days;CoviVac;1;0;0;0;2;1;0;0;3;1;0;0;1807;282;32;15;1584;660;111;70;3391;942;143;85
2022.04_13-10-2022;Новосибирская область;165_195_days;EpiVacCorona;0;0;0;0;4;3;0;0;4;3;0;0;1807;282;32;15;1584;660;111;70;3391;942;143;85
2022.04_13-10-2022;Новосибирская область;165_195_days;SputnikLite;73;14;2;2;66;19;0;1;139;33;2;3;1807;282;32;15;1584;660;111;70;3391;942;143;85
2022.04_13-10-2022;Новосибирская область;165_195_days;SputnikV;18;1;0;0;16;4;0;0;34;5;0;0;1807;282;32;15;1584;660;111;70;3391;942;143;85
2022.04_13-10-2022;Новосибирская область;21_45_days;AllVaccines;8;1;0;0;5;3;0;0;13;4;0;0;1807;282;32;15;1584;660;111;70;3391;942;143;85
2022.04_13-10-2022;Новосибирская область;21_45_days;EpiVacCorona;2;1;0;0;1;1;0;0;3;2;0;0;1807;282;32;15;1584;660;111;70;3391;942;143;85
2022.04_13-10-2022;Новосибирская область;21_45_days;SputnikLite;0;0;0;0;1;1;0;0;1;1;0;0;1807;282;32;15;1584;660;111;70;3391;942;143;85
2022.04_13-10-2022;Новосибирская область;21_45_days;SputnikV;6;0;0;0;3;1;0;0;9;1;0;0;1807;282;32;15;1584;660;111;70;3391;942;143;85
2022.04_13-10-2022;Новосибирская область;45_75_days;AllVaccines;52;4;1;1;51;15;2;1;103;19;3;2;1807;282;32;15;1584;660;111;70;3391;942;143;85
2022.04_13-10-2022;Новосибирская область;45_75_days;CoviVac;0;0;0;0;1;0;0;0;1;0;0;0;1807;282;32;15;1584;660;111;70;3391;942;143;85
2022.04_13-10-2022;Новосибирская область;45_75_days;EpiVacCorona;1;0;0;0;5;0;0;0;6;0;0;0;1807;282;32;15;1584;660;111;70;3391;942;143;85
2022.04_13-10-2022;Новосибирская область;45_75_days;SputnikLite;27;2;0;0;25;7;1;1;52;9;1;1;1807;282;32;15;1584;660;111;70;3391;942;143;85
2022.04_13-10-2022;Новосибирская область;45_75_days;SputnikV;24;2;1;1;20;8;1;0;44;10;2;1;1807;282;32;15;1584;660;111;70;3391;942;143;85
2022.04_13-10-2022;Новосибирская область;75_90_days;AllVaccines;41;4;0;0;29;15;3;1;70;19;3;1;1807;282;32;15;1584;660;111;70;3391;942;143;85
2022.04_13-10-2022;Новосибирская область;75_90_days;EpiVacCorona;0;0;0;0;2;1;0;0;2;1;0;0;1807;282;32;15;1584;660;111;70;3391;942;143;85
2022.04_13-10-2022;Новосибирская область;75_90_days;SputnikLite;32;2;0;0;23;11;3;1;55;13;3;1;1807;282;32;15;1584;660;111;70;3391;942;143;85
2022.04_13-10-2022;Новосибирская область;75_90_days;SputnikV;9;2;0;0;4;3;0;0;13;5;0;0;1807;282;32;15;1584;660;111;70;3391;942;143;85
2022.04_13-10-2022;Новосибирская область;90_105_days;AllVaccines;44;7;1;1;43;15;3;1;87;22;4;2;1807;282;32;15;1584;660;111;70;3391;942;143;85
2022.04_13-10-2022;Новосибирская область;90_105_days;CoviVac;1;0;0;0;2;0;0;0;3;0;0;0;1807;282;32;15;1584;660;111;70;3391;942;143;85
2022.04_13-10-2022;Новосибирская область;90_105_days;EpiVacCorona;3;0;0;0;0;0;0;0;3;0;0;0;1807;282;32;15;1584;660;111;70;3391;942;143;85
2022.04_13-10-2022;Новосибирская область;90_105_days;SputnikLite;23;0;0;0;26;7;2;1;49;7;2;1;1807;282;32;15;1584;660;111;70;3391;942;143;85
2022.04_13-10-2022;Новосибирская область;90_105_days;SputnikV;17;7;1;1;15;8;1;0;32;15;2;1;1807;282;32;15;1584;660;111;70;3391;942;143;85
2022.04_13-10-2022;Омская область;105_165_days;AllVaccines;305;56;8;3;239;78;16;8;544;134;24;11;1630;325;66;27;1519;685;199;111;3149;1010;265;138
2022.04_13-10-2022;Омская область;105_165_days;CoviVac;5;1;1;1;0;0;0;0;5;1;1;1;1630;325;66;27;1519;685;199;111;3149;1010;265;138
2022.04_13-10-2022;Омская область;105_165_days;EpiVacCorona;12;3;0;0;8;4;1;1;20;7;1;1;1630;325;66;27;1519;685;199;111;3149;1010;265;138
2022.04_13-10-2022;Омская область;105_165_days;SputnikLite;69;11;2;0;84;24;6;2;153;35;8;2;1630;325;66;27;1519;685;199;111;3149;1010;265;138
2022.04_13-10-2022;Омская область;105_165_days;SputnikV;219;41;5;2;147;50;9;5;366;91;14;7;1630;325;66;27;1519;685;199;111;3149;1010;265;138
2022.04_13-10-2022;Омская область;165_195_days;AllVaccines;50;2;1;1;69;28;1;0;119;30;2;1;1630;325;66;27;1519;685;199;111;3149;1010;265;138
2022.04_13-10-2022;Омская область;165_195_days;CoviVac;2;0;0;0;2;0;0;0;4;0;0;0;1630;325;66;27;1519;685;199;111;3149;1010;265;138
2022.04_13-10-2022;Омская область;165_195_days;SputnikLite;28;0;0;0;44;19;0;0;72;19;0;0;1630;325;66;27;1519;685;199;111;3149;1010;265;138
2022.04_13-10-2022;Омская область;165_195_days;SputnikV;20;2;1;1;23;9;1;0;43;11;2;1;1630;325;66;27;1519;685;199;111;3149;1010;265;138
2022.04_13-10-2022;Омская область;21_45_days;AllVaccines;14;2;0;0;10;7;0;0;24;9;0;0;1630;325;66;27;1519;685;199;111;3149;1010;265;138
2022.04_13-10-2022;Омская область;21_45_days;EpiVacCorona;1;1;0;0;0;0;0;0;1;1;0;0;1630;325;66;27;1519;685;199;111;3149;1010;265;138
2022.04_13-10-2022;Омская область;21_45_days;SputnikLite;6;1;0;0;8;5;0;0;14;6;0;0;1630;325;66;27;1519;685;199;111;3149;1010;265;138
2022.04_13-10-2022;Омская область;21_45_days;SputnikV;7;0;0;0;2;2;0;0;9;2;0;0;1630;325;66;27;1519;685;199;111;3149;1010;265;138
2022.04_13-10-2022;Омская область;45_75_days;AllVaccines;72;8;2;2;50;24;5;4;122;32;7;6;1630;325;66;27;1519;685;199;111;3149;1010;265;138
2022.04_13-10-2022;Омская область;45_75_days;CoviVac;2;0;0;0;0;0;0;0;2;0;0;0;1630;325;66;27;1519;685;199;111;3149;1010;265;138
2022.04_13-10-2022;Омская область;45_75_days;EpiVacCorona;0;0;0;0;5;0;0;0;5;0;0;0;1630;325;66;27;1519;685;199;111;3149;1010;265;138
2022.04_13-10-2022;Омская область;45_75_days;SputnikLite;35;5;1;1;18;7;1;1;53;12;2;2;1630;325;66;27;1519;685;199;111;3149;1010;265;138
2022.04_13-10-2022;Омская область;45_75_days;SputnikV;35;3;1;1;27;17;4;3;62;20;5;4;1630;325;66;27;1519;685;199;111;3149;1010;265;138
2022.04_13-10-2022;Омская область;75_90_days;AllVaccines;39;6;1;0;27;9;0;0;66;15;1;0;1630;325;66;27;1519;685;199;111;3149;1010;265;138
2022.04_13-10-2022;Омская область;75_90_days;SputnikLite;32;4;0;0;20;8;0;0;52;12;0;0;1630;325;66;27;1519;685;199;111;3149;1010;265;138
2022.04_13-10-2022;Омская область;75_90_days;SputnikV;7;2;1;0;7;1;0;0;14;3;1;0;1630;325;66;27;1519;685;199;111;3149;1010;265;138
2022.04_13-10-2022;Омская область;90_105_days;AllVaccines;26;9;1;1;33;10;4;1;59;19;5;2;1630;325;66;27;1519;685;199;111;3149;1010;265;138
2022.04_13-10-2022;Омская область;90_105_days;EpiVacCorona;1;1;0;0;1;1;0;0;2;2;0;0;1630;325;66;27;1519;685;199;111;3149;1010;265;138
2022.04_13-10-2022;Омская область;90_105_days;SputnikLite;11;2;0;0;16;4;1;0;27;6;1;0;1630;325;66;27;1519;685;199;111;3149;1010;265;138
2022.04_13-10-2022;Омская область;90_105_days;SputnikV;14;6;1;1;16;5;3;1;30;11;4;2;1630;325;66;27;1519;685;199;111;3149;1010;265;138
2022.04_13-10-2022;Оренбургская область;105_165_days;AllVaccines;297;18;4;2;325;78;10;7;622;96;14;9;1676;136;31;6;1543;420;117;71;3219;556;148;77
2022.04_13-10-2022;Оренбургская область;105_165_days;CoviVac;4;0;0;0;1;0;0;0;5;0;0;0;1676;136;31;6;1543;420;117;71;3219;556;148;77
2022.04_13-10-2022;Оренбургская область;105_165_days;EpiVacCorona;20;2;0;0;22;7;1;0;42;9;1;0;1676;136;31;6;1543;420;117;71;3219;556;148;77
2022.04_13-10-2022;Оренбургская область;105_165_days;SputnikLite;80;4;1;1;150;37;5;4;230;41;6;5;1676;136;31;6;1543;420;117;71;3219;556;148;77
2022.04_13-10-2022;Оренбургская область;105_165_days;SputnikV;193;12;3;1;152;34;4;3;345;46;7;4;1676;136;31;6;1543;420;117;71;3219;556;148;77
2022.04_13-10-2022;Оренбургская область;165_195_days;AllVaccines;78;1;0;0;92;15;4;1;170;16;4;1;1676;136;31;6;1543;420;117;71;3219;556;148;77
2022.04_13-10-2022;Оренбургская область;165_195_days;CoviVac;1;0;0;0;0;0;0;0;1;0;0;0;1676;136;31;6;1543;420;117;71;3219;556;148;77
2022.04_13-10-2022;Оренбургская область;165_195_days;SputnikLite;38;0;0;0;71;13;4;1;109;13;4;1;1676;136;31;6;1543;420;117;71;3219;556;148;77
2022.04_13-10-2022;Оренбургская область;165_195_days;SputnikV;39;1;0;0;21;2;0;0;60;3;0;0;1676;136;31;6;1543;420;117;71;3219;556;148;77
2022.04_13-10-2022;Оренбургская область;21_45_days;AllVaccines;14;0;0;0;4;1;0;1;18;1;0;1;1676;136;31;6;1543;420;117;71;3219;556;148;77
2022.04_13-10-2022;Оренбургская область;21_45_days;CoviVac;1;0;0;0;0;0;0;0;1;0;0;0;1676;136;31;6;1543;420;117;71;3219;556;148;77
2022.04_13-10-2022;Оренбургская область;21_45_days;SputnikLite;3;0;0;0;0;0;0;0;3;0;0;0;1676;136;31;6;1543;420;117;71;3219;556;148;77
2022.04_13-10-2022;Оренбургская область;21_45_days;SputnikV;10;0;0;0;4;1;0;1;14;1;0;1;1676;136;31;6;1543;420;117;71;3219;556;148;77
2022.04_13-10-2022;Оренбургская область;45_75_days;AllVaccines;105;7;2;1;42;9;4;3;147;16;6;4;1676;136;31;6;1543;420;117;71;3219;556;148;77
2022.04_13-10-2022;Оренбургская область;45_75_days;CoviVac;3;1;0;0;0;0;0;0;3;1;0;0;1676;136;31;6;1543;420;117;71;3219;556;148;77
2022.04_13-10-2022;Оренбургская область;45_75_days;EpiVacCorona;3;0;0;0;1;0;0;1;4;0;0;1;1676;136;31;6;1543;420;117;71;3219;556;148;77
2022.04_13-10-2022;Оренбургская область;45_75_days;SputnikLite;66;3;0;0;25;5;3;2;91;8;3;2;1676;136;31;6;1543;420;117;71;3219;556;148;77
2022.04_13-10-2022;Оренбургская область;45_75_days;SputnikV;33;3;2;1;16;4;1;0;49;7;3;1;1676;136;31;6;1543;420;117;71;3219;556;148;77
2022.04_13-10-2022;Оренбургская область;75_90_days;AllVaccines;68;4;0;0;41;4;0;0;109;8;0;0;1676;136;31;6;1543;420;117;71;3219;556;148;77
2022.04_13-10-2022;Оренбургская область;75_90_days;EpiVacCorona;3;1;0;0;2;1;0;0;5;2;0;0;1676;136;31;6;1543;420;117;71;3219;556;148;77
2022.04_13-10-2022;Оренбургская область;75_90_days;SputnikLite;57;3;0;0;34;3;0;0;91;6;0;0;1676;136;31;6;1543;420;117;71;3219;556;148;77
2022.04_13-10-2022;Оренбургская область;75_90_days;SputnikV;8;0;0;0;5;0;0;0;13;0;0;0;1676;136;31;6;1543;420;117;71;3219;556;148;77
2022.04_13-10-2022;Оренбургская область;90_105_days;AllVaccines;41;3;0;0;38;5;1;1;79;8;1;1;1676;136;31;6;1543;420;117;71;3219;556;148;77
2022.04_13-10-2022;Оренбургская область;90_105_days;EpiVacCorona;5;2;0;0;2;1;0;1;7;3;0;1;1676;136;31;6;1543;420;117;71;3219;556;148;77
2022.04_13-10-2022;Оренбургская область;90_105_days;SputnikLite;21;0;0;0;30;4;1;0;51;4;1;0;1676;136;31;6;1543;420;117;71;3219;556;148;77
2022.04_13-10-2022;Оренбургская область;90_105_days;SputnikV;15;1;0;0;6;0;0;0;21;1;0;0;1676;136;31;6;1543;420;117;71;3219;556;148;77
2022.04_13-10-2022;Орловская область;105_165_days;AllVaccines;230;28;9;3;210;58;27;10;440;86;36;13;1270;213;67;16;1353;574;250;102;2623;787;317;118
2022.04_13-10-2022;Орловская область;105_165_days;CoviVac;9;0;0;0;8;2;1;1;17;2;1;1;1270;213;67;16;1353;574;250;102;2623;787;317;118
2022.04_13-10-2022;Орловская область;105_165_days;EpiVacCorona;2;1;0;0;6;4;0;0;8;5;0;0;1270;213;67;16;1353;574;250;102;2623;787;317;118
2022.04_13-10-2022;Орловская область;105_165_days;SputnikLite;46;7;6;3;103;26;13;6;149;33;19;9;1270;213;67;16;1353;574;250;102;2623;787;317;118
2022.04_13-10-2022;Орловская область;105_165_days;SputnikV;173;20;3;0;93;26;13;3;266;46;16;3;1270;213;67;16;1353;574;250;102;2623;787;317;118
2022.04_13-10-2022;Орловская область;165_195_days;AllVaccines;83;12;1;1;98;30;12;2;181;42;13;3;1270;213;67;16;1353;574;250;102;2623;787;317;118
2022.04_13-10-2022;Орловская область;165_195_days;SputnikLite;72;9;1;1;85;27;10;1;157;36;11;2;1270;213;67;16;1353;574;250;102;2623;787;317;118
2022.04_13-10-2022;Орловская область;165_195_days;SputnikV;11;3;0;0;13;3;2;1;24;6;2;1;1270;213;67;16;1353;574;250;102;2623;787;317;118
2022.04_13-10-2022;Орловская область;21_45_days;AllVaccines;9;2;2;0;3;0;0;0;12;2;2;0;1270;213;67;16;1353;574;250;102;2623;787;317;118
2022.04_13-10-2022;Орловская область;21_45_days;CoviVac;1;0;0;0;0;0;0;0;1;0;0;0;1270;213;67;16;1353;574;250;102;2623;787;317;118
2022.04_13-10-2022;Орловская область;21_45_days;EpiVacCorona;1;0;0;0;1;0;0;0;2;0;0;0;1270;213;67;16;1353;574;250;102;2623;787;317;118
2022.04_13-10-2022;Орловская область;21_45_days;SputnikLite;1;0;0;0;0;0;0;0;1;0;0;0;1270;213;67;16;1353;574;250;102;2623;787;317;118
2022.04_13-10-2022;Орловская область;21_45_days;SputnikV;6;2;2;0;2;0;0;0;8;2;2;0;1270;213;67;16;1353;574;250;102;2623;787;317;118
2022.04_13-10-2022;Орловская область;45_75_days;AllVaccines;34;4;0;0;34;7;3;0;68;11;3;0;1270;213;67;16;1353;574;250;102;2623;787;317;118
2022.04_13-10-2022;Орловская область;45_75_days;CoviVac;1;0;0;0;0;0;0;0;1;0;0;0;1270;213;67;16;1353;574;250;102;2623;787;317;118
2022.04_13-10-2022;Орловская область;45_75_days;SputnikLite;20;3;0;0;20;1;0;0;40;4;0;0;1270;213;67;16;1353;574;250;102;2623;787;317;118
2022.04_13-10-2022;Орловская область;45_75_days;SputnikV;13;1;0;0;14;6;3;0;27;7;3;0;1270;213;67;16;1353;574;250;102;2623;787;317;118
2022.04_13-10-2022;Орловская область;75_90_days;AllVaccines;22;1;0;0;34;9;4;1;56;10;4;1;1270;213;67;16;1353;574;250;102;2623;787;317;118
2022.04_13-10-2022;Орловская область;75_90_days;EpiVacCorona;1;0;0;0;1;1;0;0;2;1;0;0;1270;213;67;16;1353;574;250;102;2623;787;317;118
2022.04_13-10-2022;Орловская область;75_90_days;SputnikLite;19;0;0;0;30;6;3;0;49;6;3;0;1270;213;67;16;1353;574;250;102;2623;787;317;118
2022.04_13-10-2022;Орловская область;75_90_days;SputnikV;2;1;0;0;3;2;1;1;5;3;1;1;1270;213;67;16;1353;574;250;102;2623;787;317;118
2022.04_13-10-2022;Орловская область;90_105_days;AllVaccines;17;2;0;0;23;5;3;1;40;7;3;1;1270;213;67;16;1353;574;250;102;2623;787;317;118
2022.04_13-10-2022;Орловская область;90_105_days;CoviVac;1;0;0;0;0;0;0;0;1;0;0;0;1270;213;67;16;1353;574;250;102;2623;787;317;118
2022.04_13-10-2022;Орловская область;90_105_days;EpiVacCorona;0;0;0;0;2;1;0;0;2;1;0;0;1270;213;67;16;1353;574;250;102;2623;787;317;118
2022.04_13-10-2022;Орловская область;90_105_days;SputnikLite;8;0;0;0;14;2;2;0;22;2;2;0;1270;213;67;16;1353;574;250;102;2623;787;317;118
2022.04_13-10-2022;Орловская область;90_105_days;SputnikV;8;2;0;0;7;2;1;1;15;4;1;1;1270;213;67;16;1353;574;250;102;2623;787;317;118
2022.04_13-10-2022;Пензенская область;105_165_days;AllVaccines;328;28;5;1;441;124;15;12;769;152;20;13;1305;172;29;9;1809;629;81;56;3114;801;110;65
2022.04_13-10-2022;Пензенская область;105_165_days;CoviVac;9;0;0;0;1;0;0;0;10;0;0;0;1305;172;29;9;1809;629;81;56;3114;801;110;65
2022.04_13-10-2022;Пензенская область;105_165_days;EpiVacCorona;8;2;0;0;5;1;0;0;13;3;0;0;1305;172;29;9;1809;629;81;56;3114;801;110;65
2022.04_13-10-2022;Пензенская область;105_165_days;SputnikLite;54;7;1;0;89;25;4;3;143;32;5;3;1305;172;29;9;1809;629;81;56;3114;801;110;65
2022.04_13-10-2022;Пензенская область;105_165_days;SputnikV;257;19;4;1;346;98;11;9;603;117;15;10;1305;172;29;9;1809;629;81;56;3114;801;110;65
2022.04_13-10-2022;Пензенская область;165_195_days;AllVaccines;66;6;2;0;107;35;4;3;173;41;6;3;1305;172;29;9;1809;629;81;56;3114;801;110;65
2022.04_13-10-2022;Пензенская область;165_195_days;SputnikLite;50;4;2;0;32;8;1;1;82;12;3;1;1305;172;29;9;1809;629;81;56;3114;801;110;65
2022.04_13-10-2022;Пензенская область;165_195_days;SputnikV;16;2;0;0;75;27;3;2;91;29;3;2;1305;172;29;9;1809;629;81;56;3114;801;110;65
2022.04_13-10-2022;Пензенская область;21_45_days;AllVaccines;29;3;0;0;105;32;5;2;134;35;5;2;1305;172;29;9;1809;629;81;56;3114;801;110;65
2022.04_13-10-2022;Пензенская область;21_45_days;CoviVac;1;0;0;0;2;1;0;0;3;1;0;0;1305;172;29;9;1809;629;81;56;3114;801;110;65
2022.04_13-10-2022;Пензенская область;21_45_days;EpiVacCorona;6;1;0;0;18;5;2;1;24;6;2;1;1305;172;29;9;1809;629;81;56;3114;801;110;65
2022.04_13-10-2022;Пензенская область;21_45_days;SputnikLite;5;1;0;0;13;3;0;0;18;4;0;0;1305;172;29;9;1809;629;81;56;3114;801;110;65
2022.04_13-10-2022;Пензенская область;21_45_days;SputnikV;17;1;0;0;72;23;3;1;89;24;3;1;1305;172;29;9;1809;629;81;56;3114;801;110;65
2022.04_13-10-2022;Пензенская область;45_75_days;AllVaccines;66;8;2;1;135;43;6;4;201;51;8;5;1305;172;29;9;1809;629;81;56;3114;801;110;65
2022.04_13-10-2022;Пензенская область;45_75_days;CoviVac;3;0;0;0;0;0;0;0;3;0;0;0;1305;172;29;9;1809;629;81;56;3114;801;110;65
2022.04_13-10-2022;Пензенская область;45_75_days;EpiVacCorona;4;0;0;0;14;7;0;0;18;7;0;0;1305;172;29;9;1809;629;81;56;3114;801;110;65
2022.04_13-10-2022;Пензенская область;45_75_days;SputnikLite;29;4;0;0;40;14;2;1;69;18;2;1;1305;172;29;9;1809;629;81;56;3114;801;110;65
2022.04_13-10-2022;Пензенская область;45_75_days;SputnikV;30;4;2;1;81;22;4;3;111;26;6;4;1305;172;29;9;1809;629;81;56;3114;801;110;65
2022.04_13-10-2022;Пензенская область;75_90_days;AllVaccines;38;5;1;1;54;20;4;2;92;25;5;3;1305;172;29;9;1809;629;81;56;3114;801;110;65
2022.04_13-10-2022;Пензенская область;75_90_days;EpiVacCorona;1;0;0;0;10;5;0;0;11;5;0;0;1305;172;29;9;1809;629;81;56;3114;801;110;65
2022.04_13-10-2022;Пензенская область;75_90_days;SputnikLite;30;4;1;1;19;5;1;1;49;9;2;2;1305;172;29;9;1809;629;81;56;3114;801;110;65
2022.04_13-10-2022;Пензенская область;75_90_days;SputnikV;7;1;0;0;25;10;3;1;32;11;3;1;1305;172;29;9;1809;629;81;56;3114;801;110;65
2022.04_13-10-2022;Пензенская область;90_105_days;AllVaccines;24;5;0;0;81;32;5;4;105;37;5;4;1305;172;29;9;1809;629;81;56;3114;801;110;65
2022.04_13-10-2022;Пензенская область;90_105_days;CoviVac;0;0;0;0;2;0;0;0;2;0;0;0;1305;172;29;9;1809;629;81;56;3114;801;110;65
2022.04_13-10-2022;Пензенская область;90_105_days;EpiVacCorona;0;0;0;0;15;4;0;0;15;4;0;0;1305;172;29;9;1809;629;81;56;3114;801;110;65
2022.04_13-10-2022;Пензенская область;90_105_days;SputnikLite;15;2;0;0;23;10;1;1;38;12;1;1;1305;172;29;9;1809;629;81;56;3114;801;110;65
2022.04_13-10-2022;Пензенская область;90_105_days;SputnikV;9;3;0;0;41;18;4;3;50;21;4;3;1305;172;29;9;1809;629;81;56;3114;801;110;65
2022.04_13-10-2022;Пермский край;105_165_days;AllVaccines;317;32;2;1;402;94;6;3;719;126;8;4;2017;192;19;7;2033;715;99;62;4050;907;118;69
2022.04_13-10-2022;Пермский край;105_165_days;CoviVac;6;0;0;0;5;1;0;0;11;1;0;0;2017;192;19;7;2033;715;99;62;4050;907;118;69
2022.04_13-10-2022;Пермский край;105_165_days;EpiVacCorona;11;1;1;0;5;2;0;0;16;3;1;0;2017;192;19;7;2033;715;99;62;4050;907;118;69
2022.04_13-10-2022;Пермский край;105_165_days;SputnikLite;88;10;0;0;166;37;3;1;254;47;3;1;2017;192;19;7;2033;715;99;62;4050;907;118;69
2022.04_13-10-2022;Пермский край;105_165_days;SputnikV;212;21;1;1;226;54;3;2;438;75;4;3;2017;192;19;7;2033;715;99;62;4050;907;118;69
2022.04_13-10-2022;Пермский край;165_195_days;AllVaccines;98;5;0;0;120;38;3;2;218;43;3;2;2017;192;19;7;2033;715;99;62;4050;907;118;69
2022.04_13-10-2022;Пермский край;165_195_days;CoviVac;2;0;0;0;3;0;0;0;5;0;0;0;2017;192;19;7;2033;715;99;62;4050;907;118;69
2022.04_13-10-2022;Пермский край;165_195_days;EpiVacCorona;2;0;0;0;3;2;0;0;5;2;0;0;2017;192;19;7;2033;715;99;62;4050;907;118;69
2022.04_13-10-2022;Пермский край;165_195_days;SputnikLite;61;4;0;0;93;32;3;2;154;36;3;2;2017;192;19;7;2033;715;99;62;4050;907;118;69
2022.04_13-10-2022;Пермский край;165_195_days;SputnikV;33;1;0;0;21;4;0;0;54;5;0;0;2017;192;19;7;2033;715;99;62;4050;907;118;69
2022.04_13-10-2022;Пермский край;21_45_days;AllVaccines;12;2;0;0;9;4;1;0;21;6;1;0;2017;192;19;7;2033;715;99;62;4050;907;118;69
2022.04_13-10-2022;Пермский край;21_45_days;CoviVac;1;0;0;0;0;0;0;0;1;0;0;0;2017;192;19;7;2033;715;99;62;4050;907;118;69
2022.04_13-10-2022;Пермский край;21_45_days;EpiVacCorona;0;0;0;0;1;0;0;0;1;0;0;0;2017;192;19;7;2033;715;99;62;4050;907;118;69
2022.04_13-10-2022;Пермский край;21_45_days;SputnikLite;5;1;0;0;2;0;0;0;7;1;0;0;2017;192;19;7;2033;715;99;62;4050;907;118;69
2022.04_13-10-2022;Пермский край;21_45_days;SputnikV;6;1;0;0;6;4;1;0;12;5;1;0;2017;192;19;7;2033;715;99;62;4050;907;118;69
2022.04_13-10-2022;Пермский край;45_75_days;AllVaccines;66;4;0;0;62;14;0;0;128;18;0;0;2017;192;19;7;2033;715;99;62;4050;907;118;69
2022.04_13-10-2022;Пермский край;45_75_days;CoviVac;2;0;0;0;0;0;0;0;2;0;0;0;2017;192;19;7;2033;715;99;62;4050;907;118;69
2022.04_13-10-2022;Пермский край;45_75_days;EpiVacCorona;0;0;0;0;4;1;0;0;4;1;0;0;2017;192;19;7;2033;715;99;62;4050;907;118;69
2022.04_13-10-2022;Пермский край;45_75_days;SputnikLite;37;2;0;0;30;10;0;0;67;12;0;0;2017;192;19;7;2033;715;99;62;4050;907;118;69
2022.04_13-10-2022;Пермский край;45_75_days;SputnikV;27;2;0;0;28;3;0;0;55;5;0;0;2017;192;19;7;2033;715;99;62;4050;907;118;69
2022.04_13-10-2022;Пермский край;75_90_days;AllVaccines;47;4;0;0;45;16;1;0;92;20;1;0;2017;192;19;7;2033;715;99;62;4050;907;118;69
2022.04_13-10-2022;Пермский край;75_90_days;CoviVac;2;1;0;0;0;0;0;0;2;1;0;0;2017;192;19;7;2033;715;99;62;4050;907;118;69
2022.04_13-10-2022;Пермский край;75_90_days;EpiVacCorona;1;0;0;0;2;1;0;0;3;1;0;0;2017;192;19;7;2033;715;99;62;4050;907;118;69
2022.04_13-10-2022;Пермский край;75_90_days;SputnikLite;36;2;0;0;33;11;1;0;69;13;1;0;2017;192;19;7;2033;715;99;62;4050;907;118;69
2022.04_13-10-2022;Пермский край;75_90_days;SputnikV;8;1;0;0;10;4;0;0;18;5;0;0;2017;192;19;7;2033;715;99;62;4050;907;118;69
2022.04_13-10-2022;Пермский край;90_105_days;AllVaccines;31;1;0;0;29;12;0;0;60;13;0;0;2017;192;19;7;2033;715;99;62;4050;907;118;69
2022.04_13-10-2022;Пермский край;90_105_days;CoviVac;1;1;0;0;0;0;0;0;1;1;0;0;2017;192;19;7;2033;715;99;62;4050;907;118;69
2022.04_13-10-2022;Пермский край;90_105_days;EpiVacCorona;2;0;0;0;1;0;0;0;3;0;0;0;2017;192;19;7;2033;715;99;62;4050;907;118;69
2022.04_13-10-2022;Пермский край;90_105_days;SputnikLite;15;0;0;0;13;5;0;0;28;5;0;0;2017;192;19;7;2033;715;99;62;4050;907;118;69
2022.04_13-10-2022;Пермский край;90_105_days;SputnikV;13;0;0;0;15;7;0;0;28;7;0;0;2017;192;19;7;2033;715;99;62;4050;907;118;69
2022.04_13-10-2022;Приморский край;105_165_days;AllVaccines;366;56;7;2;205;83;19;8;571;139;26;10;1369;278;41;13;1186;537;159;79;2555;815;200;92
2022.04_13-10-2022;Приморский край;105_165_days;CoviVac;6;2;1;0;2;0;0;0;8;2;1;0;1369;278;41;13;1186;537;159;79;2555;815;200;92
2022.04_13-10-2022;Приморский край;105_165_days;EpiVacCorona;6;1;0;0;5;3;1;0;11;4;1;0;1369;278;41;13;1186;537;159;79;2555;815;200;92
2022.04_13-10-2022;Приморский край;105_165_days;SputnikLite;52;6;1;0;79;31;9;4;131;37;10;4;1369;278;41;13;1186;537;159;79;2555;815;200;92
2022.04_13-10-2022;Приморский край;105_165_days;SputnikV;302;47;5;2;119;49;9;4;421;96;14;6;1369;278;41;13;1186;537;159;79;2555;815;200;92
2022.04_13-10-2022;Приморский край;165_195_days;AllVaccines;50;10;0;0;51;9;3;1;101;19;3;1;1369;278;41;13;1186;537;159;79;2555;815;200;92
2022.04_13-10-2022;Приморский край;165_195_days;CoviVac;1;0;0;0;0;0;0;0;1;0;0;0;1369;278;41;13;1186;537;159;79;2555;815;200;92
2022.04_13-10-2022;Приморский край;165_195_days;EpiVacCorona;0;0;0;0;1;0;0;0;1;0;0;0;1369;278;41;13;1186;537;159;79;2555;815;200;92
2022.04_13-10-2022;Приморский край;165_195_days;SputnikLite;29;4;0;0;37;6;3;1;66;10;3;1;1369;278;41;13;1186;537;159;79;2555;815;200;92
2022.04_13-10-2022;Приморский край;165_195_days;SputnikV;20;6;0;0;13;3;0;0;33;9;0;0;1369;278;41;13;1186;537;159;79;2555;815;200;92
2022.04_13-10-2022;Приморский край;21_45_days;AllVaccines;11;2;0;0;15;9;5;2;26;11;5;2;1369;278;41;13;1186;537;159;79;2555;815;200;92
2022.04_13-10-2022;Приморский край;21_45_days;EpiVacCorona;2;0;0;0;2;2;1;1;4;2;1;1;1369;278;41;13;1186;537;159;79;2555;815;200;92
2022.04_13-10-2022;Приморский край;21_45_days;SputnikLite;4;0;0;0;10;6;4;1;14;6;4;1;1369;278;41;13;1186;537;159;79;2555;815;200;92
2022.04_13-10-2022;Приморский край;21_45_days;SputnikV;5;2;0;0;3;1;0;0;8;3;0;0;1369;278;41;13;1186;537;159;79;2555;815;200;92
2022.04_13-10-2022;Приморский край;45_75_days;AllVaccines;44;6;1;0;38;12;2;2;82;18;3;2;1369;278;41;13;1186;537;159;79;2555;815;200;92
2022.04_13-10-2022;Приморский край;45_75_days;EpiVacCorona;6;2;0;0;5;1;1;0;11;3;1;0;1369;278;41;13;1186;537;159;79;2555;815;200;92
2022.04_13-10-2022;Приморский край;45_75_days;SputnikLite;25;2;0;0;20;5;1;2;45;7;1;2;1369;278;41;13;1186;537;159;79;2555;815;200;92
2022.04_13-10-2022;Приморский край;45_75_days;SputnikV;13;2;1;0;13;6;0;0;26;8;1;0;1369;278;41;13;1186;537;159;79;2555;815;200;92
2022.04_13-10-2022;Приморский край;75_90_days;AllVaccines;34;3;1;0;31;12;1;1;65;15;2;1;1369;278;41;13;1186;537;159;79;2555;815;200;92
2022.04_13-10-2022;Приморский край;75_90_days;EpiVacCorona;0;0;0;0;1;1;0;0;1;1;0;0;1369;278;41;13;1186;537;159;79;2555;815;200;92
2022.04_13-10-2022;Приморский край;75_90_days;SputnikLite;28;2;1;0;26;9;1;1;54;11;2;1;1369;278;41;13;1186;537;159;79;2555;815;200;92
2022.04_13-10-2022;Приморский край;75_90_days;SputnikV;6;1;0;0;4;2;0;0;10;3;0;0;1369;278;41;13;1186;537;159;79;2555;815;200;92
2022.04_13-10-2022;Приморский край;90_105_days;AllVaccines;24;4;0;0;19;5;2;1;43;9;2;1;1369;278;41;13;1186;537;159;79;2555;815;200;92
2022.04_13-10-2022;Приморский край;90_105_days;EpiVacCorona;2;1;0;0;2;1;1;1;4;2;1;1;1369;278;41;13;1186;537;159;79;2555;815;200;92
2022.04_13-10-2022;Приморский край;90_105_days;SputnikLite;6;0;0;0;12;4;1;0;18;4;1;0;1369;278;41;13;1186;537;159;79;2555;815;200;92
2022.04_13-10-2022;Приморский край;90_105_days;SputnikV;16;3;0;0;5;0;0;0;21;3;0;0;1369;278;41;13;1186;537;159;79;2555;815;200;92
2022.04_13-10-2022;Псковская область;105_165_days;AllVaccines;126;12;1;0;183;63;5;3;309;75;6;3;976;101;8;7;1053;360;42;40;2029;461;50;47
2022.04_13-10-2022;Псковская область;105_165_days;CoviVac;4;1;0;0;1;0;0;0;5;1;0;0;976;101;8;7;1053;360;42;40;2029;461;50;47
2022.04_13-10-2022;Псковская область;105_165_days;EpiVacCorona;7;1;0;0;9;5;0;0;16;6;0;0;976;101;8;7;1053;360;42;40;2029;461;50;47
2022.04_13-10-2022;Псковская область;105_165_days;SputnikLite;55;3;1;0;98;32;3;2;153;35;4;2;976;101;8;7;1053;360;42;40;2029;461;50;47
2022.04_13-10-2022;Псковская область;105_165_days;SputnikV;60;7;0;0;75;26;2;1;135;33;2;1;976;101;8;7;1053;360;42;40;2029;461;50;47
2022.04_13-10-2022;Псковская область;165_195_days;AllVaccines;40;4;0;0;53;21;3;2;93;25;3;2;976;101;8;7;1053;360;42;40;2029;461;50;47
2022.04_13-10-2022;Псковская область;165_195_days;CoviVac;0;0;0;0;1;0;0;0;1;0;0;0;976;101;8;7;1053;360;42;40;2029;461;50;47
2022.04_13-10-2022;Псковская область;165_195_days;EpiVacCorona;3;0;0;0;1;0;0;0;4;0;0;0;976;101;8;7;1053;360;42;40;2029;461;50;47
2022.04_13-10-2022;Псковская область;165_195_days;SputnikLite;23;2;0;0;37;12;3;2;60;14;3;2;976;101;8;7;1053;360;42;40;2029;461;50;47
2022.04_13-10-2022;Псковская область;165_195_days;SputnikV;14;2;0;0;14;9;0;0;28;11;0;0;976;101;8;7;1053;360;42;40;2029;461;50;47
2022.04_13-10-2022;Псковская область;21_45_days;AllVaccines;7;1;0;0;5;2;0;0;12;3;0;0;976;101;8;7;1053;360;42;40;2029;461;50;47
2022.04_13-10-2022;Псковская область;21_45_days;EpiVacCorona;1;0;0;0;1;0;0;0;2;0;0;0;976;101;8;7;1053;360;42;40;2029;461;50;47
2022.04_13-10-2022;Псковская область;21_45_days;SputnikV;6;1;0;0;4;2;0;0;10;3;0;0;976;101;8;7;1053;360;42;40;2029;461;50;47
2022.04_13-10-2022;Псковская область;45_75_days;AllVaccines;40;1;0;0;31;6;0;1;71;7;0;1;976;101;8;7;1053;360;42;40;2029;461;50;47
2022.04_13-10-2022;Псковская область;45_75_days;CoviVac;0;0;0;0;1;0;0;0;1;0;0;0;976;101;8;7;1053;360;42;40;2029;461;50;47
2022.04_13-10-2022;Псковская область;45_75_days;EpiVacCorona;4;0;0;0;3;0;0;0;7;0;0;0;976;101;8;7;1053;360;42;40;2029;461;50;47
2022.04_13-10-2022;Псковская область;45_75_days;SputnikLite;8;0;0;0;8;1;0;0;16;1;0;0;976;101;8;7;1053;360;42;40;2029;461;50;47
2022.04_13-10-2022;Псковская область;45_75_days;SputnikV;28;1;0;0;19;5;0;1;47;6;0;1;976;101;8;7;1053;360;42;40;2029;461;50;47
2022.04_13-10-2022;Псковская область;75_90_days;AllVaccines;18;2;1;0;19;5;0;0;37;7;1;0;976;101;8;7;1053;360;42;40;2029;461;50;47
2022.04_13-10-2022;Псковская область;75_90_days;EpiVacCorona;1;0;0;0;2;0;0;0;3;0;0;0;976;101;8;7;1053;360;42;40;2029;461;50;47
2022.04_13-10-2022;Псковская область;75_90_days;SputnikLite;13;1;1;0;10;3;0;0;23;4;1;0;976;101;8;7;1053;360;42;40;2029;461;50;47
2022.04_13-10-2022;Псковская область;75_90_days;SputnikV;4;1;0;0;7;2;0;0;11;3;0;0;976;101;8;7;1053;360;42;40;2029;461;50;47
2022.04_13-10-2022;Псковская область;90_105_days;AllVaccines;10;1;0;0;16;6;0;0;26;7;0;0;976;101;8;7;1053;360;42;40;2029;461;50;47
2022.04_13-10-2022;Псковская область;90_105_days;EpiVacCorona;1;0;0;0;1;1;0;0;2;1;0;0;976;101;8;7;1053;360;42;40;2029;461;50;47
2022.04_13-10-2022;Псковская область;90_105_days;SputnikLite;6;1;0;0;8;5;0;0;14;6;0;0;976;101;8;7;1053;360;42;40;2029;461;50;47
2022.04_13-10-2022;Псковская область;90_105_days;SputnikV;3;0;0;0;7;0;0;0;10;0;0;0;976;101;8;7;1053;360;42;40;2029;461;50;47
2022.04_13-10-2022;РФ;105_165_days;AllVaccines;25704;2147;274;101;24300;6071;952;477;50004;8218;1226;578;148346;16133;2377;955;126373;39403;9046;5464;274719;55536;11423;6419
2022.04_13-10-2022;РФ;105_165_days;CoviVac;520;31;6;3;254;45;8;2;774;76;14;5;148346;16133;2377;955;126373;39403;9046;5464;274719;55536;11423;6419
2022.04_13-10-2022;РФ;105_165_days;EpiVacCorona;916;85;11;4;885;269;40;17;1801;354;51;21;148346;16133;2377;955;126373;39403;9046;5464;274719;55536;11423;6419
2022.04_13-10-2022;РФ;105_165_days;SputnikLite;7483;609;69;24;10165;2488;381;197;17648;3097;450;221;148346;16133;2377;955;126373;39403;9046;5464;274719;55536;11423;6419
2022.04_13-10-2022;РФ;105_165_days;SputnikV;16785;1422;188;70;12996;3269;523;261;29781;4691;711;331;148346;16133;2377;955;126373;39403;9046;5464;274719;55536;11423;6419
2022.04_13-10-2022;РФ;165_195_days;AllVaccines;7434;526;60;21;7520;1651;248;124;14954;2177;308;145;148346;16133;2377;955;126373;39403;9046;5464;274719;55536;11423;6419
2022.04_13-10-2022;РФ;165_195_days;CoviVac;133;6;2;0;60;16;2;0;193;22;4;0;148346;16133;2377;955;126373;39403;9046;5464;274719;55536;11423;6419
2022.04_13-10-2022;РФ;165_195_days;EpiVacCorona;77;4;1;0;74;23;1;1;151;27;2;1;148346;16133;2377;955;126373;39403;9046;5464;274719;55536;11423;6419
2022.04_13-10-2022;РФ;165_195_days;SputnikLite;4976;354;41;14;5231;1128;161;80;10207;1482;202;94;148346;16133;2377;955;126373;39403;9046;5464;274719;55536;11423;6419
2022.04_13-10-2022;РФ;165_195_days;SputnikV;2248;162;16;7;2155;484;84;43;4403;646;100;50;148346;16133;2377;955;126373;39403;9046;5464;274719;55536;11423;6419
2022.04_13-10-2022;РФ;21_45_days;AllVaccines;1681;134;13;3;1388;364;62;30;3069;498;75;33;148346;16133;2377;955;126373;39403;9046;5464;274719;55536;11423;6419
2022.04_13-10-2022;РФ;21_45_days;CoviVac;50;4;0;0;16;4;0;0;66;8;0;0;148346;16133;2377;955;126373;39403;9046;5464;274719;55536;11423;6419
2022.04_13-10-2022;РФ;21_45_days;EpiVacCorona;112;12;1;0;134;46;11;6;246;58;12;6;148346;16133;2377;955;126373;39403;9046;5464;274719;55536;11423;6419
2022.04_13-10-2022;РФ;21_45_days;SputnikLite;518;31;3;0;498;105;14;5;1016;136;17;5;148346;16133;2377;955;126373;39403;9046;5464;274719;55536;11423;6419
2022.04_13-10-2022;РФ;21_45_days;SputnikV;1001;87;9;3;740;209;37;19;1741;296;46;22;148346;16133;2377;955;126373;39403;9046;5464;274719;55536;11423;6419
2022.04_13-10-2022;РФ;45_75_days;AllVaccines;5551;439;56;22;4259;1026;168;93;9810;1465;224;115;148346;16133;2377;955;126373;39403;9046;5464;274719;55536;11423;6419
2022.04_13-10-2022;РФ;45_75_days;CoviVac;130;11;1;0;42;2;0;0;172;13;1;0;148346;16133;2377;955;126373;39403;9046;5464;274719;55536;11423;6419
2022.04_13-10-2022;РФ;45_75_days;EpiVacCorona;255;35;3;0;282;79;17;6;537;114;20;6;148346;16133;2377;955;126373;39403;9046;5464;274719;55536;11423;6419
2022.04_13-10-2022;РФ;45_75_days;SputnikLite;2622;186;22;12;1786;416;64;38;4408;602;86;50;148346;16133;2377;955;126373;39403;9046;5464;274719;55536;11423;6419
2022.04_13-10-2022;РФ;45_75_days;SputnikV;2544;207;30;10;2149;529;87;49;4693;736;117;59;148346;16133;2377;955;126373;39403;9046;5464;274719;55536;11423;6419
2022.04_13-10-2022;РФ;75_90_days;AllVaccines;3668;262;24;7;2674;652;117;60;6342;914;141;67;148346;16133;2377;955;126373;39403;9046;5464;274719;55536;11423;6419
2022.04_13-10-2022;РФ;75_90_days;CoviVac;44;5;0;0;24;1;0;0;68;6;0;0;148346;16133;2377;955;126373;39403;9046;5464;274719;55536;11423;6419
2022.04_13-10-2022;РФ;75_90_days;EpiVacCorona;88;9;1;1;98;39;5;2;186;48;6;3;148346;16133;2377;955;126373;39403;9046;5464;274719;55536;11423;6419
2022.04_13-10-2022;РФ;75_90_days;SputnikLite;2825;185;19;5;2033;478;84;41;4858;663;103;46;148346;16133;2377;955;126373;39403;9046;5464;274719;55536;11423;6419
2022.04_13-10-2022;РФ;75_90_days;SputnikV;711;63;4;1;519;134;28;17;1230;197;32;18;148346;16133;2377;955;126373;39403;9046;5464;274719;55536;11423;6419
2022.04_13-10-2022;РФ;90_105_days;AllVaccines;2644;237;19;9;2544;693;122;68;5188;930;141;77;148346;16133;2377;955;126373;39403;9046;5464;274719;55536;11423;6419
2022.04_13-10-2022;РФ;90_105_days;CoviVac;37;5;0;0;32;5;0;0;69;10;0;0;148346;16133;2377;955;126373;39403;9046;5464;274719;55536;11423;6419
2022.04_13-10-2022;РФ;90_105_days;EpiVacCorona;132;16;1;1;163;56;11;8;295;72;12;9;148346;16133;2377;955;126373;39403;9046;5464;274719;55536;11423;6419
2022.04_13-10-2022;РФ;90_105_days;SputnikLite;1302;81;6;3;1392;357;60;28;2694;438;66;31;148346;16133;2377;955;126373;39403;9046;5464;274719;55536;11423;6419
2022.04_13-10-2022;РФ;90_105_days;SputnikV;1173;135;12;5;957;275;51;32;2130;410;63;37;148346;16133;2377;955;126373;39403;9046;5464;274719;55536;11423;6419
2022.04_13-10-2022;Республика Адыгея;105_165_days;AllVaccines;57;4;0;0;79;17;4;4;136;21;4;4;467;50;12;6;498;146;25;15;965;196;37;21
2022.04_13-10-2022;Республика Адыгея;105_165_days;CoviVac;2;0;0;0;0;0;0;0;2;0;0;0;467;50;12;6;498;146;25;15;965;196;37;21
2022.04_13-10-2022;Республика Адыгея;105_165_days;EpiVacCorona;2;0;0;0;4;2;1;1;6;2;1;1;467;50;12;6;498;146;25;15;965;196;37;21
2022.04_13-10-2022;Республика Адыгея;105_165_days;SputnikLite;28;0;0;0;48;10;3;3;76;10;3;3;467;50;12;6;498;146;25;15;965;196;37;21
2022.04_13-10-2022;Республика Адыгея;105_165_days;SputnikV;25;4;0;0;27;5;0;0;52;9;0;0;467;50;12;6;498;146;25;15;965;196;37;21
2022.04_13-10-2022;Республика Адыгея;165_195_days;AllVaccines;31;3;0;0;27;8;0;0;58;11;0;0;467;50;12;6;498;146;25;15;965;196;37;21
2022.04_13-10-2022;Республика Адыгея;165_195_days;SputnikLite;30;3;0;0;22;5;0;0;52;8;0;0;467;50;12;6;498;146;25;15;965;196;37;21
2022.04_13-10-2022;Республика Адыгея;165_195_days;SputnikV;1;0;0;0;5;3;0;0;6;3;0;0;467;50;12;6;498;146;25;15;965;196;37;21
2022.04_13-10-2022;Республика Адыгея;21_45_days;AllVaccines;5;0;0;0;4;1;0;0;9;1;0;0;467;50;12;6;498;146;25;15;965;196;37;21
2022.04_13-10-2022;Республика Адыгея;21_45_days;SputnikLite;4;0;0;0;4;1;0;0;8;1;0;0;467;50;12;6;498;146;25;15;965;196;37;21
2022.04_13-10-2022;Республика Адыгея;21_45_days;SputnikV;1;0;0;0;0;0;0;0;1;0;0;0;467;50;12;6;498;146;25;15;965;196;37;21
2022.04_13-10-2022;Республика Адыгея;45_75_days;AllVaccines;15;0;0;0;24;9;0;0;39;9;0;0;467;50;12;6;498;146;25;15;965;196;37;21
2022.04_13-10-2022;Республика Адыгея;45_75_days;SputnikLite;8;0;0;0;14;5;0;0;22;5;0;0;467;50;12;6;498;146;25;15;965;196;37;21
2022.04_13-10-2022;Республика Адыгея;45_75_days;SputnikV;7;0;0;0;10;4;0;0;17;4;0;0;467;50;12;6;498;146;25;15;965;196;37;21
2022.04_13-10-2022;Республика Адыгея;75_90_days;AllVaccines;7;0;0;0;10;1;1;0;17;1;1;0;467;50;12;6;498;146;25;15;965;196;37;21
2022.04_13-10-2022;Республика Адыгея;75_90_days;EpiVacCorona;0;0;0;0;1;1;1;0;1;1;1;0;467;50;12;6;498;146;25;15;965;196;37;21
2022.04_13-10-2022;Республика Адыгея;75_90_days;SputnikLite;6;0;0;0;7;0;0;0;13;0;0;0;467;50;12;6;498;146;25;15;965;196;37;21
2022.04_13-10-2022;Республика Адыгея;75_90_days;SputnikV;1;0;0;0;2;0;0;0;3;0;0;0;467;50;12;6;498;146;25;15;965;196;37;21
2022.04_13-10-2022;Республика Адыгея;90_105_days;AllVaccines;6;2;1;1;13;3;0;0;19;5;1;1;467;50;12;6;498;146;25;15;965;196;37;21
2022.04_13-10-2022;Республика Адыгея;90_105_days;SputnikLite;5;1;1;1;8;1;0;0;13;2;1;1;467;50;12;6;498;146;25;15;965;196;37;21
2022.04_13-10-2022;Республика Адыгея;90_105_days;SputnikV;1;1;0;0;5;2;0;0;6;3;0;0;467;50;12;6;498;146;25;15;965;196;37;21
2022.04_13-10-2022;Республика Алтай;105_165_days;AllVaccines;21;1;1;0;31;12;0;0;52;13;1;0;158;26;4;1;165;72;17;8;323;98;21;9
2022.04_13-10-2022;Республика Алтай;105_165_days;CoviVac;0;0;0;0;1;1;0;0;1;1;0;0;158;26;4;1;165;72;17;8;323;98;21;9
2022.04_13-10-2022;Республика Алтай;105_165_days;EpiVacCorona;1;0;0;0;0;0;0;0;1;0;0;0;158;26;4;1;165;72;17;8;323;98;21;9
2022.04_13-10-2022;Республика Алтай;105_165_days;SputnikLite;16;0;0;0;24;10;0;0;40;10;0;0;158;26;4;1;165;72;17;8;323;98;21;9
2022.04_13-10-2022;Республика Алтай;105_165_days;SputnikV;4;1;1;0;6;1;0;0;10;2;1;0;158;26;4;1;165;72;17;8;323;98;21;9
2022.04_13-10-2022;Республика Алтай;165_195_days;AllVaccines;6;1;0;0;13;6;3;2;19;7;3;2;158;26;4;1;165;72;17;8;323;98;21;9
2022.04_13-10-2022;Республика Алтай;165_195_days;SputnikLite;2;0;0;0;11;4;2;1;13;4;2;1;158;26;4;1;165;72;17;8;323;98;21;9
2022.04_13-10-2022;Республика Алтай;165_195_days;SputnikV;4;1;0;0;2;2;1;1;6;3;1;1;158;26;4;1;165;72;17;8;323;98;21;9
2022.04_13-10-2022;Республика Алтай;21_45_days;AllVaccines;4;0;0;0;5;2;0;0;9;2;0;0;158;26;4;1;165;72;17;8;323;98;21;9
2022.04_13-10-2022;Республика Алтай;21_45_days;EpiVacCorona;1;0;0;0;0;0;0;0;1;0;0;0;158;26;4;1;165;72;17;8;323;98;21;9
2022.04_13-10-2022;Республика Алтай;21_45_days;SputnikLite;3;0;0;0;3;0;0;0;6;0;0;0;158;26;4;1;165;72;17;8;323;98;21;9
2022.04_13-10-2022;Республика Алтай;21_45_days;SputnikV;0;0;0;0;2;2;0;0;2;2;0;0;158;26;4;1;165;72;17;8;323;98;21;9
2022.04_13-10-2022;Республика Алтай;45_75_days;AllVaccines;6;1;1;0;5;1;0;0;11;2;1;0;158;26;4;1;165;72;17;8;323;98;21;9
2022.04_13-10-2022;Республика Алтай;45_75_days;SputnikLite;1;1;1;0;1;0;0;0;2;1;1;0;158;26;4;1;165;72;17;8;323;98;21;9
2022.04_13-10-2022;Республика Алтай;45_75_days;SputnikV;5;0;0;0;4;1;0;0;9;1;0;0;158;26;4;1;165;72;17;8;323;98;21;9
2022.04_13-10-2022;Республика Алтай;75_90_days;AllVaccines;4;0;0;0;4;1;0;0;8;1;0;0;158;26;4;1;165;72;17;8;323;98;21;9
2022.04_13-10-2022;Республика Алтай;75_90_days;SputnikLite;4;0;0;0;2;1;0;0;6;1;0;0;158;26;4;1;165;72;17;8;323;98;21;9
2022.04_13-10-2022;Республика Алтай;75_90_days;SputnikV;0;0;0;0;2;0;0;0;2;0;0;0;158;26;4;1;165;72;17;8;323;98;21;9
2022.04_13-10-2022;Республика Алтай;90_105_days;AllVaccines;8;0;0;0;3;2;0;0;11;2;0;0;158;26;4;1;165;72;17;8;323;98;21;9
2022.04_13-10-2022;Республика Алтай;90_105_days;EpiVacCorona;1;0;0;0;0;0;0;0;1;0;0;0;158;26;4;1;165;72;17;8;323;98;21;9
2022.04_13-10-2022;Республика Алтай;90_105_days;SputnikLite;6;0;0;0;3;2;0;0;9;2;0;0;158;26;4;1;165;72;17;8;323;98;21;9
2022.04_13-10-2022;Республика Алтай;90_105_days;SputnikV;1;0;0;0;0;0;0;0;1;0;0;0;158;26;4;1;165;72;17;8;323;98;21;9
2022.04_13-10-2022;Республика Башкортостан;105_165_days;AllVaccines;316;35;10;2;259;58;16;3;575;93;26;5;1366;222;80;18;1232;356;118;39;2598;578;198;57
2022.04_13-10-2022;Республика Башкортостан;105_165_days;CoviVac;5;1;0;0;3;0;0;0;8;1;0;0;1366;222;80;18;1232;356;118;39;2598;578;198;57
2022.04_13-10-2022;Республика Башкортостан;105_165_days;EpiVacCorona;6;0;0;0;13;2;2;1;19;2;2;1;1366;222;80;18;1232;356;118;39;2598;578;198;57
2022.04_13-10-2022;Республика Башкортостан;105_165_days;SputnikLite;70;7;1;0;64;10;3;0;134;17;4;0;1366;222;80;18;1232;356;118;39;2598;578;198;57
2022.04_13-10-2022;Республика Башкортостан;105_165_days;SputnikV;235;27;9;2;179;46;11;2;414;73;20;4;1366;222;80;18;1232;356;118;39;2598;578;198;57
2022.04_13-10-2022;Республика Башкортостан;165_195_days;AllVaccines;79;4;1;0;72;21;5;1;151;25;6;1;1366;222;80;18;1232;356;118;39;2598;578;198;57
2022.04_13-10-2022;Республика Башкортостан;165_195_days;CoviVac;2;1;0;0;0;0;0;0;2;1;0;0;1366;222;80;18;1232;356;118;39;2598;578;198;57
2022.04_13-10-2022;Республика Башкортостан;165_195_days;EpiVacCorona;1;0;0;0;2;0;0;0;3;0;0;0;1366;222;80;18;1232;356;118;39;2598;578;198;57
2022.04_13-10-2022;Республика Башкортостан;165_195_days;SputnikLite;26;2;1;0;28;8;2;1;54;10;3;1;1366;222;80;18;1232;356;118;39;2598;578;198;57
2022.04_13-10-2022;Республика Башкортостан;165_195_days;SputnikV;50;1;0;0;42;13;3;0;92;14;3;0;1366;222;80;18;1232;356;118;39;2598;578;198;57
2022.04_13-10-2022;Республика Башкортостан;21_45_days;AllVaccines;33;5;0;0;19;5;1;0;52;10;1;0;1366;222;80;18;1232;356;118;39;2598;578;198;57
2022.04_13-10-2022;Республика Башкортостан;21_45_days;CoviVac;1;0;0;0;1;0;0;0;2;0;0;0;1366;222;80;18;1232;356;118;39;2598;578;198;57
2022.04_13-10-2022;Республика Башкортостан;21_45_days;EpiVacCorona;3;0;0;0;1;0;0;0;4;0;0;0;1366;222;80;18;1232;356;118;39;2598;578;198;57
2022.04_13-10-2022;Республика Башкортостан;21_45_days;SputnikLite;8;1;0;0;6;3;0;0;14;4;0;0;1366;222;80;18;1232;356;118;39;2598;578;198;57
2022.04_13-10-2022;Республика Башкортостан;21_45_days;SputnikV;21;4;0;0;11;2;1;0;32;6;1;0;1366;222;80;18;1232;356;118;39;2598;578;198;57
2022.04_13-10-2022;Республика Башкортостан;45_75_days;AllVaccines;59;8;2;0;45;11;3;1;104;19;5;1;1366;222;80;18;1232;356;118;39;2598;578;198;57
2022.04_13-10-2022;Республика Башкортостан;45_75_days;CoviVac;1;0;0;0;0;0;0;0;1;0;0;0;1366;222;80;18;1232;356;118;39;2598;578;198;57
2022.04_13-10-2022;Республика Башкортостан;45_75_days;EpiVacCorona;0;0;0;0;8;1;0;0;8;1;0;0;1366;222;80;18;1232;356;118;39;2598;578;198;57
2022.04_13-10-2022;Республика Башкортостан;45_75_days;SputnikLite;25;5;2;0;7;2;0;0;32;7;2;0;1366;222;80;18;1232;356;118;39;2598;578;198;57
2022.04_13-10-2022;Республика Башкортостан;45_75_days;SputnikV;33;3;0;0;30;8;3;1;63;11;3;1;1366;222;80;18;1232;356;118;39;2598;578;198;57
2022.04_13-10-2022;Республика Башкортостан;75_90_days;AllVaccines;43;6;3;0;26;6;2;0;69;12;5;0;1366;222;80;18;1232;356;118;39;2598;578;198;57
2022.04_13-10-2022;Республика Башкортостан;75_90_days;CoviVac;2;0;0;0;1;0;0;0;3;0;0;0;1366;222;80;18;1232;356;118;39;2598;578;198;57
2022.04_13-10-2022;Республика Башкортостан;75_90_days;EpiVacCorona;0;0;0;0;1;1;1;0;1;1;1;0;1366;222;80;18;1232;356;118;39;2598;578;198;57
2022.04_13-10-2022;Республика Башкортостан;75_90_days;SputnikLite;28;4;2;0;18;3;1;0;46;7;3;0;1366;222;80;18;1232;356;118;39;2598;578;198;57
2022.04_13-10-2022;Республика Башкортостан;75_90_days;SputnikV;13;2;1;0;6;2;0;0;19;4;1;0;1366;222;80;18;1232;356;118;39;2598;578;198;57
2022.04_13-10-2022;Республика Башкортостан;90_105_days;AllVaccines;34;4;0;0;21;3;2;0;55;7;2;0;1366;222;80;18;1232;356;118;39;2598;578;198;57
2022.04_13-10-2022;Республика Башкортостан;90_105_days;CoviVac;0;0;0;0;1;0;0;0;1;0;0;0;1366;222;80;18;1232;356;118;39;2598;578;198;57
2022.04_13-10-2022;Республика Башкортостан;90_105_days;EpiVacCorona;4;1;0;0;3;0;0;0;7;1;0;0;1366;222;80;18;1232;356;118;39;2598;578;198;57
2022.04_13-10-2022;Республика Башкортостан;90_105_days;SputnikLite;15;1;0;0;7;1;0;0;22;2;0;0;1366;222;80;18;1232;356;118;39;2598;578;198;57
2022.04_13-10-2022;Республика Башкортостан;90_105_days;SputnikV;15;2;0;0;10;2;2;0;25;4;2;0;1366;222;80;18;1232;356;118;39;2598;578;198;57
2022.04_13-10-2022;Республика Бурятия;105_165_days;AllVaccines;142;15;4;2;172;58;15;6;314;73;19;8;859;129;22;8;735;278;83;29;1594;407;105;37
2022.04_13-10-2022;Республика Бурятия;105_165_days;CoviVac;2;0;0;0;2;1;0;0;4;1;0;0;859;129;22;8;735;278;83;29;1594;407;105;37
2022.04_13-10-2022;Республика Бурятия;105_165_days;EpiVacCorona;2;0;0;0;9;5;1;1;11;5;1;1;859;129;22;8;735;278;83;29;1594;407;105;37
2022.04_13-10-2022;Республика Бурятия;105_165_days;SputnikLite;59;6;2;1;77;23;5;2;136;29;7;3;859;129;22;8;735;278;83;29;1594;407;105;37
2022.04_13-10-2022;Республика Бурятия;105_165_days;SputnikV;79;9;2;1;84;29;9;3;163;38;11;4;859;129;22;8;735;278;83;29;1594;407;105;37
2022.04_13-10-2022;Республика Бурятия;165_195_days;AllVaccines;43;4;0;0;43;16;0;0;86;20;0;0;859;129;22;8;735;278;83;29;1594;407;105;37
2022.04_13-10-2022;Республика Бурятия;165_195_days;EpiVacCorona;1;0;0;0;0;0;0;0;1;0;0;0;859;129;22;8;735;278;83;29;1594;407;105;37
2022.04_13-10-2022;Республика Бурятия;165_195_days;SputnikLite;30;3;0;0;28;10;0;0;58;13;0;0;859;129;22;8;735;278;83;29;1594;407;105;37
2022.04_13-10-2022;Республика Бурятия;165_195_days;SputnikV;12;1;0;0;15;6;0;0;27;7;0;0;859;129;22;8;735;278;83;29;1594;407;105;37
2022.04_13-10-2022;Республика Бурятия;21_45_days;AllVaccines;15;1;0;0;14;4;1;1;29;5;1;1;859;129;22;8;735;278;83;29;1594;407;105;37
2022.04_13-10-2022;Республика Бурятия;21_45_days;EpiVacCorona;2;0;0;0;3;1;0;0;5;1;0;0;859;129;22;8;735;278;83;29;1594;407;105;37
2022.04_13-10-2022;Республика Бурятия;21_45_days;SputnikLite;1;0;0;0;3;1;0;0;4;1;0;0;859;129;22;8;735;278;83;29;1594;407;105;37
2022.04_13-10-2022;Республика Бурятия;21_45_days;SputnikV;12;1;0;0;8;2;1;1;20;3;1;1;859;129;22;8;735;278;83;29;1594;407;105;37
2022.04_13-10-2022;Республика Бурятия;45_75_days;AllVaccines;62;5;1;1;44;13;1;0;106;18;2;1;859;129;22;8;735;278;83;29;1594;407;105;37
2022.04_13-10-2022;Республика Бурятия;45_75_days;EpiVacCorona;2;0;0;0;3;1;0;0;5;1;0;0;859;129;22;8;735;278;83;29;1594;407;105;37
2022.04_13-10-2022;Республика Бурятия;45_75_days;SputnikLite;21;3;1;1;19;7;0;0;40;10;1;1;859;129;22;8;735;278;83;29;1594;407;105;37
2022.04_13-10-2022;Республика Бурятия;45_75_days;SputnikV;39;2;0;0;22;5;1;0;61;7;1;0;859;129;22;8;735;278;83;29;1594;407;105;37
2022.04_13-10-2022;Республика Бурятия;75_90_days;AllVaccines;18;2;0;0;21;6;3;0;39;8;3;0;859;129;22;8;735;278;83;29;1594;407;105;37
2022.04_13-10-2022;Республика Бурятия;75_90_days;EpiVacCorona;0;0;0;0;3;1;1;0;3;1;1;0;859;129;22;8;735;278;83;29;1594;407;105;37
2022.04_13-10-2022;Республика Бурятия;75_90_days;SputnikLite;12;2;0;0;11;3;1;0;23;5;1;0;859;129;22;8;735;278;83;29;1594;407;105;37
2022.04_13-10-2022;Республика Бурятия;75_90_days;SputnikV;6;0;0;0;7;2;1;0;13;2;1;0;859;129;22;8;735;278;83;29;1594;407;105;37
2022.04_13-10-2022;Республика Бурятия;90_105_days;AllVaccines;24;1;0;0;31;11;4;0;55;12;4;0;859;129;22;8;735;278;83;29;1594;407;105;37
2022.04_13-10-2022;Республика Бурятия;90_105_days;EpiVacCorona;1;0;0;0;0;0;0;0;1;0;0;0;859;129;22;8;735;278;83;29;1594;407;105;37
2022.04_13-10-2022;Республика Бурятия;90_105_days;SputnikLite;14;1;0;0;21;7;3;0;35;8;3;0;859;129;22;8;735;278;83;29;1594;407;105;37
2022.04_13-10-2022;Республика Бурятия;90_105_days;SputnikV;9;0;0;0;10;4;1;0;19;4;1;0;859;129;22;8;735;278;83;29;1594;407;105;37
2022.04_13-10-2022;Республика Дагестан;105_165_days;AllVaccines;67;8;0;0;23;3;0;0;90;11;0;0;450;42;9;2;191;30;3;2;641;72;12;4
2022.04_13-10-2022;Республика Дагестан;105_165_days;CoviVac;1;0;0;0;0;0;0;0;1;0;0;0;450;42;9;2;191;30;3;2;641;72;12;4
2022.04_13-10-2022;Республика Дагестан;105_165_days;EpiVacCorona;3;0;0;0;0;0;0;0;3;0;0;0;450;42;9;2;191;30;3;2;641;72;12;4
2022.04_13-10-2022;Республика Дагестан;105_165_days;SputnikLite;27;2;0;0;9;1;0;0;36;3;0;0;450;42;9;2;191;30;3;2;641;72;12;4
2022.04_13-10-2022;Республика Дагестан;105_165_days;SputnikV;36;6;0;0;14;2;0;0;50;8;0;0;450;42;9;2;191;30;3;2;641;72;12;4
2022.04_13-10-2022;Республика Дагестан;165_195_days;AllVaccines;19;1;0;0;13;2;0;0;32;3;0;0;450;42;9;2;191;30;3;2;641;72;12;4
2022.04_13-10-2022;Республика Дагестан;165_195_days;CoviVac;0;0;0;0;1;0;0;0;1;0;0;0;450;42;9;2;191;30;3;2;641;72;12;4
2022.04_13-10-2022;Республика Дагестан;165_195_days;SputnikLite;11;1;0;0;3;0;0;0;14;1;0;0;450;42;9;2;191;30;3;2;641;72;12;4
2022.04_13-10-2022;Республика Дагестан;165_195_days;SputnikV;8;0;0;0;9;2;0;0;17;2;0;0;450;42;9;2;191;30;3;2;641;72;12;4
2022.04_13-10-2022;Республика Дагестан;21_45_days;AllVaccines;33;2;0;0;11;2;0;0;44;4;0;0;450;42;9;2;191;30;3;2;641;72;12;4
2022.04_13-10-2022;Республика Дагестан;21_45_days;CoviVac;1;0;0;0;0;0;0;0;1;0;0;0;450;42;9;2;191;30;3;2;641;72;12;4
2022.04_13-10-2022;Республика Дагестан;21_45_days;EpiVacCorona;2;0;0;0;0;0;0;0;2;0;0;0;450;42;9;2;191;30;3;2;641;72;12;4
2022.04_13-10-2022;Республика Дагестан;21_45_days;SputnikLite;2;0;0;0;0;0;0;0;2;0;0;0;450;42;9;2;191;30;3;2;641;72;12;4
2022.04_13-10-2022;Республика Дагестан;21_45_days;SputnikV;28;2;0;0;11;2;0;0;39;4;0;0;450;42;9;2;191;30;3;2;641;72;12;4
2022.04_13-10-2022;Республика Дагестан;45_75_days;AllVaccines;70;8;1;0;32;3;0;0;102;11;1;0;450;42;9;2;191;30;3;2;641;72;12;4
2022.04_13-10-2022;Республика Дагестан;45_75_days;CoviVac;3;0;0;0;0;0;0;0;3;0;0;0;450;42;9;2;191;30;3;2;641;72;12;4
2022.04_13-10-2022;Республика Дагестан;45_75_days;EpiVacCorona;10;1;0;0;2;0;0;0;12;1;0;0;450;42;9;2;191;30;3;2;641;72;12;4
2022.04_13-10-2022;Республика Дагестан;45_75_days;SputnikLite;7;0;0;0;5;0;0;0;12;0;0;0;450;42;9;2;191;30;3;2;641;72;12;4
2022.04_13-10-2022;Республика Дагестан;45_75_days;SputnikV;50;7;1;0;25;3;0;0;75;10;1;0;450;42;9;2;191;30;3;2;641;72;12;4
2022.04_13-10-2022;Республика Дагестан;75_90_days;AllVaccines;16;0;0;0;7;3;0;0;23;3;0;0;450;42;9;2;191;30;3;2;641;72;12;4
2022.04_13-10-2022;Республика Дагестан;75_90_days;EpiVacCorona;1;0;0;0;1;0;0;0;2;0;0;0;450;42;9;2;191;30;3;2;641;72;12;4
2022.04_13-10-2022;Республика Дагестан;75_90_days;SputnikLite;9;0;0;0;1;0;0;0;10;0;0;0;450;42;9;2;191;30;3;2;641;72;12;4
2022.04_13-10-2022;Республика Дагестан;75_90_days;SputnikV;6;0;0;0;5;3;0;0;11;3;0;0;450;42;9;2;191;30;3;2;641;72;12;4
2022.04_13-10-2022;Республика Дагестан;90_105_days;AllVaccines;13;1;0;0;5;0;0;0;18;1;0;0;450;42;9;2;191;30;3;2;641;72;12;4
2022.04_13-10-2022;Республика Дагестан;90_105_days;SputnikLite;7;0;0;0;4;0;0;0;11;0;0;0;450;42;9;2;191;30;3;2;641;72;12;4
2022.04_13-10-2022;Республика Дагестан;90_105_days;SputnikV;6;1;0;0;1;0;0;0;7;1;0;0;450;42;9;2;191;30;3;2;641;72;12;4
2022.04_13-10-2022;Республика Ингушетия;105_165_days;AllVaccines;118;34;5;0;18;6;1;0;136;40;6;0;368;97;19;0;73;28;7;1;441;125;26;1
2022.04_13-10-2022;Республика Ингушетия;105_165_days;EpiVacCorona;1;0;0;0;0;0;0;0;1;0;0;0;368;97;19;0;73;28;7;1;441;125;26;1
2022.04_13-10-2022;Республика Ингушетия;105_165_days;SputnikLite;45;8;0;0;9;1;0;0;54;9;0;0;368;97;19;0;73;28;7;1;441;125;26;1
2022.04_13-10-2022;Республика Ингушетия;105_165_days;SputnikV;72;26;5;0;9;5;1;0;81;31;6;0;368;97;19;0;73;28;7;1;441;125;26;1
2022.04_13-10-2022;Республика Ингушетия;165_195_days;AllVaccines;8;0;0;0;2;0;0;0;10;0;0;0;368;97;19;0;73;28;7;1;441;125;26;1
2022.04_13-10-2022;Республика Ингушетия;165_195_days;SputnikLite;7;0;0;0;2;0;0;0;9;0;0;0;368;97;19;0;73;28;7;1;441;125;26;1
2022.04_13-10-2022;Республика Ингушетия;165_195_days;SputnikV;1;0;0;0;0;0;0;0;1;0;0;0;368;97;19;0;73;28;7;1;441;125;26;1
2022.04_13-10-2022;Республика Ингушетия;21_45_days;AllVaccines;6;1;0;0;0;0;0;0;6;1;0;0;368;97;19;0;73;28;7;1;441;125;26;1
2022.04_13-10-2022;Республика Ингушетия;21_45_days;SputnikLite;1;0;0;0;0;0;0;0;1;0;0;0;368;97;19;0;73;28;7;1;441;125;26;1
2022.04_13-10-2022;Республика Ингушетия;21_45_days;SputnikV;5;1;0;0;0;0;0;0;5;1;0;0;368;97;19;0;73;28;7;1;441;125;26;1
2022.04_13-10-2022;Республика Ингушетия;45_75_days;AllVaccines;19;4;1;0;0;0;0;0;19;4;1;0;368;97;19;0;73;28;7;1;441;125;26;1
2022.04_13-10-2022;Республика Ингушетия;45_75_days;EpiVacCorona;1;0;0;0;0;0;0;0;1;0;0;0;368;97;19;0;73;28;7;1;441;125;26;1
2022.04_13-10-2022;Республика Ингушетия;45_75_days;SputnikLite;7;1;0;0;0;0;0;0;7;1;0;0;368;97;19;0;73;28;7;1;441;125;26;1
2022.04_13-10-2022;Республика Ингушетия;45_75_days;SputnikV;11;3;1;0;0;0;0;0;11;3;1;0;368;97;19;0;73;28;7;1;441;125;26;1
2022.04_13-10-2022;Республика Ингушетия;75_90_days;AllVaccines;15;3;0;0;2;0;0;0;17;3;0;0;368;97;19;0;73;28;7;1;441;125;26;1
2022.04_13-10-2022;Республика Ингушетия;75_90_days;SputnikLite;6;1;0;0;0;0;0;0;6;1;0;0;368;97;19;0;73;28;7;1;441;125;26;1
2022.04_13-10-2022;Республика Ингушетия;75_90_days;SputnikV;9;2;0;0;2;0;0;0;11;2;0;0;368;97;19;0;73;28;7;1;441;125;26;1
2022.04_13-10-2022;Республика Ингушетия;90_105_days;AllVaccines;21;5;1;0;6;2;0;0;27;7;1;0;368;97;19;0;73;28;7;1;441;125;26;1
2022.04_13-10-2022;Республика Ингушетия;90_105_days;CoviVac;1;0;0;0;0;0;0;0;1;0;0;0;368;97;19;0;73;28;7;1;441;125;26;1
2022.04_13-10-2022;Республика Ингушетия;90_105_days;SputnikLite;12;4;1;0;3;1;0;0;15;5;1;0;368;97;19;0;73;28;7;1;441;125;26;1
2022.04_13-10-2022;Республика Ингушетия;90_105_days;SputnikV;8;1;0;0;3;1;0;0;11;2;0;0;368;97;19;0;73;28;7;1;441;125;26;1
2022.04_13-10-2022;Республика Калмыкия;105_165_days;AllVaccines;98;3;0;0;84;17;2;1;182;20;2;1;385;17;0;0;394;84;14;7;779;101;14;7
2022.04_13-10-2022;Республика Калмыкия;105_165_days;CoviVac;2;0;0;0;1;0;0;0;3;0;0;0;385;17;0;0;394;84;14;7;779;101;14;7
2022.04_13-10-2022;Республика Калмыкия;105_165_days;EpiVacCorona;2;0;0;0;1;0;0;0;3;0;0;0;385;17;0;0;394;84;14;7;779;101;14;7
2022.04_13-10-2022;Республика Калмыкия;105_165_days;SputnikLite;74;1;0;0;70;15;2;1;144;16;2;1;385;17;0;0;394;84;14;7;779;101;14;7
2022.04_13-10-2022;Республика Калмыкия;105_165_days;SputnikV;20;2;0;0;12;2;0;0;32;4;0;0;385;17;0;0;394;84;14;7;779;101;14;7
2022.04_13-10-2022;Республика Калмыкия;165_195_days;AllVaccines;27;1;0;0;56;11;2;1;83;12;2;1;385;17;0;0;394;84;14;7;779;101;14;7
2022.04_13-10-2022;Республика Калмыкия;165_195_days;SputnikLite;25;1;0;0;54;10;2;1;79;11;2;1;385;17;0;0;394;84;14;7;779;101;14;7
2022.04_13-10-2022;Республика Калмыкия;165_195_days;SputnikV;2;0;0;0;2;1;0;0;4;1;0;0;385;17;0;0;394;84;14;7;779;101;14;7
2022.04_13-10-2022;Республика Калмыкия;21_45_days;AllVaccines;7;0;0;0;8;1;0;0;15;1;0;0;385;17;0;0;394;84;14;7;779;101;14;7
2022.04_13-10-2022;Республика Калмыкия;21_45_days;EpiVacCorona;0;0;0;0;1;0;0;0;1;0;0;0;385;17;0;0;394;84;14;7;779;101;14;7
2022.04_13-10-2022;Республика Калмыкия;21_45_days;SputnikLite;7;0;0;0;5;1;0;0;12;1;0;0;385;17;0;0;394;84;14;7;779;101;14;7
2022.04_13-10-2022;Республика Калмыкия;21_45_days;SputnikV;0;0;0;0;2;0;0;0;2;0;0;0;385;17;0;0;394;84;14;7;779;101;14;7
2022.04_13-10-2022;Республика Калмыкия;45_75_days;AllVaccines;12;1;0;0;9;0;0;0;21;1;0;0;385;17;0;0;394;84;14;7;779;101;14;7
2022.04_13-10-2022;Республика Калмыкия;45_75_days;SputnikLite;10;1;0;0;7;0;0;0;17;1;0;0;385;17;0;0;394;84;14;7;779;101;14;7
2022.04_13-10-2022;Республика Калмыкия;45_75_days;SputnikV;2;0;0;0;2;0;0;0;4;0;0;0;385;17;0;0;394;84;14;7;779;101;14;7
2022.04_13-10-2022;Республика Калмыкия;75_90_days;AllVaccines;20;1;0;0;13;2;1;0;33;3;1;0;385;17;0;0;394;84;14;7;779;101;14;7
2022.04_13-10-2022;Республика Калмыкия;75_90_days;EpiVacCorona;1;0;0;0;1;0;0;0;2;0;0;0;385;17;0;0;394;84;14;7;779;101;14;7
2022.04_13-10-2022;Республика Калмыкия;75_90_days;SputnikLite;18;1;0;0;11;2;1;0;29;3;1;0;385;17;0;0;394;84;14;7;779;101;14;7
2022.04_13-10-2022;Республика Калмыкия;75_90_days;SputnikV;1;0;0;0;1;0;0;0;2;0;0;0;385;17;0;0;394;84;14;7;779;101;14;7
2022.04_13-10-2022;Республика Калмыкия;90_105_days;AllVaccines;8;0;0;0;4;0;0;0;12;0;0;0;385;17;0;0;394;84;14;7;779;101;14;7
2022.04_13-10-2022;Республика Калмыкия;90_105_days;CoviVac;1;0;0;0;0;0;0;0;1;0;0;0;385;17;0;0;394;84;14;7;779;101;14;7
2022.04_13-10-2022;Республика Калмыкия;90_105_days;SputnikLite;6;0;0;0;4;0;0;0;10;0;0;0;385;17;0;0;394;84;14;7;779;101;14;7
2022.04_13-10-2022;Республика Калмыкия;90_105_days;SputnikV;1;0;0;0;0;0;0;0;1;0;0;0;385;17;0;0;394;84;14;7;779;101;14;7
2022.04_13-10-2022;Республика Карелия;105_165_days;AllVaccines;177;22;3;1;241;60;7;6;418;82;10;7;1417;246;22;10;1080;420;62;65;2497;666;84;75
2022.04_13-10-2022;Республика Карелия;105_165_days;CoviVac;7;0;0;0;1;0;0;0;8;0;0;0;1417;246;22;10;1080;420;62;65;2497;666;84;75
2022.04_13-10-2022;Республика Карелия;105_165_days;EpiVacCorona;8;2;1;1;8;3;0;0;16;5;1;1;1417;246;22;10;1080;420;62;65;2497;666;84;75
2022.04_13-10-2022;Республика Карелия;105_165_days;SputnikLite;79;9;1;0;148;36;5;3;227;45;6;3;1417;246;22;10;1080;420;62;65;2497;666;84;75
2022.04_13-10-2022;Республика Карелия;105_165_days;SputnikV;83;11;1;0;84;21;2;3;167;32;3;3;1417;246;22;10;1080;420;62;65;2497;666;84;75
2022.04_13-10-2022;Республика Карелия;165_195_days;AllVaccines;112;12;1;0;95;32;4;3;207;44;5;3;1417;246;22;10;1080;420;62;65;2497;666;84;75
2022.04_13-10-2022;Республика Карелия;165_195_days;EpiVacCorona;0;0;0;0;1;0;0;0;1;0;0;0;1417;246;22;10;1080;420;62;65;2497;666;84;75
2022.04_13-10-2022;Республика Карелия;165_195_days;SputnikLite;101;11;1;0;74;23;2;1;175;34;3;1;1417;246;22;10;1080;420;62;65;2497;666;84;75
2022.04_13-10-2022;Республика Карелия;165_195_days;SputnikV;11;1;0;0;20;9;2;2;31;10;2;2;1417;246;22;10;1080;420;62;65;2497;666;84;75
2022.04_13-10-2022;Республика Карелия;21_45_days;AllVaccines;24;2;0;0;18;4;0;0;42;6;0;0;1417;246;22;10;1080;420;62;65;2497;666;84;75
2022.04_13-10-2022;Республика Карелия;21_45_days;EpiVacCorona;4;0;0;0;2;0;0;0;6;0;0;0;1417;246;22;10;1080;420;62;65;2497;666;84;75
2022.04_13-10-2022;Республика Карелия;21_45_days;SputnikLite;7;0;0;0;8;3;0;0;15;3;0;0;1417;246;22;10;1080;420;62;65;2497;666;84;75
2022.04_13-10-2022;Республика Карелия;21_45_days;SputnikV;13;2;0;0;8;1;0;0;21;3;0;0;1417;246;22;10;1080;420;62;65;2497;666;84;75
2022.04_13-10-2022;Республика Карелия;45_75_days;AllVaccines;64;8;1;1;35;7;1;0;99;15;2;1;1417;246;22;10;1080;420;62;65;2497;666;84;75
2022.04_13-10-2022;Республика Карелия;45_75_days;CoviVac;4;1;0;0;1;0;0;0;5;1;0;0;1417;246;22;10;1080;420;62;65;2497;666;84;75
2022.04_13-10-2022;Республика Карелия;45_75_days;EpiVacCorona;2;0;0;0;0;0;0;0;2;0;0;0;1417;246;22;10;1080;420;62;65;2497;666;84;75
2022.04_13-10-2022;Республика Карелия;45_75_days;SputnikLite;28;5;1;1;14;4;1;0;42;9;2;1;1417;246;22;10;1080;420;62;65;2497;666;84;75
2022.04_13-10-2022;Республика Карелия;45_75_days;SputnikV;30;2;0;0;20;3;0;0;50;5;0;0;1417;246;22;10;1080;420;62;65;2497;666;84;75
2022.04_13-10-2022;Республика Карелия;75_90_days;AllVaccines;37;3;0;0;21;9;0;0;58;12;0;0;1417;246;22;10;1080;420;62;65;2497;666;84;75
2022.04_13-10-2022;Республика Карелия;75_90_days;CoviVac;1;0;0;0;0;0;0;0;1;0;0;0;1417;246;22;10;1080;420;62;65;2497;666;84;75
2022.04_13-10-2022;Республика Карелия;75_90_days;EpiVacCorona;2;0;0;0;0;0;0;0;2;0;0;0;1417;246;22;10;1080;420;62;65;2497;666;84;75
2022.04_13-10-2022;Республика Карелия;75_90_days;SputnikLite;26;2;0;0;19;9;0;0;45;11;0;0;1417;246;22;10;1080;420;62;65;2497;666;84;75
2022.04_13-10-2022;Республика Карелия;75_90_days;SputnikV;8;1;0;0;2;0;0;0;10;1;0;0;1417;246;22;10;1080;420;62;65;2497;666;84;75
2022.04_13-10-2022;Республика Карелия;90_105_days;AllVaccines;28;2;0;0;24;6;1;1;52;8;1;1;1417;246;22;10;1080;420;62;65;2497;666;84;75
2022.04_13-10-2022;Республика Карелия;90_105_days;CoviVac;0;0;0;0;3;0;0;0;3;0;0;0;1417;246;22;10;1080;420;62;65;2497;666;84;75
2022.04_13-10-2022;Республика Карелия;90_105_days;EpiVacCorona;3;0;0;0;4;1;0;0;7;1;0;0;1417;246;22;10;1080;420;62;65;2497;666;84;75
2022.04_13-10-2022;Республика Карелия;90_105_days;SputnikLite;12;0;0;0;9;1;0;0;21;1;0;0;1417;246;22;10;1080;420;62;65;2497;666;84;75
2022.04_13-10-2022;Республика Карелия;90_105_days;SputnikV;13;2;0;0;8;4;1;1;21;6;1;1;1417;246;22;10;1080;420;62;65;2497;666;84;75
2022.04_13-10-2022;Республика Коми;105_165_days;AllVaccines;161;30;6;2;175;64;4;3;336;94;10;5;1219;234;21;7;847;358;69;29;2066;592;90;36
2022.04_13-10-2022;Республика Коми;105_165_days;CoviVac;2;0;0;0;1;0;0;0;3;0;0;0;1219;234;21;7;847;358;69;29;2066;592;90;36
2022.04_13-10-2022;Республика Коми;105_165_days;EpiVacCorona;1;1;0;0;2;1;0;0;3;2;0;0;1219;234;21;7;847;358;69;29;2066;592;90;36
2022.04_13-10-2022;Республика Коми;105_165_days;SputnikLite;89;15;4;1;89;25;2;1;178;40;6;2;1219;234;21;7;847;358;69;29;2066;592;90;36
2022.04_13-10-2022;Республика Коми;105_165_days;SputnikV;69;14;2;1;83;38;2;2;152;52;4;3;1219;234;21;7;847;358;69;29;2066;592;90;36
2022.04_13-10-2022;Республика Коми;165_195_days;AllVaccines;48;3;0;0;35;11;2;1;83;14;2;1;1219;234;21;7;847;358;69;29;2066;592;90;36
2022.04_13-10-2022;Республика Коми;165_195_days;CoviVac;1;0;0;0;0;0;0;0;1;0;0;0;1219;234;21;7;847;358;69;29;2066;592;90;36
2022.04_13-10-2022;Республика Коми;165_195_days;SputnikLite;40;3;0;0;25;10;2;1;65;13;2;1;1219;234;21;7;847;358;69;29;2066;592;90;36
2022.04_13-10-2022;Республика Коми;165_195_days;SputnikV;7;0;0;0;10;1;0;0;17;1;0;0;1219;234;21;7;847;358;69;29;2066;592;90;36
2022.04_13-10-2022;Республика Коми;21_45_days;AllVaccines;15;1;0;0;11;2;0;0;26;3;0;0;1219;234;21;7;847;358;69;29;2066;592;90;36
2022.04_13-10-2022;Республика Коми;21_45_days;EpiVacCorona;0;0;0;0;1;0;0;0;1;0;0;0;1219;234;21;7;847;358;69;29;2066;592;90;36
2022.04_13-10-2022;Республика Коми;21_45_days;SputnikLite;10;1;0;0;5;0;0;0;15;1;0;0;1219;234;21;7;847;358;69;29;2066;592;90;36
2022.04_13-10-2022;Республика Коми;21_45_days;SputnikV;5;0;0;0;5;2;0;0;10;2;0;0;1219;234;21;7;847;358;69;29;2066;592;90;36
2022.04_13-10-2022;Республика Коми;45_75_days;AllVaccines;25;1;0;0;28;7;4;0;53;8;4;0;1219;234;21;7;847;358;69;29;2066;592;90;36
2022.04_13-10-2022;Республика Коми;45_75_days;EpiVacCorona;2;0;0;0;3;0;0;0;5;0;0;0;1219;234;21;7;847;358;69;29;2066;592;90;36
2022.04_13-10-2022;Республика Коми;45_75_days;SputnikLite;14;0;0;0;7;3;2;0;21;3;2;0;1219;234;21;7;847;358;69;29;2066;592;90;36
2022.04_13-10-2022;Республика Коми;45_75_days;SputnikV;9;1;0;0;18;4;2;0;27;5;2;0;1219;234;21;7;847;358;69;29;2066;592;90;36
2022.04_13-10-2022;Республика Коми;75_90_days;AllVaccines;36;4;0;0;24;10;0;0;60;14;0;0;1219;234;21;7;847;358;69;29;2066;592;90;36
2022.04_13-10-2022;Республика Коми;75_90_days;CoviVac;0;0;0;0;1;0;0;0;1;0;0;0;1219;234;21;7;847;358;69;29;2066;592;90;36
2022.04_13-10-2022;Республика Коми;75_90_days;EpiVacCorona;0;0;0;0;1;0;0;0;1;0;0;0;1219;234;21;7;847;358;69;29;2066;592;90;36
2022.04_13-10-2022;Республика Коми;75_90_days;SputnikLite;33;4;0;0;21;10;0;0;54;14;0;0;1219;234;21;7;847;358;69;29;2066;592;90;36
2022.04_13-10-2022;Республика Коми;75_90_days;SputnikV;3;0;0;0;1;0;0;0;4;0;0;0;1219;234;21;7;847;358;69;29;2066;592;90;36
2022.04_13-10-2022;Республика Коми;90_105_days;AllVaccines;21;2;0;0;18;7;0;0;39;9;0;0;1219;234;21;7;847;358;69;29;2066;592;90;36
2022.04_13-10-2022;Республика Коми;90_105_days;CoviVac;1;0;0;0;1;1;0;0;2;1;0;0;1219;234;21;7;847;358;69;29;2066;592;90;36
2022.04_13-10-2022;Республика Коми;90_105_days;EpiVacCorona;0;0;0;0;2;2;0;0;2;2;0;0;1219;234;21;7;847;358;69;29;2066;592;90;36
2022.04_13-10-2022;Республика Коми;90_105_days;SputnikLite;11;0;0;0;8;1;0;0;19;1;0;0;1219;234;21;7;847;358;69;29;2066;592;90;36
2022.04_13-10-2022;Республика Коми;90_105_days;SputnikV;9;2;0;0;7;3;0;0;16;5;0;0;1219;234;21;7;847;358;69;29;2066;592;90;36
2022.04_13-10-2022;Республика Крым;105_165_days;AllVaccines;308;30;1;1;284;93;9;6;592;123;10;7;1191;205;16;9;1274;493;89;56;2465;698;105;65
2022.04_13-10-2022;Республика Крым;105_165_days;CoviVac;5;2;0;0;6;0;0;0;11;2;0;0;1191;205;16;9;1274;493;89;56;2465;698;105;65
2022.04_13-10-2022;Республика Крым;105_165_days;EpiVacCorona;13;2;0;0;16;4;1;0;29;6;1;0;1191;205;16;9;1274;493;89;56;2465;698;105;65
2022.04_13-10-2022;Республика Крым;105_165_days;SputnikLite;54;4;0;0;130;42;3;2;184;46;3;2;1191;205;16;9;1274;493;89;56;2465;698;105;65
2022.04_13-10-2022;Республика Крым;105_165_days;SputnikV;236;22;1;1;132;47;5;4;368;69;6;5;1191;205;16;9;1274;493;89;56;2465;698;105;65
2022.04_13-10-2022;Республика Крым;165_195_days;AllVaccines;71;4;0;0;56;12;0;0;127;16;0;0;1191;205;16;9;1274;493;89;56;2465;698;105;65
2022.04_13-10-2022;Республика Крым;165_195_days;CoviVac;3;0;0;0;2;1;0;0;5;1;0;0;1191;205;16;9;1274;493;89;56;2465;698;105;65
2022.04_13-10-2022;Республика Крым;165_195_days;EpiVacCorona;0;0;0;0;1;0;0;0;1;0;0;0;1191;205;16;9;1274;493;89;56;2465;698;105;65
2022.04_13-10-2022;Республика Крым;165_195_days;SputnikLite;34;4;0;0;38;7;0;0;72;11;0;0;1191;205;16;9;1274;493;89;56;2465;698;105;65
2022.04_13-10-2022;Республика Крым;165_195_days;SputnikV;34;0;0;0;15;4;0;0;49;4;0;0;1191;205;16;9;1274;493;89;56;2465;698;105;65
2022.04_13-10-2022;Республика Крым;21_45_days;AllVaccines;6;0;0;0;6;2;0;0;12;2;0;0;1191;205;16;9;1274;493;89;56;2465;698;105;65
2022.04_13-10-2022;Республика Крым;21_45_days;EpiVacCorona;0;0;0;0;1;0;0;0;1;0;0;0;1191;205;16;9;1274;493;89;56;2465;698;105;65
2022.04_13-10-2022;Республика Крым;21_45_days;SputnikLite;1;0;0;0;1;1;0;0;2;1;0;0;1191;205;16;9;1274;493;89;56;2465;698;105;65
2022.04_13-10-2022;Республика Крым;21_45_days;SputnikV;5;0;0;0;4;1;0;0;9;1;0;0;1191;205;16;9;1274;493;89;56;2465;698;105;65
2022.04_13-10-2022;Республика Крым;45_75_days;AllVaccines;46;10;0;0;39;14;2;3;85;24;2;3;1191;205;16;9;1274;493;89;56;2465;698;105;65
2022.04_13-10-2022;Республика Крым;45_75_days;EpiVacCorona;7;3;0;0;10;5;1;1;17;8;1;1;1191;205;16;9;1274;493;89;56;2465;698;105;65
2022.04_13-10-2022;Республика Крым;45_75_days;SputnikLite;25;7;0;0;15;6;0;1;40;13;0;1;1191;205;16;9;1274;493;89;56;2465;698;105;65
2022.04_13-10-2022;Республика Крым;45_75_days;SputnikV;14;0;0;0;14;3;1;1;28;3;1;1;1191;205;16;9;1274;493;89;56;2465;698;105;65
2022.04_13-10-2022;Республика Крым;75_90_days;AllVaccines;45;8;1;0;40;12;3;2;85;20;4;2;1191;205;16;9;1274;493;89;56;2465;698;105;65
2022.04_13-10-2022;Республика Крым;75_90_days;CoviVac;2;2;0;0;1;0;0;0;3;2;0;0;1191;205;16;9;1274;493;89;56;2465;698;105;65
2022.04_13-10-2022;Республика Крым;75_90_days;EpiVacCorona;1;0;0;0;1;0;0;0;2;0;0;0;1191;205;16;9;1274;493;89;56;2465;698;105;65
2022.04_13-10-2022;Республика Крым;75_90_days;SputnikLite;29;5;1;0;35;12;3;2;64;17;4;2;1191;205;16;9;1274;493;89;56;2465;698;105;65
2022.04_13-10-2022;Республика Крым;75_90_days;SputnikV;13;1;0;0;3;0;0;0;16;1;0;0;1191;205;16;9;1274;493;89;56;2465;698;105;65
2022.04_13-10-2022;Республика Крым;90_105_days;AllVaccines;22;1;0;0;21;6;2;1;43;7;2;1;1191;205;16;9;1274;493;89;56;2465;698;105;65
2022.04_13-10-2022;Республика Крым;90_105_days;EpiVacCorona;2;0;0;0;1;0;0;0;3;0;0;0;1191;205;16;9;1274;493;89;56;2465;698;105;65
2022.04_13-10-2022;Республика Крым;90_105_days;SputnikLite;8;0;0;0;17;6;2;1;25;6;2;1;1191;205;16;9;1274;493;89;56;2465;698;105;65
2022.04_13-10-2022;Республика Крым;90_105_days;SputnikV;12;1;0;0;3;0;0;0;15;1;0;0;1191;205;16;9;1274;493;89;56;2465;698;105;65
2022.04_13-10-2022;Республика Марий Эл;105_165_days;AllVaccines;30;4;1;0;28;6;0;0;58;10;1;0;115;17;1;0;151;44;6;0;266;61;7;0
2022.04_13-10-2022;Республика Марий Эл;105_165_days;EpiVacCorona;2;0;0;0;2;1;0;0;4;1;0;0;115;17;1;0;151;44;6;0;266;61;7;0
2022.04_13-10-2022;Республика Марий Эл;105_165_days;SputnikLite;12;1;0;0;8;2;0;0;20;3;0;0;115;17;1;0;151;44;6;0;266;61;7;0
2022.04_13-10-2022;Республика Марий Эл;105_165_days;SputnikV;16;3;1;0;18;3;0;0;34;6;1;0;115;17;1;0;151;44;6;0;266;61;7;0
2022.04_13-10-2022;Республика Марий Эл;165_195_days;AllVaccines;13;2;0;0;11;4;1;0;24;6;1;0;115;17;1;0;151;44;6;0;266;61;7;0
2022.04_13-10-2022;Республика Марий Эл;165_195_days;EpiVacCorona;0;0;0;0;1;0;0;0;1;0;0;0;115;17;1;0;151;44;6;0;266;61;7;0
2022.04_13-10-2022;Республика Марий Эл;165_195_days;SputnikLite;12;2;0;0;7;2;0;0;19;4;0;0;115;17;1;0;151;44;6;0;266;61;7;0
2022.04_13-10-2022;Республика Марий Эл;165_195_days;SputnikV;1;0;0;0;3;2;1;0;4;2;1;0;115;17;1;0;151;44;6;0;266;61;7;0
2022.04_13-10-2022;Республика Марий Эл;21_45_days;AllVaccines;0;0;0;0;1;1;0;0;1;1;0;0;115;17;1;0;151;44;6;0;266;61;7;0
2022.04_13-10-2022;Республика Марий Эл;21_45_days;EpiVacCorona;0;0;0;0;1;1;0;0;1;1;0;0;115;17;1;0;151;44;6;0;266;61;7;0
2022.04_13-10-2022;Республика Марий Эл;45_75_days;AllVaccines;2;1;0;0;5;1;0;0;7;2;0;0;115;17;1;0;151;44;6;0;266;61;7;0
2022.04_13-10-2022;Республика Марий Эл;45_75_days;EpiVacCorona;0;0;0;0;1;0;0;0;1;0;0;0;115;17;1;0;151;44;6;0;266;61;7;0
2022.04_13-10-2022;Республика Марий Эл;45_75_days;SputnikLite;2;1;0;0;4;1;0;0;6;2;0;0;115;17;1;0;151;44;6;0;266;61;7;0
2022.04_13-10-2022;Республика Марий Эл;75_90_days;AllVaccines;3;0;0;0;4;1;0;0;7;1;0;0;115;17;1;0;151;44;6;0;266;61;7;0
2022.04_13-10-2022;Республика Марий Эл;75_90_days;SputnikLite;2;0;0;0;4;1;0;0;6;1;0;0;115;17;1;0;151;44;6;0;266;61;7;0
2022.04_13-10-2022;Республика Марий Эл;75_90_days;SputnikV;1;0;0;0;0;0;0;0;1;0;0;0;115;17;1;0;151;44;6;0;266;61;7;0
2022.04_13-10-2022;Республика Марий Эл;90_105_days;AllVaccines;4;0;0;0;3;1;0;0;7;1;0;0;115;17;1;0;151;44;6;0;266;61;7;0
2022.04_13-10-2022;Республика Марий Эл;90_105_days;EpiVacCorona;0;0;0;0;1;0;0;0;1;0;0;0;115;17;1;0;151;44;6;0;266;61;7;0
2022.04_13-10-2022;Республика Марий Эл;90_105_days;SputnikLite;3;0;0;0;1;1;0;0;4;1;0;0;115;17;1;0;151;44;6;0;266;61;7;0
2022.04_13-10-2022;Республика Марий Эл;90_105_days;SputnikV;1;0;0;0;1;0;0;0;2;0;0;0;115;17;1;0;151;44;6;0;266;61;7;0
2022.04_13-10-2022;Республика Мордовия;105_165_days;AllVaccines;154;13;2;1;172;35;10;6;326;48;12;7;701;73;11;7;747;218;45;27;1448;291;56;34
2022.04_13-10-2022;Республика Мордовия;105_165_days;CoviVac;2;1;0;0;4;1;0;0;6;2;0;0;701;73;11;7;747;218;45;27;1448;291;56;34
2022.04_13-10-2022;Республика Мордовия;105_165_days;EpiVacCorona;6;1;0;0;3;0;0;0;9;1;0;0;701;73;11;7;747;218;45;27;1448;291;56;34
2022.04_13-10-2022;Республика Мордовия;105_165_days;SputnikLite;52;4;0;0;79;19;4;2;131;23;4;2;701;73;11;7;747;218;45;27;1448;291;56;34
2022.04_13-10-2022;Республика Мордовия;105_165_days;SputnikV;94;7;2;1;86;15;6;4;180;22;8;5;701;73;11;7;747;218;45;27;1448;291;56;34
2022.04_13-10-2022;Республика Мордовия;165_195_days;AllVaccines;53;2;1;0;75;11;3;1;128;13;4;1;701;73;11;7;747;218;45;27;1448;291;56;34
2022.04_13-10-2022;Республика Мордовия;165_195_days;EpiVacCorona;1;0;0;0;0;0;0;0;1;0;0;0;701;73;11;7;747;218;45;27;1448;291;56;34
2022.04_13-10-2022;Республика Мордовия;165_195_days;SputnikLite;40;2;1;0;63;5;0;0;103;7;1;0;701;73;11;7;747;218;45;27;1448;291;56;34
2022.04_13-10-2022;Республика Мордовия;165_195_days;SputnikV;12;0;0;0;12;6;3;1;24;6;3;1;701;73;11;7;747;218;45;27;1448;291;56;34
2022.04_13-10-2022;Республика Мордовия;21_45_days;AllVaccines;18;1;0;0;20;7;1;1;38;8;1;1;701;73;11;7;747;218;45;27;1448;291;56;34
2022.04_13-10-2022;Республика Мордовия;21_45_days;CoviVac;0;0;0;0;1;0;0;0;1;0;0;0;701;73;11;7;747;218;45;27;1448;291;56;34
2022.04_13-10-2022;Республика Мордовия;21_45_days;EpiVacCorona;1;0;0;0;2;2;1;1;3;2;1;1;701;73;11;7;747;218;45;27;1448;291;56;34
2022.04_13-10-2022;Республика Мордовия;21_45_days;SputnikLite;5;0;0;0;7;1;0;0;12;1;0;0;701;73;11;7;747;218;45;27;1448;291;56;34
2022.04_13-10-2022;Республика Мордовия;21_45_days;SputnikV;12;1;0;0;10;4;0;0;22;5;0;0;701;73;11;7;747;218;45;27;1448;291;56;34
2022.04_13-10-2022;Республика Мордовия;45_75_days;AllVaccines;48;5;1;1;52;14;4;3;100;19;5;4;701;73;11;7;747;218;45;27;1448;291;56;34
2022.04_13-10-2022;Республика Мордовия;45_75_days;EpiVacCorona;5;2;0;0;4;0;0;0;9;2;0;0;701;73;11;7;747;218;45;27;1448;291;56;34
2022.04_13-10-2022;Республика Мордовия;45_75_days;SputnikLite;29;1;1;1;19;3;1;1;48;4;2;2;701;73;11;7;747;218;45;27;1448;291;56;34
2022.04_13-10-2022;Республика Мордовия;45_75_days;SputnikV;14;2;0;0;29;11;3;2;43;13;3;2;701;73;11;7;747;218;45;27;1448;291;56;34
2022.04_13-10-2022;Республика Мордовия;75_90_days;AllVaccines;49;2;0;0;17;4;0;0;66;6;0;0;701;73;11;7;747;218;45;27;1448;291;56;34
2022.04_13-10-2022;Республика Мордовия;75_90_days;EpiVacCorona;1;0;0;0;0;0;0;0;1;0;0;0;701;73;11;7;747;218;45;27;1448;291;56;34
2022.04_13-10-2022;Республика Мордовия;75_90_days;SputnikLite;43;2;0;0;12;4;0;0;55;6;0;0;701;73;11;7;747;218;45;27;1448;291;56;34
2022.04_13-10-2022;Республика Мордовия;75_90_days;SputnikV;5;0;0;0;5;0;0;0;10;0;0;0;701;73;11;7;747;218;45;27;1448;291;56;34
2022.04_13-10-2022;Республика Мордовия;90_105_days;AllVaccines;24;4;1;1;24;8;1;1;48;12;2;2;701;73;11;7;747;218;45;27;1448;291;56;34
2022.04_13-10-2022;Республика Мордовия;90_105_days;EpiVacCorona;3;2;1;1;2;2;0;0;5;4;1;1;701;73;11;7;747;218;45;27;1448;291;56;34
2022.04_13-10-2022;Республика Мордовия;90_105_days;SputnikLite;16;1;0;0;17;5;1;1;33;6;1;1;701;73;11;7;747;218;45;27;1448;291;56;34
2022.04_13-10-2022;Республика Мордовия;90_105_days;SputnikV;5;1;0;0;5;1;0;0;10;2;0;0;701;73;11;7;747;218;45;27;1448;291;56;34
2022.04_13-10-2022;Республика Саха (Якутия);105_165_days;AllVaccines;412;49;6;1;267;89;13;4;679;138;19;5;2274;372;37;6;1349;570;101;25;3623;942;138;31
2022.04_13-10-2022;Республика Саха (Якутия);105_165_days;CoviVac;5;1;0;0;3;0;0;0;8;1;0;0;2274;372;37;6;1349;570;101;25;3623;942;138;31
2022.04_13-10-2022;Республика Саха (Якутия);105_165_days;EpiVacCorona;1;0;0;0;8;4;2;1;9;4;2;1;2274;372;37;6;1349;570;101;25;3623;942;138;31
2022.04_13-10-2022;Республика Саха (Якутия);105_165_days;SputnikLite;232;25;4;1;151;52;6;1;383;77;10;2;2274;372;37;6;1349;570;101;25;3623;942;138;31
2022.04_13-10-2022;Республика Саха (Якутия);105_165_days;SputnikV;174;23;2;0;105;33;5;2;279;56;7;2;2274;372;37;6;1349;570;101;25;3623;942;138;31
2022.04_13-10-2022;Республика Саха (Якутия);165_195_days;AllVaccines;107;12;2;1;79;36;3;1;186;48;5;2;2274;372;37;6;1349;570;101;25;3623;942;138;31
2022.04_13-10-2022;Республика Саха (Якутия);165_195_days;EpiVacCorona;4;1;0;0;2;1;0;0;6;2;0;0;2274;372;37;6;1349;570;101;25;3623;942;138;31
2022.04_13-10-2022;Республика Саха (Якутия);165_195_days;SputnikLite;79;8;1;1;58;27;3;1;137;35;4;2;2274;372;37;6;1349;570;101;25;3623;942;138;31
2022.04_13-10-2022;Республика Саха (Якутия);165_195_days;SputnikV;24;3;1;0;19;8;0;0;43;11;1;0;2274;372;37;6;1349;570;101;25;3623;942;138;31
2022.04_13-10-2022;Республика Саха (Якутия);21_45_days;AllVaccines;35;7;1;0;12;4;0;0;47;11;1;0;2274;372;37;6;1349;570;101;25;3623;942;138;31
2022.04_13-10-2022;Республика Саха (Якутия);21_45_days;EpiVacCorona;5;0;0;0;4;1;0;0;9;1;0;0;2274;372;37;6;1349;570;101;25;3623;942;138;31
2022.04_13-10-2022;Республика Саха (Якутия);21_45_days;SputnikLite;13;1;0;0;4;1;0;0;17;2;0;0;2274;372;37;6;1349;570;101;25;3623;942;138;31
2022.04_13-10-2022;Республика Саха (Якутия);21_45_days;SputnikV;17;6;1;0;4;2;0;0;21;8;1;0;2274;372;37;6;1349;570;101;25;3623;942;138;31
2022.04_13-10-2022;Республика Саха (Якутия);45_75_days;AllVaccines;118;18;1;0;58;22;2;0;176;40;3;0;2274;372;37;6;1349;570;101;25;3623;942;138;31
2022.04_13-10-2022;Республика Саха (Якутия);45_75_days;EpiVacCorona;3;0;0;0;4;1;1;0;7;1;1;0;2274;372;37;6;1349;570;101;25;3623;942;138;31
2022.04_13-10-2022;Республика Саха (Якутия);45_75_days;SputnikLite;37;4;0;0;13;5;1;0;50;9;1;0;2274;372;37;6;1349;570;101;25;3623;942;138;31
2022.04_13-10-2022;Республика Саха (Якутия);45_75_days;SputnikV;78;14;1;0;41;16;0;0;119;30;1;0;2274;372;37;6;1349;570;101;25;3623;942;138;31
2022.04_13-10-2022;Республика Саха (Якутия);75_90_days;AllVaccines;60;9;1;0;45;15;0;0;105;24;1;0;2274;372;37;6;1349;570;101;25;3623;942;138;31
2022.04_13-10-2022;Республика Саха (Якутия);75_90_days;SputnikLite;47;7;1;0;37;13;0;0;84;20;1;0;2274;372;37;6;1349;570;101;25;3623;942;138;31
2022.04_13-10-2022;Республика Саха (Якутия);75_90_days;SputnikV;13;2;0;0;8;2;0;0;21;4;0;0;2274;372;37;6;1349;570;101;25;3623;942;138;31
2022.04_13-10-2022;Республика Саха (Якутия);90_105_days;AllVaccines;61;3;0;0;39;15;1;0;100;18;1;0;2274;372;37;6;1349;570;101;25;3623;942;138;31
2022.04_13-10-2022;Республика Саха (Якутия);90_105_days;EpiVacCorona;0;0;0;0;1;1;0;0;1;1;0;0;2274;372;37;6;1349;570;101;25;3623;942;138;31
2022.04_13-10-2022;Республика Саха (Якутия);90_105_days;SputnikLite;31;1;0;0;26;10;0;0;57;11;0;0;2274;372;37;6;1349;570;101;25;3623;942;138;31
2022.04_13-10-2022;Республика Саха (Якутия);90_105_days;SputnikV;30;2;0;0;12;4;1;0;42;6;1;0;2274;372;37;6;1349;570;101;25;3623;942;138;31
2022.04_13-10-2022;Республика Северная Осетия - Алания;105_165_days;AllVaccines;60;0;0;0;17;3;1;1;77;3;1;1;408;7;1;1;203;35;5;4;611;42;6;5
2022.04_13-10-2022;Республика Северная Осетия - Алания;105_165_days;CoviVac;2;0;0;0;1;0;0;0;3;0;0;0;408;7;1;1;203;35;5;4;611;42;6;5
2022.04_13-10-2022;Республика Северная Осетия - Алания;105_165_days;SputnikLite;32;0;0;0;13;3;1;1;45;3;1;1;408;7;1;1;203;35;5;4;611;42;6;5
2022.04_13-10-2022;Республика Северная Осетия - Алания;105_165_days;SputnikV;26;0;0;0;3;0;0;0;29;0;0;0;408;7;1;1;203;35;5;4;611;42;6;5
2022.04_13-10-2022;Республика Северная Осетия - Алания;165_195_days;AllVaccines;13;1;0;0;6;2;0;0;19;3;0;0;408;7;1;1;203;35;5;4;611;42;6;5
2022.04_13-10-2022;Республика Северная Осетия - Алания;165_195_days;EpiVacCorona;1;0;0;0;0;0;0;0;1;0;0;0;408;7;1;1;203;35;5;4;611;42;6;5
2022.04_13-10-2022;Республика Северная Осетия - Алания;165_195_days;SputnikLite;6;1;0;0;5;2;0;0;11;3;0;0;408;7;1;1;203;35;5;4;611;42;6;5
2022.04_13-10-2022;Республика Северная Осетия - Алания;165_195_days;SputnikV;6;0;0;0;1;0;0;0;7;0;0;0;408;7;1;1;203;35;5;4;611;42;6;5
2022.04_13-10-2022;Республика Северная Осетия - Алания;21_45_days;AllVaccines;11;0;0;0;2;0;0;0;13;0;0;0;408;7;1;1;203;35;5;4;611;42;6;5
2022.04_13-10-2022;Республика Северная Осетия - Алания;21_45_days;EpiVacCorona;0;0;0;0;2;0;0;0;2;0;0;0;408;7;1;1;203;35;5;4;611;42;6;5
2022.04_13-10-2022;Республика Северная Осетия - Алания;21_45_days;SputnikLite;3;0;0;0;0;0;0;0;3;0;0;0;408;7;1;1;203;35;5;4;611;42;6;5
2022.04_13-10-2022;Республика Северная Осетия - Алания;21_45_days;SputnikV;8;0;0;0;0;0;0;0;8;0;0;0;408;7;1;1;203;35;5;4;611;42;6;5
2022.04_13-10-2022;Республика Северная Осетия - Алания;45_75_days;AllVaccines;11;0;0;0;2;0;0;0;13;0;0;0;408;7;1;1;203;35;5;4;611;42;6;5
2022.04_13-10-2022;Республика Северная Осетия - Алания;45_75_days;SputnikLite;6;0;0;0;1;0;0;0;7;0;0;0;408;7;1;1;203;35;5;4;611;42;6;5
2022.04_13-10-2022;Республика Северная Осетия - Алания;45_75_days;SputnikV;5;0;0;0;1;0;0;0;6;0;0;0;408;7;1;1;203;35;5;4;611;42;6;5
2022.04_13-10-2022;Республика Северная Осетия - Алания;75_90_days;AllVaccines;9;0;0;0;8;0;0;0;17;0;0;0;408;7;1;1;203;35;5;4;611;42;6;5
2022.04_13-10-2022;Республика Северная Осетия - Алания;75_90_days;EpiVacCorona;2;0;0;0;2;0;0;0;4;0;0;0;408;7;1;1;203;35;5;4;611;42;6;5
2022.04_13-10-2022;Республика Северная Осетия - Алания;75_90_days;SputnikLite;2;0;0;0;4;0;0;0;6;0;0;0;408;7;1;1;203;35;5;4;611;42;6;5
2022.04_13-10-2022;Республика Северная Осетия - Алания;75_90_days;SputnikV;5;0;0;0;2;0;0;0;7;0;0;0;408;7;1;1;203;35;5;4;611;42;6;5
2022.04_13-10-2022;Республика Северная Осетия - Алания;90_105_days;AllVaccines;6;0;0;0;5;0;0;0;11;0;0;0;408;7;1;1;203;35;5;4;611;42;6;5
2022.04_13-10-2022;Республика Северная Осетия - Алания;90_105_days;EpiVacCorona;2;0;0;0;0;0;0;0;2;0;0;0;408;7;1;1;203;35;5;4;611;42;6;5
2022.04_13-10-2022;Республика Северная Осетия - Алания;90_105_days;SputnikLite;1;0;0;0;4;0;0;0;5;0;0;0;408;7;1;1;203;35;5;4;611;42;6;5
2022.04_13-10-2022;Республика Северная Осетия - Алания;90_105_days;SputnikV;3;0;0;0;1;0;0;0;4;0;0;0;408;7;1;1;203;35;5;4;611;42;6;5
2022.04_13-10-2022;Республика Татарстан;105_165_days;AllVaccines;1559;91;5;6;657;155;16;5;2216;246;21;11;5133;411;36;21;2804;809;117;51;7937;1220;153;72
2022.04_13-10-2022;Республика Татарстан;105_165_days;CoviVac;11;0;0;0;0;0;0;0;11;0;0;0;5133;411;36;21;2804;809;117;51;7937;1220;153;72
2022.04_13-10-2022;Республика Татарстан;105_165_days;EpiVacCorona;37;5;1;1;18;4;1;1;55;9;2;2;5133;411;36;21;2804;809;117;51;7937;1220;153;72
2022.04_13-10-2022;Республика Татарстан;105_165_days;SputnikLite;215;13;1;1;200;40;1;0;415;53;2;1;5133;411;36;21;2804;809;117;51;7937;1220;153;72
2022.04_13-10-2022;Республика Татарстан;105_165_days;SputnikV;1296;73;3;4;439;111;14;4;1735;184;17;8;5133;411;36;21;2804;809;117;51;7937;1220;153;72
2022.04_13-10-2022;Республика Татарстан;165_195_days;AllVaccines;296;20;1;0;116;25;1;0;412;45;2;0;5133;411;36;21;2804;809;117;51;7937;1220;153;72
2022.04_13-10-2022;Республика Татарстан;165_195_days;CoviVac;6;1;0;0;1;1;0;0;7;2;0;0;5133;411;36;21;2804;809;117;51;7937;1220;153;72
2022.04_13-10-2022;Республика Татарстан;165_195_days;EpiVacCorona;6;0;0;0;1;0;0;0;7;0;0;0;5133;411;36;21;2804;809;117;51;7937;1220;153;72
2022.04_13-10-2022;Республика Татарстан;165_195_days;SputnikLite;149;10;1;0;55;13;1;0;204;23;2;0;5133;411;36;21;2804;809;117;51;7937;1220;153;72
2022.04_13-10-2022;Республика Татарстан;165_195_days;SputnikV;135;9;0;0;59;11;0;0;194;20;0;0;5133;411;36;21;2804;809;117;51;7937;1220;153;72
2022.04_13-10-2022;Республика Татарстан;21_45_days;AllVaccines;50;1;0;0;25;4;0;0;75;5;0;0;5133;411;36;21;2804;809;117;51;7937;1220;153;72
2022.04_13-10-2022;Республика Татарстан;21_45_days;CoviVac;1;0;0;0;0;0;0;0;1;0;0;0;5133;411;36;21;2804;809;117;51;7937;1220;153;72
2022.04_13-10-2022;Республика Татарстан;21_45_days;EpiVacCorona;2;0;0;0;1;0;0;0;3;0;0;0;5133;411;36;21;2804;809;117;51;7937;1220;153;72
2022.04_13-10-2022;Республика Татарстан;21_45_days;SputnikLite;18;0;0;0;14;4;0;0;32;4;0;0;5133;411;36;21;2804;809;117;51;7937;1220;153;72
2022.04_13-10-2022;Республика Татарстан;21_45_days;SputnikV;29;1;0;0;10;0;0;0;39;1;0;0;5133;411;36;21;2804;809;117;51;7937;1220;153;72
2022.04_13-10-2022;Республика Татарстан;45_75_days;AllVaccines;148;13;2;1;84;17;2;2;232;30;4;3;5133;411;36;21;2804;809;117;51;7937;1220;153;72
2022.04_13-10-2022;Республика Татарстан;45_75_days;CoviVac;1;0;0;0;1;0;0;0;2;0;0;0;5133;411;36;21;2804;809;117;51;7937;1220;153;72
2022.04_13-10-2022;Республика Татарстан;45_75_days;EpiVacCorona;2;0;0;0;1;0;0;0;3;0;0;0;5133;411;36;21;2804;809;117;51;7937;1220;153;72
2022.04_13-10-2022;Республика Татарстан;45_75_days;SputnikLite;56;5;1;1;27;7;2;2;83;12;3;3;5133;411;36;21;2804;809;117;51;7937;1220;153;72
2022.04_13-10-2022;Республика Татарстан;45_75_days;SputnikV;89;8;1;0;55;10;0;0;144;18;1;0;5133;411;36;21;2804;809;117;51;7937;1220;153;72
2022.04_13-10-2022;Республика Татарстан;75_90_days;AllVaccines;103;4;2;1;54;13;2;2;157;17;4;3;5133;411;36;21;2804;809;117;51;7937;1220;153;72
2022.04_13-10-2022;Республика Татарстан;75_90_days;EpiVacCorona;1;0;0;0;0;0;0;0;1;0;0;0;5133;411;36;21;2804;809;117;51;7937;1220;153;72
2022.04_13-10-2022;Республика Татарстан;75_90_days;SputnikLite;69;3;1;0;37;11;0;0;106;14;1;0;5133;411;36;21;2804;809;117;51;7937;1220;153;72
2022.04_13-10-2022;Республика Татарстан;75_90_days;SputnikV;33;1;1;1;17;2;2;2;50;3;3;3;5133;411;36;21;2804;809;117;51;7937;1220;153;72
2022.04_13-10-2022;Республика Татарстан;90_105_days;AllVaccines;72;2;0;0;76;16;2;0;148;18;2;0;5133;411;36;21;2804;809;117;51;7937;1220;153;72
2022.04_13-10-2022;Республика Татарстан;90_105_days;CoviVac;0;0;0;0;3;0;0;0;3;0;0;0;5133;411;36;21;2804;809;117;51;7937;1220;153;72
2022.04_13-10-2022;Республика Татарстан;90_105_days;EpiVacCorona;1;0;0;0;1;0;0;0;2;0;0;0;5133;411;36;21;2804;809;117;51;7937;1220;153;72
2022.04_13-10-2022;Республика Татарстан;90_105_days;SputnikLite;31;0;0;0;30;7;1;0;61;7;1;0;5133;411;36;21;2804;809;117;51;7937;1220;153;72
2022.04_13-10-2022;Республика Татарстан;90_105_days;SputnikV;40;2;0;0;42;9;1;0;82;11;1;0;5133;411;36;21;2804;809;117;51;7937;1220;153;72
2022.04_13-10-2022;Республика Тыва;105_165_days;AllVaccines;6;3;0;0;5;2;0;0;11;5;0;0;34;15;0;0;14;5;1;0;48;20;1;0
2022.04_13-10-2022;Республика Тыва;105_165_days;SputnikLite;5;2;0;0;3;2;0;0;8;4;0;0;34;15;0;0;14;5;1;0;48;20;1;0
2022.04_13-10-2022;Республика Тыва;105_165_days;SputnikV;1;1;0;0;2;0;0;0;3;1;0;0;34;15;0;0;14;5;1;0;48;20;1;0
2022.04_13-10-2022;Республика Тыва;165_195_days;AllVaccines;0;0;0;0;1;0;0;0;1;0;0;0;34;15;0;0;14;5;1;0;48;20;1;0
2022.04_13-10-2022;Республика Тыва;165_195_days;SputnikLite;0;0;0;0;1;0;0;0;1;0;0;0;34;15;0;0;14;5;1;0;48;20;1;0
2022.04_13-10-2022;Республика Тыва;21_45_days;AllVaccines;3;2;0;0;0;0;0;0;3;2;0;0;34;15;0;0;14;5;1;0;48;20;1;0
2022.04_13-10-2022;Республика Тыва;21_45_days;SputnikLite;2;1;0;0;0;0;0;0;2;1;0;0;34;15;0;0;14;5;1;0;48;20;1;0
2022.04_13-10-2022;Республика Тыва;21_45_days;SputnikV;1;1;0;0;0;0;0;0;1;1;0;0;34;15;0;0;14;5;1;0;48;20;1;0
2022.04_13-10-2022;Республика Тыва;45_75_days;AllVaccines;2;1;0;0;1;0;0;0;3;1;0;0;34;15;0;0;14;5;1;0;48;20;1;0
2022.04_13-10-2022;Республика Тыва;45_75_days;SputnikLite;1;1;0;0;1;0;0;0;2;1;0;0;34;15;0;0;14;5;1;0;48;20;1;0
2022.04_13-10-2022;Республика Тыва;45_75_days;SputnikV;1;0;0;0;0;0;0;0;1;0;0;0;34;15;0;0;14;5;1;0;48;20;1;0
2022.04_13-10-2022;Республика Тыва;75_90_days;AllVaccines;2;1;0;0;0;0;0;0;2;1;0;0;34;15;0;0;14;5;1;0;48;20;1;0
2022.04_13-10-2022;Республика Тыва;75_90_days;SputnikLite;2;1;0;0;0;0;0;0;2;1;0;0;34;15;0;0;14;5;1;0;48;20;1;0
2022.04_13-10-2022;Республика Тыва;90_105_days;AllVaccines;3;0;0;0;2;0;0;0;5;0;0;0;34;15;0;0;14;5;1;0;48;20;1;0
2022.04_13-10-2022;Республика Тыва;90_105_days;SputnikLite;2;0;0;0;2;0;0;0;4;0;0;0;34;15;0;0;14;5;1;0;48;20;1;0
2022.04_13-10-2022;Республика Тыва;90_105_days;SputnikV;1;0;0;0;0;0;0;0;1;0;0;0;34;15;0;0;14;5;1;0;48;20;1;0
2022.04_13-10-2022;Республика Хакасия;105_165_days;AllVaccines;31;3;1;1;37;16;0;0;68;19;1;1;319;44;4;1;277;102;21;12;596;146;25;13
2022.04_13-10-2022;Республика Хакасия;105_165_days;CoviVac;3;0;0;0;1;0;0;0;4;0;0;0;319;44;4;1;277;102;21;12;596;146;25;13
2022.04_13-10-2022;Республика Хакасия;105_165_days;EpiVacCorona;1;0;0;0;0;0;0;0;1;0;0;0;319;44;4;1;277;102;21;12;596;146;25;13
2022.04_13-10-2022;Республика Хакасия;105_165_days;SputnikLite;15;3;1;1;17;10;0;0;32;13;1;1;319;44;4;1;277;102;21;12;596;146;25;13
2022.04_13-10-2022;Республика Хакасия;105_165_days;SputnikV;12;0;0;0;19;6;0;0;31;6;0;0;319;44;4;1;277;102;21;12;596;146;25;13
2022.04_13-10-2022;Республика Хакасия;165_195_days;AllVaccines;21;1;0;0;17;4;0;0;38;5;0;0;319;44;4;1;277;102;21;12;596;146;25;13
2022.04_13-10-2022;Республика Хакасия;165_195_days;CoviVac;2;0;0;0;1;0;0;0;3;0;0;0;319;44;4;1;277;102;21;12;596;146;25;13
2022.04_13-10-2022;Республика Хакасия;165_195_days;EpiVacCorona;1;0;0;0;0;0;0;0;1;0;0;0;319;44;4;1;277;102;21;12;596;146;25;13
2022.04_13-10-2022;Республика Хакасия;165_195_days;SputnikLite;13;1;0;0;16;4;0;0;29;5;0;0;319;44;4;1;277;102;21;12;596;146;25;13
2022.04_13-10-2022;Республика Хакасия;165_195_days;SputnikV;5;0;0;0;0;0;0;0;5;0;0;0;319;44;4;1;277;102;21;12;596;146;25;13
2022.04_13-10-2022;Республика Хакасия;21_45_days;AllVaccines;8;1;0;0;3;2;1;0;11;3;1;0;319;44;4;1;277;102;21;12;596;146;25;13
2022.04_13-10-2022;Республика Хакасия;21_45_days;SputnikV;8;1;0;0;3;2;1;0;11;3;1;0;319;44;4;1;277;102;21;12;596;146;25;13
2022.04_13-10-2022;Республика Хакасия;45_75_days;AllVaccines;12;1;0;0;7;2;0;0;19;3;0;0;319;44;4;1;277;102;21;12;596;146;25;13
2022.04_13-10-2022;Республика Хакасия;45_75_days;CoviVac;0;0;0;0;2;0;0;0;2;0;0;0;319;44;4;1;277;102;21;12;596;146;25;13
2022.04_13-10-2022;Республика Хакасия;45_75_days;EpiVacCorona;1;0;0;0;1;0;0;0;2;0;0;0;319;44;4;1;277;102;21;12;596;146;25;13
2022.04_13-10-2022;Республика Хакасия;45_75_days;SputnikLite;7;0;0;0;2;0;0;0;9;0;0;0;319;44;4;1;277;102;21;12;596;146;25;13
2022.04_13-10-2022;Республика Хакасия;45_75_days;SputnikV;4;1;0;0;2;2;0;0;6;3;0;0;319;44;4;1;277;102;21;12;596;146;25;13
2022.04_13-10-2022;Республика Хакасия;75_90_days;AllVaccines;9;0;0;0;4;1;0;0;13;1;0;0;319;44;4;1;277;102;21;12;596;146;25;13
2022.04_13-10-2022;Республика Хакасия;75_90_days;SputnikLite;8;0;0;0;4;1;0;0;12;1;0;0;319;44;4;1;277;102;21;12;596;146;25;13
2022.04_13-10-2022;Республика Хакасия;75_90_days;SputnikV;1;0;0;0;0;0;0;0;1;0;0;0;319;44;4;1;277;102;21;12;596;146;25;13
2022.04_13-10-2022;Республика Хакасия;90_105_days;AllVaccines;4;1;0;0;7;0;0;0;11;1;0;0;319;44;4;1;277;102;21;12;596;146;25;13
2022.04_13-10-2022;Республика Хакасия;90_105_days;SputnikLite;2;0;0;0;3;0;0;0;5;0;0;0;319;44;4;1;277;102;21;12;596;146;25;13
2022.04_13-10-2022;Республика Хакасия;90_105_days;SputnikV;2;1;0;0;4;0;0;0;6;1;0;0;319;44;4;1;277;102;21;12;596;146;25;13
2022.04_13-10-2022;Ростовская область;105_165_days;AllVaccines;445;28;7;0;623;153;45;14;1068;181;52;14;3728;336;78;26;3795;1125;379;135;7523;1461;457;161
2022.04_13-10-2022;Ростовская область;105_165_days;CoviVac;10;0;0;0;11;2;1;0;21;2;1;0;3728;336;78;26;3795;1125;379;135;7523;1461;457;161
2022.04_13-10-2022;Ростовская область;105_165_days;EpiVacCorona;2;0;0;0;9;3;0;1;11;3;0;1;3728;336;78;26;3795;1125;379;135;7523;1461;457;161
2022.04_13-10-2022;Ростовская область;105_165_days;SputnikLite;115;7;1;0;192;50;16;5;307;57;17;5;3728;336;78;26;3795;1125;379;135;7523;1461;457;161
2022.04_13-10-2022;Ростовская область;105_165_days;SputnikV;318;21;6;0;411;98;28;8;729;119;34;8;3728;336;78;26;3795;1125;379;135;7523;1461;457;161
2022.04_13-10-2022;Ростовская область;165_195_days;AllVaccines;151;6;2;1;172;37;4;1;323;43;6;2;3728;336;78;26;3795;1125;379;135;7523;1461;457;161
2022.04_13-10-2022;Ростовская область;165_195_days;CoviVac;5;0;0;0;4;2;0;0;9;2;0;0;3728;336;78;26;3795;1125;379;135;7523;1461;457;161
2022.04_13-10-2022;Ростовская область;165_195_days;EpiVacCorona;3;1;0;0;2;0;0;0;5;1;0;0;3728;336;78;26;3795;1125;379;135;7523;1461;457;161
2022.04_13-10-2022;Ростовская область;165_195_days;SputnikLite;76;1;1;1;113;27;3;1;189;28;4;2;3728;336;78;26;3795;1125;379;135;7523;1461;457;161
2022.04_13-10-2022;Ростовская область;165_195_days;SputnikV;67;4;1;0;53;8;1;0;120;12;2;0;3728;336;78;26;3795;1125;379;135;7523;1461;457;161
2022.04_13-10-2022;Ростовская область;21_45_days;AllVaccines;52;5;2;0;46;15;5;1;98;20;7;1;3728;336;78;26;3795;1125;379;135;7523;1461;457;161
2022.04_13-10-2022;Ростовская область;21_45_days;CoviVac;1;1;0;0;1;0;0;0;2;1;0;0;3728;336;78;26;3795;1125;379;135;7523;1461;457;161
2022.04_13-10-2022;Ростовская область;21_45_days;EpiVacCorona;5;0;0;0;4;1;1;0;9;1;1;0;3728;336;78;26;3795;1125;379;135;7523;1461;457;161
2022.04_13-10-2022;Ростовская область;21_45_days;SputnikLite;10;1;0;0;11;1;0;0;21;2;0;0;3728;336;78;26;3795;1125;379;135;7523;1461;457;161
2022.04_13-10-2022;Ростовская область;21_45_days;SputnikV;36;3;2;0;30;13;4;1;66;16;6;1;3728;336;78;26;3795;1125;379;135;7523;1461;457;161
2022.04_13-10-2022;Ростовская область;45_75_days;AllVaccines;223;19;1;0;162;34;13;5;385;53;14;5;3728;336;78;26;3795;1125;379;135;7523;1461;457;161
2022.04_13-10-2022;Ростовская область;45_75_days;CoviVac;9;1;0;0;1;0;0;0;10;1;0;0;3728;336;78;26;3795;1125;379;135;7523;1461;457;161
2022.04_13-10-2022;Ростовская область;45_75_days;EpiVacCorona;8;1;0;0;13;4;1;0;21;5;1;0;3728;336;78;26;3795;1125;379;135;7523;1461;457;161
2022.04_13-10-2022;Ростовская область;45_75_days;SputnikLite;89;9;1;0;42;9;3;1;131;18;4;1;3728;336;78;26;3795;1125;379;135;7523;1461;457;161
2022.04_13-10-2022;Ростовская область;45_75_days;SputnikV;117;8;0;0;106;21;9;4;223;29;9;4;3728;336;78;26;3795;1125;379;135;7523;1461;457;161
2022.04_13-10-2022;Ростовская область;75_90_days;AllVaccines;81;3;1;0;58;19;10;2;139;22;11;2;3728;336;78;26;3795;1125;379;135;7523;1461;457;161
2022.04_13-10-2022;Ростовская область;75_90_days;CoviVac;4;0;0;0;1;0;0;0;5;0;0;0;3728;336;78;26;3795;1125;379;135;7523;1461;457;161
2022.04_13-10-2022;Ростовская область;75_90_days;EpiVacCorona;1;0;0;0;0;0;0;0;1;0;0;0;3728;336;78;26;3795;1125;379;135;7523;1461;457;161
2022.04_13-10-2022;Ростовская область;75_90_days;SputnikLite;59;1;1;0;33;8;5;1;92;9;6;1;3728;336;78;26;3795;1125;379;135;7523;1461;457;161
2022.04_13-10-2022;Ростовская область;75_90_days;SputnikV;17;2;0;0;24;11;5;1;41;13;5;1;3728;336;78;26;3795;1125;379;135;7523;1461;457;161
2022.04_13-10-2022;Ростовская область;90_105_days;AllVaccines;75;4;0;0;58;10;3;2;133;14;3;2;3728;336;78;26;3795;1125;379;135;7523;1461;457;161
2022.04_13-10-2022;Ростовская область;90_105_days;CoviVac;1;0;0;0;0;0;0;0;1;0;0;0;3728;336;78;26;3795;1125;379;135;7523;1461;457;161
2022.04_13-10-2022;Ростовская область;90_105_days;SputnikLite;40;3;0;0;32;3;1;1;72;6;1;1;3728;336;78;26;3795;1125;379;135;7523;1461;457;161
2022.04_13-10-2022;Ростовская область;90_105_days;SputnikV;34;1;0;0;26;7;2;1;60;8;2;1;3728;336;78;26;3795;1125;379;135;7523;1461;457;161
2022.04_13-10-2022;Рязанская область;105_165_days;AllVaccines;480;18;3;1;371;33;5;4;851;51;8;5;2119;120;12;6;2037;312;60;47;4156;432;72;53
2022.04_13-10-2022;Рязанская область;105_165_days;CoviVac;9;0;0;0;4;0;0;0;13;0;0;0;2119;120;12;6;2037;312;60;47;4156;432;72;53
2022.04_13-10-2022;Рязанская область;105_165_days;EpiVacCorona;23;0;0;0;5;0;0;0;28;0;0;0;2119;120;12;6;2037;312;60;47;4156;432;72;53
2022.04_13-10-2022;Рязанская область;105_165_days;SputnikLite;72;4;1;0;133;10;0;0;205;14;1;0;2119;120;12;6;2037;312;60;47;4156;432;72;53
2022.04_13-10-2022;Рязанская область;105_165_days;SputnikV;376;14;2;1;229;23;5;4;605;37;7;5;2119;120;12;6;2037;312;60;47;4156;432;72;53
2022.04_13-10-2022;Рязанская область;165_195_days;AllVaccines;116;6;1;1;106;4;0;0;222;10;1;1;2119;120;12;6;2037;312;60;47;4156;432;72;53
2022.04_13-10-2022;Рязанская область;165_195_days;CoviVac;0;0;0;0;1;0;0;0;1;0;0;0;2119;120;12;6;2037;312;60;47;4156;432;72;53
2022.04_13-10-2022;Рязанская область;165_195_days;EpiVacCorona;5;0;0;0;1;0;0;0;6;0;0;0;2119;120;12;6;2037;312;60;47;4156;432;72;53
2022.04_13-10-2022;Рязанская область;165_195_days;SputnikLite;79;3;1;0;82;3;0;0;161;6;1;0;2119;120;12;6;2037;312;60;47;4156;432;72;53
2022.04_13-10-2022;Рязанская область;165_195_days;SputnikV;32;3;0;1;22;1;0;0;54;4;0;1;2119;120;12;6;2037;312;60;47;4156;432;72;53
2022.04_13-10-2022;Рязанская область;21_45_days;AllVaccines;21;0;0;0;17;2;0;0;38;2;0;0;2119;120;12;6;2037;312;60;47;4156;432;72;53
2022.04_13-10-2022;Рязанская область;21_45_days;CoviVac;0;0;0;0;1;0;0;0;1;0;0;0;2119;120;12;6;2037;312;60;47;4156;432;72;53
2022.04_13-10-2022;Рязанская область;21_45_days;EpiVacCorona;1;0;0;0;0;0;0;0;1;0;0;0;2119;120;12;6;2037;312;60;47;4156;432;72;53
2022.04_13-10-2022;Рязанская область;21_45_days;SputnikLite;12;0;0;0;8;0;0;0;20;0;0;0;2119;120;12;6;2037;312;60;47;4156;432;72;53
2022.04_13-10-2022;Рязанская область;21_45_days;SputnikV;8;0;0;0;8;2;0;0;16;2;0;0;2119;120;12;6;2037;312;60;47;4156;432;72;53
2022.04_13-10-2022;Рязанская область;45_75_days;AllVaccines;67;2;0;0;51;5;1;1;118;7;1;1;2119;120;12;6;2037;312;60;47;4156;432;72;53
2022.04_13-10-2022;Рязанская область;45_75_days;CoviVac;1;0;0;0;1;0;0;0;2;0;0;0;2119;120;12;6;2037;312;60;47;4156;432;72;53
2022.04_13-10-2022;Рязанская область;45_75_days;EpiVacCorona;1;0;0;0;0;0;0;0;1;0;0;0;2119;120;12;6;2037;312;60;47;4156;432;72;53
2022.04_13-10-2022;Рязанская область;45_75_days;SputnikLite;30;1;0;0;24;1;0;0;54;2;0;0;2119;120;12;6;2037;312;60;47;4156;432;72;53
2022.04_13-10-2022;Рязанская область;45_75_days;SputnikV;35;1;0;0;26;4;1;1;61;5;1;1;2119;120;12;6;2037;312;60;47;4156;432;72;53
2022.04_13-10-2022;Рязанская область;75_90_days;AllVaccines;51;4;0;0;39;9;1;0;90;13;1;0;2119;120;12;6;2037;312;60;47;4156;432;72;53
2022.04_13-10-2022;Рязанская область;75_90_days;CoviVac;1;1;0;0;0;0;0;0;1;1;0;0;2119;120;12;6;2037;312;60;47;4156;432;72;53
2022.04_13-10-2022;Рязанская область;75_90_days;EpiVacCorona;1;0;0;0;1;1;0;0;2;1;0;0;2119;120;12;6;2037;312;60;47;4156;432;72;53
2022.04_13-10-2022;Рязанская область;75_90_days;SputnikLite;33;2;0;0;32;6;1;0;65;8;1;0;2119;120;12;6;2037;312;60;47;4156;432;72;53
2022.04_13-10-2022;Рязанская область;75_90_days;SputnikV;16;1;0;0;6;2;0;0;22;3;0;0;2119;120;12;6;2037;312;60;47;4156;432;72;53
2022.04_13-10-2022;Рязанская область;90_105_days;AllVaccines;37;1;0;0;38;7;0;0;75;8;0;0;2119;120;12;6;2037;312;60;47;4156;432;72;53
2022.04_13-10-2022;Рязанская область;90_105_days;EpiVacCorona;1;0;0;0;1;0;0;0;2;0;0;0;2119;120;12;6;2037;312;60;47;4156;432;72;53
2022.04_13-10-2022;Рязанская область;90_105_days;SputnikLite;19;1;0;0;20;5;0;0;39;6;0;0;2119;120;12;6;2037;312;60;47;4156;432;72;53
2022.04_13-10-2022;Рязанская область;90_105_days;SputnikV;17;0;0;0;17;2;0;0;34;2;0;0;2119;120;12;6;2037;312;60;47;4156;432;72;53
2022.04_13-10-2022;Самарская область;105_165_days;AllVaccines;407;48;3;0;622;232;24;14;1029;280;27;14;2457;353;50;25;2647;1123;176;121;5104;1476;226;146
2022.04_13-10-2022;Самарская область;105_165_days;CoviVac;4;0;0;0;4;0;0;0;8;0;0;0;2457;353;50;25;2647;1123;176;121;5104;1476;226;146
2022.04_13-10-2022;Самарская область;105_165_days;EpiVacCorona;6;0;0;0;18;12;1;0;24;12;1;0;2457;353;50;25;2647;1123;176;121;5104;1476;226;146
2022.04_13-10-2022;Самарская область;105_165_days;SputnikLite;102;12;0;0;192;72;9;7;294;84;9;7;2457;353;50;25;2647;1123;176;121;5104;1476;226;146
2022.04_13-10-2022;Самарская область;105_165_days;SputnikV;295;36;3;0;408;148;14;7;703;184;17;7;2457;353;50;25;2647;1123;176;121;5104;1476;226;146
2022.04_13-10-2022;Самарская область;165_195_days;AllVaccines;129;12;1;0;150;49;4;3;279;61;5;3;2457;353;50;25;2647;1123;176;121;5104;1476;226;146
2022.04_13-10-2022;Самарская область;165_195_days;CoviVac;2;0;0;0;1;0;0;0;3;0;0;0;2457;353;50;25;2647;1123;176;121;5104;1476;226;146
2022.04_13-10-2022;Самарская область;165_195_days;EpiVacCorona;1;0;0;0;2;2;0;0;3;2;0;0;2457;353;50;25;2647;1123;176;121;5104;1476;226;146
2022.04_13-10-2022;Самарская область;165_195_days;SputnikLite;80;8;0;0;115;38;4;3;195;46;4;3;2457;353;50;25;2647;1123;176;121;5104;1476;226;146
2022.04_13-10-2022;Самарская область;165_195_days;SputnikV;46;4;1;0;32;9;0;0;78;13;1;0;2457;353;50;25;2647;1123;176;121;5104;1476;226;146
2022.04_13-10-2022;Самарская область;21_45_days;AllVaccines;25;3;0;0;42;17;1;1;67;20;1;1;2457;353;50;25;2647;1123;176;121;5104;1476;226;146
2022.04_13-10-2022;Самарская область;21_45_days;EpiVacCorona;1;0;0;0;5;4;1;1;6;4;1;1;2457;353;50;25;2647;1123;176;121;5104;1476;226;146
2022.04_13-10-2022;Самарская область;21_45_days;SputnikLite;12;2;0;0;13;2;0;0;25;4;0;0;2457;353;50;25;2647;1123;176;121;5104;1476;226;146
2022.04_13-10-2022;Самарская область;21_45_days;SputnikV;12;1;0;0;24;11;0;0;36;12;0;0;2457;353;50;25;2647;1123;176;121;5104;1476;226;146
2022.04_13-10-2022;Самарская область;45_75_days;AllVaccines;112;9;1;0;87;32;6;4;199;41;7;4;2457;353;50;25;2647;1123;176;121;5104;1476;226;146
2022.04_13-10-2022;Самарская область;45_75_days;CoviVac;3;0;0;0;1;0;0;0;4;0;0;0;2457;353;50;25;2647;1123;176;121;5104;1476;226;146
2022.04_13-10-2022;Самарская область;45_75_days;EpiVacCorona;2;0;0;0;5;2;1;1;7;2;1;1;2457;353;50;25;2647;1123;176;121;5104;1476;226;146
2022.04_13-10-2022;Самарская область;45_75_days;SputnikLite;35;4;0;0;26;11;1;0;61;15;1;0;2457;353;50;25;2647;1123;176;121;5104;1476;226;146
2022.04_13-10-2022;Самарская область;45_75_days;SputnikV;72;5;1;0;55;19;4;3;127;24;5;3;2457;353;50;25;2647;1123;176;121;5104;1476;226;146
2022.04_13-10-2022;Самарская область;75_90_days;AllVaccines;51;3;1;0;59;26;5;3;110;29;6;3;2457;353;50;25;2647;1123;176;121;5104;1476;226;146
2022.04_13-10-2022;Самарская область;75_90_days;CoviVac;1;0;0;0;1;0;0;0;2;0;0;0;2457;353;50;25;2647;1123;176;121;5104;1476;226;146
2022.04_13-10-2022;Самарская область;75_90_days;EpiVacCorona;0;0;0;0;1;0;0;0;1;0;0;0;2457;353;50;25;2647;1123;176;121;5104;1476;226;146
2022.04_13-10-2022;Самарская область;75_90_days;SputnikLite;39;2;0;0;47;22;3;2;86;24;3;2;2457;353;50;25;2647;1123;176;121;5104;1476;226;146
2022.04_13-10-2022;Самарская область;75_90_days;SputnikV;11;1;1;0;10;4;2;1;21;5;3;1;2457;353;50;25;2647;1123;176;121;5104;1476;226;146
2022.04_13-10-2022;Самарская область;90_105_days;AllVaccines;51;5;0;0;65;22;3;2;116;27;3;2;2457;353;50;25;2647;1123;176;121;5104;1476;226;146
2022.04_13-10-2022;Самарская область;90_105_days;CoviVac;0;0;0;0;1;0;0;0;1;0;0;0;2457;353;50;25;2647;1123;176;121;5104;1476;226;146
2022.04_13-10-2022;Самарская область;90_105_days;EpiVacCorona;3;1;0;0;8;3;1;1;11;4;1;1;2457;353;50;25;2647;1123;176;121;5104;1476;226;146
2022.04_13-10-2022;Самарская область;90_105_days;SputnikLite;29;4;0;0;35;13;2;1;64;17;2;1;2457;353;50;25;2647;1123;176;121;5104;1476;226;146
2022.04_13-10-2022;Самарская область;90_105_days;SputnikV;19;0;0;0;21;6;0;0;40;6;0;0;2457;353;50;25;2647;1123;176;121;5104;1476;226;146
2022.04_13-10-2022;Саратовская область;105_165_days;AllVaccines;571;61;6;2;470;121;26;11;1041;182;32;13;2989;378;58;18;2715;844;233;115;5704;1222;291;133
2022.04_13-10-2022;Саратовская область;105_165_days;CoviVac;4;0;0;0;2;0;0;0;6;0;0;0;2989;378;58;18;2715;844;233;115;5704;1222;291;133
2022.04_13-10-2022;Саратовская область;105_165_days;EpiVacCorona;34;1;0;0;28;8;3;0;62;9;3;0;2989;378;58;18;2715;844;233;115;5704;1222;291;133
2022.04_13-10-2022;Саратовская область;105_165_days;SputnikLite;132;8;0;0;147;39;7;4;279;47;7;4;2989;378;58;18;2715;844;233;115;5704;1222;291;133
2022.04_13-10-2022;Саратовская область;105_165_days;SputnikV;401;52;6;2;293;74;16;7;694;126;22;9;2989;378;58;18;2715;844;233;115;5704;1222;291;133
2022.04_13-10-2022;Саратовская область;165_195_days;AllVaccines;155;14;1;0;134;29;4;2;289;43;5;2;2989;378;58;18;2715;844;233;115;5704;1222;291;133
2022.04_13-10-2022;Саратовская область;165_195_days;CoviVac;2;0;0;0;3;0;0;0;5;0;0;0;2989;378;58;18;2715;844;233;115;5704;1222;291;133
2022.04_13-10-2022;Саратовская область;165_195_days;EpiVacCorona;2;0;0;0;1;0;0;0;3;0;0;0;2989;378;58;18;2715;844;233;115;5704;1222;291;133
2022.04_13-10-2022;Саратовская область;165_195_days;SputnikLite;102;7;1;0;76;17;2;1;178;24;3;1;2989;378;58;18;2715;844;233;115;5704;1222;291;133
2022.04_13-10-2022;Саратовская область;165_195_days;SputnikV;49;7;0;0;54;12;2;1;103;19;2;1;2989;378;58;18;2715;844;233;115;5704;1222;291;133
2022.04_13-10-2022;Саратовская область;21_45_days;AllVaccines;30;3;0;0;39;12;2;1;69;15;2;1;2989;378;58;18;2715;844;233;115;5704;1222;291;133
2022.04_13-10-2022;Саратовская область;21_45_days;CoviVac;1;0;0;0;0;0;0;0;1;0;0;0;2989;378;58;18;2715;844;233;115;5704;1222;291;133
2022.04_13-10-2022;Саратовская область;21_45_days;EpiVacCorona;4;0;0;0;7;1;0;0;11;1;0;0;2989;378;58;18;2715;844;233;115;5704;1222;291;133
2022.04_13-10-2022;Саратовская область;21_45_days;SputnikLite;11;1;0;0;10;5;0;0;21;6;0;0;2989;378;58;18;2715;844;233;115;5704;1222;291;133
2022.04_13-10-2022;Саратовская область;21_45_days;SputnikV;14;2;0;0;22;6;2;1;36;8;2;1;2989;378;58;18;2715;844;233;115;5704;1222;291;133
2022.04_13-10-2022;Саратовская область;45_75_days;AllVaccines;106;9;2;1;79;19;4;2;185;28;6;3;2989;378;58;18;2715;844;233;115;5704;1222;291;133
2022.04_13-10-2022;Саратовская область;45_75_days;CoviVac;2;0;0;0;0;0;0;0;2;0;0;0;2989;378;58;18;2715;844;233;115;5704;1222;291;133
2022.04_13-10-2022;Саратовская область;45_75_days;EpiVacCorona;6;0;0;0;8;3;2;0;14;3;2;0;2989;378;58;18;2715;844;233;115;5704;1222;291;133
2022.04_13-10-2022;Саратовская область;45_75_days;SputnikLite;52;2;0;0;34;7;0;0;86;9;0;0;2989;378;58;18;2715;844;233;115;5704;1222;291;133
2022.04_13-10-2022;Саратовская область;45_75_days;SputnikV;46;7;2;1;37;9;2;2;83;16;4;3;2989;378;58;18;2715;844;233;115;5704;1222;291;133
2022.04_13-10-2022;Саратовская область;75_90_days;AllVaccines;80;5;2;1;68;18;5;3;148;23;7;4;2989;378;58;18;2715;844;233;115;5704;1222;291;133
2022.04_13-10-2022;Саратовская область;75_90_days;CoviVac;1;0;0;0;0;0;0;0;1;0;0;0;2989;378;58;18;2715;844;233;115;5704;1222;291;133
2022.04_13-10-2022;Саратовская область;75_90_days;EpiVacCorona;5;1;1;1;2;0;0;0;7;1;1;1;2989;378;58;18;2715;844;233;115;5704;1222;291;133
2022.04_13-10-2022;Саратовская область;75_90_days;SputnikLite;57;2;1;0;50;15;5;3;107;17;6;3;2989;378;58;18;2715;844;233;115;5704;1222;291;133
2022.04_13-10-2022;Саратовская область;75_90_days;SputnikV;17;2;0;0;16;3;0;0;33;5;0;0;2989;378;58;18;2715;844;233;115;5704;1222;291;133
2022.04_13-10-2022;Саратовская область;90_105_days;AllVaccines;56;5;1;0;47;18;2;1;103;23;3;1;2989;378;58;18;2715;844;233;115;5704;1222;291;133
2022.04_13-10-2022;Саратовская область;90_105_days;CoviVac;3;0;0;0;2;0;0;0;5;0;0;0;2989;378;58;18;2715;844;233;115;5704;1222;291;133
2022.04_13-10-2022;Саратовская область;90_105_days;EpiVacCorona;4;0;0;0;2;0;0;0;6;0;0;0;2989;378;58;18;2715;844;233;115;5704;1222;291;133
2022.04_13-10-2022;Саратовская область;90_105_days;SputnikLite;21;0;0;0;26;11;2;1;47;11;2;1;2989;378;58;18;2715;844;233;115;5704;1222;291;133
2022.04_13-10-2022;Саратовская область;90_105_days;SputnikV;28;5;1;0;17;7;0;0;45;12;1;0;2989;378;58;18;2715;844;233;115;5704;1222;291;133
2022.04_13-10-2022;Сахалинская область;105_165_days;AllVaccines;40;7;0;0;48;16;3;1;88;23;3;1;311;68;3;0;246;100;14;10;557;168;17;10
2022.04_13-10-2022;Сахалинская область;105_165_days;EpiVacCorona;4;1;0;0;0;0;0;0;4;1;0;0;311;68;3;0;246;100;14;10;557;168;17;10
2022.04_13-10-2022;Сахалинская область;105_165_days;SputnikLite;19;1;0;0;38;12;1;0;57;13;1;0;311;68;3;0;246;100;14;10;557;168;17;10
2022.04_13-10-2022;Сахалинская область;105_165_days;SputnikV;17;5;0;0;10;4;2;1;27;9;2;1;311;68;3;0;246;100;14;10;557;168;17;10
2022.04_13-10-2022;Сахалинская область;165_195_days;AllVaccines;11;2;0;0;9;1;0;0;20;3;0;0;311;68;3;0;246;100;14;10;557;168;17;10
2022.04_13-10-2022;Сахалинская область;165_195_days;SputnikLite;6;2;0;0;7;1;0;0;13;3;0;0;311;68;3;0;246;100;14;10;557;168;17;10
2022.04_13-10-2022;Сахалинская область;165_195_days;SputnikV;5;0;0;0;2;0;0;0;7;0;0;0;311;68;3;0;246;100;14;10;557;168;17;10
2022.04_13-10-2022;Сахалинская область;21_45_days;AllVaccines;2;0;0;0;2;1;0;0;4;1;0;0;311;68;3;0;246;100;14;10;557;168;17;10
2022.04_13-10-2022;Сахалинская область;21_45_days;SputnikLite;0;0;0;0;2;1;0;0;2;1;0;0;311;68;3;0;246;100;14;10;557;168;17;10
2022.04_13-10-2022;Сахалинская область;21_45_days;SputnikV;2;0;0;0;0;0;0;0;2;0;0;0;311;68;3;0;246;100;14;10;557;168;17;10
2022.04_13-10-2022;Сахалинская область;45_75_days;AllVaccines;3;0;0;0;9;1;0;0;12;1;0;0;311;68;3;0;246;100;14;10;557;168;17;10
2022.04_13-10-2022;Сахалинская область;45_75_days;SputnikLite;3;0;0;0;6;1;0;0;9;1;0;0;311;68;3;0;246;100;14;10;557;168;17;10
2022.04_13-10-2022;Сахалинская область;45_75_days;SputnikV;0;0;0;0;3;0;0;0;3;0;0;0;311;68;3;0;246;100;14;10;557;168;17;10
2022.04_13-10-2022;Сахалинская область;75_90_days;AllVaccines;6;0;0;0;7;1;0;0;13;1;0;0;311;68;3;0;246;100;14;10;557;168;17;10
2022.04_13-10-2022;Сахалинская область;75_90_days;SputnikLite;5;0;0;0;5;1;0;0;10;1;0;0;311;68;3;0;246;100;14;10;557;168;17;10
2022.04_13-10-2022;Сахалинская область;75_90_days;SputnikV;1;0;0;0;2;0;0;0;3;0;0;0;311;68;3;0;246;100;14;10;557;168;17;10
2022.04_13-10-2022;Сахалинская область;90_105_days;AllVaccines;6;0;0;0;4;1;0;0;10;1;0;0;311;68;3;0;246;100;14;10;557;168;17;10
2022.04_13-10-2022;Сахалинская область;90_105_days;EpiVacCorona;0;0;0;0;1;0;0;0;1;0;0;0;311;68;3;0;246;100;14;10;557;168;17;10
2022.04_13-10-2022;Сахалинская область;90_105_days;SputnikLite;4;0;0;0;2;0;0;0;6;0;0;0;311;68;3;0;246;100;14;10;557;168;17;10
2022.04_13-10-2022;Сахалинская область;90_105_days;SputnikV;2;0;0;0;1;1;0;0;3;1;0;0;311;68;3;0;246;100;14;10;557;168;17;10
2022.04_13-10-2022;Свердловская область;105_165_days;AllVaccines;1245;64;3;1;885;159;17;14;2130;223;20;15;5846;465;50;28;4004;994;106;99;9850;1459;156;127
2022.04_13-10-2022;Свердловская область;105_165_days;CoviVac;15;1;0;0;7;0;0;0;22;1;0;0;5846;465;50;28;4004;994;106;99;9850;1459;156;127
2022.04_13-10-2022;Свердловская область;105_165_days;EpiVacCorona;44;3;1;0;35;5;0;0;79;8;1;0;5846;465;50;28;4004;994;106;99;9850;1459;156;127
2022.04_13-10-2022;Свердловская область;105_165_days;SputnikLite;295;10;1;1;282;56;7;6;577;66;8;7;5846;465;50;28;4004;994;106;99;9850;1459;156;127
2022.04_13-10-2022;Свердловская область;105_165_days;SputnikV;891;50;1;0;561;98;10;8;1452;148;11;8;5846;465;50;28;4004;994;106;99;9850;1459;156;127
2022.04_13-10-2022;Свердловская область;165_195_days;AllVaccines;405;19;3;1;232;47;0;1;637;66;3;2;5846;465;50;28;4004;994;106;99;9850;1459;156;127
2022.04_13-10-2022;Свердловская область;165_195_days;CoviVac;9;2;0;0;7;2;0;0;16;4;0;0;5846;465;50;28;4004;994;106;99;9850;1459;156;127
2022.04_13-10-2022;Свердловская область;165_195_days;EpiVacCorona;0;0;0;0;4;1;0;0;4;1;0;0;5846;465;50;28;4004;994;106;99;9850;1459;156;127
2022.04_13-10-2022;Свердловская область;165_195_days;SputnikLite;301;12;2;1;152;35;0;1;453;47;2;2;5846;465;50;28;4004;994;106;99;9850;1459;156;127
2022.04_13-10-2022;Свердловская область;165_195_days;SputnikV;95;5;1;0;69;9;0;0;164;14;1;0;5846;465;50;28;4004;994;106;99;9850;1459;156;127
2022.04_13-10-2022;Свердловская область;21_45_days;AllVaccines;63;1;0;0;47;10;0;0;110;11;0;0;5846;465;50;28;4004;994;106;99;9850;1459;156;127
2022.04_13-10-2022;Свердловская область;21_45_days;CoviVac;0;0;0;0;1;0;0;0;1;0;0;0;5846;465;50;28;4004;994;106;99;9850;1459;156;127
2022.04_13-10-2022;Свердловская область;21_45_days;EpiVacCorona;5;0;0;0;3;2;0;0;8;2;0;0;5846;465;50;28;4004;994;106;99;9850;1459;156;127
2022.04_13-10-2022;Свердловская область;21_45_days;SputnikLite;21;1;0;0;11;2;0;0;32;3;0;0;5846;465;50;28;4004;994;106;99;9850;1459;156;127
2022.04_13-10-2022;Свердловская область;21_45_days;SputnikV;37;0;0;0;32;6;0;0;69;6;0;0;5846;465;50;28;4004;994;106;99;9850;1459;156;127
2022.04_13-10-2022;Свердловская область;45_75_days;AllVaccines;199;10;1;1;151;25;1;1;350;35;2;2;5846;465;50;28;4004;994;106;99;9850;1459;156;127
2022.04_13-10-2022;Свердловская область;45_75_days;CoviVac;1;0;0;0;1;0;0;0;2;0;0;0;5846;465;50;28;4004;994;106;99;9850;1459;156;127
2022.04_13-10-2022;Свердловская область;45_75_days;EpiVacCorona;8;1;0;0;15;3;0;0;23;4;0;0;5846;465;50;28;4004;994;106;99;9850;1459;156;127
2022.04_13-10-2022;Свердловская область;45_75_days;SputnikLite;95;5;1;1;67;12;0;1;162;17;1;2;5846;465;50;28;4004;994;106;99;9850;1459;156;127
2022.04_13-10-2022;Свердловская область;45_75_days;SputnikV;95;4;0;0;68;10;1;0;163;14;1;0;5846;465;50;28;4004;994;106;99;9850;1459;156;127
2022.04_13-10-2022;Свердловская область;75_90_days;AllVaccines;169;9;0;1;99;26;0;0;268;35;0;1;5846;465;50;28;4004;994;106;99;9850;1459;156;127
2022.04_13-10-2022;Свердловская область;75_90_days;CoviVac;1;0;0;0;0;0;0;0;1;0;0;0;5846;465;50;28;4004;994;106;99;9850;1459;156;127
2022.04_13-10-2022;Свердловская область;75_90_days;EpiVacCorona;5;0;0;0;1;0;0;0;6;0;0;0;5846;465;50;28;4004;994;106;99;9850;1459;156;127
2022.04_13-10-2022;Свердловская область;75_90_days;SputnikLite;125;7;0;1;76;20;0;0;201;27;0;1;5846;465;50;28;4004;994;106;99;9850;1459;156;127
2022.04_13-10-2022;Свердловская область;75_90_days;SputnikV;38;2;0;0;22;6;0;0;60;8;0;0;5846;465;50;28;4004;994;106;99;9850;1459;156;127
2022.04_13-10-2022;Свердловская область;90_105_days;AllVaccines;93;9;0;1;96;18;0;0;189;27;0;1;5846;465;50;28;4004;994;106;99;9850;1459;156;127
2022.04_13-10-2022;Свердловская область;90_105_days;CoviVac;1;0;0;0;1;0;0;0;2;0;0;0;5846;465;50;28;4004;994;106;99;9850;1459;156;127
2022.04_13-10-2022;Свердловская область;90_105_days;EpiVacCorona;5;0;0;0;7;1;0;0;12;1;0;0;5846;465;50;28;4004;994;106;99;9850;1459;156;127
2022.04_13-10-2022;Свердловская область;90_105_days;SputnikLite;40;3;0;1;46;8;0;0;86;11;0;1;5846;465;50;28;4004;994;106;99;9850;1459;156;127
2022.04_13-10-2022;Свердловская область;90_105_days;SputnikV;47;6;0;0;42;9;0;0;89;15;0;0;5846;465;50;28;4004;994;106;99;9850;1459;156;127
2022.04_13-10-2022;Смоленская область;105_165_days;AllVaccines;141;10;2;1;184;38;5;4;325;48;7;5;1169;108;12;9;1145;284;51;44;2314;392;63;53
2022.04_13-10-2022;Смоленская область;105_165_days;CoviVac;1;0;0;0;1;0;0;0;2;0;0;0;1169;108;12;9;1145;284;51;44;2314;392;63;53
2022.04_13-10-2022;Смоленская область;105_165_days;EpiVacCorona;2;0;0;0;3;1;1;1;5;1;1;1;1169;108;12;9;1145;284;51;44;2314;392;63;53
2022.04_13-10-2022;Смоленская область;105_165_days;SputnikLite;58;3;1;0;98;17;2;0;156;20;3;0;1169;108;12;9;1145;284;51;44;2314;392;63;53
2022.04_13-10-2022;Смоленская область;105_165_days;SputnikV;80;7;1;1;82;20;2;3;162;27;3;4;1169;108;12;9;1145;284;51;44;2314;392;63;53
2022.04_13-10-2022;Смоленская область;165_195_days;AllVaccines;64;4;0;0;63;9;1;1;127;13;1;1;1169;108;12;9;1145;284;51;44;2314;392;63;53
2022.04_13-10-2022;Смоленская область;165_195_days;SputnikLite;50;3;0;0;50;5;1;0;100;8;1;0;1169;108;12;9;1145;284;51;44;2314;392;63;53
2022.04_13-10-2022;Смоленская область;165_195_days;SputnikV;14;1;0;0;13;4;0;1;27;5;0;1;1169;108;12;9;1145;284;51;44;2314;392;63;53
2022.04_13-10-2022;Смоленская область;21_45_days;AllVaccines;11;1;0;0;12;4;0;0;23;5;0;0;1169;108;12;9;1145;284;51;44;2314;392;63;53
2022.04_13-10-2022;Смоленская область;21_45_days;CoviVac;1;1;0;0;0;0;0;0;1;1;0;0;1169;108;12;9;1145;284;51;44;2314;392;63;53
2022.04_13-10-2022;Смоленская область;21_45_days;EpiVacCorona;0;0;0;0;1;0;0;0;1;0;0;0;1169;108;12;9;1145;284;51;44;2314;392;63;53
2022.04_13-10-2022;Смоленская область;21_45_days;SputnikLite;3;0;0;0;2;2;0;0;5;2;0;0;1169;108;12;9;1145;284;51;44;2314;392;63;53
2022.04_13-10-2022;Смоленская область;21_45_days;SputnikV;7;0;0;0;9;2;0;0;16;2;0;0;1169;108;12;9;1145;284;51;44;2314;392;63;53
2022.04_13-10-2022;Смоленская область;45_75_days;AllVaccines;27;2;0;0;27;4;1;1;54;6;1;1;1169;108;12;9;1145;284;51;44;2314;392;63;53
2022.04_13-10-2022;Смоленская область;45_75_days;CoviVac;0;0;0;0;1;0;0;0;1;0;0;0;1169;108;12;9;1145;284;51;44;2314;392;63;53
2022.04_13-10-2022;Смоленская область;45_75_days;EpiVacCorona;2;0;0;0;3;1;1;1;5;1;1;1;1169;108;12;9;1145;284;51;44;2314;392;63;53
2022.04_13-10-2022;Смоленская область;45_75_days;SputnikLite;11;0;0;0;6;0;0;0;17;0;0;0;1169;108;12;9;1145;284;51;44;2314;392;63;53
2022.04_13-10-2022;Смоленская область;45_75_days;SputnikV;14;2;0;0;17;3;0;0;31;5;0;0;1169;108;12;9;1145;284;51;44;2314;392;63;53
2022.04_13-10-2022;Смоленская область;75_90_days;AllVaccines;27;2;0;0;16;5;1;1;43;7;1;1;1169;108;12;9;1145;284;51;44;2314;392;63;53
2022.04_13-10-2022;Смоленская область;75_90_days;EpiVacCorona;0;0;0;0;3;2;1;1;3;2;1;1;1169;108;12;9;1145;284;51;44;2314;392;63;53
2022.04_13-10-2022;Смоленская область;75_90_days;SputnikLite;21;2;0;0;11;2;0;0;32;4;0;0;1169;108;12;9;1145;284;51;44;2314;392;63;53
2022.04_13-10-2022;Смоленская область;75_90_days;SputnikV;6;0;0;0;2;1;0;0;8;1;0;0;1169;108;12;9;1145;284;51;44;2314;392;63;53
2022.04_13-10-2022;Смоленская область;90_105_days;AllVaccines;19;1;0;0;17;4;0;0;36;5;0;0;1169;108;12;9;1145;284;51;44;2314;392;63;53
2022.04_13-10-2022;Смоленская область;90_105_days;EpiVacCorona;0;0;0;0;1;0;0;0;1;0;0;0;1169;108;12;9;1145;284;51;44;2314;392;63;53
2022.04_13-10-2022;Смоленская область;90_105_days;SputnikLite;10;0;0;0;6;1;0;0;16;1;0;0;1169;108;12;9;1145;284;51;44;2314;392;63;53
2022.04_13-10-2022;Смоленская область;90_105_days;SputnikV;9;1;0;0;10;3;0;0;19;4;0;0;1169;108;12;9;1145;284;51;44;2314;392;63;53
2022.04_13-10-2022;Ставропольский край;105_165_days;AllVaccines;343;34;5;0;295;83;13;7;638;117;18;7;1708;282;19;8;1712;618;115;67;3420;900;134;75
2022.04_13-10-2022;Ставропольский край;105_165_days;CoviVac;5;1;0;0;12;2;0;0;17;3;0;0;1708;282;19;8;1712;618;115;67;3420;900;134;75
2022.04_13-10-2022;Ставропольский край;105_165_days;EpiVacCorona;12;1;0;0;9;3;1;0;21;4;1;0;1708;282;19;8;1712;618;115;67;3420;900;134;75
2022.04_13-10-2022;Ставропольский край;105_165_days;SputnikLite;103;11;1;0;122;37;6;3;225;48;7;3;1708;282;19;8;1712;618;115;67;3420;900;134;75
2022.04_13-10-2022;Ставропольский край;105_165_days;SputnikV;223;21;4;0;152;41;6;4;375;62;10;4;1708;282;19;8;1712;618;115;67;3420;900;134;75
2022.04_13-10-2022;Ставропольский край;165_195_days;AllVaccines;71;13;1;0;79;15;4;3;150;28;5;3;1708;282;19;8;1712;618;115;67;3420;900;134;75
2022.04_13-10-2022;Ставропольский край;165_195_days;CoviVac;0;0;0;0;1;1;1;0;1;1;1;0;1708;282;19;8;1712;618;115;67;3420;900;134;75
2022.04_13-10-2022;Ставропольский край;165_195_days;EpiVacCorona;0;0;0;0;1;0;0;0;1;0;0;0;1708;282;19;8;1712;618;115;67;3420;900;134;75
2022.04_13-10-2022;Ставропольский край;165_195_days;SputnikLite;50;8;1;0;61;11;2;2;111;19;3;2;1708;282;19;8;1712;618;115;67;3420;900;134;75
2022.04_13-10-2022;Ставропольский край;165_195_days;SputnikV;21;5;0;0;16;3;1;1;37;8;1;1;1708;282;19;8;1712;618;115;67;3420;900;134;75
2022.04_13-10-2022;Ставропольский край;21_45_days;AllVaccines;23;1;0;0;6;2;0;0;29;3;0;0;1708;282;19;8;1712;618;115;67;3420;900;134;75
2022.04_13-10-2022;Ставропольский край;21_45_days;CoviVac;3;0;0;0;0;0;0;0;3;0;0;0;1708;282;19;8;1712;618;115;67;3420;900;134;75
2022.04_13-10-2022;Ставропольский край;21_45_days;EpiVacCorona;1;0;0;0;1;0;0;0;2;0;0;0;1708;282;19;8;1712;618;115;67;3420;900;134;75
2022.04_13-10-2022;Ставропольский край;21_45_days;SputnikLite;2;0;0;0;3;2;0;0;5;2;0;0;1708;282;19;8;1712;618;115;67;3420;900;134;75
2022.04_13-10-2022;Ставропольский край;21_45_days;SputnikV;17;1;0;0;2;0;0;0;19;1;0;0;1708;282;19;8;1712;618;115;67;3420;900;134;75
2022.04_13-10-2022;Ставропольский край;45_75_days;AllVaccines;57;3;0;0;46;16;3;0;103;19;3;0;1708;282;19;8;1712;618;115;67;3420;900;134;75
2022.04_13-10-2022;Ставропольский край;45_75_days;CoviVac;1;1;0;0;1;0;0;0;2;1;0;0;1708;282;19;8;1712;618;115;67;3420;900;134;75
2022.04_13-10-2022;Ставропольский край;45_75_days;EpiVacCorona;11;0;0;0;5;3;2;0;16;3;2;0;1708;282;19;8;1712;618;115;67;3420;900;134;75
2022.04_13-10-2022;Ставропольский край;45_75_days;SputnikLite;29;1;0;0;20;7;1;0;49;8;1;0;1708;282;19;8;1712;618;115;67;3420;900;134;75
2022.04_13-10-2022;Ставропольский край;45_75_days;SputnikV;16;1;0;0;20;6;0;0;36;7;0;0;1708;282;19;8;1712;618;115;67;3420;900;134;75
2022.04_13-10-2022;Ставропольский край;75_90_days;AllVaccines;31;3;0;0;31;11;2;2;62;14;2;2;1708;282;19;8;1712;618;115;67;3420;900;134;75
2022.04_13-10-2022;Ставропольский край;75_90_days;EpiVacCorona;0;0;0;0;1;1;0;0;1;1;0;0;1708;282;19;8;1712;618;115;67;3420;900;134;75
2022.04_13-10-2022;Ставропольский край;75_90_days;SputnikLite;23;2;0;0;23;7;0;0;46;9;0;0;1708;282;19;8;1712;618;115;67;3420;900;134;75
2022.04_13-10-2022;Ставропольский край;75_90_days;SputnikV;8;1;0;0;7;3;2;2;15;4;2;2;1708;282;19;8;1712;618;115;67;3420;900;134;75
2022.04_13-10-2022;Ставропольский край;90_105_days;AllVaccines;32;3;0;0;24;4;1;1;56;7;1;1;1708;282;19;8;1712;618;115;67;3420;900;134;75
2022.04_13-10-2022;Ставропольский край;90_105_days;SputnikLite;12;0;0;0;19;3;1;1;31;3;1;1;1708;282;19;8;1712;618;115;67;3420;900;134;75
2022.04_13-10-2022;Ставропольский край;90_105_days;SputnikV;20;3;0;0;5;1;0;0;25;4;0;0;1708;282;19;8;1712;618;115;67;3420;900;134;75
2022.04_13-10-2022;Тамбовская область;105_165_days;AllVaccines;239;10;1;0;386;49;6;7;625;59;7;7;1657;102;6;2;1965;377;70;67;3622;479;76;69
2022.04_13-10-2022;Тамбовская область;105_165_days;CoviVac;15;1;0;0;3;0;0;0;18;1;0;0;1657;102;6;2;1965;377;70;67;3622;479;76;69
2022.04_13-10-2022;Тамбовская область;105_165_days;EpiVacCorona;4;0;0;0;7;4;0;0;11;4;0;0;1657;102;6;2;1965;377;70;67;3622;479;76;69
2022.04_13-10-2022;Тамбовская область;105_165_days;SputnikLite;138;6;1;0;187;22;3;3;325;28;4;3;1657;102;6;2;1965;377;70;67;3622;479;76;69
2022.04_13-10-2022;Тамбовская область;105_165_days;SputnikV;82;3;0;0;189;23;3;4;271;26;3;4;1657;102;6;2;1965;377;70;67;3622;479;76;69
2022.04_13-10-2022;Тамбовская область;165_195_days;AllVaccines;98;4;0;0;117;13;0;0;215;17;0;0;1657;102;6;2;1965;377;70;67;3622;479;76;69
2022.04_13-10-2022;Тамбовская область;165_195_days;CoviVac;1;0;0;0;0;0;0;0;1;0;0;0;1657;102;6;2;1965;377;70;67;3622;479;76;69
2022.04_13-10-2022;Тамбовская область;165_195_days;EpiVacCorona;0;0;0;0;2;1;0;0;2;1;0;0;1657;102;6;2;1965;377;70;67;3622;479;76;69
2022.04_13-10-2022;Тамбовская область;165_195_days;SputnikLite;83;2;0;0;84;9;0;0;167;11;0;0;1657;102;6;2;1965;377;70;67;3622;479;76;69
2022.04_13-10-2022;Тамбовская область;165_195_days;SputnikV;14;2;0;0;31;3;0;0;45;5;0;0;1657;102;6;2;1965;377;70;67;3622;479;76;69
2022.04_13-10-2022;Тамбовская область;21_45_days;AllVaccines;30;2;0;0;29;4;1;1;59;6;1;1;1657;102;6;2;1965;377;70;67;3622;479;76;69
2022.04_13-10-2022;Тамбовская область;21_45_days;CoviVac;2;0;0;0;0;0;0;0;2;0;0;0;1657;102;6;2;1965;377;70;67;3622;479;76;69
2022.04_13-10-2022;Тамбовская область;21_45_days;EpiVacCorona;6;0;0;0;6;2;1;1;12;2;1;1;1657;102;6;2;1965;377;70;67;3622;479;76;69
2022.04_13-10-2022;Тамбовская область;21_45_days;SputnikLite;1;0;0;0;9;0;0;0;10;0;0;0;1657;102;6;2;1965;377;70;67;3622;479;76;69
2022.04_13-10-2022;Тамбовская область;21_45_days;SputnikV;21;2;0;0;14;2;0;0;35;4;0;0;1657;102;6;2;1965;377;70;67;3622;479;76;69
2022.04_13-10-2022;Тамбовская область;45_75_days;AllVaccines;110;5;0;0;78;14;0;0;188;19;0;0;1657;102;6;2;1965;377;70;67;3622;479;76;69
2022.04_13-10-2022;Тамбовская область;45_75_days;CoviVac;2;0;0;0;1;0;0;0;3;0;0;0;1657;102;6;2;1965;377;70;67;3622;479;76;69
2022.04_13-10-2022;Тамбовская область;45_75_days;EpiVacCorona;16;1;0;0;7;1;0;0;23;2;0;0;1657;102;6;2;1965;377;70;67;3622;479;76;69
2022.04_13-10-2022;Тамбовская область;45_75_days;SputnikLite;48;1;0;0;28;5;0;0;76;6;0;0;1657;102;6;2;1965;377;70;67;3622;479;76;69
2022.04_13-10-2022;Тамбовская область;45_75_days;SputnikV;44;3;0;0;42;8;0;0;86;11;0;0;1657;102;6;2;1965;377;70;67;3622;479;76;69
2022.04_13-10-2022;Тамбовская область;75_90_days;AllVaccines;54;4;0;0;41;1;0;0;95;5;0;0;1657;102;6;2;1965;377;70;67;3622;479;76;69
2022.04_13-10-2022;Тамбовская область;75_90_days;CoviVac;2;0;0;0;1;0;0;0;3;0;0;0;1657;102;6;2;1965;377;70;67;3622;479;76;69
2022.04_13-10-2022;Тамбовская область;75_90_days;EpiVacCorona;7;2;0;0;6;0;0;0;13;2;0;0;1657;102;6;2;1965;377;70;67;3622;479;76;69
2022.04_13-10-2022;Тамбовская область;75_90_days;SputnikLite;37;1;0;0;21;1;0;0;58;2;0;0;1657;102;6;2;1965;377;70;67;3622;479;76;69
2022.04_13-10-2022;Тамбовская область;75_90_days;SputnikV;8;1;0;0;13;0;0;0;21;1;0;0;1657;102;6;2;1965;377;70;67;3622;479;76;69
2022.04_13-10-2022;Тамбовская область;90_105_days;AllVaccines;25;1;1;0;37;8;2;1;62;9;3;1;1657;102;6;2;1965;377;70;67;3622;479;76;69
2022.04_13-10-2022;Тамбовская область;90_105_days;EpiVacCorona;1;0;0;0;1;0;0;0;2;0;0;0;1657;102;6;2;1965;377;70;67;3622;479;76;69
2022.04_13-10-2022;Тамбовская область;90_105_days;SputnikLite;15;1;1;0;19;5;1;1;34;6;2;1;1657;102;6;2;1965;377;70;67;3622;479;76;69
2022.04_13-10-2022;Тамбовская область;90_105_days;SputnikV;9;0;0;0;17;3;1;0;26;3;1;0;1657;102;6;2;1965;377;70;67;3622;479;76;69
2022.04_13-10-2022;Тверская область;105_165_days;AllVaccines;241;20;2;1;317;46;6;3;558;66;8;4;1926;194;20;12;1947;480;93;69;3873;674;113;81
2022.04_13-10-2022;Тверская область;105_165_days;CoviVac;13;1;0;0;6;0;0;0;19;1;0;0;1926;194;20;12;1947;480;93;69;3873;674;113;81
2022.04_13-10-2022;Тверская область;105_165_days;EpiVacCorona;19;0;0;0;26;5;0;0;45;5;0;0;1926;194;20;12;1947;480;93;69;3873;674;113;81
2022.04_13-10-2022;Тверская область;105_165_days;SputnikLite;75;7;0;0;135;22;1;1;210;29;1;1;1926;194;20;12;1947;480;93;69;3873;674;113;81
2022.04_13-10-2022;Тверская область;105_165_days;SputnikV;134;12;2;1;150;19;5;2;284;31;7;3;1926;194;20;12;1947;480;93;69;3873;674;113;81
2022.04_13-10-2022;Тверская область;165_195_days;AllVaccines;82;4;0;0;122;16;0;0;204;20;0;0;1926;194;20;12;1947;480;93;69;3873;674;113;81
2022.04_13-10-2022;Тверская область;165_195_days;CoviVac;1;0;0;0;0;0;0;0;1;0;0;0;1926;194;20;12;1947;480;93;69;3873;674;113;81
2022.04_13-10-2022;Тверская область;165_195_days;EpiVacCorona;2;0;0;0;0;0;0;0;2;0;0;0;1926;194;20;12;1947;480;93;69;3873;674;113;81
2022.04_13-10-2022;Тверская область;165_195_days;SputnikLite;63;4;0;0;95;13;0;0;158;17;0;0;1926;194;20;12;1947;480;93;69;3873;674;113;81
2022.04_13-10-2022;Тверская область;165_195_days;SputnikV;16;0;0;0;27;3;0;0;43;3;0;0;1926;194;20;12;1947;480;93;69;3873;674;113;81
2022.04_13-10-2022;Тверская область;21_45_days;AllVaccines;14;1;0;0;38;8;0;0;52;9;0;0;1926;194;20;12;1947;480;93;69;3873;674;113;81
2022.04_13-10-2022;Тверская область;21_45_days;CoviVac;1;0;0;0;0;0;0;0;1;0;0;0;1926;194;20;12;1947;480;93;69;3873;674;113;81
2022.04_13-10-2022;Тверская область;21_45_days;EpiVacCorona;2;0;0;0;0;0;0;0;2;0;0;0;1926;194;20;12;1947;480;93;69;3873;674;113;81
2022.04_13-10-2022;Тверская область;21_45_days;SputnikLite;8;1;0;0;20;4;0;0;28;5;0;0;1926;194;20;12;1947;480;93;69;3873;674;113;81
2022.04_13-10-2022;Тверская область;21_45_days;SputnikV;3;0;0;0;18;4;0;0;21;4;0;0;1926;194;20;12;1947;480;93;69;3873;674;113;81
2022.04_13-10-2022;Тверская область;45_75_days;AllVaccines;71;4;1;0;66;14;1;2;137;18;2;2;1926;194;20;12;1947;480;93;69;3873;674;113;81
2022.04_13-10-2022;Тверская область;45_75_days;CoviVac;2;0;0;0;0;0;0;0;2;0;0;0;1926;194;20;12;1947;480;93;69;3873;674;113;81
2022.04_13-10-2022;Тверская область;45_75_days;EpiVacCorona;7;0;1;0;8;2;0;0;15;2;1;0;1926;194;20;12;1947;480;93;69;3873;674;113;81
2022.04_13-10-2022;Тверская область;45_75_days;SputnikLite;44;3;0;0;35;8;1;1;79;11;1;1;1926;194;20;12;1947;480;93;69;3873;674;113;81
2022.04_13-10-2022;Тверская область;45_75_days;SputnikV;18;1;0;0;23;4;0;1;41;5;0;1;1926;194;20;12;1947;480;93;69;3873;674;113;81
2022.04_13-10-2022;Тверская область;75_90_days;AllVaccines;46;3;0;0;30;7;0;0;76;10;0;0;1926;194;20;12;1947;480;93;69;3873;674;113;81
2022.04_13-10-2022;Тверская область;75_90_days;CoviVac;1;0;0;0;1;0;0;0;2;0;0;0;1926;194;20;12;1947;480;93;69;3873;674;113;81
2022.04_13-10-2022;Тверская область;75_90_days;SputnikLite;42;3;0;0;26;5;0;0;68;8;0;0;1926;194;20;12;1947;480;93;69;3873;674;113;81
2022.04_13-10-2022;Тверская область;75_90_days;SputnikV;3;0;0;0;3;2;0;0;6;2;0;0;1926;194;20;12;1947;480;93;69;3873;674;113;81
2022.04_13-10-2022;Тверская область;90_105_days;AllVaccines;28;1;1;1;29;8;2;2;57;9;3;3;1926;194;20;12;1947;480;93;69;3873;674;113;81
2022.04_13-10-2022;Тверская область;90_105_days;CoviVac;3;0;0;0;1;0;0;0;4;0;0;0;1926;194;20;12;1947;480;93;69;3873;674;113;81
2022.04_13-10-2022;Тверская область;90_105_days;EpiVacCorona;2;0;0;0;2;0;0;0;4;0;0;0;1926;194;20;12;1947;480;93;69;3873;674;113;81
2022.04_13-10-2022;Тверская область;90_105_days;SputnikLite;14;0;0;0;16;6;1;1;30;6;1;1;1926;194;20;12;1947;480;93;69;3873;674;113;81
2022.04_13-10-2022;Тверская область;90_105_days;SputnikV;9;1;1;1;10;2;1;1;19;3;2;2;1926;194;20;12;1947;480;93;69;3873;674;113;81
2022.04_13-10-2022;Томская область;105_165_days;AllVaccines;336;22;3;1;241;93;24;8;577;115;27;9;1475;255;29;9;1166;506;118;73;2641;761;147;82
2022.04_13-10-2022;Томская область;105_165_days;CoviVac;11;0;0;0;2;0;0;0;13;0;0;0;1475;255;29;9;1166;506;118;73;2641;761;147;82
2022.04_13-10-2022;Томская область;105_165_days;EpiVacCorona;9;0;0;0;5;1;0;0;14;1;0;0;1475;255;29;9;1166;506;118;73;2641;761;147;82
2022.04_13-10-2022;Томская область;105_165_days;SputnikLite;85;8;0;0;132;49;12;4;217;57;12;4;1475;255;29;9;1166;506;118;73;2641;761;147;82
2022.04_13-10-2022;Томская область;105_165_days;SputnikV;231;14;3;1;102;43;12;4;333;57;15;5;1475;255;29;9;1166;506;118;73;2641;761;147;82
2022.04_13-10-2022;Томская область;165_195_days;AllVaccines;60;8;0;0;68;14;3;3;128;22;3;3;1475;255;29;9;1166;506;118;73;2641;761;147;82
2022.04_13-10-2022;Томская область;165_195_days;CoviVac;2;0;0;0;0;0;0;0;2;0;0;0;1475;255;29;9;1166;506;118;73;2641;761;147;82
2022.04_13-10-2022;Томская область;165_195_days;SputnikLite;43;8;0;0;56;11;2;2;99;19;2;2;1475;255;29;9;1166;506;118;73;2641;761;147;82
2022.04_13-10-2022;Томская область;165_195_days;SputnikV;15;0;0;0;12;3;1;1;27;3;1;1;1475;255;29;9;1166;506;118;73;2641;761;147;82
2022.04_13-10-2022;Томская область;21_45_days;AllVaccines;12;2;0;0;17;5;2;1;29;7;2;1;1475;255;29;9;1166;506;118;73;2641;761;147;82
2022.04_13-10-2022;Томская область;21_45_days;EpiVacCorona;0;0;0;0;1;1;1;0;1;1;1;0;1475;255;29;9;1166;506;118;73;2641;761;147;82
2022.04_13-10-2022;Томская область;21_45_days;SputnikLite;3;0;0;0;12;4;1;1;15;4;1;1;1475;255;29;9;1166;506;118;73;2641;761;147;82
2022.04_13-10-2022;Томская область;21_45_days;SputnikV;9;2;0;0;4;0;0;0;13;2;0;0;1475;255;29;9;1166;506;118;73;2641;761;147;82
2022.04_13-10-2022;Томская область;45_75_days;AllVaccines;46;5;0;0;47;14;4;3;93;19;4;3;1475;255;29;9;1166;506;118;73;2641;761;147;82
2022.04_13-10-2022;Томская область;45_75_days;CoviVac;0;0;0;0;1;0;0;0;1;0;0;0;1475;255;29;9;1166;506;118;73;2641;761;147;82
2022.04_13-10-2022;Томская область;45_75_days;EpiVacCorona;3;1;0;0;2;1;0;0;5;2;0;0;1475;255;29;9;1166;506;118;73;2641;761;147;82
2022.04_13-10-2022;Томская область;45_75_days;SputnikLite;25;1;0;0;26;8;4;3;51;9;4;3;1475;255;29;9;1166;506;118;73;2641;761;147;82
2022.04_13-10-2022;Томская область;45_75_days;SputnikV;18;3;0;0;18;5;0;0;36;8;0;0;1475;255;29;9;1166;506;118;73;2641;761;147;82
2022.04_13-10-2022;Томская область;75_90_days;AllVaccines;30;4;0;0;24;12;1;0;54;16;1;0;1475;255;29;9;1166;506;118;73;2641;761;147;82
2022.04_13-10-2022;Томская область;75_90_days;CoviVac;1;0;0;0;0;0;0;0;1;0;0;0;1475;255;29;9;1166;506;118;73;2641;761;147;82
2022.04_13-10-2022;Томская область;75_90_days;EpiVacCorona;3;0;0;0;1;1;0;0;4;1;0;0;1475;255;29;9;1166;506;118;73;2641;761;147;82
2022.04_13-10-2022;Томская область;75_90_days;SputnikLite;18;3;0;0;21;10;1;0;39;13;1;0;1475;255;29;9;1166;506;118;73;2641;761;147;82
2022.04_13-10-2022;Томская область;75_90_days;SputnikV;8;1;0;0;2;1;0;0;10;2;0;0;1475;255;29;9;1166;506;118;73;2641;761;147;82
2022.04_13-10-2022;Томская область;90_105_days;AllVaccines;34;4;0;0;24;7;1;1;58;11;1;1;1475;255;29;9;1166;506;118;73;2641;761;147;82
2022.04_13-10-2022;Томская область;90_105_days;EpiVacCorona;3;1;0;0;0;0;0;0;3;1;0;0;1475;255;29;9;1166;506;118;73;2641;761;147;82
2022.04_13-10-2022;Томская область;90_105_days;SputnikLite;18;2;0;0;17;5;0;0;35;7;0;0;1475;255;29;9;1166;506;118;73;2641;761;147;82
2022.04_13-10-2022;Томская область;90_105_days;SputnikV;13;1;0;0;7;2;1;1;20;3;1;1;1475;255;29;9;1166;506;118;73;2641;761;147;82
2022.04_13-10-2022;Тульская область;105_165_days;AllVaccines;373;16;1;0;374;75;17;12;747;91;18;12;2770;185;35;14;1997;535;141;97;4767;720;176;111
2022.04_13-10-2022;Тульская область;105_165_days;CoviVac;6;0;0;0;5;2;1;1;11;2;1;1;2770;185;35;14;1997;535;141;97;4767;720;176;111
2022.04_13-10-2022;Тульская область;105_165_days;EpiVacCorona;27;0;0;0;27;4;1;0;54;4;1;0;2770;185;35;14;1997;535;141;97;4767;720;176;111
2022.04_13-10-2022;Тульская область;105_165_days;SputnikLite;136;7;1;0;161;36;4;3;297;43;5;3;2770;185;35;14;1997;535;141;97;4767;720;176;111
2022.04_13-10-2022;Тульская область;105_165_days;SputnikV;204;9;0;0;181;33;11;8;385;42;11;8;2770;185;35;14;1997;535;141;97;4767;720;176;111
2022.04_13-10-2022;Тульская область;165_195_days;AllVaccines;105;2;0;0;104;11;3;1;209;13;3;1;2770;185;35;14;1997;535;141;97;4767;720;176;111
2022.04_13-10-2022;Тульская область;165_195_days;CoviVac;2;0;0;0;0;0;0;0;2;0;0;0;2770;185;35;14;1997;535;141;97;4767;720;176;111
2022.04_13-10-2022;Тульская область;165_195_days;EpiVacCorona;2;0;0;0;4;1;0;0;6;1;0;0;2770;185;35;14;1997;535;141;97;4767;720;176;111
2022.04_13-10-2022;Тульская область;165_195_days;SputnikLite;72;1;0;0;66;6;2;0;138;7;2;0;2770;185;35;14;1997;535;141;97;4767;720;176;111
2022.04_13-10-2022;Тульская область;165_195_days;SputnikV;29;1;0;0;34;4;1;1;63;5;1;1;2770;185;35;14;1997;535;141;97;4767;720;176;111
2022.04_13-10-2022;Тульская область;21_45_days;AllVaccines;38;0;0;0;17;3;1;1;55;3;1;1;2770;185;35;14;1997;535;141;97;4767;720;176;111
2022.04_13-10-2022;Тульская область;21_45_days;EpiVacCorona;6;0;0;0;0;0;0;0;6;0;0;0;2770;185;35;14;1997;535;141;97;4767;720;176;111
2022.04_13-10-2022;Тульская область;21_45_days;SputnikLite;2;0;0;0;5;1;0;0;7;1;0;0;2770;185;35;14;1997;535;141;97;4767;720;176;111
2022.04_13-10-2022;Тульская область;21_45_days;SputnikV;30;0;0;0;12;2;1;1;42;2;1;1;2770;185;35;14;1997;535;141;97;4767;720;176;111
2022.04_13-10-2022;Тульская область;45_75_days;AllVaccines;118;0;0;0;49;10;1;0;167;10;1;0;2770;185;35;14;1997;535;141;97;4767;720;176;111
2022.04_13-10-2022;Тульская область;45_75_days;CoviVac;3;0;0;0;0;0;0;0;3;0;0;0;2770;185;35;14;1997;535;141;97;4767;720;176;111
2022.04_13-10-2022;Тульская область;45_75_days;EpiVacCorona;6;0;0;0;8;4;1;0;14;4;1;0;2770;185;35;14;1997;535;141;97;4767;720;176;111
2022.04_13-10-2022;Тульская область;45_75_days;SputnikLite;52;0;0;0;20;4;0;0;72;4;0;0;2770;185;35;14;1997;535;141;97;4767;720;176;111
2022.04_13-10-2022;Тульская область;45_75_days;SputnikV;57;0;0;0;21;2;0;0;78;2;0;0;2770;185;35;14;1997;535;141;97;4767;720;176;111
2022.04_13-10-2022;Тульская область;75_90_days;AllVaccines;91;2;1;0;30;4;0;0;121;6;1;0;2770;185;35;14;1997;535;141;97;4767;720;176;111
2022.04_13-10-2022;Тульская область;75_90_days;CoviVac;1;0;0;0;0;0;0;0;1;0;0;0;2770;185;35;14;1997;535;141;97;4767;720;176;111
2022.04_13-10-2022;Тульская область;75_90_days;EpiVacCorona;0;0;0;0;1;1;0;0;1;1;0;0;2770;185;35;14;1997;535;141;97;4767;720;176;111
2022.04_13-10-2022;Тульская область;75_90_days;SputnikLite;80;2;1;0;25;3;0;0;105;5;1;0;2770;185;35;14;1997;535;141;97;4767;720;176;111
2022.04_13-10-2022;Тульская область;75_90_days;SputnikV;10;0;0;0;4;0;0;0;14;0;0;0;2770;185;35;14;1997;535;141;97;4767;720;176;111
2022.04_13-10-2022;Тульская область;90_105_days;AllVaccines;25;4;0;0;25;6;1;1;50;10;1;1;2770;185;35;14;1997;535;141;97;4767;720;176;111
2022.04_13-10-2022;Тульская область;90_105_days;CoviVac;2;1;0;0;2;0;0;0;4;1;0;0;2770;185;35;14;1997;535;141;97;4767;720;176;111
2022.04_13-10-2022;Тульская область;90_105_days;EpiVacCorona;0;0;0;0;2;0;0;0;2;0;0;0;2770;185;35;14;1997;535;141;97;4767;720;176;111
2022.04_13-10-2022;Тульская область;90_105_days;SputnikLite;11;2;0;0;12;2;0;0;23;4;0;0;2770;185;35;14;1997;535;141;97;4767;720;176;111
2022.04_13-10-2022;Тульская область;90_105_days;SputnikV;12;1;0;0;9;4;1;1;21;5;1;1;2770;185;35;14;1997;535;141;97;4767;720;176;111
2022.04_13-10-2022;Тюменская область;105_165_days;AllVaccines;361;32;6;2;342;71;16;3;703;103;22;5;2040;181;37;9;1673;506;152;55;3713;687;189;64
2022.04_13-10-2022;Тюменская область;105_165_days;CoviVac;4;2;1;1;1;0;0;0;5;2;1;1;2040;181;37;9;1673;506;152;55;3713;687;189;64
2022.04_13-10-2022;Тюменская область;105_165_days;EpiVacCorona;4;1;0;0;3;0;0;0;7;1;0;0;2040;181;37;9;1673;506;152;55;3713;687;189;64
2022.04_13-10-2022;Тюменская область;105_165_days;SputnikLite;109;7;2;0;190;36;8;2;299;43;10;2;2040;181;37;9;1673;506;152;55;3713;687;189;64
2022.04_13-10-2022;Тюменская область;105_165_days;SputnikV;244;22;3;1;148;35;8;1;392;57;11;2;2040;181;37;9;1673;506;152;55;3713;687;189;64
2022.04_13-10-2022;Тюменская область;165_195_days;AllVaccines;145;5;0;0;86;21;3;1;231;26;3;1;2040;181;37;9;1673;506;152;55;3713;687;189;64
2022.04_13-10-2022;Тюменская область;165_195_days;SputnikLite;129;4;0;0;72;20;3;1;201;24;3;1;2040;181;37;9;1673;506;152;55;3713;687;189;64
2022.04_13-10-2022;Тюменская область;165_195_days;SputnikV;16;1;0;0;14;1;0;0;30;2;0;0;2040;181;37;9;1673;506;152;55;3713;687;189;64
2022.04_13-10-2022;Тюменская область;21_45_days;AllVaccines;16;0;0;0;20;3;0;0;36;3;0;0;2040;181;37;9;1673;506;152;55;3713;687;189;64
2022.04_13-10-2022;Тюменская область;21_45_days;EpiVacCorona;0;0;0;0;1;0;0;0;1;0;0;0;2040;181;37;9;1673;506;152;55;3713;687;189;64
2022.04_13-10-2022;Тюменская область;21_45_days;SputnikLite;3;0;0;0;8;1;0;0;11;1;0;0;2040;181;37;9;1673;506;152;55;3713;687;189;64
2022.04_13-10-2022;Тюменская область;21_45_days;SputnikV;13;0;0;0;11;2;0;0;24;2;0;0;2040;181;37;9;1673;506;152;55;3713;687;189;64
2022.04_13-10-2022;Тюменская область;45_75_days;AllVaccines;83;3;0;0;63;13;3;0;146;16;3;0;2040;181;37;9;1673;506;152;55;3713;687;189;64
2022.04_13-10-2022;Тюменская область;45_75_days;CoviVac;2;0;0;0;2;0;0;0;4;0;0;0;2040;181;37;9;1673;506;152;55;3713;687;189;64
2022.04_13-10-2022;Тюменская область;45_75_days;EpiVacCorona;2;0;0;0;3;1;0;0;5;1;0;0;2040;181;37;9;1673;506;152;55;3713;687;189;64
2022.04_13-10-2022;Тюменская область;45_75_days;SputnikLite;55;2;0;0;37;9;3;0;92;11;3;0;2040;181;37;9;1673;506;152;55;3713;687;189;64
2022.04_13-10-2022;Тюменская область;45_75_days;SputnikV;24;1;0;0;21;3;0;0;45;4;0;0;2040;181;37;9;1673;506;152;55;3713;687;189;64
2022.04_13-10-2022;Тюменская область;75_90_days;AllVaccines;66;3;1;0;34;6;2;0;100;9;3;0;2040;181;37;9;1673;506;152;55;3713;687;189;64
2022.04_13-10-2022;Тюменская область;75_90_days;EpiVacCorona;0;0;0;0;2;2;0;0;2;2;0;0;2040;181;37;9;1673;506;152;55;3713;687;189;64
2022.04_13-10-2022;Тюменская область;75_90_days;SputnikLite;57;3;1;0;30;4;2;0;87;7;3;0;2040;181;37;9;1673;506;152;55;3713;687;189;64
2022.04_13-10-2022;Тюменская область;75_90_days;SputnikV;9;0;0;0;2;0;0;0;11;0;0;0;2040;181;37;9;1673;506;152;55;3713;687;189;64
2022.04_13-10-2022;Тюменская область;90_105_days;AllVaccines;34;2;0;0;45;7;2;2;79;9;2;2;2040;181;37;9;1673;506;152;55;3713;687;189;64
2022.04_13-10-2022;Тюменская область;90_105_days;SputnikLite;25;2;0;0;35;5;0;0;60;7;0;0;2040;181;37;9;1673;506;152;55;3713;687;189;64
2022.04_13-10-2022;Тюменская область;90_105_days;SputnikV;9;0;0;0;10;2;2;2;19;2;2;2;2040;181;37;9;1673;506;152;55;3713;687;189;64
2022.04_13-10-2022;Удмуртская Республика;105_165_days;AllVaccines;174;16;1;0;187;81;4;2;361;97;5;2;1023;173;15;4;974;420;65;33;1997;593;80;37
2022.04_13-10-2022;Удмуртская Республика;105_165_days;CoviVac;4;0;0;0;0;0;0;0;4;0;0;0;1023;173;15;4;974;420;65;33;1997;593;80;37
2022.04_13-10-2022;Удмуртская Республика;105_165_days;EpiVacCorona;7;1;1;0;23;11;0;0;30;12;1;0;1023;173;15;4;974;420;65;33;1997;593;80;37
2022.04_13-10-2022;Удмуртская Республика;105_165_days;SputnikLite;30;1;0;0;70;35;1;1;100;36;1;1;1023;173;15;4;974;420;65;33;1997;593;80;37
2022.04_13-10-2022;Удмуртская Республика;105_165_days;SputnikV;133;14;0;0;94;35;3;1;227;49;3;1;1023;173;15;4;974;420;65;33;1997;593;80;37
2022.04_13-10-2022;Удмуртская Республика;165_195_days;AllVaccines;75;4;0;0;66;21;2;2;141;25;2;2;1023;173;15;4;974;420;65;33;1997;593;80;37
2022.04_13-10-2022;Удмуртская Республика;165_195_days;EpiVacCorona;2;0;0;0;7;4;0;0;9;4;0;0;1023;173;15;4;974;420;65;33;1997;593;80;37
2022.04_13-10-2022;Удмуртская Республика;165_195_days;SputnikLite;49;2;0;0;46;14;1;1;95;16;1;1;1023;173;15;4;974;420;65;33;1997;593;80;37
2022.04_13-10-2022;Удмуртская Республика;165_195_days;SputnikV;24;2;0;0;13;3;1;1;37;5;1;1;1023;173;15;4;974;420;65;33;1997;593;80;37
2022.04_13-10-2022;Удмуртская Республика;21_45_days;AllVaccines;11;1;0;0;9;2;0;0;20;3;0;0;1023;173;15;4;974;420;65;33;1997;593;80;37
2022.04_13-10-2022;Удмуртская Республика;21_45_days;CoviVac;1;0;0;0;0;0;0;0;1;0;0;0;1023;173;15;4;974;420;65;33;1997;593;80;37
2022.04_13-10-2022;Удмуртская Республика;21_45_days;EpiVacCorona;1;0;0;0;1;1;0;0;2;1;0;0;1023;173;15;4;974;420;65;33;1997;593;80;37
2022.04_13-10-2022;Удмуртская Республика;21_45_days;SputnikLite;1;0;0;0;7;1;0;0;8;1;0;0;1023;173;15;4;974;420;65;33;1997;593;80;37
2022.04_13-10-2022;Удмуртская Республика;21_45_days;SputnikV;8;1;0;0;1;0;0;0;9;1;0;0;1023;173;15;4;974;420;65;33;1997;593;80;37
2022.04_13-10-2022;Удмуртская Республика;45_75_days;AllVaccines;37;5;0;0;42;17;1;1;79;22;1;1;1023;173;15;4;974;420;65;33;1997;593;80;37
2022.04_13-10-2022;Удмуртская Республика;45_75_days;CoviVac;1;1;0;0;0;0;0;0;1;1;0;0;1023;173;15;4;974;420;65;33;1997;593;80;37
2022.04_13-10-2022;Удмуртская Республика;45_75_days;EpiVacCorona;2;1;0;0;2;1;0;0;4;2;0;0;1023;173;15;4;974;420;65;33;1997;593;80;37
2022.04_13-10-2022;Удмуртская Республика;45_75_days;SputnikLite;15;2;0;0;23;7;0;0;38;9;0;0;1023;173;15;4;974;420;65;33;1997;593;80;37
2022.04_13-10-2022;Удмуртская Республика;45_75_days;SputnikV;19;1;0;0;17;9;1;1;36;10;1;1;1023;173;15;4;974;420;65;33;1997;593;80;37
2022.04_13-10-2022;Удмуртская Республика;75_90_days;AllVaccines;17;1;0;0;16;8;1;0;33;9;1;0;1023;173;15;4;974;420;65;33;1997;593;80;37
2022.04_13-10-2022;Удмуртская Республика;75_90_days;EpiVacCorona;1;0;0;0;3;2;0;0;4;2;0;0;1023;173;15;4;974;420;65;33;1997;593;80;37
2022.04_13-10-2022;Удмуртская Республика;75_90_days;SputnikLite;13;1;0;0;9;6;1;0;22;7;1;0;1023;173;15;4;974;420;65;33;1997;593;80;37
2022.04_13-10-2022;Удмуртская Республика;75_90_days;SputnikV;3;0;0;0;4;0;0;0;7;0;0;0;1023;173;15;4;974;420;65;33;1997;593;80;37
2022.04_13-10-2022;Удмуртская Республика;90_105_days;AllVaccines;14;1;0;0;19;8;2;0;33;9;2;0;1023;173;15;4;974;420;65;33;1997;593;80;37
2022.04_13-10-2022;Удмуртская Республика;90_105_days;EpiVacCorona;0;0;0;0;2;1;1;0;2;1;1;0;1023;173;15;4;974;420;65;33;1997;593;80;37
2022.04_13-10-2022;Удмуртская Республика;90_105_days;SputnikLite;11;1;0;0;12;4;0;0;23;5;0;0;1023;173;15;4;974;420;65;33;1997;593;80;37
2022.04_13-10-2022;Удмуртская Республика;90_105_days;SputnikV;3;0;0;0;5;3;1;0;8;3;1;0;1023;173;15;4;974;420;65;33;1997;593;80;37
2022.04_13-10-2022;Ульяновская область;105_165_days;AllVaccines;348;20;2;0;397;68;9;4;745;88;11;4;1931;208;26;15;2029;477;92;60;3960;685;118;75
2022.04_13-10-2022;Ульяновская область;105_165_days;CoviVac;5;0;0;0;4;0;0;0;9;0;0;0;1931;208;26;15;2029;477;92;60;3960;685;118;75
2022.04_13-10-2022;Ульяновская область;105_165_days;EpiVacCorona;11;1;0;0;5;0;0;0;16;1;0;0;1931;208;26;15;2029;477;92;60;3960;685;118;75
2022.04_13-10-2022;Ульяновская область;105_165_days;SputnikLite;92;1;0;0;160;32;5;2;252;33;5;2;1931;208;26;15;2029;477;92;60;3960;685;118;75
2022.04_13-10-2022;Ульяновская область;105_165_days;SputnikV;240;18;2;0;228;36;4;2;468;54;6;2;1931;208;26;15;2029;477;92;60;3960;685;118;75
2022.04_13-10-2022;Ульяновская область;165_195_days;AllVaccines;95;7;0;0;130;25;3;1;225;32;3;1;1931;208;26;15;2029;477;92;60;3960;685;118;75
2022.04_13-10-2022;Ульяновская область;165_195_days;EpiVacCorona;3;0;0;0;0;0;0;0;3;0;0;0;1931;208;26;15;2029;477;92;60;3960;685;118;75
2022.04_13-10-2022;Ульяновская область;165_195_days;SputnikLite;68;5;0;0;100;21;2;1;168;26;2;1;1931;208;26;15;2029;477;92;60;3960;685;118;75
2022.04_13-10-2022;Ульяновская область;165_195_days;SputnikV;24;2;0;0;30;4;1;0;54;6;1;0;1931;208;26;15;2029;477;92;60;3960;685;118;75
2022.04_13-10-2022;Ульяновская область;21_45_days;AllVaccines;11;1;0;0;10;2;0;0;21;3;0;0;1931;208;26;15;2029;477;92;60;3960;685;118;75
2022.04_13-10-2022;Ульяновская область;21_45_days;EpiVacCorona;2;0;0;0;2;0;0;0;4;0;0;0;1931;208;26;15;2029;477;92;60;3960;685;118;75
2022.04_13-10-2022;Ульяновская область;21_45_days;SputnikLite;0;0;0;0;1;0;0;0;1;0;0;0;1931;208;26;15;2029;477;92;60;3960;685;118;75
2022.04_13-10-2022;Ульяновская область;21_45_days;SputnikV;9;1;0;0;7;2;0;0;16;3;0;0;1931;208;26;15;2029;477;92;60;3960;685;118;75
2022.04_13-10-2022;Ульяновская область;45_75_days;AllVaccines;44;2;1;0;42;8;0;0;86;10;1;0;1931;208;26;15;2029;477;92;60;3960;685;118;75
2022.04_13-10-2022;Ульяновская область;45_75_days;CoviVac;1;0;0;0;1;1;0;0;2;1;0;0;1931;208;26;15;2029;477;92;60;3960;685;118;75
2022.04_13-10-2022;Ульяновская область;45_75_days;EpiVacCorona;1;0;0;0;8;0;0;0;9;0;0;0;1931;208;26;15;2029;477;92;60;3960;685;118;75
2022.04_13-10-2022;Ульяновская область;45_75_days;SputnikLite;28;2;1;0;16;2;0;0;44;4;1;0;1931;208;26;15;2029;477;92;60;3960;685;118;75
2022.04_13-10-2022;Ульяновская область;45_75_days;SputnikV;14;0;0;0;17;5;0;0;31;5;0;0;1931;208;26;15;2029;477;92;60;3960;685;118;75
2022.04_13-10-2022;Ульяновская область;75_90_days;AllVaccines;44;4;0;0;42;3;0;0;86;7;0;0;1931;208;26;15;2029;477;92;60;3960;685;118;75
2022.04_13-10-2022;Ульяновская область;75_90_days;EpiVacCorona;1;1;0;0;2;0;0;0;3;1;0;0;1931;208;26;15;2029;477;92;60;3960;685;118;75
2022.04_13-10-2022;Ульяновская область;75_90_days;SputnikLite;35;3;0;0;32;3;0;0;67;6;0;0;1931;208;26;15;2029;477;92;60;3960;685;118;75
2022.04_13-10-2022;Ульяновская область;75_90_days;SputnikV;8;0;0;0;8;0;0;0;16;0;0;0;1931;208;26;15;2029;477;92;60;3960;685;118;75
2022.04_13-10-2022;Ульяновская область;90_105_days;AllVaccines;32;2;0;0;39;5;0;0;71;7;0;0;1931;208;26;15;2029;477;92;60;3960;685;118;75
2022.04_13-10-2022;Ульяновская область;90_105_days;EpiVacCorona;2;1;0;0;2;1;0;0;4;2;0;0;1931;208;26;15;2029;477;92;60;3960;685;118;75
2022.04_13-10-2022;Ульяновская область;90_105_days;SputnikLite;15;0;0;0;26;2;0;0;41;2;0;0;1931;208;26;15;2029;477;92;60;3960;685;118;75
2022.04_13-10-2022;Ульяновская область;90_105_days;SputnikV;15;1;0;0;11;2;0;0;26;3;0;0;1931;208;26;15;2029;477;92;60;3960;685;118;75
2022.04_13-10-2022;Хабаровский край;105_165_days;AllVaccines;265;31;0;0;162;67;5;3;427;98;5;3;1609;288;24;6;1073;489;58;32;2682;777;82;38
2022.04_13-10-2022;Хабаровский край;105_165_days;CoviVac;9;1;0;0;5;4;0;0;14;5;0;0;1609;288;24;6;1073;489;58;32;2682;777;82;38
2022.04_13-10-2022;Хабаровский край;105_165_days;EpiVacCorona;16;3;0;0;9;3;0;0;25;6;0;0;1609;288;24;6;1073;489;58;32;2682;777;82;38
2022.04_13-10-2022;Хабаровский край;105_165_days;SputnikLite;103;16;0;0;70;30;3;3;173;46;3;3;1609;288;24;6;1073;489;58;32;2682;777;82;38
2022.04_13-10-2022;Хабаровский край;105_165_days;SputnikV;137;11;0;0;78;30;2;0;215;41;2;0;1609;288;24;6;1073;489;58;32;2682;777;82;38
2022.04_13-10-2022;Хабаровский край;165_195_days;AllVaccines;33;2;0;0;46;14;1;0;79;16;1;0;1609;288;24;6;1073;489;58;32;2682;777;82;38
2022.04_13-10-2022;Хабаровский край;165_195_days;SputnikLite;23;2;0;0;38;12;1;0;61;14;1;0;1609;288;24;6;1073;489;58;32;2682;777;82;38
2022.04_13-10-2022;Хабаровский край;165_195_days;SputnikV;10;0;0;0;8;2;0;0;18;2;0;0;1609;288;24;6;1073;489;58;32;2682;777;82;38
2022.04_13-10-2022;Хабаровский край;21_45_days;AllVaccines;7;1;0;0;11;6;1;1;18;7;1;1;1609;288;24;6;1073;489;58;32;2682;777;82;38
2022.04_13-10-2022;Хабаровский край;21_45_days;CoviVac;1;0;0;0;0;0;0;0;1;0;0;0;1609;288;24;6;1073;489;58;32;2682;777;82;38
2022.04_13-10-2022;Хабаровский край;21_45_days;EpiVacCorona;2;1;0;0;0;0;0;0;2;1;0;0;1609;288;24;6;1073;489;58;32;2682;777;82;38
2022.04_13-10-2022;Хабаровский край;21_45_days;SputnikLite;2;0;0;0;7;6;1;1;9;6;1;1;1609;288;24;6;1073;489;58;32;2682;777;82;38
2022.04_13-10-2022;Хабаровский край;21_45_days;SputnikV;2;0;0;0;4;0;0;0;6;0;0;0;1609;288;24;6;1073;489;58;32;2682;777;82;38
2022.04_13-10-2022;Хабаровский край;45_75_days;AllVaccines;54;5;0;0;62;21;1;1;116;26;1;1;1609;288;24;6;1073;489;58;32;2682;777;82;38
2022.04_13-10-2022;Хабаровский край;45_75_days;CoviVac;3;0;0;0;0;0;0;0;3;0;0;0;1609;288;24;6;1073;489;58;32;2682;777;82;38
2022.04_13-10-2022;Хабаровский край;45_75_days;EpiVacCorona;8;3;0;0;7;1;0;0;15;4;0;0;1609;288;24;6;1073;489;58;32;2682;777;82;38
2022.04_13-10-2022;Хабаровский край;45_75_days;SputnikLite;28;1;0;0;21;7;0;0;49;8;0;0;1609;288;24;6;1073;489;58;32;2682;777;82;38
2022.04_13-10-2022;Хабаровский край;45_75_days;SputnikV;15;1;0;0;34;13;1;1;49;14;1;1;1609;288;24;6;1073;489;58;32;2682;777;82;38
2022.04_13-10-2022;Хабаровский край;75_90_days;AllVaccines;43;8;0;0;21;5;0;0;64;13;0;0;1609;288;24;6;1073;489;58;32;2682;777;82;38
2022.04_13-10-2022;Хабаровский край;75_90_days;EpiVacCorona;2;1;0;0;2;2;0;0;4;3;0;0;1609;288;24;6;1073;489;58;32;2682;777;82;38
2022.04_13-10-2022;Хабаровский край;75_90_days;SputnikLite;26;3;0;0;14;2;0;0;40;5;0;0;1609;288;24;6;1073;489;58;32;2682;777;82;38
2022.04_13-10-2022;Хабаровский край;75_90_days;SputnikV;15;4;0;0;5;1;0;0;20;5;0;0;1609;288;24;6;1073;489;58;32;2682;777;82;38
2022.04_13-10-2022;Хабаровский край;90_105_days;AllVaccines;35;4;1;0;19;9;0;0;54;13;1;0;1609;288;24;6;1073;489;58;32;2682;777;82;38
2022.04_13-10-2022;Хабаровский край;90_105_days;CoviVac;1;0;0;0;0;0;0;0;1;0;0;0;1609;288;24;6;1073;489;58;32;2682;777;82;38
2022.04_13-10-2022;Хабаровский край;90_105_days;EpiVacCorona;4;0;0;0;1;0;0;0;5;0;0;0;1609;288;24;6;1073;489;58;32;2682;777;82;38
2022.04_13-10-2022;Хабаровский край;90_105_days;SputnikLite;10;0;0;0;13;7;0;0;23;7;0;0;1609;288;24;6;1073;489;58;32;2682;777;82;38
2022.04_13-10-2022;Хабаровский край;90_105_days;SputnikV;20;4;1;0;5;2;0;0;25;6;1;0;1609;288;24;6;1073;489;58;32;2682;777;82;38
2022.04_13-10-2022;Ханты-Мансийский автономный округ - Югра;105_165_days;AllVaccines;282;26;1;0;147;38;3;1;429;64;4;1;1373;117;12;6;632;192;18;11;2005;309;30;17
2022.04_13-10-2022;Ханты-Мансийский автономный округ - Югра;105_165_days;CoviVac;2;0;0;0;3;1;0;0;5;1;0;0;1373;117;12;6;632;192;18;11;2005;309;30;17
2022.04_13-10-2022;Ханты-Мансийский автономный округ - Югра;105_165_days;EpiVacCorona;5;2;1;0;5;0;0;0;10;2;1;0;1373;117;12;6;632;192;18;11;2005;309;30;17
2022.04_13-10-2022;Ханты-Мансийский автономный округ - Югра;105_165_days;SputnikLite;82;8;0;0;63;17;1;0;145;25;1;0;1373;117;12;6;632;192;18;11;2005;309;30;17
2022.04_13-10-2022;Ханты-Мансийский автономный округ - Югра;105_165_days;SputnikV;193;16;0;0;76;20;2;1;269;36;2;1;1373;117;12;6;632;192;18;11;2005;309;30;17
2022.04_13-10-2022;Ханты-Мансийский автономный округ - Югра;165_195_days;AllVaccines;99;8;0;1;36;6;0;0;135;14;0;1;1373;117;12;6;632;192;18;11;2005;309;30;17
2022.04_13-10-2022;Ханты-Мансийский автономный округ - Югра;165_195_days;CoviVac;2;0;0;0;0;0;0;0;2;0;0;0;1373;117;12;6;632;192;18;11;2005;309;30;17
2022.04_13-10-2022;Ханты-Мансийский автономный округ - Югра;165_195_days;SputnikLite;72;5;0;1;25;4;0;0;97;9;0;1;1373;117;12;6;632;192;18;11;2005;309;30;17
2022.04_13-10-2022;Ханты-Мансийский автономный округ - Югра;165_195_days;SputnikV;25;3;0;0;11;2;0;0;36;5;0;0;1373;117;12;6;632;192;18;11;2005;309;30;17
2022.04_13-10-2022;Ханты-Мансийский автономный округ - Югра;21_45_days;AllVaccines;14;0;0;0;10;3;0;0;24;3;0;0;1373;117;12;6;632;192;18;11;2005;309;30;17
2022.04_13-10-2022;Ханты-Мансийский автономный округ - Югра;21_45_days;SputnikLite;5;0;0;0;5;2;0;0;10;2;0;0;1373;117;12;6;632;192;18;11;2005;309;30;17
2022.04_13-10-2022;Ханты-Мансийский автономный округ - Югра;21_45_days;SputnikV;9;0;0;0;5;1;0;0;14;1;0;0;1373;117;12;6;632;192;18;11;2005;309;30;17
2022.04_13-10-2022;Ханты-Мансийский автономный округ - Югра;45_75_days;AllVaccines;66;2;0;0;23;5;1;1;89;7;1;1;1373;117;12;6;632;192;18;11;2005;309;30;17
2022.04_13-10-2022;Ханты-Мансийский автономный округ - Югра;45_75_days;EpiVacCorona;2;0;0;0;0;0;0;0;2;0;0;0;1373;117;12;6;632;192;18;11;2005;309;30;17
2022.04_13-10-2022;Ханты-Мансийский автономный округ - Югра;45_75_days;SputnikLite;35;1;0;0;14;4;1;1;49;5;1;1;1373;117;12;6;632;192;18;11;2005;309;30;17
2022.04_13-10-2022;Ханты-Мансийский автономный округ - Югра;45_75_days;SputnikV;29;1;0;0;9;1;0;0;38;2;0;0;1373;117;12;6;632;192;18;11;2005;309;30;17
2022.04_13-10-2022;Ханты-Мансийский автономный округ - Югра;75_90_days;AllVaccines;42;3;0;0;17;4;1;0;59;7;1;0;1373;117;12;6;632;192;18;11;2005;309;30;17
2022.04_13-10-2022;Ханты-Мансийский автономный округ - Югра;75_90_days;EpiVacCorona;1;0;0;0;0;0;0;0;1;0;0;0;1373;117;12;6;632;192;18;11;2005;309;30;17
2022.04_13-10-2022;Ханты-Мансийский автономный округ - Югра;75_90_days;SputnikLite;35;2;0;0;17;4;1;0;52;6;1;0;1373;117;12;6;632;192;18;11;2005;309;30;17
2022.04_13-10-2022;Ханты-Мансийский автономный округ - Югра;75_90_days;SputnikV;6;1;0;0;0;0;0;0;6;1;0;0;1373;117;12;6;632;192;18;11;2005;309;30;17
2022.04_13-10-2022;Ханты-Мансийский автономный округ - Югра;90_105_days;AllVaccines;31;3;1;1;10;5;0;0;41;8;1;1;1373;117;12;6;632;192;18;11;2005;309;30;17
2022.04_13-10-2022;Ханты-Мансийский автономный округ - Югра;90_105_days;SputnikLite;21;2;0;0;3;2;0;0;24;4;0;0;1373;117;12;6;632;192;18;11;2005;309;30;17
2022.04_13-10-2022;Ханты-Мансийский автономный округ - Югра;90_105_days;SputnikV;10;1;1;1;7;3;0;0;17;4;1;1;1373;117;12;6;632;192;18;11;2005;309;30;17
2022.04_13-10-2022;Челябинская область;105_165_days;AllVaccines;944;65;8;3;599;126;1;1;1543;191;9;4;4317;454;38;31;2971;896;113;124;7288;1350;151;155
2022.04_13-10-2022;Челябинская область;105_165_days;CoviVac;9;0;0;0;6;1;0;0;15;1;0;0;4317;454;38;31;2971;896;113;124;7288;1350;151;155
2022.04_13-10-2022;Челябинская область;105_165_days;EpiVacCorona;40;3;0;1;27;10;0;0;67;13;0;1;4317;454;38;31;2971;896;113;124;7288;1350;151;155
2022.04_13-10-2022;Челябинская область;105_165_days;SputnikLite;193;10;0;0;185;45;1;0;378;55;1;0;4317;454;38;31;2971;896;113;124;7288;1350;151;155
2022.04_13-10-2022;Челябинская область;105_165_days;SputnikV;702;52;8;2;381;70;0;1;1083;122;8;3;4317;454;38;31;2971;896;113;124;7288;1350;151;155
2022.04_13-10-2022;Челябинская область;165_195_days;AllVaccines;240;13;3;1;150;23;1;1;390;36;4;2;4317;454;38;31;2971;896;113;124;7288;1350;151;155
2022.04_13-10-2022;Челябинская область;165_195_days;CoviVac;1;0;0;0;1;1;0;0;2;1;0;0;4317;454;38;31;2971;896;113;124;7288;1350;151;155
2022.04_13-10-2022;Челябинская область;165_195_days;EpiVacCorona;3;0;0;0;2;0;0;0;5;0;0;0;4317;454;38;31;2971;896;113;124;7288;1350;151;155
2022.04_13-10-2022;Челябинская область;165_195_days;SputnikLite;170;7;2;0;94;12;0;0;264;19;2;0;4317;454;38;31;2971;896;113;124;7288;1350;151;155
2022.04_13-10-2022;Челябинская область;165_195_days;SputnikV;66;6;1;1;53;10;1;1;119;16;2;2;4317;454;38;31;2971;896;113;124;7288;1350;151;155
2022.04_13-10-2022;Челябинская область;21_45_days;AllVaccines;53;2;0;0;34;8;1;0;87;10;1;0;4317;454;38;31;2971;896;113;124;7288;1350;151;155
2022.04_13-10-2022;Челябинская область;21_45_days;EpiVacCorona;1;0;0;0;6;4;0;0;7;4;0;0;4317;454;38;31;2971;896;113;124;7288;1350;151;155
2022.04_13-10-2022;Челябинская область;21_45_days;SputnikLite;27;1;0;0;12;2;1;0;39;3;1;0;4317;454;38;31;2971;896;113;124;7288;1350;151;155
2022.04_13-10-2022;Челябинская область;21_45_days;SputnikV;25;1;0;0;16;2;0;0;41;3;0;0;4317;454;38;31;2971;896;113;124;7288;1350;151;155
2022.04_13-10-2022;Челябинская область;45_75_days;AllVaccines;130;13;1;0;115;27;3;4;245;40;4;4;4317;454;38;31;2971;896;113;124;7288;1350;151;155
2022.04_13-10-2022;Челябинская область;45_75_days;CoviVac;3;0;0;0;0;0;0;0;3;0;0;0;4317;454;38;31;2971;896;113;124;7288;1350;151;155
2022.04_13-10-2022;Челябинская область;45_75_days;EpiVacCorona;13;2;0;0;14;2;0;0;27;4;0;0;4317;454;38;31;2971;896;113;124;7288;1350;151;155
2022.04_13-10-2022;Челябинская область;45_75_days;SputnikLite;66;5;0;0;47;14;2;3;113;19;2;3;4317;454;38;31;2971;896;113;124;7288;1350;151;155
2022.04_13-10-2022;Челябинская область;45_75_days;SputnikV;48;6;1;0;54;11;1;1;102;17;2;1;4317;454;38;31;2971;896;113;124;7288;1350;151;155
2022.04_13-10-2022;Челябинская область;75_90_days;AllVaccines;104;8;0;0;63;19;4;3;167;27;4;3;4317;454;38;31;2971;896;113;124;7288;1350;151;155
2022.04_13-10-2022;Челябинская область;75_90_days;CoviVac;1;0;0;0;0;0;0;0;1;0;0;0;4317;454;38;31;2971;896;113;124;7288;1350;151;155
2022.04_13-10-2022;Челябинская область;75_90_days;EpiVacCorona;1;0;0;0;4;1;0;0;5;1;0;0;4317;454;38;31;2971;896;113;124;7288;1350;151;155
2022.04_13-10-2022;Челябинская область;75_90_days;SputnikLite;89;6;0;0;49;17;4;3;138;23;4;3;4317;454;38;31;2971;896;113;124;7288;1350;151;155
2022.04_13-10-2022;Челябинская область;75_90_days;SputnikV;13;2;0;0;10;1;0;0;23;3;0;0;4317;454;38;31;2971;896;113;124;7288;1350;151;155
2022.04_13-10-2022;Челябинская область;90_105_days;AllVaccines;78;4;0;0;60;9;2;1;138;13;2;1;4317;454;38;31;2971;896;113;124;7288;1350;151;155
2022.04_13-10-2022;Челябинская область;90_105_days;CoviVac;1;0;0;0;1;0;0;0;2;0;0;0;4317;454;38;31;2971;896;113;124;7288;1350;151;155
2022.04_13-10-2022;Челябинская область;90_105_days;EpiVacCorona;6;0;0;0;5;0;0;0;11;0;0;0;4317;454;38;31;2971;896;113;124;7288;1350;151;155
2022.04_13-10-2022;Челябинская область;90_105_days;SputnikLite;39;2;0;0;32;4;0;1;71;6;0;1;4317;454;38;31;2971;896;113;124;7288;1350;151;155
2022.04_13-10-2022;Челябинская область;90_105_days;SputnikV;32;2;0;0;22;5;2;0;54;7;2;0;4317;454;38;31;2971;896;113;124;7288;1350;151;155
2022.04_13-10-2022;Чеченская Республика;105_165_days;AllVaccines;55;4;0;0;4;2;0;0;59;6;0;0;257;17;1;0;34;3;0;0;291;20;1;0
2022.04_13-10-2022;Чеченская Республика;105_165_days;CoviVac;1;0;0;0;0;0;0;0;1;0;0;0;257;17;1;0;34;3;0;0;291;20;1;0
2022.04_13-10-2022;Чеченская Республика;105_165_days;EpiVacCorona;8;1;0;0;0;0;0;0;8;1;0;0;257;17;1;0;34;3;0;0;291;20;1;0
2022.04_13-10-2022;Чеченская Республика;105_165_days;SputnikLite;26;3;0;0;2;0;0;0;28;3;0;0;257;17;1;0;34;3;0;0;291;20;1;0
2022.04_13-10-2022;Чеченская Республика;105_165_days;SputnikV;20;0;0;0;2;2;0;0;22;2;0;0;257;17;1;0;34;3;0;0;291;20;1;0
2022.04_13-10-2022;Чеченская Республика;165_195_days;AllVaccines;13;4;0;0;2;1;0;0;15;5;0;0;257;17;1;0;34;3;0;0;291;20;1;0
2022.04_13-10-2022;Чеченская Республика;165_195_days;SputnikLite;7;2;0;0;2;1;0;0;9;3;0;0;257;17;1;0;34;3;0;0;291;20;1;0
2022.04_13-10-2022;Чеченская Республика;165_195_days;SputnikV;6;2;0;0;0;0;0;0;6;2;0;0;257;17;1;0;34;3;0;0;291;20;1;0
2022.04_13-10-2022;Чеченская Республика;21_45_days;AllVaccines;6;0;0;0;0;0;0;0;6;0;0;0;257;17;1;0;34;3;0;0;291;20;1;0
2022.04_13-10-2022;Чеченская Республика;21_45_days;CoviVac;1;0;0;0;0;0;0;0;1;0;0;0;257;17;1;0;34;3;0;0;291;20;1;0
2022.04_13-10-2022;Чеченская Республика;21_45_days;SputnikLite;1;0;0;0;0;0;0;0;1;0;0;0;257;17;1;0;34;3;0;0;291;20;1;0
2022.04_13-10-2022;Чеченская Республика;21_45_days;SputnikV;4;0;0;0;0;0;0;0;4;0;0;0;257;17;1;0;34;3;0;0;291;20;1;0
2022.04_13-10-2022;Чеченская Республика;45_75_days;AllVaccines;30;0;0;0;1;1;0;0;31;1;0;0;257;17;1;0;34;3;0;0;291;20;1;0
2022.04_13-10-2022;Чеченская Республика;45_75_days;SputnikLite;25;0;0;0;1;1;0;0;26;1;0;0;257;17;1;0;34;3;0;0;291;20;1;0
2022.04_13-10-2022;Чеченская Республика;45_75_days;SputnikV;5;0;0;0;0;0;0;0;5;0;0;0;257;17;1;0;34;3;0;0;291;20;1;0
2022.04_13-10-2022;Чеченская Республика;75_90_days;AllVaccines;12;0;0;0;0;0;0;0;12;0;0;0;257;17;1;0;34;3;0;0;291;20;1;0
2022.04_13-10-2022;Чеченская Республика;75_90_days;SputnikLite;12;0;0;0;0;0;0;0;12;0;0;0;257;17;1;0;34;3;0;0;291;20;1;0
2022.04_13-10-2022;Чеченская Республика;90_105_days;AllVaccines;9;0;0;0;3;0;0;0;12;0;0;0;257;17;1;0;34;3;0;0;291;20;1;0
2022.04_13-10-2022;Чеченская Республика;90_105_days;SputnikLite;9;0;0;0;2;0;0;0;11;0;0;0;257;17;1;0;34;3;0;0;291;20;1;0
2022.04_13-10-2022;Чеченская Республика;90_105_days;SputnikV;0;0;0;0;1;0;0;0;1;0;0;0;257;17;1;0;34;3;0;0;291;20;1;0
2022.04_13-10-2022;Чувашская Республика;105_165_days;AllVaccines;136;27;3;2;153;83;4;3;289;110;7;5;694;206;22;11;825;453;72;40;1519;659;94;51
2022.04_13-10-2022;Чувашская Республика;105_165_days;EpiVacCorona;6;1;0;0;2;0;0;0;8;1;0;0;694;206;22;11;825;453;72;40;1519;659;94;51
2022.04_13-10-2022;Чувашская Республика;105_165_days;SputnikLite;33;5;1;1;64;28;1;1;97;33;2;2;694;206;22;11;825;453;72;40;1519;659;94;51
2022.04_13-10-2022;Чувашская Республика;105_165_days;SputnikV;97;21;2;1;87;55;3;2;184;76;5;3;694;206;22;11;825;453;72;40;1519;659;94;51
2022.04_13-10-2022;Чувашская Республика;165_195_days;AllVaccines;28;5;0;0;37;17;2;1;65;22;2;1;694;206;22;11;825;453;72;40;1519;659;94;51
2022.04_13-10-2022;Чувашская Республика;165_195_days;EpiVacCorona;1;0;0;0;0;0;0;0;1;0;0;0;694;206;22;11;825;453;72;40;1519;659;94;51
2022.04_13-10-2022;Чувашская Республика;165_195_days;SputnikLite;21;4;0;0;29;15;2;1;50;19;2;1;694;206;22;11;825;453;72;40;1519;659;94;51
2022.04_13-10-2022;Чувашская Республика;165_195_days;SputnikV;6;1;0;0;8;2;0;0;14;3;0;0;694;206;22;11;825;453;72;40;1519;659;94;51
2022.04_13-10-2022;Чувашская Республика;21_45_days;AllVaccines;14;5;1;1;9;5;1;1;23;10;2;2;694;206;22;11;825;453;72;40;1519;659;94;51
2022.04_13-10-2022;Чувашская Республика;21_45_days;EpiVacCorona;2;1;0;0;1;0;0;0;3;1;0;0;694;206;22;11;825;453;72;40;1519;659;94;51
2022.04_13-10-2022;Чувашская Республика;21_45_days;SputnikLite;5;0;0;0;1;0;0;0;6;0;0;0;694;206;22;11;825;453;72;40;1519;659;94;51
2022.04_13-10-2022;Чувашская Республика;21_45_days;SputnikV;7;4;1;1;7;5;1;1;14;9;2;2;694;206;22;11;825;453;72;40;1519;659;94;51
2022.04_13-10-2022;Чувашская Республика;45_75_days;AllVaccines;43;10;2;0;36;20;3;2;79;30;5;2;694;206;22;11;825;453;72;40;1519;659;94;51
2022.04_13-10-2022;Чувашская Республика;45_75_days;EpiVacCorona;3;2;0;0;3;2;0;0;6;4;0;0;694;206;22;11;825;453;72;40;1519;659;94;51
2022.04_13-10-2022;Чувашская Республика;45_75_days;SputnikLite;16;1;1;0;21;10;1;1;37;11;2;1;694;206;22;11;825;453;72;40;1519;659;94;51
2022.04_13-10-2022;Чувашская Республика;45_75_days;SputnikV;24;7;1;0;12;8;2;1;36;15;3;1;694;206;22;11;825;453;72;40;1519;659;94;51
2022.04_13-10-2022;Чувашская Республика;75_90_days;AllVaccines;27;4;0;0;11;8;1;1;38;12;1;1;694;206;22;11;825;453;72;40;1519;659;94;51
2022.04_13-10-2022;Чувашская Республика;75_90_days;CoviVac;0;0;0;0;1;0;0;0;1;0;0;0;694;206;22;11;825;453;72;40;1519;659;94;51
2022.04_13-10-2022;Чувашская Республика;75_90_days;EpiVacCorona;0;0;0;0;1;1;0;0;1;1;0;0;694;206;22;11;825;453;72;40;1519;659;94;51
2022.04_13-10-2022;Чувашская Республика;75_90_days;SputnikLite;19;2;0;0;7;5;1;1;26;7;1;1;694;206;22;11;825;453;72;40;1519;659;94;51
2022.04_13-10-2022;Чувашская Республика;75_90_days;SputnikV;8;2;0;0;2;2;0;0;10;4;0;0;694;206;22;11;825;453;72;40;1519;659;94;51
2022.04_13-10-2022;Чувашская Республика;90_105_days;AllVaccines;17;5;0;0;17;6;1;0;34;11;1;0;694;206;22;11;825;453;72;40;1519;659;94;51
2022.04_13-10-2022;Чувашская Республика;90_105_days;EpiVacCorona;1;1;0;0;1;1;0;0;2;2;0;0;694;206;22;11;825;453;72;40;1519;659;94;51
2022.04_13-10-2022;Чувашская Республика;90_105_days;SputnikLite;9;2;0;0;12;3;0;0;21;5;0;0;694;206;22;11;825;453;72;40;1519;659;94;51
2022.04_13-10-2022;Чувашская Республика;90_105_days;SputnikV;7;2;0;0;4;2;1;0;11;4;1;0;694;206;22;11;825;453;72;40;1519;659;94;51
2022.04_13-10-2022;Чукотский автономный округ;105_165_days;AllVaccines;10;2;0;0;4;1;0;0;14;3;0;0;78;8;0;0;10;1;0;0;88;9;0;0
2022.04_13-10-2022;Чукотский автономный округ;105_165_days;CoviVac;2;1;0;0;0;0;0;0;2;1;0;0;78;8;0;0;10;1;0;0;88;9;0;0
2022.04_13-10-2022;Чукотский автономный округ;105_165_days;EpiVacCorona;1;0;0;0;0;0;0;0;1;0;0;0;78;8;0;0;10;1;0;0;88;9;0;0
2022.04_13-10-2022;Чукотский автономный округ;105_165_days;SputnikLite;7;1;0;0;3;1;0;0;10;2;0;0;78;8;0;0;10;1;0;0;88;9;0;0
2022.04_13-10-2022;Чукотский автономный округ;105_165_days;SputnikV;0;0;0;0;1;0;0;0;1;0;0;0;78;8;0;0;10;1;0;0;88;9;0;0
2022.04_13-10-2022;Чукотский автономный округ;165_195_days;AllVaccines;9;0;0;0;1;0;0;0;10;0;0;0;78;8;0;0;10;1;0;0;88;9;0;0
2022.04_13-10-2022;Чукотский автономный округ;165_195_days;SputnikLite;9;0;0;0;1;0;0;0;10;0;0;0;78;8;0;0;10;1;0;0;88;9;0;0
2022.04_13-10-2022;Чукотский автономный округ;21_45_days;AllVaccines;4;1;0;0;0;0;0;0;4;1;0;0;78;8;0;0;10;1;0;0;88;9;0;0
2022.04_13-10-2022;Чукотский автономный округ;21_45_days;SputnikLite;2;1;0;0;0;0;0;0;2;1;0;0;78;8;0;0;10;1;0;0;88;9;0;0
2022.04_13-10-2022;Чукотский автономный округ;21_45_days;SputnikV;2;0;0;0;0;0;0;0;2;0;0;0;78;8;0;0;10;1;0;0;88;9;0;0
2022.04_13-10-2022;Чукотский автономный округ;45_75_days;AllVaccines;1;0;0;0;0;0;0;0;1;0;0;0;78;8;0;0;10;1;0;0;88;9;0;0
2022.04_13-10-2022;Чукотский автономный округ;45_75_days;EpiVacCorona;1;0;0;0;0;0;0;0;1;0;0;0;78;8;0;0;10;1;0;0;88;9;0;0
2022.04_13-10-2022;Чукотский автономный округ;75_90_days;AllVaccines;1;0;0;0;0;0;0;0;1;0;0;0;78;8;0;0;10;1;0;0;88;9;0;0
2022.04_13-10-2022;Чукотский автономный округ;75_90_days;SputnikLite;1;0;0;0;0;0;0;0;1;0;0;0;78;8;0;0;10;1;0;0;88;9;0;0
2022.04_13-10-2022;Чукотский автономный округ;90_105_days;AllVaccines;1;1;0;0;0;0;0;0;1;1;0;0;78;8;0;0;10;1;0;0;88;9;0;0
2022.04_13-10-2022;Чукотский автономный округ;90_105_days;SputnikV;1;1;0;0;0;0;0;0;1;1;0;0;78;8;0;0;10;1;0;0;88;9;0;0
2022.04_13-10-2022;Ямало-Ненецкий автономный округ;105_165_days;AllVaccines;74;10;1;1;28;5;1;0;102;15;2;1;430;41;2;0;113;26;7;1;543;67;9;1
2022.04_13-10-2022;Ямало-Ненецкий автономный округ;105_165_days;CoviVac;3;2;0;0;0;0;0;0;3;2;0;0;430;41;2;0;113;26;7;1;543;67;9;1
2022.04_13-10-2022;Ямало-Ненецкий автономный округ;105_165_days;EpiVacCorona;1;0;0;0;0;0;0;0;1;0;0;0;430;41;2;0;113;26;7;1;543;67;9;1
2022.04_13-10-2022;Ямало-Ненецкий автономный округ;105_165_days;SputnikLite;32;5;1;1;17;4;1;0;49;9;2;1;430;41;2;0;113;26;7;1;543;67;9;1
2022.04_13-10-2022;Ямало-Ненецкий автономный округ;105_165_days;SputnikV;38;3;0;0;11;1;0;0;49;4;0;0;430;41;2;0;113;26;7;1;543;67;9;1
2022.04_13-10-2022;Ямало-Ненецкий автономный округ;165_195_days;AllVaccines;29;2;1;0;5;1;1;0;34;3;2;0;430;41;2;0;113;26;7;1;543;67;9;1
2022.04_13-10-2022;Ямало-Ненецкий автономный округ;165_195_days;CoviVac;1;1;1;0;0;0;0;0;1;1;1;0;430;41;2;0;113;26;7;1;543;67;9;1
2022.04_13-10-2022;Ямало-Ненецкий автономный округ;165_195_days;SputnikLite;23;1;0;0;5;1;1;0;28;2;1;0;430;41;2;0;113;26;7;1;543;67;9;1
2022.04_13-10-2022;Ямало-Ненецкий автономный округ;165_195_days;SputnikV;5;0;0;0;0;0;0;0;5;0;0;0;430;41;2;0;113;26;7;1;543;67;9;1
2022.04_13-10-2022;Ямало-Ненецкий автономный округ;21_45_days;AllVaccines;10;2;0;0;4;0;0;0;14;2;0;0;430;41;2;0;113;26;7;1;543;67;9;1
2022.04_13-10-2022;Ямало-Ненецкий автономный округ;21_45_days;SputnikLite;6;1;0;0;4;0;0;0;10;1;0;0;430;41;2;0;113;26;7;1;543;67;9;1
2022.04_13-10-2022;Ямало-Ненецкий автономный округ;21_45_days;SputnikV;4;1;0;0;0;0;0;0;4;1;0;0;430;41;2;0;113;26;7;1;543;67;9;1
2022.04_13-10-2022;Ямало-Ненецкий автономный округ;45_75_days;AllVaccines;14;1;0;0;7;3;0;0;21;4;0;0;430;41;2;0;113;26;7;1;543;67;9;1
2022.04_13-10-2022;Ямало-Ненецкий автономный округ;45_75_days;SputnikLite;9;1;0;0;3;1;0;0;12;2;0;0;430;41;2;0;113;26;7;1;543;67;9;1
2022.04_13-10-2022;Ямало-Ненецкий автономный округ;45_75_days;SputnikV;5;0;0;0;4;2;0;0;9;2;0;0;430;41;2;0;113;26;7;1;543;67;9;1
2022.04_13-10-2022;Ямало-Ненецкий автономный округ;75_90_days;AllVaccines;17;2;0;0;3;1;0;0;20;3;0;0;430;41;2;0;113;26;7;1;543;67;9;1
2022.04_13-10-2022;Ямало-Ненецкий автономный округ;75_90_days;SputnikLite;17;2;0;0;3;1;0;0;20;3;0;0;430;41;2;0;113;26;7;1;543;67;9;1
2022.04_13-10-2022;Ямало-Ненецкий автономный округ;90_105_days;AllVaccines;6;0;0;0;3;2;0;0;9;2;0;0;430;41;2;0;113;26;7;1;543;67;9;1
2022.04_13-10-2022;Ямало-Ненецкий автономный округ;90_105_days;SputnikLite;6;0;0;0;2;2;0;0;8;2;0;0;430;41;2;0;113;26;7;1;543;67;9;1
2022.04_13-10-2022;Ямало-Ненецкий автономный округ;90_105_days;SputnikV;0;0;0;0;1;0;0;0;1;0;0;0;430;41;2;0;113;26;7;1;543;67;9;1
2022.04_13-10-2022;Ярославская область;105_165_days;AllVaccines;190;12;2;1;205;58;13;7;395;70;15;8;1383;179;32;9;1389;498;126;73;2772;677;158;82
2022.04_13-10-2022;Ярославская область;105_165_days;CoviVac;3;0;0;0;1;0;0;0;4;0;0;0;1383;179;32;9;1389;498;126;73;2772;677;158;82
2022.04_13-10-2022;Ярославская область;105_165_days;EpiVacCorona;1;0;0;0;6;1;0;0;7;1;0;0;1383;179;32;9;1389;498;126;73;2772;677;158;82
2022.04_13-10-2022;Ярославская область;105_165_days;SputnikLite;107;4;1;1;99;29;10;5;206;33;11;6;1383;179;32;9;1389;498;126;73;2772;677;158;82
2022.04_13-10-2022;Ярославская область;105_165_days;SputnikV;79;8;1;0;99;28;3;2;178;36;4;2;1383;179;32;9;1389;498;126;73;2772;677;158;82
2022.04_13-10-2022;Ярославская область;165_195_days;AllVaccines;62;9;1;0;76;23;4;2;138;32;5;2;1383;179;32;9;1389;498;126;73;2772;677;158;82
2022.04_13-10-2022;Ярославская область;165_195_days;SputnikLite;48;6;1;0;56;16;3;2;104;22;4;2;1383;179;32;9;1389;498;126;73;2772;677;158;82
2022.04_13-10-2022;Ярославская область;165_195_days;SputnikV;14;3;0;0;20;7;1;0;34;10;1;0;1383;179;32;9;1389;498;126;73;2772;677;158;82
2022.04_13-10-2022;Ярославская область;21_45_days;AllVaccines;16;3;0;0;4;2;0;0;20;5;0;0;1383;179;32;9;1389;498;126;73;2772;677;158;82
2022.04_13-10-2022;Ярославская область;21_45_days;CoviVac;2;1;0;0;0;0;0;0;2;1;0;0;1383;179;32;9;1389;498;126;73;2772;677;158;82
2022.04_13-10-2022;Ярославская область;21_45_days;EpiVacCorona;1;0;0;0;0;0;0;0;1;0;0;0;1383;179;32;9;1389;498;126;73;2772;677;158;82
2022.04_13-10-2022;Ярославская область;21_45_days;SputnikLite;4;0;0;0;2;1;0;0;6;1;0;0;1383;179;32;9;1389;498;126;73;2772;677;158;82
2022.04_13-10-2022;Ярославская область;21_45_days;SputnikV;9;2;0;0;2;1;0;0;11;3;0;0;1383;179;32;9;1389;498;126;73;2772;677;158;82
2022.04_13-10-2022;Ярославская область;45_75_days;AllVaccines;37;1;1;1;33;6;3;0;70;7;4;1;1383;179;32;9;1389;498;126;73;2772;677;158;82
2022.04_13-10-2022;Ярославская область;45_75_days;CoviVac;0;0;0;0;1;0;0;0;1;0;0;0;1383;179;32;9;1389;498;126;73;2772;677;158;82
2022.04_13-10-2022;Ярославская область;45_75_days;EpiVacCorona;4;0;0;0;1;0;0;0;5;0;0;0;1383;179;32;9;1389;498;126;73;2772;677;158;82
2022.04_13-10-2022;Ярославская область;45_75_days;SputnikLite;18;1;1;1;18;5;2;0;36;6;3;1;1383;179;32;9;1389;498;126;73;2772;677;158;82
2022.04_13-10-2022;Ярославская область;45_75_days;SputnikV;15;0;0;0;13;1;1;0;28;1;1;0;1383;179;32;9;1389;498;126;73;2772;677;158;82
2022.04_13-10-2022;Ярославская область;75_90_days;AllVaccines;19;1;0;0;32;10;2;1;51;11;2;1;1383;179;32;9;1389;498;126;73;2772;677;158;82
2022.04_13-10-2022;Ярославская область;75_90_days;EpiVacCorona;2;0;0;0;2;0;0;0;4;0;0;0;1383;179;32;9;1389;498;126;73;2772;677;158;82
2022.04_13-10-2022;Ярославская область;75_90_days;SputnikLite;15;1;0;0;24;7;2;1;39;8;2;1;1383;179;32;9;1389;498;126;73;2772;677;158;82
2022.04_13-10-2022;Ярославская область;75_90_days;SputnikV;2;0;0;0;6;3;0;0;8;3;0;0;1383;179;32;9;1389;498;126;73;2772;677;158;82
2022.04_13-10-2022;Ярославская область;90_105_days;AllVaccines;22;1;0;0;22;10;1;0;44;11;1;0;1383;179;32;9;1389;498;126;73;2772;677;158;82
2022.04_13-10-2022;Ярославская область;90_105_days;CoviVac;1;1;0;0;3;0;0;0;4;1;0;0;1383;179;32;9;1389;498;126;73;2772;677;158;82
2022.04_13-10-2022;Ярославская область;90_105_days;EpiVacCorona;1;0;0;0;1;1;1;0;2;1;1;0;1383;179;32;9;1389;498;126;73;2772;677;158;82
2022.04_13-10-2022;Ярославская область;90_105_days;SputnikLite;11;0;0;0;13;5;0;0;24;5;0;0;1383;179;32;9;1389;498;126;73;2772;677;158;82
2022.04_13-10-2022;Ярославская область;90_105_days;SputnikV;9;0;0;0;5;4;0;0;14;4;0;0;1383;179;32;9;1389;498;126;73;2772;677;158;82
2022.04_13-10-2022;г. Москва;105_165_days;AllVaccines;944;24;10;4;1362;149;85;51;2306;173;95;55;10253;402;218;71;7533;1134;819;541;17786;1536;1037;612
2022.04_13-10-2022;г. Москва;105_165_days;CoviVac;73;0;2;0;16;2;0;0;89;2;2;0;10253;402;218;71;7533;1134;819;541;17786;1536;1037;612
2022.04_13-10-2022;г. Москва;105_165_days;EpiVacCorona;2;0;0;0;2;1;0;0;4;1;0;0;10253;402;218;71;7533;1134;819;541;17786;1536;1037;612
2022.04_13-10-2022;г. Москва;105_165_days;SputnikLite;296;6;1;1;633;55;34;21;929;61;35;22;10253;402;218;71;7533;1134;819;541;17786;1536;1037;612
2022.04_13-10-2022;г. Москва;105_165_days;SputnikV;573;18;7;3;711;91;51;30;1284;109;58;33;10253;402;218;71;7533;1134;819;541;17786;1536;1037;612
2022.04_13-10-2022;г. Москва;165_195_days;AllVaccines;306;8;1;3;552;55;28;17;858;63;29;20;10253;402;218;71;7533;1134;819;541;17786;1536;1037;612
2022.04_13-10-2022;г. Москва;165_195_days;CoviVac;20;0;0;0;6;1;0;0;26;1;0;0;10253;402;218;71;7533;1134;819;541;17786;1536;1037;612
2022.04_13-10-2022;г. Москва;165_195_days;EpiVacCorona;1;0;0;0;5;0;0;0;6;0;0;0;10253;402;218;71;7533;1134;819;541;17786;1536;1037;612
2022.04_13-10-2022;г. Москва;165_195_days;SputnikLite;137;2;0;1;349;33;19;11;486;35;19;12;10253;402;218;71;7533;1134;819;541;17786;1536;1037;612
2022.04_13-10-2022;г. Москва;165_195_days;SputnikV;148;6;1;2;192;21;9;6;340;27;10;8;10253;402;218;71;7533;1134;819;541;17786;1536;1037;612
2022.04_13-10-2022;г. Москва;21_45_days;AllVaccines;52;0;1;0;55;5;4;3;107;5;5;3;10253;402;218;71;7533;1134;819;541;17786;1536;1037;612
2022.04_13-10-2022;г. Москва;21_45_days;CoviVac;3;0;0;0;1;0;0;0;4;0;0;0;10253;402;218;71;7533;1134;819;541;17786;1536;1037;612
2022.04_13-10-2022;г. Москва;21_45_days;SputnikLite;8;0;1;0;12;0;0;0;20;0;1;0;10253;402;218;71;7533;1134;819;541;17786;1536;1037;612
2022.04_13-10-2022;г. Москва;21_45_days;SputnikV;41;0;0;0;42;5;4;3;83;5;4;3;10253;402;218;71;7533;1134;819;541;17786;1536;1037;612
2022.04_13-10-2022;г. Москва;45_75_days;AllVaccines;286;10;6;1;204;17;8;7;490;27;14;8;10253;402;218;71;7533;1134;819;541;17786;1536;1037;612
2022.04_13-10-2022;г. Москва;45_75_days;CoviVac;14;1;0;0;1;0;0;0;15;1;0;0;10253;402;218;71;7533;1134;819;541;17786;1536;1037;612
2022.04_13-10-2022;г. Москва;45_75_days;EpiVacCorona;1;0;0;0;0;0;0;0;1;0;0;0;10253;402;218;71;7533;1134;819;541;17786;1536;1037;612
2022.04_13-10-2022;г. Москва;45_75_days;SputnikLite;142;4;2;1;106;9;6;4;248;13;8;5;10253;402;218;71;7533;1134;819;541;17786;1536;1037;612
2022.04_13-10-2022;г. Москва;45_75_days;SputnikV;129;5;4;0;97;8;2;3;226;13;6;3;10253;402;218;71;7533;1134;819;541;17786;1536;1037;612
2022.04_13-10-2022;г. Москва;75_90_days;AllVaccines;205;5;2;1;174;20;12;9;379;25;14;10;10253;402;218;71;7533;1134;819;541;17786;1536;1037;612
2022.04_13-10-2022;г. Москва;75_90_days;CoviVac;3;0;0;0;4;1;0;0;7;1;0;0;10253;402;218;71;7533;1134;819;541;17786;1536;1037;612
2022.04_13-10-2022;г. Москва;75_90_days;EpiVacCorona;1;0;0;0;0;0;0;0;1;0;0;0;10253;402;218;71;7533;1134;819;541;17786;1536;1037;612
2022.04_13-10-2022;г. Москва;75_90_days;SputnikLite;166;5;2;1;138;14;11;7;304;19;13;8;10253;402;218;71;7533;1134;819;541;17786;1536;1037;612
2022.04_13-10-2022;г. Москва;75_90_days;SputnikV;35;0;0;0;32;5;1;2;67;5;1;2;10253;402;218;71;7533;1134;819;541;17786;1536;1037;612
2022.04_13-10-2022;г. Москва;90_105_days;AllVaccines;138;7;2;1;114;14;9;5;252;21;11;6;10253;402;218;71;7533;1134;819;541;17786;1536;1037;612
2022.04_13-10-2022;г. Москва;90_105_days;CoviVac;5;0;0;0;0;0;0;0;5;0;0;0;10253;402;218;71;7533;1134;819;541;17786;1536;1037;612
2022.04_13-10-2022;г. Москва;90_105_days;EpiVacCorona;1;0;0;0;0;0;0;0;1;0;0;0;10253;402;218;71;7533;1134;819;541;17786;1536;1037;612
2022.04_13-10-2022;г. Москва;90_105_days;SputnikLite;83;6;2;1;66;8;5;2;149;14;7;3;10253;402;218;71;7533;1134;819;541;17786;1536;1037;612
2022.04_13-10-2022;г. Москва;90_105_days;SputnikV;49;1;0;0;48;6;4;3;97;7;4;3;10253;402;218;71;7533;1134;819;541;17786;1536;1037;612
2022.04_13-10-2022;г. Санкт-Петербург;105_165_days;AllVaccines;1231;111;12;5;1151;276;59;21;2382;387;71;26;7654;947;132;60;6141;2185;607;402;13795;3132;739;462
2022.04_13-10-2022;г. Санкт-Петербург;105_165_days;CoviVac;17;0;0;0;3;1;0;0;20;1;0;0;7654;947;132;60;6141;2185;607;402;13795;3132;739;462
2022.04_13-10-2022;г. Санкт-Петербург;105_165_days;EpiVacCorona;21;2;0;0;25;5;2;0;46;7;2;0;7654;947;132;60;6141;2185;607;402;13795;3132;739;462
2022.04_13-10-2022;г. Санкт-Петербург;105_165_days;SputnikLite;392;32;0;0;551;130;22;5;943;162;22;5;7654;947;132;60;6141;2185;607;402;13795;3132;739;462
2022.04_13-10-2022;г. Санкт-Петербург;105_165_days;SputnikV;801;77;12;5;572;140;35;16;1373;217;47;21;7654;947;132;60;6141;2185;607;402;13795;3132;739;462
2022.04_13-10-2022;г. Санкт-Петербург;165_195_days;AllVaccines;352;32;4;0;343;69;19;7;695;101;23;7;7654;947;132;60;6141;2185;607;402;13795;3132;739;462
2022.04_13-10-2022;г. Санкт-Петербург;165_195_days;CoviVac;13;0;0;0;1;0;0;0;14;0;0;0;7654;947;132;60;6141;2185;607;402;13795;3132;739;462
2022.04_13-10-2022;г. Санкт-Петербург;165_195_days;EpiVacCorona;1;0;0;0;0;0;0;0;1;0;0;0;7654;947;132;60;6141;2185;607;402;13795;3132;739;462
2022.04_13-10-2022;г. Санкт-Петербург;165_195_days;SputnikLite;220;21;2;0;205;42;11;5;425;63;13;5;7654;947;132;60;6141;2185;607;402;13795;3132;739;462
2022.04_13-10-2022;г. Санкт-Петербург;165_195_days;SputnikV;118;11;2;0;137;27;8;2;255;38;10;2;7654;947;132;60;6141;2185;607;402;13795;3132;739;462
2022.04_13-10-2022;г. Санкт-Петербург;21_45_days;AllVaccines;85;2;0;0;55;11;2;1;140;13;2;1;7654;947;132;60;6141;2185;607;402;13795;3132;739;462
2022.04_13-10-2022;г. Санкт-Петербург;21_45_days;CoviVac;1;0;0;0;0;0;0;0;1;0;0;0;7654;947;132;60;6141;2185;607;402;13795;3132;739;462
2022.04_13-10-2022;г. Санкт-Петербург;21_45_days;EpiVacCorona;1;0;0;0;0;0;0;0;1;0;0;0;7654;947;132;60;6141;2185;607;402;13795;3132;739;462
2022.04_13-10-2022;г. Санкт-Петербург;21_45_days;SputnikLite;38;1;0;0;34;6;1;0;72;7;1;0;7654;947;132;60;6141;2185;607;402;13795;3132;739;462
2022.04_13-10-2022;г. Санкт-Петербург;21_45_days;SputnikV;45;1;0;0;21;5;1;1;66;6;1;1;7654;947;132;60;6141;2185;607;402;13795;3132;739;462
2022.04_13-10-2022;г. Санкт-Петербург;45_75_days;AllVaccines;278;22;5;1;156;43;9;6;434;65;14;7;7654;947;132;60;6141;2185;607;402;13795;3132;739;462
2022.04_13-10-2022;г. Санкт-Петербург;45_75_days;CoviVac;7;0;0;0;0;0;0;0;7;0;0;0;7654;947;132;60;6141;2185;607;402;13795;3132;739;462
2022.04_13-10-2022;г. Санкт-Петербург;45_75_days;EpiVacCorona;3;2;2;0;4;3;1;1;7;5;3;1;7654;947;132;60;6141;2185;607;402;13795;3132;739;462
2022.04_13-10-2022;г. Санкт-Петербург;45_75_days;SputnikLite;123;11;2;0;76;20;4;3;199;31;6;3;7654;947;132;60;6141;2185;607;402;13795;3132;739;462
2022.04_13-10-2022;г. Санкт-Петербург;45_75_days;SputnikV;145;9;1;1;76;20;4;2;221;29;5;3;7654;947;132;60;6141;2185;607;402;13795;3132;739;462
2022.04_13-10-2022;г. Санкт-Петербург;75_90_days;AllVaccines;148;14;1;1;106;27;3;3;254;41;4;4;7654;947;132;60;6141;2185;607;402;13795;3132;739;462
2022.04_13-10-2022;г. Санкт-Петербург;75_90_days;CoviVac;2;0;0;0;0;0;0;0;2;0;0;0;7654;947;132;60;6141;2185;607;402;13795;3132;739;462
2022.04_13-10-2022;г. Санкт-Петербург;75_90_days;EpiVacCorona;3;0;0;0;0;0;0;0;3;0;0;0;7654;947;132;60;6141;2185;607;402;13795;3132;739;462
2022.04_13-10-2022;г. Санкт-Петербург;75_90_days;SputnikLite;88;7;1;1;72;17;3;3;160;24;4;4;7654;947;132;60;6141;2185;607;402;13795;3132;739;462
2022.04_13-10-2022;г. Санкт-Петербург;75_90_days;SputnikV;55;7;0;0;34;10;0;0;89;17;0;0;7654;947;132;60;6141;2185;607;402;13795;3132;739;462
2022.04_13-10-2022;г. Санкт-Петербург;90_105_days;AllVaccines;158;24;2;0;153;49;9;9;311;73;11;9;7654;947;132;60;6141;2185;607;402;13795;3132;739;462
2022.04_13-10-2022;г. Санкт-Петербург;90_105_days;CoviVac;2;0;0;0;0;0;0;0;2;0;0;0;7654;947;132;60;6141;2185;607;402;13795;3132;739;462
2022.04_13-10-2022;г. Санкт-Петербург;90_105_days;EpiVacCorona;5;1;0;0;4;1;0;0;9;2;0;0;7654;947;132;60;6141;2185;607;402;13795;3132;739;462
2022.04_13-10-2022;г. Санкт-Петербург;90_105_days;SputnikLite;55;4;0;0;64;22;3;2;119;26;3;2;7654;947;132;60;6141;2185;607;402;13795;3132;739;462
2022.04_13-10-2022;г. Санкт-Петербург;90_105_days;SputnikV;96;19;2;0;85;26;6;7;181;45;8;7;7654;947;132;60;6141;2185;607;402;13795;3132;739;462
2022.04_13-10-2022;г. Севастополь;105_165_days;AllVaccines;148;15;3;0;124;33;5;3;272;48;8;3;662;69;7;3;636;197;48;37;1298;266;55;40
2022.04_13-10-2022;г. Севастополь;105_165_days;CoviVac;4;0;0;0;1;0;0;0;5;0;0;0;662;69;7;3;636;197;48;37;1298;266;55;40
2022.04_13-10-2022;г. Севастополь;105_165_days;EpiVacCorona;3;2;1;0;4;1;0;0;7;3;1;0;662;69;7;3;636;197;48;37;1298;266;55;40
2022.04_13-10-2022;г. Севастополь;105_165_days;SputnikLite;49;3;1;0;67;15;3;1;116;18;4;1;662;69;7;3;636;197;48;37;1298;266;55;40
2022.04_13-10-2022;г. Севастополь;105_165_days;SputnikV;92;10;1;0;52;17;2;2;144;27;3;2;662;69;7;3;636;197;48;37;1298;266;55;40
2022.04_13-10-2022;г. Севастополь;165_195_days;AllVaccines;27;1;0;0;45;11;0;0;72;12;0;0;662;69;7;3;636;197;48;37;1298;266;55;40
2022.04_13-10-2022;г. Севастополь;165_195_days;EpiVacCorona;0;0;0;0;1;0;0;0;1;0;0;0;662;69;7;3;636;197;48;37;1298;266;55;40
2022.04_13-10-2022;г. Севастополь;165_195_days;SputnikLite;17;1;0;0;33;8;0;0;50;9;0;0;662;69;7;3;636;197;48;37;1298;266;55;40
2022.04_13-10-2022;г. Севастополь;165_195_days;SputnikV;10;0;0;0;11;3;0;0;21;3;0;0;662;69;7;3;636;197;48;37;1298;266;55;40
2022.04_13-10-2022;г. Севастополь;21_45_days;AllVaccines;6;1;0;0;9;1;1;0;15;2;1;0;662;69;7;3;636;197;48;37;1298;266;55;40
2022.04_13-10-2022;г. Севастополь;21_45_days;EpiVacCorona;0;0;0;0;2;0;0;0;2;0;0;0;662;69;7;3;636;197;48;37;1298;266;55;40
2022.04_13-10-2022;г. Севастополь;21_45_days;SputnikLite;3;0;0;0;5;1;1;0;8;1;1;0;662;69;7;3;636;197;48;37;1298;266;55;40
2022.04_13-10-2022;г. Севастополь;21_45_days;SputnikV;3;1;0;0;2;0;0;0;5;1;0;0;662;69;7;3;636;197;48;37;1298;266;55;40
2022.04_13-10-2022;г. Севастополь;45_75_days;AllVaccines;14;5;0;0;19;3;1;1;33;8;1;1;662;69;7;3;636;197;48;37;1298;266;55;40
2022.04_13-10-2022;г. Севастополь;45_75_days;SputnikLite;9;3;0;0;10;1;1;1;19;4;1;1;662;69;7;3;636;197;48;37;1298;266;55;40
2022.04_13-10-2022;г. Севастополь;45_75_days;SputnikV;5;2;0;0;9;2;0;0;14;4;0;0;662;69;7;3;636;197;48;37;1298;266;55;40
2022.04_13-10-2022;г. Севастополь;75_90_days;AllVaccines;16;2;0;0;9;1;0;0;25;3;0;0;662;69;7;3;636;197;48;37;1298;266;55;40
2022.04_13-10-2022;г. Севастополь;75_90_days;CoviVac;1;1;0;0;0;0;0;0;1;1;0;0;662;69;7;3;636;197;48;37;1298;266;55;40
2022.04_13-10-2022;г. Севастополь;75_90_days;EpiVacCorona;1;0;0;0;0;0;0;0;1;0;0;0;662;69;7;3;636;197;48;37;1298;266;55;40
2022.04_13-10-2022;г. Севастополь;75_90_days;SputnikLite;12;1;0;0;7;1;0;0;19;2;0;0;662;69;7;3;636;197;48;37;1298;266;55;40
2022.04_13-10-2022;г. Севастополь;75_90_days;SputnikV;2;0;0;0;2;0;0;0;4;0;0;0;662;69;7;3;636;197;48;37;1298;266;55;40
2022.04_13-10-2022;г. Севастополь;90_105_days;AllVaccines;9;0;0;0;9;1;0;0;18;1;0;0;662;69;7;3;636;197;48;37;1298;266;55;40
2022.04_13-10-2022;г. Севастополь;90_105_days;SputnikLite;8;0;0;0;8;1;0;0;16;1;0;0;662;69;7;3;636;197;48;37;1298;266;55;40
2022.04_13-10-2022;г. Севастополь;90_105_days;SputnikV;1;0;0;0;1;0;0;0;2;0;0;0;662;69;7;3;636;197;48;37;1298;266;55;40
2022.05_01-07-2022;Алтайский край;105_165_days;AllVaccines;208;28;3;0;227;67;19;7;435;95;22;7;1550;243;50;18;1304;511;155;72;2854;754;205;90
2022.05_01-07-2022;Алтайский край;105_165_days;CoviVac;1;0;0;0;0;0;0;0;1;0;0;0;1550;243;50;18;1304;511;155;72;2854;754;205;90
2022.05_01-07-2022;Алтайский край;105_165_days;EpiVacCorona;10;2;0;0;9;3;0;0;19;5;0;0;1550;243;50;18;1304;511;155;72;2854;754;205;90
2022.05_01-07-2022;Алтайский край;105_165_days;SputnikLite;101;12;1;0;105;29;7;3;206;41;8;3;1550;243;50;18;1304;511;155;72;2854;754;205;90
2022.05_01-07-2022;Алтайский край;105_165_days;SputnikV;96;14;2;0;113;35;12;4;209;49;14;4;1550;243;50;18;1304;511;155;72;2854;754;205;90
2022.05_01-07-2022;Алтайский край;165_195_days;AllVaccines;116;12;6;2;145;35;9;6;261;47;15;8;1550;243;50;18;1304;511;155;72;2854;754;205;90
2022.05_01-07-2022;Алтайский край;165_195_days;CoviVac;1;0;0;0;0;0;0;0;1;0;0;0;1550;243;50;18;1304;511;155;72;2854;754;205;90
2022.05_01-07-2022;Алтайский край;165_195_days;EpiVacCorona;9;1;1;0;14;4;1;1;23;5;2;1;1550;243;50;18;1304;511;155;72;2854;754;205;90
2022.05_01-07-2022;Алтайский край;165_195_days;SputnikLite;48;4;1;1;58;14;4;2;106;18;5;3;1550;243;50;18;1304;511;155;72;2854;754;205;90
2022.05_01-07-2022;Алтайский край;165_195_days;SputnikV;58;7;4;1;73;17;4;3;131;24;8;4;1550;243;50;18;1304;511;155;72;2854;754;205;90
2022.05_01-07-2022;Алтайский край;21_45_days;AllVaccines;11;0;0;0;12;6;0;0;23;6;0;0;1550;243;50;18;1304;511;155;72;2854;754;205;90
2022.05_01-07-2022;Алтайский край;21_45_days;CoviVac;2;0;0;0;1;1;0;0;3;1;0;0;1550;243;50;18;1304;511;155;72;2854;754;205;90
2022.05_01-07-2022;Алтайский край;21_45_days;EpiVacCorona;3;0;0;0;0;0;0;0;3;0;0;0;1550;243;50;18;1304;511;155;72;2854;754;205;90
2022.05_01-07-2022;Алтайский край;21_45_days;SputnikLite;1;0;0;0;0;0;0;0;1;0;0;0;1550;243;50;18;1304;511;155;72;2854;754;205;90
2022.05_01-07-2022;Алтайский край;21_45_days;SputnikV;5;0;0;0;11;5;0;0;16;5;0;0;1550;243;50;18;1304;511;155;72;2854;754;205;90
2022.05_01-07-2022;Алтайский край;45_75_days;AllVaccines;17;2;1;0;13;2;1;1;30;4;2;1;1550;243;50;18;1304;511;155;72;2854;754;205;90
2022.05_01-07-2022;Алтайский край;45_75_days;CoviVac;2;0;0;0;0;0;0;0;2;0;0;0;1550;243;50;18;1304;511;155;72;2854;754;205;90
2022.05_01-07-2022;Алтайский край;45_75_days;EpiVacCorona;2;0;0;0;1;0;0;0;3;0;0;0;1550;243;50;18;1304;511;155;72;2854;754;205;90
2022.05_01-07-2022;Алтайский край;45_75_days;SputnikLite;2;0;0;0;2;0;0;0;4;0;0;0;1550;243;50;18;1304;511;155;72;2854;754;205;90
2022.05_01-07-2022;Алтайский край;45_75_days;SputnikV;11;2;1;0;10;2;1;1;21;4;2;1;1550;243;50;18;1304;511;155;72;2854;754;205;90
2022.05_01-07-2022;Алтайский край;75_90_days;AllVaccines;40;6;1;1;16;8;2;1;56;14;3;2;1550;243;50;18;1304;511;155;72;2854;754;205;90
2022.05_01-07-2022;Алтайский край;75_90_days;EpiVacCorona;2;0;0;0;1;0;0;0;3;0;0;0;1550;243;50;18;1304;511;155;72;2854;754;205;90
2022.05_01-07-2022;Алтайский край;75_90_days;SputnikLite;23;3;0;0;10;4;1;0;33;7;1;0;1550;243;50;18;1304;511;155;72;2854;754;205;90
2022.05_01-07-2022;Алтайский край;75_90_days;SputnikV;15;3;1;1;5;4;1;1;20;7;2;2;1550;243;50;18;1304;511;155;72;2854;754;205;90
2022.05_01-07-2022;Алтайский край;90_105_days;AllVaccines;37;2;1;1;30;10;5;1;67;12;6;2;1550;243;50;18;1304;511;155;72;2854;754;205;90
2022.05_01-07-2022;Алтайский край;90_105_days;CoviVac;0;0;0;0;1;1;1;0;1;1;1;0;1550;243;50;18;1304;511;155;72;2854;754;205;90
2022.05_01-07-2022;Алтайский край;90_105_days;EpiVacCorona;2;0;0;0;0;0;0;0;2;0;0;0;1550;243;50;18;1304;511;155;72;2854;754;205;90
2022.05_01-07-2022;Алтайский край;90_105_days;SputnikLite;18;1;1;1;9;1;0;0;27;2;1;1;1550;243;50;18;1304;511;155;72;2854;754;205;90
2022.05_01-07-2022;Алтайский край;90_105_days;SputnikV;17;1;0;0;20;8;4;1;37;9;4;1;1550;243;50;18;1304;511;155;72;2854;754;205;90
2022.05_01-07-2022;Амурская область;105_165_days;AllVaccines;103;8;1;1;39;14;4;3;142;22;5;4;712;81;15;8;357;149;51;16;1069;230;66;24
2022.05_01-07-2022;Амурская область;105_165_days;CoviVac;2;0;0;0;0;0;0;0;2;0;0;0;712;81;15;8;357;149;51;16;1069;230;66;24
2022.05_01-07-2022;Амурская область;105_165_days;EpiVacCorona;5;1;0;0;1;0;0;0;6;1;0;0;712;81;15;8;357;149;51;16;1069;230;66;24
2022.05_01-07-2022;Амурская область;105_165_days;SputnikLite;32;3;0;0;23;8;1;1;55;11;1;1;712;81;15;8;357;149;51;16;1069;230;66;24
2022.05_01-07-2022;Амурская область;105_165_days;SputnikV;64;4;1;1;15;6;3;2;79;10;4;3;712;81;15;8;357;149;51;16;1069;230;66;24
2022.05_01-07-2022;Амурская область;165_195_days;AllVaccines;62;4;1;1;36;13;4;0;98;17;5;1;712;81;15;8;357;149;51;16;1069;230;66;24
2022.05_01-07-2022;Амурская область;165_195_days;CoviVac;2;0;0;0;0;0;0;0;2;0;0;0;712;81;15;8;357;149;51;16;1069;230;66;24
2022.05_01-07-2022;Амурская область;165_195_days;EpiVacCorona;5;0;0;0;1;1;1;0;6;1;1;0;712;81;15;8;357;149;51;16;1069;230;66;24
2022.05_01-07-2022;Амурская область;165_195_days;SputnikLite;23;3;1;1;18;5;0;0;41;8;1;1;712;81;15;8;357;149;51;16;1069;230;66;24
2022.05_01-07-2022;Амурская область;165_195_days;SputnikV;32;1;0;0;17;7;3;0;49;8;3;0;712;81;15;8;357;149;51;16;1069;230;66;24
2022.05_01-07-2022;Амурская область;21_45_days;AllVaccines;3;0;0;0;2;1;0;0;5;1;0;0;712;81;15;8;357;149;51;16;1069;230;66;24
2022.05_01-07-2022;Амурская область;21_45_days;EpiVacCorona;2;0;0;0;1;1;0;0;3;1;0;0;712;81;15;8;357;149;51;16;1069;230;66;24
2022.05_01-07-2022;Амурская область;21_45_days;SputnikV;1;0;0;0;1;0;0;0;2;0;0;0;712;81;15;8;357;149;51;16;1069;230;66;24
2022.05_01-07-2022;Амурская область;45_75_days;AllVaccines;13;2;0;0;5;2;1;0;18;4;1;0;712;81;15;8;357;149;51;16;1069;230;66;24
2022.05_01-07-2022;Амурская область;45_75_days;CoviVac;2;0;0;0;0;0;0;0;2;0;0;0;712;81;15;8;357;149;51;16;1069;230;66;24
2022.05_01-07-2022;Амурская область;45_75_days;EpiVacCorona;0;0;0;0;2;0;0;0;2;0;0;0;712;81;15;8;357;149;51;16;1069;230;66;24
2022.05_01-07-2022;Амурская область;45_75_days;SputnikLite;5;0;0;0;1;0;0;0;6;0;0;0;712;81;15;8;357;149;51;16;1069;230;66;24
2022.05_01-07-2022;Амурская область;45_75_days;SputnikV;6;2;0;0;2;2;1;0;8;4;1;0;712;81;15;8;357;149;51;16;1069;230;66;24
2022.05_01-07-2022;Амурская область;75_90_days;AllVaccines;13;1;0;0;5;2;0;0;18;3;0;0;712;81;15;8;357;149;51;16;1069;230;66;24
2022.05_01-07-2022;Амурская область;75_90_days;CoviVac;1;0;0;0;0;0;0;0;1;0;0;0;712;81;15;8;357;149;51;16;1069;230;66;24
2022.05_01-07-2022;Амурская область;75_90_days;SputnikLite;9;1;0;0;2;1;0;0;11;2;0;0;712;81;15;8;357;149;51;16;1069;230;66;24
2022.05_01-07-2022;Амурская область;75_90_days;SputnikV;3;0;0;0;3;1;0;0;6;1;0;0;712;81;15;8;357;149;51;16;1069;230;66;24
2022.05_01-07-2022;Амурская область;90_105_days;AllVaccines;12;1;0;0;7;2;1;0;19;3;1;0;712;81;15;8;357;149;51;16;1069;230;66;24
2022.05_01-07-2022;Амурская область;90_105_days;EpiVacCorona;1;0;0;0;0;0;0;0;1;0;0;0;712;81;15;8;357;149;51;16;1069;230;66;24
2022.05_01-07-2022;Амурская область;90_105_days;SputnikLite;5;1;0;0;4;1;0;0;9;2;0;0;712;81;15;8;357;149;51;16;1069;230;66;24
2022.05_01-07-2022;Амурская область;90_105_days;SputnikV;6;0;0;0;3;1;1;0;9;1;1;0;712;81;15;8;357;149;51;16;1069;230;66;24
2022.05_01-07-2022;Архангельская область;105_165_days;AllVaccines;116;16;3;1;108;52;8;3;224;68;11;4;993;182;32;8;765;416;85;39;1758;598;117;47
2022.05_01-07-2022;Архангельская область;105_165_days;CoviVac;1;0;0;0;4;3;1;1;5;3;1;1;993;182;32;8;765;416;85;39;1758;598;117;47
2022.05_01-07-2022;Архангельская область;105_165_days;EpiVacCorona;11;5;2;1;7;2;0;0;18;7;2;1;993;182;32;8;765;416;85;39;1758;598;117;47
2022.05_01-07-2022;Архангельская область;105_165_days;SputnikLite;45;4;1;0;43;18;5;1;88;22;6;1;993;182;32;8;765;416;85;39;1758;598;117;47
2022.05_01-07-2022;Архангельская область;105_165_days;SputnikV;59;7;0;0;54;29;2;1;113;36;2;1;993;182;32;8;765;416;85;39;1758;598;117;47
2022.05_01-07-2022;Архангельская область;165_195_days;AllVaccines;83;13;0;0;74;30;4;1;157;43;4;1;993;182;32;8;765;416;85;39;1758;598;117;47
2022.05_01-07-2022;Архангельская область;165_195_days;CoviVac;1;0;0;0;0;0;0;0;1;0;0;0;993;182;32;8;765;416;85;39;1758;598;117;47
2022.05_01-07-2022;Архангельская область;165_195_days;EpiVacCorona;7;1;0;0;3;3;1;0;10;4;1;0;993;182;32;8;765;416;85;39;1758;598;117;47
2022.05_01-07-2022;Архангельская область;165_195_days;SputnikLite;27;3;0;0;39;13;1;1;66;16;1;1;993;182;32;8;765;416;85;39;1758;598;117;47
2022.05_01-07-2022;Архангельская область;165_195_days;SputnikV;48;9;0;0;32;14;2;0;80;23;2;0;993;182;32;8;765;416;85;39;1758;598;117;47
2022.05_01-07-2022;Архангельская область;21_45_days;AllVaccines;6;3;0;0;3;0;0;0;9;3;0;0;993;182;32;8;765;416;85;39;1758;598;117;47
2022.05_01-07-2022;Архангельская область;21_45_days;CoviVac;1;0;0;0;0;0;0;0;1;0;0;0;993;182;32;8;765;416;85;39;1758;598;117;47
2022.05_01-07-2022;Архангельская область;21_45_days;SputnikLite;1;0;0;0;2;0;0;0;3;0;0;0;993;182;32;8;765;416;85;39;1758;598;117;47
2022.05_01-07-2022;Архангельская область;21_45_days;SputnikV;4;3;0;0;1;0;0;0;5;3;0;0;993;182;32;8;765;416;85;39;1758;598;117;47
2022.05_01-07-2022;Архангельская область;45_75_days;AllVaccines;15;2;0;0;13;5;0;0;28;7;0;0;993;182;32;8;765;416;85;39;1758;598;117;47
2022.05_01-07-2022;Архангельская область;45_75_days;CoviVac;2;0;0;0;0;0;0;0;2;0;0;0;993;182;32;8;765;416;85;39;1758;598;117;47
2022.05_01-07-2022;Архангельская область;45_75_days;EpiVacCorona;2;0;0;0;3;1;0;0;5;1;0;0;993;182;32;8;765;416;85;39;1758;598;117;47
2022.05_01-07-2022;Архангельская область;45_75_days;SputnikLite;2;1;0;0;1;0;0;0;3;1;0;0;993;182;32;8;765;416;85;39;1758;598;117;47
2022.05_01-07-2022;Архангельская область;45_75_days;SputnikV;9;1;0;0;9;4;0;0;18;5;0;0;993;182;32;8;765;416;85;39;1758;598;117;47
2022.05_01-07-2022;Архангельская область;75_90_days;AllVaccines;10;0;0;0;8;4;0;0;18;4;0;0;993;182;32;8;765;416;85;39;1758;598;117;47
2022.05_01-07-2022;Архангельская область;75_90_days;SputnikLite;4;0;0;0;2;1;0;0;6;1;0;0;993;182;32;8;765;416;85;39;1758;598;117;47
2022.05_01-07-2022;Архангельская область;75_90_days;SputnikV;6;0;0;0;6;3;0;0;12;3;0;0;993;182;32;8;765;416;85;39;1758;598;117;47
2022.05_01-07-2022;Архангельская область;90_105_days;AllVaccines;16;2;0;0;9;3;1;0;25;5;1;0;993;182;32;8;765;416;85;39;1758;598;117;47
2022.05_01-07-2022;Архангельская область;90_105_days;CoviVac;1;0;0;0;0;0;0;0;1;0;0;0;993;182;32;8;765;416;85;39;1758;598;117;47
2022.05_01-07-2022;Архангельская область;90_105_days;EpiVacCorona;2;0;0;0;1;0;0;0;3;0;0;0;993;182;32;8;765;416;85;39;1758;598;117;47
2022.05_01-07-2022;Архангельская область;90_105_days;SputnikLite;8;1;0;0;5;2;1;0;13;3;1;0;993;182;32;8;765;416;85;39;1758;598;117;47
2022.05_01-07-2022;Архангельская область;90_105_days;SputnikV;5;1;0;0;3;1;0;0;8;2;0;0;993;182;32;8;765;416;85;39;1758;598;117;47
2022.05_01-07-2022;Астраханская область;105_165_days;AllVaccines;105;15;0;0;66;23;6;3;171;38;6;3;747;113;8;4;580;210;44;24;1327;323;52;28
2022.05_01-07-2022;Астраханская область;105_165_days;CoviVac;1;0;0;0;0;0;0;0;1;0;0;0;747;113;8;4;580;210;44;24;1327;323;52;28
2022.05_01-07-2022;Астраханская область;105_165_days;EpiVacCorona;5;0;0;0;10;4;2;1;15;4;2;1;747;113;8;4;580;210;44;24;1327;323;52;28
2022.05_01-07-2022;Астраханская область;105_165_days;SputnikLite;49;6;0;0;35;9;3;1;84;15;3;1;747;113;8;4;580;210;44;24;1327;323;52;28
2022.05_01-07-2022;Астраханская область;105_165_days;SputnikV;50;9;0;0;21;10;1;1;71;19;1;1;747;113;8;4;580;210;44;24;1327;323;52;28
2022.05_01-07-2022;Астраханская область;165_195_days;AllVaccines;62;6;0;0;41;11;0;0;103;17;0;0;747;113;8;4;580;210;44;24;1327;323;52;28
2022.05_01-07-2022;Астраханская область;165_195_days;CoviVac;0;0;0;0;1;0;0;0;1;0;0;0;747;113;8;4;580;210;44;24;1327;323;52;28
2022.05_01-07-2022;Астраханская область;165_195_days;EpiVacCorona;3;1;0;0;4;2;0;0;7;3;0;0;747;113;8;4;580;210;44;24;1327;323;52;28
2022.05_01-07-2022;Астраханская область;165_195_days;SputnikLite;32;3;0;0;21;5;0;0;53;8;0;0;747;113;8;4;580;210;44;24;1327;323;52;28
2022.05_01-07-2022;Астраханская область;165_195_days;SputnikV;27;2;0;0;15;4;0;0;42;6;0;0;747;113;8;4;580;210;44;24;1327;323;52;28
2022.05_01-07-2022;Астраханская область;21_45_days;AllVaccines;10;1;0;0;7;3;0;0;17;4;0;0;747;113;8;4;580;210;44;24;1327;323;52;28
2022.05_01-07-2022;Астраханская область;21_45_days;CoviVac;2;0;0;0;0;0;0;0;2;0;0;0;747;113;8;4;580;210;44;24;1327;323;52;28
2022.05_01-07-2022;Астраханская область;21_45_days;EpiVacCorona;1;0;0;0;0;0;0;0;1;0;0;0;747;113;8;4;580;210;44;24;1327;323;52;28
2022.05_01-07-2022;Астраханская область;21_45_days;SputnikLite;5;1;0;0;1;1;0;0;6;2;0;0;747;113;8;4;580;210;44;24;1327;323;52;28
2022.05_01-07-2022;Астраханская область;21_45_days;SputnikV;2;0;0;0;6;2;0;0;8;2;0;0;747;113;8;4;580;210;44;24;1327;323;52;28
2022.05_01-07-2022;Астраханская область;45_75_days;AllVaccines;15;1;0;0;6;3;1;0;21;4;1;0;747;113;8;4;580;210;44;24;1327;323;52;28
2022.05_01-07-2022;Астраханская область;45_75_days;SputnikLite;8;1;0;0;3;1;1;0;11;2;1;0;747;113;8;4;580;210;44;24;1327;323;52;28
2022.05_01-07-2022;Астраханская область;45_75_days;SputnikV;7;0;0;0;3;2;0;0;10;2;0;0;747;113;8;4;580;210;44;24;1327;323;52;28
2022.05_01-07-2022;Астраханская область;75_90_days;AllVaccines;18;2;0;0;4;1;0;0;22;3;0;0;747;113;8;4;580;210;44;24;1327;323;52;28
2022.05_01-07-2022;Астраханская область;75_90_days;CoviVac;1;0;0;0;0;0;0;0;1;0;0;0;747;113;8;4;580;210;44;24;1327;323;52;28
2022.05_01-07-2022;Астраханская область;75_90_days;SputnikLite;10;0;0;0;1;0;0;0;11;0;0;0;747;113;8;4;580;210;44;24;1327;323;52;28
2022.05_01-07-2022;Астраханская область;75_90_days;SputnikV;7;2;0;0;3;1;0;0;10;3;0;0;747;113;8;4;580;210;44;24;1327;323;52;28
2022.05_01-07-2022;Астраханская область;90_105_days;AllVaccines;23;1;0;0;10;4;0;0;33;5;0;0;747;113;8;4;580;210;44;24;1327;323;52;28
2022.05_01-07-2022;Астраханская область;90_105_days;SputnikLite;16;0;0;0;3;2;0;0;19;2;0;0;747;113;8;4;580;210;44;24;1327;323;52;28
2022.05_01-07-2022;Астраханская область;90_105_days;SputnikV;7;1;0;0;7;2;0;0;14;3;0;0;747;113;8;4;580;210;44;24;1327;323;52;28
2022.05_01-07-2022;Белгородская область;105_165_days;AllVaccines;108;14;1;1;100;31;6;4;208;45;7;5;592;103;21;8;671;218;66;30;1263;321;87;38
2022.05_01-07-2022;Белгородская область;105_165_days;CoviVac;2;0;0;0;1;0;0;0;3;0;0;0;592;103;21;8;671;218;66;30;1263;321;87;38
2022.05_01-07-2022;Белгородская область;105_165_days;EpiVacCorona;2;1;0;0;0;0;0;0;2;1;0;0;592;103;21;8;671;218;66;30;1263;321;87;38
2022.05_01-07-2022;Белгородская область;105_165_days;SputnikLite;64;6;0;0;73;25;4;3;137;31;4;3;592;103;21;8;671;218;66;30;1263;321;87;38
2022.05_01-07-2022;Белгородская область;105_165_days;SputnikV;40;7;1;1;26;6;2;1;66;13;3;2;592;103;21;8;671;218;66;30;1263;321;87;38
2022.05_01-07-2022;Белгородская область;165_195_days;AllVaccines;60;8;3;0;72;24;5;1;132;32;8;1;592;103;21;8;671;218;66;30;1263;321;87;38
2022.05_01-07-2022;Белгородская область;165_195_days;CoviVac;1;0;0;0;0;0;0;0;1;0;0;0;592;103;21;8;671;218;66;30;1263;321;87;38
2022.05_01-07-2022;Белгородская область;165_195_days;EpiVacCorona;2;0;0;0;0;0;0;0;2;0;0;0;592;103;21;8;671;218;66;30;1263;321;87;38
2022.05_01-07-2022;Белгородская область;165_195_days;SputnikLite;29;4;2;0;37;8;1;1;66;12;3;1;592;103;21;8;671;218;66;30;1263;321;87;38
2022.05_01-07-2022;Белгородская область;165_195_days;SputnikV;28;4;1;0;35;16;4;0;63;20;5;0;592;103;21;8;671;218;66;30;1263;321;87;38
2022.05_01-07-2022;Белгородская область;21_45_days;AllVaccines;4;2;0;0;1;0;0;0;5;2;0;0;592;103;21;8;671;218;66;30;1263;321;87;38
2022.05_01-07-2022;Белгородская область;21_45_days;EpiVacCorona;0;0;0;0;1;0;0;0;1;0;0;0;592;103;21;8;671;218;66;30;1263;321;87;38
2022.05_01-07-2022;Белгородская область;21_45_days;SputnikLite;1;0;0;0;0;0;0;0;1;0;0;0;592;103;21;8;671;218;66;30;1263;321;87;38
2022.05_01-07-2022;Белгородская область;21_45_days;SputnikV;3;2;0;0;0;0;0;0;3;2;0;0;592;103;21;8;671;218;66;30;1263;321;87;38
2022.05_01-07-2022;Белгородская область;45_75_days;AllVaccines;6;0;0;0;5;1;0;0;11;1;0;0;592;103;21;8;671;218;66;30;1263;321;87;38
2022.05_01-07-2022;Белгородская область;45_75_days;CoviVac;1;0;0;0;0;0;0;0;1;0;0;0;592;103;21;8;671;218;66;30;1263;321;87;38
2022.05_01-07-2022;Белгородская область;45_75_days;SputnikLite;2;0;0;0;1;0;0;0;3;0;0;0;592;103;21;8;671;218;66;30;1263;321;87;38
2022.05_01-07-2022;Белгородская область;45_75_days;SputnikV;3;0;0;0;4;1;0;0;7;1;0;0;592;103;21;8;671;218;66;30;1263;321;87;38
2022.05_01-07-2022;Белгородская область;75_90_days;AllVaccines;9;0;0;0;4;1;0;0;13;1;0;0;592;103;21;8;671;218;66;30;1263;321;87;38
2022.05_01-07-2022;Белгородская область;75_90_days;SputnikLite;7;0;0;0;4;1;0;0;11;1;0;0;592;103;21;8;671;218;66;30;1263;321;87;38
2022.05_01-07-2022;Белгородская область;75_90_days;SputnikV;2;0;0;0;0;0;0;0;2;0;0;0;592;103;21;8;671;218;66;30;1263;321;87;38
2022.05_01-07-2022;Белгородская область;90_105_days;AllVaccines;16;2;0;0;10;5;2;2;26;7;2;2;592;103;21;8;671;218;66;30;1263;321;87;38
2022.05_01-07-2022;Белгородская область;90_105_days;SputnikLite;13;2;0;0;9;4;1;1;22;6;1;1;592;103;21;8;671;218;66;30;1263;321;87;38
2022.05_01-07-2022;Белгородская область;90_105_days;SputnikV;3;0;0;0;1;1;1;1;4;1;1;1;592;103;21;8;671;218;66;30;1263;321;87;38
2022.05_01-07-2022;Брянская область;105_165_days;AllVaccines;43;3;0;0;55;18;5;4;98;21;5;4;307;28;3;3;391;134;36;23;698;162;39;26
2022.05_01-07-2022;Брянская область;105_165_days;CoviVac;1;0;0;0;0;0;0;0;1;0;0;0;307;28;3;3;391;134;36;23;698;162;39;26
2022.05_01-07-2022;Брянская область;105_165_days;EpiVacCorona;3;3;0;0;2;2;1;1;5;5;1;1;307;28;3;3;391;134;36;23;698;162;39;26
2022.05_01-07-2022;Брянская область;105_165_days;SputnikLite;19;0;0;0;28;3;0;0;47;3;0;0;307;28;3;3;391;134;36;23;698;162;39;26
2022.05_01-07-2022;Брянская область;105_165_days;SputnikV;20;0;0;0;25;13;4;3;45;13;4;3;307;28;3;3;391;134;36;23;698;162;39;26
2022.05_01-07-2022;Брянская область;165_195_days;AllVaccines;27;1;0;0;51;13;3;2;78;14;3;2;307;28;3;3;391;134;36;23;698;162;39;26
2022.05_01-07-2022;Брянская область;165_195_days;CoviVac;0;0;0;0;1;0;0;0;1;0;0;0;307;28;3;3;391;134;36;23;698;162;39;26
2022.05_01-07-2022;Брянская область;165_195_days;EpiVacCorona;4;0;0;0;2;1;1;0;6;1;1;0;307;28;3;3;391;134;36;23;698;162;39;26
2022.05_01-07-2022;Брянская область;165_195_days;SputnikLite;12;0;0;0;27;8;1;1;39;8;1;1;307;28;3;3;391;134;36;23;698;162;39;26
2022.05_01-07-2022;Брянская область;165_195_days;SputnikV;11;1;0;0;21;4;1;1;32;5;1;1;307;28;3;3;391;134;36;23;698;162;39;26
2022.05_01-07-2022;Брянская область;21_45_days;AllVaccines;1;0;0;0;0;0;0;0;1;0;0;0;307;28;3;3;391;134;36;23;698;162;39;26
2022.05_01-07-2022;Брянская область;21_45_days;SputnikV;1;0;0;0;0;0;0;0;1;0;0;0;307;28;3;3;391;134;36;23;698;162;39;26
2022.05_01-07-2022;Брянская область;45_75_days;AllVaccines;3;0;0;0;1;1;0;0;4;1;0;0;307;28;3;3;391;134;36;23;698;162;39;26
2022.05_01-07-2022;Брянская область;45_75_days;CoviVac;1;0;0;0;1;1;0;0;2;1;0;0;307;28;3;3;391;134;36;23;698;162;39;26
2022.05_01-07-2022;Брянская область;45_75_days;SputnikV;2;0;0;0;0;0;0;0;2;0;0;0;307;28;3;3;391;134;36;23;698;162;39;26
2022.05_01-07-2022;Брянская область;75_90_days;AllVaccines;1;0;0;0;5;1;0;0;6;1;0;0;307;28;3;3;391;134;36;23;698;162;39;26
2022.05_01-07-2022;Брянская область;75_90_days;SputnikLite;1;0;0;0;3;0;0;0;4;0;0;0;307;28;3;3;391;134;36;23;698;162;39;26
2022.05_01-07-2022;Брянская область;75_90_days;SputnikV;0;0;0;0;2;1;0;0;2;1;0;0;307;28;3;3;391;134;36;23;698;162;39;26
2022.05_01-07-2022;Брянская область;90_105_days;AllVaccines;6;0;0;0;7;2;1;0;13;2;1;0;307;28;3;3;391;134;36;23;698;162;39;26
2022.05_01-07-2022;Брянская область;90_105_days;CoviVac;1;0;0;0;0;0;0;0;1;0;0;0;307;28;3;3;391;134;36;23;698;162;39;26
2022.05_01-07-2022;Брянская область;90_105_days;SputnikLite;3;0;0;0;3;0;0;0;6;0;0;0;307;28;3;3;391;134;36;23;698;162;39;26
2022.05_01-07-2022;Брянская область;90_105_days;SputnikV;2;0;0;0;4;2;1;0;6;2;1;0;307;28;3;3;391;134;36;23;698;162;39;26
2022.05_01-07-2022;Владимирская область;105_165_days;AllVaccines;47;7;0;0;65;26;5;2;112;33;5;2;430;76;11;7;506;200;37;23;936;276;48;30
2022.05_01-07-2022;Владимирская область;105_165_days;CoviVac;1;0;0;0;0;0;0;0;1;0;0;0;430;76;11;7;506;200;37;23;936;276;48;30
2022.05_01-07-2022;Владимирская область;105_165_days;EpiVacCorona;5;2;0;0;4;2;0;0;9;4;0;0;430;76;11;7;506;200;37;23;936;276;48;30
2022.05_01-07-2022;Владимирская область;105_165_days;SputnikLite;16;3;0;0;31;13;1;1;47;16;1;1;430;76;11;7;506;200;37;23;936;276;48;30
2022.05_01-07-2022;Владимирская область;105_165_days;SputnikV;25;2;0;0;30;11;4;1;55;13;4;1;430;76;11;7;506;200;37;23;936;276;48;30
2022.05_01-07-2022;Владимирская область;165_195_days;AllVaccines;44;1;0;0;53;16;1;0;97;17;1;0;430;76;11;7;506;200;37;23;936;276;48;30
2022.05_01-07-2022;Владимирская область;165_195_days;CoviVac;0;0;0;0;1;0;0;0;1;0;0;0;430;76;11;7;506;200;37;23;936;276;48;30
2022.05_01-07-2022;Владимирская область;165_195_days;EpiVacCorona;0;0;0;0;1;0;0;0;1;0;0;0;430;76;11;7;506;200;37;23;936;276;48;30
2022.05_01-07-2022;Владимирская область;165_195_days;SputnikLite;24;1;0;0;33;14;1;0;57;15;1;0;430;76;11;7;506;200;37;23;936;276;48;30
2022.05_01-07-2022;Владимирская область;165_195_days;SputnikV;20;0;0;0;18;2;0;0;38;2;0;0;430;76;11;7;506;200;37;23;936;276;48;30
2022.05_01-07-2022;Владимирская область;21_45_days;AllVaccines;1;0;0;0;0;0;0;0;1;0;0;0;430;76;11;7;506;200;37;23;936;276;48;30
2022.05_01-07-2022;Владимирская область;21_45_days;SputnikV;1;0;0;0;0;0;0;0;1;0;0;0;430;76;11;7;506;200;37;23;936;276;48;30
2022.05_01-07-2022;Владимирская область;45_75_days;AllVaccines;3;1;0;0;4;3;0;0;7;4;0;0;430;76;11;7;506;200;37;23;936;276;48;30
2022.05_01-07-2022;Владимирская область;45_75_days;SputnikLite;1;0;0;0;3;2;0;0;4;2;0;0;430;76;11;7;506;200;37;23;936;276;48;30
2022.05_01-07-2022;Владимирская область;45_75_days;SputnikV;2;1;0;0;1;1;0;0;3;2;0;0;430;76;11;7;506;200;37;23;936;276;48;30
2022.05_01-07-2022;Владимирская область;75_90_days;AllVaccines;2;1;0;0;4;2;0;0;6;3;0;0;430;76;11;7;506;200;37;23;936;276;48;30
2022.05_01-07-2022;Владимирская область;75_90_days;SputnikLite;1;0;0;0;2;1;0;0;3;1;0;0;430;76;11;7;506;200;37;23;936;276;48;30
2022.05_01-07-2022;Владимирская область;75_90_days;SputnikV;1;1;0;0;2;1;0;0;3;2;0;0;430;76;11;7;506;200;37;23;936;276;48;30
2022.05_01-07-2022;Владимирская область;90_105_days;AllVaccines;6;1;0;0;8;2;0;0;14;3;0;0;430;76;11;7;506;200;37;23;936;276;48;30
2022.05_01-07-2022;Владимирская область;90_105_days;EpiVacCorona;1;1;0;0;1;0;0;0;2;1;0;0;430;76;11;7;506;200;37;23;936;276;48;30
2022.05_01-07-2022;Владимирская область;90_105_days;SputnikLite;2;0;0;0;1;0;0;0;3;0;0;0;430;76;11;7;506;200;37;23;936;276;48;30
2022.05_01-07-2022;Владимирская область;90_105_days;SputnikV;3;0;0;0;6;2;0;0;9;2;0;0;430;76;11;7;506;200;37;23;936;276;48;30
2022.05_01-07-2022;Волгоградская область;105_165_days;AllVaccines;453;41;3;1;317;105;24;7;770;146;27;8;2826;346;62;16;1998;742;227;80;4824;1088;289;96
2022.05_01-07-2022;Волгоградская область;105_165_days;CoviVac;5;1;0;0;1;1;0;0;6;2;0;0;2826;346;62;16;1998;742;227;80;4824;1088;289;96
2022.05_01-07-2022;Волгоградская область;105_165_days;EpiVacCorona;12;2;0;0;10;5;1;1;22;7;1;1;2826;346;62;16;1998;742;227;80;4824;1088;289;96
2022.05_01-07-2022;Волгоградская область;105_165_days;SputnikLite;210;16;2;1;152;48;10;1;362;64;12;2;2826;346;62;16;1998;742;227;80;4824;1088;289;96
2022.05_01-07-2022;Волгоградская область;105_165_days;SputnikV;226;22;1;0;154;51;13;5;380;73;14;5;2826;346;62;16;1998;742;227;80;4824;1088;289;96
2022.05_01-07-2022;Волгоградская область;165_195_days;AllVaccines;238;31;6;1;221;73;18;4;459;104;24;5;2826;346;62;16;1998;742;227;80;4824;1088;289;96
2022.05_01-07-2022;Волгоградская область;165_195_days;CoviVac;2;1;0;0;2;1;0;0;4;2;0;0;2826;346;62;16;1998;742;227;80;4824;1088;289;96
2022.05_01-07-2022;Волгоградская область;165_195_days;EpiVacCorona;2;0;0;0;9;1;0;0;11;1;0;0;2826;346;62;16;1998;742;227;80;4824;1088;289;96
2022.05_01-07-2022;Волгоградская область;165_195_days;SputnikLite;50;2;0;0;66;26;6;2;116;28;6;2;2826;346;62;16;1998;742;227;80;4824;1088;289;96
2022.05_01-07-2022;Волгоградская область;165_195_days;SputnikV;184;28;6;1;144;45;12;2;328;73;18;3;2826;346;62;16;1998;742;227;80;4824;1088;289;96
2022.05_01-07-2022;Волгоградская область;21_45_days;AllVaccines;31;0;0;0;28;9;1;1;59;9;1;1;2826;346;62;16;1998;742;227;80;4824;1088;289;96
2022.05_01-07-2022;Волгоградская область;21_45_days;CoviVac;6;0;0;0;2;2;0;0;8;2;0;0;2826;346;62;16;1998;742;227;80;4824;1088;289;96
2022.05_01-07-2022;Волгоградская область;21_45_days;EpiVacCorona;1;0;0;0;0;0;0;0;1;0;0;0;2826;346;62;16;1998;742;227;80;4824;1088;289;96
2022.05_01-07-2022;Волгоградская область;21_45_days;SputnikLite;3;0;0;0;3;2;0;0;6;2;0;0;2826;346;62;16;1998;742;227;80;4824;1088;289;96
2022.05_01-07-2022;Волгоградская область;21_45_days;SputnikV;21;0;0;0;23;5;1;1;44;5;1;1;2826;346;62;16;1998;742;227;80;4824;1088;289;96
2022.05_01-07-2022;Волгоградская область;45_75_days;AllVaccines;48;1;0;0;37;8;2;1;85;9;2;1;2826;346;62;16;1998;742;227;80;4824;1088;289;96
2022.05_01-07-2022;Волгоградская область;45_75_days;CoviVac;4;0;0;0;2;0;0;0;6;0;0;0;2826;346;62;16;1998;742;227;80;4824;1088;289;96
2022.05_01-07-2022;Волгоградская область;45_75_days;EpiVacCorona;2;0;0;0;2;0;0;0;4;0;0;0;2826;346;62;16;1998;742;227;80;4824;1088;289;96
2022.05_01-07-2022;Волгоградская область;45_75_days;SputnikLite;15;1;0;0;16;3;1;0;31;4;1;0;2826;346;62;16;1998;742;227;80;4824;1088;289;96
2022.05_01-07-2022;Волгоградская область;45_75_days;SputnikV;27;0;0;0;17;5;1;1;44;5;1;1;2826;346;62;16;1998;742;227;80;4824;1088;289;96
2022.05_01-07-2022;Волгоградская область;75_90_days;AllVaccines;57;8;2;1;29;9;1;0;86;17;3;1;2826;346;62;16;1998;742;227;80;4824;1088;289;96
2022.05_01-07-2022;Волгоградская область;75_90_days;CoviVac;1;0;0;0;0;0;0;0;1;0;0;0;2826;346;62;16;1998;742;227;80;4824;1088;289;96
2022.05_01-07-2022;Волгоградская область;75_90_days;EpiVacCorona;2;0;0;0;1;1;0;0;3;1;0;0;2826;346;62;16;1998;742;227;80;4824;1088;289;96
2022.05_01-07-2022;Волгоградская область;75_90_days;SputnikLite;19;2;1;1;12;3;0;0;31;5;1;1;2826;346;62;16;1998;742;227;80;4824;1088;289;96
2022.05_01-07-2022;Волгоградская область;75_90_days;SputnikV;35;6;1;0;16;5;1;0;51;11;2;0;2826;346;62;16;1998;742;227;80;4824;1088;289;96
2022.05_01-07-2022;Волгоградская область;90_105_days;AllVaccines;62;6;0;0;44;8;2;1;106;14;2;1;2826;346;62;16;1998;742;227;80;4824;1088;289;96
2022.05_01-07-2022;Волгоградская область;90_105_days;CoviVac;0;0;0;0;1;0;0;0;1;0;0;0;2826;346;62;16;1998;742;227;80;4824;1088;289;96
2022.05_01-07-2022;Волгоградская область;90_105_days;EpiVacCorona;2;0;0;0;2;0;0;0;4;0;0;0;2826;346;62;16;1998;742;227;80;4824;1088;289;96
2022.05_01-07-2022;Волгоградская область;90_105_days;SputnikLite;35;4;0;0;23;5;1;0;58;9;1;0;2826;346;62;16;1998;742;227;80;4824;1088;289;96
2022.05_01-07-2022;Волгоградская область;90_105_days;SputnikV;25;2;0;0;18;3;1;1;43;5;1;1;2826;346;62;16;1998;742;227;80;4824;1088;289;96
2022.05_01-07-2022;Вологодская область;105_165_days;AllVaccines;182;10;1;0;118;36;13;6;300;46;14;6;1255;120;24;7;809;263;81;39;2064;383;105;46
2022.05_01-07-2022;Вологодская область;105_165_days;CoviVac;8;0;0;0;4;0;0;0;12;0;0;0;1255;120;24;7;809;263;81;39;2064;383;105;46
2022.05_01-07-2022;Вологодская область;105_165_days;EpiVacCorona;6;0;0;0;5;2;1;0;11;2;1;0;1255;120;24;7;809;263;81;39;2064;383;105;46
2022.05_01-07-2022;Вологодская область;105_165_days;SputnikLite;41;3;0;0;48;17;5;4;89;20;5;4;1255;120;24;7;809;263;81;39;2064;383;105;46
2022.05_01-07-2022;Вологодская область;105_165_days;SputnikV;127;7;1;0;61;17;7;2;188;24;8;2;1255;120;24;7;809;263;81;39;2064;383;105;46
2022.05_01-07-2022;Вологодская область;165_195_days;AllVaccines;82;4;1;0;70;15;2;0;152;19;3;0;1255;120;24;7;809;263;81;39;2064;383;105;46
2022.05_01-07-2022;Вологодская область;165_195_days;CoviVac;2;0;0;0;0;0;0;0;2;0;0;0;1255;120;24;7;809;263;81;39;2064;383;105;46
2022.05_01-07-2022;Вологодская область;165_195_days;EpiVacCorona;2;0;0;0;4;0;0;0;6;0;0;0;1255;120;24;7;809;263;81;39;2064;383;105;46
2022.05_01-07-2022;Вологодская область;165_195_days;SputnikLite;22;0;0;0;18;3;0;0;40;3;0;0;1255;120;24;7;809;263;81;39;2064;383;105;46
2022.05_01-07-2022;Вологодская область;165_195_days;SputnikV;56;4;1;0;48;12;2;0;104;16;3;0;1255;120;24;7;809;263;81;39;2064;383;105;46
2022.05_01-07-2022;Вологодская область;21_45_days;AllVaccines;7;0;0;0;6;1;0;0;13;1;0;0;1255;120;24;7;809;263;81;39;2064;383;105;46
2022.05_01-07-2022;Вологодская область;21_45_days;CoviVac;1;0;0;0;0;0;0;0;1;0;0;0;1255;120;24;7;809;263;81;39;2064;383;105;46
2022.05_01-07-2022;Вологодская область;21_45_days;SputnikLite;2;0;0;0;2;0;0;0;4;0;0;0;1255;120;24;7;809;263;81;39;2064;383;105;46
2022.05_01-07-2022;Вологодская область;21_45_days;SputnikV;4;0;0;0;4;1;0;0;8;1;0;0;1255;120;24;7;809;263;81;39;2064;383;105;46
2022.05_01-07-2022;Вологодская область;45_75_days;AllVaccines;16;7;0;0;10;3;0;0;26;10;0;0;1255;120;24;7;809;263;81;39;2064;383;105;46
2022.05_01-07-2022;Вологодская область;45_75_days;EpiVacCorona;0;0;0;0;1;1;0;0;1;1;0;0;1255;120;24;7;809;263;81;39;2064;383;105;46
2022.05_01-07-2022;Вологодская область;45_75_days;SputnikLite;1;0;0;0;0;0;0;0;1;0;0;0;1255;120;24;7;809;263;81;39;2064;383;105;46
2022.05_01-07-2022;Вологодская область;45_75_days;SputnikV;15;7;0;0;9;2;0;0;24;9;0;0;1255;120;24;7;809;263;81;39;2064;383;105;46
2022.05_01-07-2022;Вологодская область;75_90_days;AllVaccines;13;2;1;1;6;2;2;2;19;4;3;3;1255;120;24;7;809;263;81;39;2064;383;105;46
2022.05_01-07-2022;Вологодская область;75_90_days;CoviVac;1;0;0;0;0;0;0;0;1;0;0;0;1255;120;24;7;809;263;81;39;2064;383;105;46
2022.05_01-07-2022;Вологодская область;75_90_days;SputnikLite;5;1;0;0;0;0;0;0;5;1;0;0;1255;120;24;7;809;263;81;39;2064;383;105;46
2022.05_01-07-2022;Вологодская область;75_90_days;SputnikV;7;1;1;1;6;2;2;2;13;3;3;3;1255;120;24;7;809;263;81;39;2064;383;105;46
2022.05_01-07-2022;Вологодская область;90_105_days;AllVaccines;12;0;0;0;13;4;1;1;25;4;1;1;1255;120;24;7;809;263;81;39;2064;383;105;46
2022.05_01-07-2022;Вологодская область;90_105_days;CoviVac;3;0;0;0;1;1;1;1;4;1;1;1;1255;120;24;7;809;263;81;39;2064;383;105;46
2022.05_01-07-2022;Вологодская область;90_105_days;SputnikLite;4;0;0;0;2;1;0;0;6;1;0;0;1255;120;24;7;809;263;81;39;2064;383;105;46
2022.05_01-07-2022;Вологодская область;90_105_days;SputnikV;5;0;0;0;10;2;0;0;15;2;0;0;1255;120;24;7;809;263;81;39;2064;383;105;46
2022.05_01-07-2022;Воронежская область;105_165_days;AllVaccines;314;25;5;2;202;48;11;6;516;73;16;8;2346;151;26;7;1591;430;90;54;3937;581;116;61
2022.05_01-07-2022;Воронежская область;105_165_days;CoviVac;5;0;0;0;1;0;0;0;6;0;0;0;2346;151;26;7;1591;430;90;54;3937;581;116;61
2022.05_01-07-2022;Воронежская область;105_165_days;EpiVacCorona;16;3;0;0;20;4;2;3;36;7;2;3;2346;151;26;7;1591;430;90;54;3937;581;116;61
2022.05_01-07-2022;Воронежская область;105_165_days;SputnikLite;127;8;1;1;98;22;5;1;225;30;6;2;2346;151;26;7;1591;430;90;54;3937;581;116;61
2022.05_01-07-2022;Воронежская область;105_165_days;SputnikV;166;14;4;1;83;22;4;2;249;36;8;3;2346;151;26;7;1591;430;90;54;3937;581;116;61
2022.05_01-07-2022;Воронежская область;165_195_days;AllVaccines;261;9;0;0;147;26;10;7;408;35;10;7;2346;151;26;7;1591;430;90;54;3937;581;116;61
2022.05_01-07-2022;Воронежская область;165_195_days;CoviVac;3;0;0;0;1;1;0;0;4;1;0;0;2346;151;26;7;1591;430;90;54;3937;581;116;61
2022.05_01-07-2022;Воронежская область;165_195_days;EpiVacCorona;9;2;0;0;7;0;0;0;16;2;0;0;2346;151;26;7;1591;430;90;54;3937;581;116;61
2022.05_01-07-2022;Воронежская область;165_195_days;SputnikLite;59;2;0;0;63;10;2;1;122;12;2;1;2346;151;26;7;1591;430;90;54;3937;581;116;61
2022.05_01-07-2022;Воронежская область;165_195_days;SputnikV;190;5;0;0;76;15;8;6;266;20;8;6;2346;151;26;7;1591;430;90;54;3937;581;116;61
2022.05_01-07-2022;Воронежская область;21_45_days;AllVaccines;26;1;0;0;15;2;0;0;41;3;0;0;2346;151;26;7;1591;430;90;54;3937;581;116;61
2022.05_01-07-2022;Воронежская область;21_45_days;EpiVacCorona;4;0;0;0;3;0;0;0;7;0;0;0;2346;151;26;7;1591;430;90;54;3937;581;116;61
2022.05_01-07-2022;Воронежская область;21_45_days;SputnikLite;5;0;0;0;3;1;0;0;8;1;0;0;2346;151;26;7;1591;430;90;54;3937;581;116;61
2022.05_01-07-2022;Воронежская область;21_45_days;SputnikV;17;1;0;0;9;1;0;0;26;2;0;0;2346;151;26;7;1591;430;90;54;3937;581;116;61
2022.05_01-07-2022;Воронежская область;45_75_days;AllVaccines;31;0;0;0;27;10;1;1;58;10;1;1;2346;151;26;7;1591;430;90;54;3937;581;116;61
2022.05_01-07-2022;Воронежская область;45_75_days;CoviVac;2;0;0;0;1;1;1;1;3;1;1;1;2346;151;26;7;1591;430;90;54;3937;581;116;61
2022.05_01-07-2022;Воронежская область;45_75_days;EpiVacCorona;2;0;0;0;2;1;0;0;4;1;0;0;2346;151;26;7;1591;430;90;54;3937;581;116;61
2022.05_01-07-2022;Воронежская область;45_75_days;SputnikLite;6;0;0;0;9;1;0;0;15;1;0;0;2346;151;26;7;1591;430;90;54;3937;581;116;61
2022.05_01-07-2022;Воронежская область;45_75_days;SputnikV;21;0;0;0;15;7;0;0;36;7;0;0;2346;151;26;7;1591;430;90;54;3937;581;116;61
2022.05_01-07-2022;Воронежская область;75_90_days;AllVaccines;32;1;0;0;32;10;2;1;64;11;2;1;2346;151;26;7;1591;430;90;54;3937;581;116;61
2022.05_01-07-2022;Воронежская область;75_90_days;CoviVac;0;0;0;0;1;0;0;0;1;0;0;0;2346;151;26;7;1591;430;90;54;3937;581;116;61
2022.05_01-07-2022;Воронежская область;75_90_days;EpiVacCorona;3;0;0;0;4;3;0;0;7;3;0;0;2346;151;26;7;1591;430;90;54;3937;581;116;61
2022.05_01-07-2022;Воронежская область;75_90_days;SputnikLite;19;1;0;0;12;3;1;1;31;4;1;1;2346;151;26;7;1591;430;90;54;3937;581;116;61
2022.05_01-07-2022;Воронежская область;75_90_days;SputnikV;10;0;0;0;15;4;1;0;25;4;1;0;2346;151;26;7;1591;430;90;54;3937;581;116;61
2022.05_01-07-2022;Воронежская область;90_105_days;AllVaccines;50;0;0;0;25;7;0;0;75;7;0;0;2346;151;26;7;1591;430;90;54;3937;581;116;61
2022.05_01-07-2022;Воронежская область;90_105_days;EpiVacCorona;0;0;0;0;2;1;0;0;2;1;0;0;2346;151;26;7;1591;430;90;54;3937;581;116;61
2022.05_01-07-2022;Воронежская область;90_105_days;SputnikLite;31;0;0;0;10;6;0;0;41;6;0;0;2346;151;26;7;1591;430;90;54;3937;581;116;61
2022.05_01-07-2022;Воронежская область;90_105_days;SputnikV;19;0;0;0;13;0;0;0;32;0;0;0;2346;151;26;7;1591;430;90;54;3937;581;116;61
2022.05_01-07-2022;Еврейская автономная область;105_165_days;AllVaccines;17;3;0;0;11;5;0;2;28;8;0;2;97;41;0;2;97;63;1;9;194;104;1;11
2022.05_01-07-2022;Еврейская автономная область;105_165_days;EpiVacCorona;2;1;0;0;2;1;0;0;4;2;0;0;97;41;0;2;97;63;1;9;194;104;1;11
2022.05_01-07-2022;Еврейская автономная область;105_165_days;SputnikLite;8;2;0;0;3;0;0;0;11;2;0;0;97;41;0;2;97;63;1;9;194;104;1;11
2022.05_01-07-2022;Еврейская автономная область;105_165_days;SputnikV;7;0;0;0;6;4;0;2;13;4;0;2;97;41;0;2;97;63;1;9;194;104;1;11
2022.05_01-07-2022;Еврейская автономная область;165_195_days;AllVaccines;9;4;0;0;13;5;0;0;22;9;0;0;97;41;0;2;97;63;1;9;194;104;1;11
2022.05_01-07-2022;Еврейская автономная область;165_195_days;EpiVacCorona;2;1;0;0;1;0;0;0;3;1;0;0;97;41;0;2;97;63;1;9;194;104;1;11
2022.05_01-07-2022;Еврейская автономная область;165_195_days;SputnikLite;1;0;0;0;9;2;0;0;10;2;0;0;97;41;0;2;97;63;1;9;194;104;1;11
2022.05_01-07-2022;Еврейская автономная область;165_195_days;SputnikV;6;3;0;0;3;3;0;0;9;6;0;0;97;41;0;2;97;63;1;9;194;104;1;11
2022.05_01-07-2022;Еврейская автономная область;45_75_days;AllVaccines;2;1;0;0;0;0;0;0;2;1;0;0;97;41;0;2;97;63;1;9;194;104;1;11
2022.05_01-07-2022;Еврейская автономная область;45_75_days;EpiVacCorona;1;1;0;0;0;0;0;0;1;1;0;0;97;41;0;2;97;63;1;9;194;104;1;11
2022.05_01-07-2022;Еврейская автономная область;45_75_days;SputnikV;1;0;0;0;0;0;0;0;1;0;0;0;97;41;0;2;97;63;1;9;194;104;1;11
2022.05_01-07-2022;Еврейская автономная область;75_90_days;AllVaccines;5;4;0;1;3;2;0;0;8;6;0;1;97;41;0;2;97;63;1;9;194;104;1;11
2022.05_01-07-2022;Еврейская автономная область;75_90_days;EpiVacCorona;1;1;0;0;1;0;0;0;2;1;0;0;97;41;0;2;97;63;1;9;194;104;1;11
2022.05_01-07-2022;Еврейская автономная область;75_90_days;SputnikLite;2;1;0;1;1;1;0;0;3;2;0;1;97;41;0;2;97;63;1;9;194;104;1;11
2022.05_01-07-2022;Еврейская автономная область;75_90_days;SputnikV;2;2;0;0;1;1;0;0;3;3;0;0;97;41;0;2;97;63;1;9;194;104;1;11
2022.05_01-07-2022;Еврейская автономная область;90_105_days;AllVaccines;2;0;0;0;1;1;0;0;3;1;0;0;97;41;0;2;97;63;1;9;194;104;1;11
2022.05_01-07-2022;Еврейская автономная область;90_105_days;SputnikLite;2;0;0;0;1;1;0;0;3;1;0;0;97;41;0;2;97;63;1;9;194;104;1;11
2022.05_01-07-2022;Забайкальский край;105_165_days;AllVaccines;81;16;1;0;38;19;1;0;119;35;2;0;484;165;15;4;311;193;29;10;795;358;44;14
2022.05_01-07-2022;Забайкальский край;105_165_days;CoviVac;0;0;0;0;1;0;0;0;1;0;0;0;484;165;15;4;311;193;29;10;795;358;44;14
2022.05_01-07-2022;Забайкальский край;105_165_days;EpiVacCorona;4;2;0;0;5;2;0;0;9;4;0;0;484;165;15;4;311;193;29;10;795;358;44;14
2022.05_01-07-2022;Забайкальский край;105_165_days;SputnikLite;31;6;0;0;11;5;0;0;42;11;0;0;484;165;15;4;311;193;29;10;795;358;44;14
2022.05_01-07-2022;Забайкальский край;105_165_days;SputnikV;46;8;1;0;21;12;1;0;67;20;2;0;484;165;15;4;311;193;29;10;795;358;44;14
2022.05_01-07-2022;Забайкальский край;165_195_days;AllVaccines;34;10;1;0;40;21;2;1;74;31;3;1;484;165;15;4;311;193;29;10;795;358;44;14
2022.05_01-07-2022;Забайкальский край;165_195_days;CoviVac;1;0;0;0;1;0;0;0;2;0;0;0;484;165;15;4;311;193;29;10;795;358;44;14
2022.05_01-07-2022;Забайкальский край;165_195_days;EpiVacCorona;0;0;0;0;1;0;0;0;1;0;0;0;484;165;15;4;311;193;29;10;795;358;44;14
2022.05_01-07-2022;Забайкальский край;165_195_days;SputnikLite;12;4;1;0;18;8;1;1;30;12;2;1;484;165;15;4;311;193;29;10;795;358;44;14
2022.05_01-07-2022;Забайкальский край;165_195_days;SputnikV;21;6;0;0;20;13;1;0;41;19;1;0;484;165;15;4;311;193;29;10;795;358;44;14
2022.05_01-07-2022;Забайкальский край;21_45_days;AllVaccines;7;1;0;0;4;2;0;0;11;3;0;0;484;165;15;4;311;193;29;10;795;358;44;14
2022.05_01-07-2022;Забайкальский край;21_45_days;CoviVac;1;0;0;0;0;0;0;0;1;0;0;0;484;165;15;4;311;193;29;10;795;358;44;14
2022.05_01-07-2022;Забайкальский край;21_45_days;SputnikV;6;1;0;0;4;2;0;0;10;3;0;0;484;165;15;4;311;193;29;10;795;358;44;14
2022.05_01-07-2022;Забайкальский край;45_75_days;AllVaccines;10;4;1;0;7;1;0;0;17;5;1;0;484;165;15;4;311;193;29;10;795;358;44;14
2022.05_01-07-2022;Забайкальский край;45_75_days;EpiVacCorona;1;0;0;0;0;0;0;0;1;0;0;0;484;165;15;4;311;193;29;10;795;358;44;14
2022.05_01-07-2022;Забайкальский край;45_75_days;SputnikLite;1;1;0;0;0;0;0;0;1;1;0;0;484;165;15;4;311;193;29;10;795;358;44;14
2022.05_01-07-2022;Забайкальский край;45_75_days;SputnikV;8;3;1;0;7;1;0;0;15;4;1;0;484;165;15;4;311;193;29;10;795;358;44;14
2022.05_01-07-2022;Забайкальский край;75_90_days;AllVaccines;13;1;0;0;5;3;0;0;18;4;0;0;484;165;15;4;311;193;29;10;795;358;44;14
2022.05_01-07-2022;Забайкальский край;75_90_days;CoviVac;2;0;0;0;0;0;0;0;2;0;0;0;484;165;15;4;311;193;29;10;795;358;44;14
2022.05_01-07-2022;Забайкальский край;75_90_days;EpiVacCorona;1;1;0;0;0;0;0;0;1;1;0;0;484;165;15;4;311;193;29;10;795;358;44;14
2022.05_01-07-2022;Забайкальский край;75_90_days;SputnikLite;3;0;0;0;0;0;0;0;3;0;0;0;484;165;15;4;311;193;29;10;795;358;44;14
2022.05_01-07-2022;Забайкальский край;75_90_days;SputnikV;7;0;0;0;5;3;0;0;12;3;0;0;484;165;15;4;311;193;29;10;795;358;44;14
2022.05_01-07-2022;Забайкальский край;90_105_days;AllVaccines;16;5;1;0;4;2;0;0;20;7;1;0;484;165;15;4;311;193;29;10;795;358;44;14
2022.05_01-07-2022;Забайкальский край;90_105_days;EpiVacCorona;0;0;0;0;1;0;0;0;1;0;0;0;484;165;15;4;311;193;29;10;795;358;44;14
2022.05_01-07-2022;Забайкальский край;90_105_days;SputnikLite;7;2;0;0;1;0;0;0;8;2;0;0;484;165;15;4;311;193;29;10;795;358;44;14
2022.05_01-07-2022;Забайкальский край;90_105_days;SputnikV;9;3;1;0;2;2;0;0;11;5;1;0;484;165;15;4;311;193;29;10;795;358;44;14
2022.05_01-07-2022;Ивановская область;105_165_days;AllVaccines;63;3;0;0;95;18;2;0;158;21;2;0;1109;85;5;3;895;247;23;26;2004;332;28;29
2022.05_01-07-2022;Ивановская область;105_165_days;CoviVac;3;0;0;0;3;2;1;0;6;2;1;0;1109;85;5;3;895;247;23;26;2004;332;28;29
2022.05_01-07-2022;Ивановская область;105_165_days;EpiVacCorona;1;0;0;0;7;3;1;0;8;3;1;0;1109;85;5;3;895;247;23;26;2004;332;28;29
2022.05_01-07-2022;Ивановская область;105_165_days;SputnikLite;30;0;0;0;58;9;0;0;88;9;0;0;1109;85;5;3;895;247;23;26;2004;332;28;29
2022.05_01-07-2022;Ивановская область;105_165_days;SputnikV;29;3;0;0;27;4;0;0;56;7;0;0;1109;85;5;3;895;247;23;26;2004;332;28;29
2022.05_01-07-2022;Ивановская область;165_195_days;AllVaccines;72;3;0;0;102;20;0;0;174;23;0;0;1109;85;5;3;895;247;23;26;2004;332;28;29
2022.05_01-07-2022;Ивановская область;165_195_days;CoviVac;1;0;0;0;0;0;0;0;1;0;0;0;1109;85;5;3;895;247;23;26;2004;332;28;29
2022.05_01-07-2022;Ивановская область;165_195_days;EpiVacCorona;1;0;0;0;1;1;0;0;2;1;0;0;1109;85;5;3;895;247;23;26;2004;332;28;29
2022.05_01-07-2022;Ивановская область;165_195_days;SputnikLite;39;1;0;0;66;13;0;0;105;14;0;0;1109;85;5;3;895;247;23;26;2004;332;28;29
2022.05_01-07-2022;Ивановская область;165_195_days;SputnikV;31;2;0;0;35;6;0;0;66;8;0;0;1109;85;5;3;895;247;23;26;2004;332;28;29
2022.05_01-07-2022;Ивановская область;21_45_days;AllVaccines;3;1;0;0;7;0;0;0;10;1;0;0;1109;85;5;3;895;247;23;26;2004;332;28;29
2022.05_01-07-2022;Ивановская область;21_45_days;EpiVacCorona;1;0;0;0;0;0;0;0;1;0;0;0;1109;85;5;3;895;247;23;26;2004;332;28;29
2022.05_01-07-2022;Ивановская область;21_45_days;SputnikLite;1;0;0;0;4;0;0;0;5;0;0;0;1109;85;5;3;895;247;23;26;2004;332;28;29
2022.05_01-07-2022;Ивановская область;21_45_days;SputnikV;1;1;0;0;3;0;0;0;4;1;0;0;1109;85;5;3;895;247;23;26;2004;332;28;29
2022.05_01-07-2022;Ивановская область;45_75_days;AllVaccines;6;2;0;0;11;1;1;0;17;3;1;0;1109;85;5;3;895;247;23;26;2004;332;28;29
2022.05_01-07-2022;Ивановская область;45_75_days;EpiVacCorona;0;0;0;0;2;1;1;0;2;1;1;0;1109;85;5;3;895;247;23;26;2004;332;28;29
2022.05_01-07-2022;Ивановская область;45_75_days;SputnikLite;2;0;0;0;5;0;0;0;7;0;0;0;1109;85;5;3;895;247;23;26;2004;332;28;29
2022.05_01-07-2022;Ивановская область;45_75_days;SputnikV;4;2;0;0;4;0;0;0;8;2;0;0;1109;85;5;3;895;247;23;26;2004;332;28;29
2022.05_01-07-2022;Ивановская область;75_90_days;AllVaccines;10;1;0;0;6;1;0;0;16;2;0;0;1109;85;5;3;895;247;23;26;2004;332;28;29
2022.05_01-07-2022;Ивановская область;75_90_days;SputnikLite;2;0;0;0;0;0;0;0;2;0;0;0;1109;85;5;3;895;247;23;26;2004;332;28;29
2022.05_01-07-2022;Ивановская область;75_90_days;SputnikV;8;1;0;0;6;1;0;0;14;2;0;0;1109;85;5;3;895;247;23;26;2004;332;28;29
2022.05_01-07-2022;Ивановская область;90_105_days;AllVaccines;9;1;0;0;12;4;0;2;21;5;0;2;1109;85;5;3;895;247;23;26;2004;332;28;29
2022.05_01-07-2022;Ивановская область;90_105_days;CoviVac;1;0;0;0;1;0;0;0;2;0;0;0;1109;85;5;3;895;247;23;26;2004;332;28;29
2022.05_01-07-2022;Ивановская область;90_105_days;SputnikLite;5;1;0;0;5;3;0;1;10;4;0;1;1109;85;5;3;895;247;23;26;2004;332;28;29
2022.05_01-07-2022;Ивановская область;90_105_days;SputnikV;3;0;0;0;6;1;0;1;9;1;0;1;1109;85;5;3;895;247;23;26;2004;332;28;29
2022.05_01-07-2022;Иркутская область;105_165_days;AllVaccines;169;37;6;3;156;88;16;7;325;125;22;10;1179;317;47;19;946;543;124;50;2125;860;171;69
2022.05_01-07-2022;Иркутская область;105_165_days;CoviVac;3;0;0;0;3;0;0;0;6;0;0;0;1179;317;47;19;946;543;124;50;2125;860;171;69
2022.05_01-07-2022;Иркутская область;105_165_days;EpiVacCorona;6;2;0;0;4;2;2;0;10;4;2;0;1179;317;47;19;946;543;124;50;2125;860;171;69
2022.05_01-07-2022;Иркутская область;105_165_days;SputnikLite;55;15;1;1;97;53;9;4;152;68;10;5;1179;317;47;19;946;543;124;50;2125;860;171;69
2022.05_01-07-2022;Иркутская область;105_165_days;SputnikV;105;20;5;2;52;33;5;3;157;53;10;5;1179;317;47;19;946;543;124;50;2125;860;171;69
2022.05_01-07-2022;Иркутская область;165_195_days;AllVaccines;118;18;1;0;91;45;3;0;209;63;4;0;1179;317;47;19;946;543;124;50;2125;860;171;69
2022.05_01-07-2022;Иркутская область;165_195_days;CoviVac;2;0;0;0;1;0;0;0;3;0;0;0;1179;317;47;19;946;543;124;50;2125;860;171;69
2022.05_01-07-2022;Иркутская область;165_195_days;EpiVacCorona;1;0;0;0;4;4;0;0;5;4;0;0;1179;317;47;19;946;543;124;50;2125;860;171;69
2022.05_01-07-2022;Иркутская область;165_195_days;SputnikLite;31;5;0;0;55;24;3;0;86;29;3;0;1179;317;47;19;946;543;124;50;2125;860;171;69
2022.05_01-07-2022;Иркутская область;165_195_days;SputnikV;84;13;1;0;31;17;0;0;115;30;1;0;1179;317;47;19;946;543;124;50;2125;860;171;69
2022.05_01-07-2022;Иркутская область;21_45_days;AllVaccines;3;0;0;0;5;5;0;0;8;5;0;0;1179;317;47;19;946;543;124;50;2125;860;171;69
2022.05_01-07-2022;Иркутская область;21_45_days;SputnikV;3;0;0;0;5;5;0;0;8;5;0;0;1179;317;47;19;946;543;124;50;2125;860;171;69
2022.05_01-07-2022;Иркутская область;45_75_days;AllVaccines;13;4;0;0;8;3;1;1;21;7;1;1;1179;317;47;19;946;543;124;50;2125;860;171;69
2022.05_01-07-2022;Иркутская область;45_75_days;EpiVacCorona;1;0;0;0;0;0;0;0;1;0;0;0;1179;317;47;19;946;543;124;50;2125;860;171;69
2022.05_01-07-2022;Иркутская область;45_75_days;SputnikLite;2;1;0;0;1;1;1;1;3;2;1;1;1179;317;47;19;946;543;124;50;2125;860;171;69
2022.05_01-07-2022;Иркутская область;45_75_days;SputnikV;10;3;0;0;7;2;0;0;17;5;0;0;1179;317;47;19;946;543;124;50;2125;860;171;69
2022.05_01-07-2022;Иркутская область;75_90_days;AllVaccines;13;1;0;0;11;5;2;1;24;6;2;1;1179;317;47;19;946;543;124;50;2125;860;171;69
2022.05_01-07-2022;Иркутская область;75_90_days;EpiVacCorona;1;0;0;0;0;0;0;0;1;0;0;0;1179;317;47;19;946;543;124;50;2125;860;171;69
2022.05_01-07-2022;Иркутская область;75_90_days;SputnikLite;5;0;0;0;3;1;1;0;8;1;1;0;1179;317;47;19;946;543;124;50;2125;860;171;69
2022.05_01-07-2022;Иркутская область;75_90_days;SputnikV;7;1;0;0;8;4;1;1;15;5;1;1;1179;317;47;19;946;543;124;50;2125;860;171;69
2022.05_01-07-2022;Иркутская область;90_105_days;AllVaccines;19;3;1;0;18;9;0;0;37;12;1;0;1179;317;47;19;946;543;124;50;2125;860;171;69
2022.05_01-07-2022;Иркутская область;90_105_days;EpiVacCorona;0;0;0;0;2;2;0;0;2;2;0;0;1179;317;47;19;946;543;124;50;2125;860;171;69
2022.05_01-07-2022;Иркутская область;90_105_days;SputnikLite;9;2;0;0;7;2;0;0;16;4;0;0;1179;317;47;19;946;543;124;50;2125;860;171;69
2022.05_01-07-2022;Иркутская область;90_105_days;SputnikV;10;1;1;0;9;5;0;0;19;6;1;0;1179;317;47;19;946;543;124;50;2125;860;171;69
2022.05_01-07-2022;Кабардино-Балкарская Республика;105_165_days;AllVaccines;49;2;0;0;35;6;2;1;84;8;2;1;558;50;14;1;351;65;26;12;909;115;40;13
2022.05_01-07-2022;Кабардино-Балкарская Республика;105_165_days;CoviVac;1;0;0;0;1;0;0;0;2;0;0;0;558;50;14;1;351;65;26;12;909;115;40;13
2022.05_01-07-2022;Кабардино-Балкарская Республика;105_165_days;EpiVacCorona;5;0;0;0;6;0;0;0;11;0;0;0;558;50;14;1;351;65;26;12;909;115;40;13
2022.05_01-07-2022;Кабардино-Балкарская Республика;105_165_days;SputnikLite;26;1;0;0;14;5;1;1;40;6;1;1;558;50;14;1;351;65;26;12;909;115;40;13
2022.05_01-07-2022;Кабардино-Балкарская Республика;105_165_days;SputnikV;17;1;0;0;14;1;1;0;31;2;1;0;558;50;14;1;351;65;26;12;909;115;40;13
2022.05_01-07-2022;Кабардино-Балкарская Республика;165_195_days;AllVaccines;43;3;1;0;25;4;1;1;68;7;2;1;558;50;14;1;351;65;26;12;909;115;40;13
2022.05_01-07-2022;Кабардино-Балкарская Республика;165_195_days;EpiVacCorona;1;0;0;0;0;0;0;0;1;0;0;0;558;50;14;1;351;65;26;12;909;115;40;13
2022.05_01-07-2022;Кабардино-Балкарская Республика;165_195_days;SputnikLite;25;2;1;0;13;3;1;1;38;5;2;1;558;50;14;1;351;65;26;12;909;115;40;13
2022.05_01-07-2022;Кабардино-Балкарская Республика;165_195_days;SputnikV;17;1;0;0;12;1;0;0;29;2;0;0;558;50;14;1;351;65;26;12;909;115;40;13
2022.05_01-07-2022;Кабардино-Балкарская Республика;21_45_days;AllVaccines;5;0;0;0;1;0;0;0;6;0;0;0;558;50;14;1;351;65;26;12;909;115;40;13
2022.05_01-07-2022;Кабардино-Балкарская Республика;21_45_days;SputnikV;5;0;0;0;1;0;0;0;6;0;0;0;558;50;14;1;351;65;26;12;909;115;40;13
2022.05_01-07-2022;Кабардино-Балкарская Республика;45_75_days;AllVaccines;7;1;0;0;4;0;0;0;11;1;0;0;558;50;14;1;351;65;26;12;909;115;40;13
2022.05_01-07-2022;Кабардино-Балкарская Республика;45_75_days;CoviVac;1;0;0;0;0;0;0;0;1;0;0;0;558;50;14;1;351;65;26;12;909;115;40;13
2022.05_01-07-2022;Кабардино-Балкарская Республика;45_75_days;SputnikLite;3;1;0;0;0;0;0;0;3;1;0;0;558;50;14;1;351;65;26;12;909;115;40;13
2022.05_01-07-2022;Кабардино-Балкарская Республика;45_75_days;SputnikV;3;0;0;0;4;0;0;0;7;0;0;0;558;50;14;1;351;65;26;12;909;115;40;13
2022.05_01-07-2022;Кабардино-Балкарская Республика;75_90_days;AllVaccines;9;1;0;0;7;1;0;0;16;2;0;0;558;50;14;1;351;65;26;12;909;115;40;13
2022.05_01-07-2022;Кабардино-Балкарская Республика;75_90_days;EpiVacCorona;0;0;0;0;1;0;0;0;1;0;0;0;558;50;14;1;351;65;26;12;909;115;40;13
2022.05_01-07-2022;Кабардино-Балкарская Республика;75_90_days;SputnikLite;3;0;0;0;3;1;0;0;6;1;0;0;558;50;14;1;351;65;26;12;909;115;40;13
2022.05_01-07-2022;Кабардино-Балкарская Республика;75_90_days;SputnikV;6;1;0;0;3;0;0;0;9;1;0;0;558;50;14;1;351;65;26;12;909;115;40;13
2022.05_01-07-2022;Кабардино-Балкарская Республика;90_105_days;AllVaccines;15;1;0;0;10;2;0;0;25;3;0;0;558;50;14;1;351;65;26;12;909;115;40;13
2022.05_01-07-2022;Кабардино-Балкарская Республика;90_105_days;CoviVac;2;0;0;0;0;0;0;0;2;0;0;0;558;50;14;1;351;65;26;12;909;115;40;13
2022.05_01-07-2022;Кабардино-Балкарская Республика;90_105_days;EpiVacCorona;3;0;0;0;0;0;0;0;3;0;0;0;558;50;14;1;351;65;26;12;909;115;40;13
2022.05_01-07-2022;Кабардино-Балкарская Республика;90_105_days;SputnikLite;4;0;0;0;3;1;0;0;7;1;0;0;558;50;14;1;351;65;26;12;909;115;40;13
2022.05_01-07-2022;Кабардино-Балкарская Республика;90_105_days;SputnikV;6;1;0;0;7;1;0;0;13;2;0;0;558;50;14;1;351;65;26;12;909;115;40;13
2022.05_01-07-2022;Калининградская область;105_165_days;AllVaccines;61;4;0;0;35;15;3;0;96;19;3;0;391;68;4;2;251;127;22;11;642;195;26;13
2022.05_01-07-2022;Калининградская область;105_165_days;CoviVac;4;1;0;0;0;0;0;0;4;1;0;0;391;68;4;2;251;127;22;11;642;195;26;13
2022.05_01-07-2022;Калининградская область;105_165_days;EpiVacCorona;2;1;0;0;2;1;0;0;4;2;0;0;391;68;4;2;251;127;22;11;642;195;26;13
2022.05_01-07-2022;Калининградская область;105_165_days;SputnikLite;26;1;0;0;18;6;1;0;44;7;1;0;391;68;4;2;251;127;22;11;642;195;26;13
2022.05_01-07-2022;Калининградская область;105_165_days;SputnikV;29;1;0;0;15;8;2;0;44;9;2;0;391;68;4;2;251;127;22;11;642;195;26;13
2022.05_01-07-2022;Калининградская область;165_195_days;AllVaccines;36;7;1;1;40;20;1;0;76;27;2;1;391;68;4;2;251;127;22;11;642;195;26;13
2022.05_01-07-2022;Калининградская область;165_195_days;EpiVacCorona;4;0;0;0;4;3;0;0;8;3;0;0;391;68;4;2;251;127;22;11;642;195;26;13
2022.05_01-07-2022;Калининградская область;165_195_days;SputnikLite;9;0;0;0;20;12;1;0;29;12;1;0;391;68;4;2;251;127;22;11;642;195;26;13
2022.05_01-07-2022;Калининградская область;165_195_days;SputnikV;23;7;1;1;16;5;0;0;39;12;1;1;391;68;4;2;251;127;22;11;642;195;26;13
2022.05_01-07-2022;Калининградская область;21_45_days;AllVaccines;2;1;0;0;0;0;0;0;2;1;0;0;391;68;4;2;251;127;22;11;642;195;26;13
2022.05_01-07-2022;Калининградская область;21_45_days;SputnikLite;1;0;0;0;0;0;0;0;1;0;0;0;391;68;4;2;251;127;22;11;642;195;26;13
2022.05_01-07-2022;Калининградская область;21_45_days;SputnikV;1;1;0;0;0;0;0;0;1;1;0;0;391;68;4;2;251;127;22;11;642;195;26;13
2022.05_01-07-2022;Калининградская область;45_75_days;AllVaccines;5;0;0;0;3;1;0;0;8;1;0;0;391;68;4;2;251;127;22;11;642;195;26;13
2022.05_01-07-2022;Калининградская область;45_75_days;SputnikLite;1;0;0;0;1;1;0;0;2;1;0;0;391;68;4;2;251;127;22;11;642;195;26;13
2022.05_01-07-2022;Калининградская область;45_75_days;SputnikV;4;0;0;0;2;0;0;0;6;0;0;0;391;68;4;2;251;127;22;11;642;195;26;13
2022.05_01-07-2022;Калининградская область;75_90_days;AllVaccines;5;0;0;0;3;1;0;0;8;1;0;0;391;68;4;2;251;127;22;11;642;195;26;13
2022.05_01-07-2022;Калининградская область;75_90_days;SputnikLite;2;0;0;0;1;1;0;0;3;1;0;0;391;68;4;2;251;127;22;11;642;195;26;13
2022.05_01-07-2022;Калининградская область;75_90_days;SputnikV;3;0;0;0;2;0;0;0;5;0;0;0;391;68;4;2;251;127;22;11;642;195;26;13
2022.05_01-07-2022;Калининградская область;90_105_days;AllVaccines;8;0;0;0;3;1;0;0;11;1;0;0;391;68;4;2;251;127;22;11;642;195;26;13
2022.05_01-07-2022;Калининградская область;90_105_days;CoviVac;1;0;0;0;0;0;0;0;1;0;0;0;391;68;4;2;251;127;22;11;642;195;26;13
2022.05_01-07-2022;Калининградская область;90_105_days;SputnikLite;1;0;0;0;0;0;0;0;1;0;0;0;391;68;4;2;251;127;22;11;642;195;26;13
2022.05_01-07-2022;Калининградская область;90_105_days;SputnikV;6;0;0;0;3;1;0;0;9;1;0;0;391;68;4;2;251;127;22;11;642;195;26;13
2022.05_01-07-2022;Калужская область;105_165_days;AllVaccines;74;13;3;0;57;25;5;2;131;38;8;2;539;81;13;5;471;199;46;28;1010;280;59;33
2022.05_01-07-2022;Калужская область;105_165_days;CoviVac;1;0;0;0;2;1;0;0;3;1;0;0;539;81;13;5;471;199;46;28;1010;280;59;33
2022.05_01-07-2022;Калужская область;105_165_days;EpiVacCorona;7;0;0;0;4;0;0;0;11;0;0;0;539;81;13;5;471;199;46;28;1010;280;59;33
2022.05_01-07-2022;Калужская область;105_165_days;SputnikLite;18;3;1;0;29;11;4;1;47;14;5;1;539;81;13;5;471;199;46;28;1010;280;59;33
2022.05_01-07-2022;Калужская область;105_165_days;SputnikV;48;10;2;0;22;13;1;1;70;23;3;1;539;81;13;5;471;199;46;28;1010;280;59;33
2022.05_01-07-2022;Калужская область;165_195_days;AllVaccines;60;5;0;1;32;9;1;1;92;14;1;2;539;81;13;5;471;199;46;28;1010;280;59;33
2022.05_01-07-2022;Калужская область;165_195_days;CoviVac;2;0;0;0;1;0;0;0;3;0;0;0;539;81;13;5;471;199;46;28;1010;280;59;33
2022.05_01-07-2022;Калужская область;165_195_days;EpiVacCorona;2;0;0;0;1;0;0;0;3;0;0;0;539;81;13;5;471;199;46;28;1010;280;59;33
2022.05_01-07-2022;Калужская область;165_195_days;SputnikLite;7;1;0;0;8;1;0;0;15;2;0;0;539;81;13;5;471;199;46;28;1010;280;59;33
2022.05_01-07-2022;Калужская область;165_195_days;SputnikV;49;4;0;1;22;8;1;1;71;12;1;2;539;81;13;5;471;199;46;28;1010;280;59;33
2022.05_01-07-2022;Калужская область;21_45_days;AllVaccines;2;0;0;0;1;1;1;0;3;1;1;0;539;81;13;5;471;199;46;28;1010;280;59;33
2022.05_01-07-2022;Калужская область;21_45_days;SputnikV;2;0;0;0;1;1;1;0;3;1;1;0;539;81;13;5;471;199;46;28;1010;280;59;33
2022.05_01-07-2022;Калужская область;45_75_days;AllVaccines;6;0;0;0;4;1;0;0;10;1;0;0;539;81;13;5;471;199;46;28;1010;280;59;33
2022.05_01-07-2022;Калужская область;45_75_days;CoviVac;0;0;0;0;1;0;0;0;1;0;0;0;539;81;13;5;471;199;46;28;1010;280;59;33
2022.05_01-07-2022;Калужская область;45_75_days;SputnikLite;1;0;0;0;1;1;0;0;2;1;0;0;539;81;13;5;471;199;46;28;1010;280;59;33
2022.05_01-07-2022;Калужская область;45_75_days;SputnikV;5;0;0;0;2;0;0;0;7;0;0;0;539;81;13;5;471;199;46;28;1010;280;59;33
2022.05_01-07-2022;Калужская область;75_90_days;AllVaccines;5;0;0;0;6;1;1;1;11;1;1;1;539;81;13;5;471;199;46;28;1010;280;59;33
2022.05_01-07-2022;Калужская область;75_90_days;SputnikLite;1;0;0;0;0;0;0;0;1;0;0;0;539;81;13;5;471;199;46;28;1010;280;59;33
2022.05_01-07-2022;Калужская область;75_90_days;SputnikV;4;0;0;0;6;1;1;1;10;1;1;1;539;81;13;5;471;199;46;28;1010;280;59;33
2022.05_01-07-2022;Калужская область;90_105_days;AllVaccines;6;1;0;0;6;4;0;0;12;5;0;0;539;81;13;5;471;199;46;28;1010;280;59;33
2022.05_01-07-2022;Калужская область;90_105_days;SputnikLite;5;1;0;0;2;1;0;0;7;2;0;0;539;81;13;5;471;199;46;28;1010;280;59;33
2022.05_01-07-2022;Калужская область;90_105_days;SputnikV;1;0;0;0;4;3;0;0;5;3;0;0;539;81;13;5;471;199;46;28;1010;280;59;33
2022.05_01-07-2022;Камчатский край;105_165_days;AllVaccines;24;3;1;0;13;4;0;0;37;7;1;0;207;29;1;0;155;69;7;3;362;98;8;3
2022.05_01-07-2022;Камчатский край;105_165_days;EpiVacCorona;1;1;1;0;1;0;0;0;2;1;1;0;207;29;1;0;155;69;7;3;362;98;8;3
2022.05_01-07-2022;Камчатский край;105_165_days;SputnikLite;12;0;0;0;11;4;0;0;23;4;0;0;207;29;1;0;155;69;7;3;362;98;8;3
2022.05_01-07-2022;Камчатский край;105_165_days;SputnikV;11;2;0;0;1;0;0;0;12;2;0;0;207;29;1;0;155;69;7;3;362;98;8;3
2022.05_01-07-2022;Камчатский край;165_195_days;AllVaccines;19;3;0;0;14;6;1;0;33;9;1;0;207;29;1;0;155;69;7;3;362;98;8;3
2022.05_01-07-2022;Камчатский край;165_195_days;EpiVacCorona;1;1;0;0;0;0;0;0;1;1;0;0;207;29;1;0;155;69;7;3;362;98;8;3
2022.05_01-07-2022;Камчатский край;165_195_days;SputnikLite;13;2;0;0;8;1;0;0;21;3;0;0;207;29;1;0;155;69;7;3;362;98;8;3
2022.05_01-07-2022;Камчатский край;165_195_days;SputnikV;5;0;0;0;6;5;1;0;11;5;1;0;207;29;1;0;155;69;7;3;362;98;8;3
2022.05_01-07-2022;Камчатский край;21_45_days;AllVaccines;1;0;0;0;1;1;0;0;2;1;0;0;207;29;1;0;155;69;7;3;362;98;8;3
2022.05_01-07-2022;Камчатский край;21_45_days;SputnikV;1;0;0;0;1;1;0;0;2;1;0;0;207;29;1;0;155;69;7;3;362;98;8;3
2022.05_01-07-2022;Камчатский край;45_75_days;AllVaccines;3;1;0;0;0;0;0;0;3;1;0;0;207;29;1;0;155;69;7;3;362;98;8;3
2022.05_01-07-2022;Камчатский край;45_75_days;SputnikLite;1;1;0;0;0;0;0;0;1;1;0;0;207;29;1;0;155;69;7;3;362;98;8;3
2022.05_01-07-2022;Камчатский край;45_75_days;SputnikV;2;0;0;0;0;0;0;0;2;0;0;0;207;29;1;0;155;69;7;3;362;98;8;3
2022.05_01-07-2022;Камчатский край;75_90_days;AllVaccines;2;1;0;0;1;0;0;0;3;1;0;0;207;29;1;0;155;69;7;3;362;98;8;3
2022.05_01-07-2022;Камчатский край;75_90_days;SputnikV;2;1;0;0;1;0;0;0;3;1;0;0;207;29;1;0;155;69;7;3;362;98;8;3
2022.05_01-07-2022;Камчатский край;90_105_days;AllVaccines;4;1;0;0;2;0;0;0;6;1;0;0;207;29;1;0;155;69;7;3;362;98;8;3
2022.05_01-07-2022;Камчатский край;90_105_days;EpiVacCorona;0;0;0;0;1;0;0;0;1;0;0;0;207;29;1;0;155;69;7;3;362;98;8;3
2022.05_01-07-2022;Камчатский край;90_105_days;SputnikLite;3;1;0;0;0;0;0;0;3;1;0;0;207;29;1;0;155;69;7;3;362;98;8;3
2022.05_01-07-2022;Камчатский край;90_105_days;SputnikV;1;0;0;0;1;0;0;0;2;0;0;0;207;29;1;0;155;69;7;3;362;98;8;3
2022.05_01-07-2022;Карачаево-Черкесская Республика;105_165_days;AllVaccines;18;0;0;0;21;3;1;0;39;3;1;0;100;1;0;0;87;9;3;2;187;10;3;2
2022.05_01-07-2022;Карачаево-Черкесская Республика;105_165_days;SputnikLite;7;0;0;0;12;2;1;0;19;2;1;0;100;1;0;0;87;9;3;2;187;10;3;2
2022.05_01-07-2022;Карачаево-Черкесская Республика;105_165_days;SputnikV;11;0;0;0;9;1;0;0;20;1;0;0;100;1;0;0;87;9;3;2;187;10;3;2
2022.05_01-07-2022;Карачаево-Черкесская Республика;165_195_days;AllVaccines;6;1;0;0;3;0;0;0;9;1;0;0;100;1;0;0;87;9;3;2;187;10;3;2
2022.05_01-07-2022;Карачаево-Черкесская Республика;165_195_days;SputnikLite;5;1;0;0;2;0;0;0;7;1;0;0;100;1;0;0;87;9;3;2;187;10;3;2
2022.05_01-07-2022;Карачаево-Черкесская Республика;165_195_days;SputnikV;1;0;0;0;1;0;0;0;2;0;0;0;100;1;0;0;87;9;3;2;187;10;3;2
2022.05_01-07-2022;Карачаево-Черкесская Республика;21_45_days;AllVaccines;1;0;0;0;2;0;0;0;3;0;0;0;100;1;0;0;87;9;3;2;187;10;3;2
2022.05_01-07-2022;Карачаево-Черкесская Республика;21_45_days;SputnikLite;1;0;0;0;0;0;0;0;1;0;0;0;100;1;0;0;87;9;3;2;187;10;3;2
2022.05_01-07-2022;Карачаево-Черкесская Республика;21_45_days;SputnikV;0;0;0;0;2;0;0;0;2;0;0;0;100;1;0;0;87;9;3;2;187;10;3;2
2022.05_01-07-2022;Карачаево-Черкесская Республика;45_75_days;AllVaccines;7;1;0;0;1;0;0;0;8;1;0;0;100;1;0;0;87;9;3;2;187;10;3;2
2022.05_01-07-2022;Карачаево-Черкесская Республика;45_75_days;SputnikLite;3;0;0;0;0;0;0;0;3;0;0;0;100;1;0;0;87;9;3;2;187;10;3;2
2022.05_01-07-2022;Карачаево-Черкесская Республика;45_75_days;SputnikV;4;1;0;0;1;0;0;0;5;1;0;0;100;1;0;0;87;9;3;2;187;10;3;2
2022.05_01-07-2022;Карачаево-Черкесская Республика;75_90_days;AllVaccines;4;0;0;0;4;0;0;0;8;0;0;0;100;1;0;0;87;9;3;2;187;10;3;2
2022.05_01-07-2022;Карачаево-Черкесская Республика;75_90_days;CoviVac;1;0;0;0;0;0;0;0;1;0;0;0;100;1;0;0;87;9;3;2;187;10;3;2
2022.05_01-07-2022;Карачаево-Черкесская Республика;75_90_days;EpiVacCorona;1;0;0;0;0;0;0;0;1;0;0;0;100;1;0;0;87;9;3;2;187;10;3;2
2022.05_01-07-2022;Карачаево-Черкесская Республика;75_90_days;SputnikLite;0;0;0;0;2;0;0;0;2;0;0;0;100;1;0;0;87;9;3;2;187;10;3;2
2022.05_01-07-2022;Карачаево-Черкесская Республика;75_90_days;SputnikV;2;0;0;0;2;0;0;0;4;0;0;0;100;1;0;0;87;9;3;2;187;10;3;2
2022.05_01-07-2022;Карачаево-Черкесская Республика;90_105_days;AllVaccines;3;0;0;0;3;0;0;0;6;0;0;0;100;1;0;0;87;9;3;2;187;10;3;2
2022.05_01-07-2022;Карачаево-Черкесская Республика;90_105_days;SputnikLite;0;0;0;0;1;0;0;0;1;0;0;0;100;1;0;0;87;9;3;2;187;10;3;2
2022.05_01-07-2022;Карачаево-Черкесская Республика;90_105_days;SputnikV;3;0;0;0;2;0;0;0;5;0;0;0;100;1;0;0;87;9;3;2;187;10;3;2
2022.05_01-07-2022;Кемеровская область;105_165_days;AllVaccines;242;38;4;2;131;51;6;7;373;89;10;9;1567;369;54;40;992;505;88;86;2559;874;142;126
2022.05_01-07-2022;Кемеровская область;105_165_days;CoviVac;4;1;0;0;1;1;0;0;5;2;0;0;1567;369;54;40;992;505;88;86;2559;874;142;126
2022.05_01-07-2022;Кемеровская область;105_165_days;EpiVacCorona;6;1;0;0;8;3;0;0;14;4;0;0;1567;369;54;40;992;505;88;86;2559;874;142;126
2022.05_01-07-2022;Кемеровская область;105_165_days;SputnikLite;94;13;0;0;54;17;3;1;148;30;3;1;1567;369;54;40;992;505;88;86;2559;874;142;126
2022.05_01-07-2022;Кемеровская область;105_165_days;SputnikV;138;23;4;2;68;30;3;6;206;53;7;8;1567;369;54;40;992;505;88;86;2559;874;142;126
2022.05_01-07-2022;Кемеровская область;165_195_days;AllVaccines;78;9;1;2;55;21;1;3;133;30;2;5;1567;369;54;40;992;505;88;86;2559;874;142;126
2022.05_01-07-2022;Кемеровская область;165_195_days;CoviVac;1;0;0;0;0;0;0;0;1;0;0;0;1567;369;54;40;992;505;88;86;2559;874;142;126
2022.05_01-07-2022;Кемеровская область;165_195_days;EpiVacCorona;3;0;0;0;1;1;0;0;4;1;0;0;1567;369;54;40;992;505;88;86;2559;874;142;126
2022.05_01-07-2022;Кемеровская область;165_195_days;SputnikLite;17;2;0;0;21;8;1;2;38;10;1;2;1567;369;54;40;992;505;88;86;2559;874;142;126
2022.05_01-07-2022;Кемеровская область;165_195_days;SputnikV;57;7;1;2;33;12;0;1;90;19;1;3;1567;369;54;40;992;505;88;86;2559;874;142;126
2022.05_01-07-2022;Кемеровская область;21_45_days;AllVaccines;7;0;0;0;5;2;0;1;12;2;0;1;1567;369;54;40;992;505;88;86;2559;874;142;126
2022.05_01-07-2022;Кемеровская область;21_45_days;CoviVac;1;0;0;0;1;0;0;0;2;0;0;0;1567;369;54;40;992;505;88;86;2559;874;142;126
2022.05_01-07-2022;Кемеровская область;21_45_days;SputnikV;6;0;0;0;4;2;0;1;10;2;0;1;1567;369;54;40;992;505;88;86;2559;874;142;126
2022.05_01-07-2022;Кемеровская область;45_75_days;AllVaccines;26;3;0;0;10;4;0;0;36;7;0;0;1567;369;54;40;992;505;88;86;2559;874;142;126
2022.05_01-07-2022;Кемеровская область;45_75_days;CoviVac;2;1;0;0;0;0;0;0;2;1;0;0;1567;369;54;40;992;505;88;86;2559;874;142;126
2022.05_01-07-2022;Кемеровская область;45_75_days;EpiVacCorona;1;0;0;0;0;0;0;0;1;0;0;0;1567;369;54;40;992;505;88;86;2559;874;142;126
2022.05_01-07-2022;Кемеровская область;45_75_days;SputnikLite;4;0;0;0;0;0;0;0;4;0;0;0;1567;369;54;40;992;505;88;86;2559;874;142;126
2022.05_01-07-2022;Кемеровская область;45_75_days;SputnikV;19;2;0;0;10;4;0;0;29;6;0;0;1567;369;54;40;992;505;88;86;2559;874;142;126
2022.05_01-07-2022;Кемеровская область;75_90_days;AllVaccines;41;7;0;1;10;4;0;0;51;11;0;1;1567;369;54;40;992;505;88;86;2559;874;142;126
2022.05_01-07-2022;Кемеровская область;75_90_days;SputnikLite;20;4;0;1;4;1;0;0;24;5;0;1;1567;369;54;40;992;505;88;86;2559;874;142;126
2022.05_01-07-2022;Кемеровская область;75_90_days;SputnikV;21;3;0;0;6;3;0;0;27;6;0;0;1567;369;54;40;992;505;88;86;2559;874;142;126
2022.05_01-07-2022;Кемеровская область;90_105_days;AllVaccines;46;7;0;0;27;11;3;2;73;18;3;2;1567;369;54;40;992;505;88;86;2559;874;142;126
2022.05_01-07-2022;Кемеровская область;90_105_days;CoviVac;1;0;0;0;0;0;0;0;1;0;0;0;1567;369;54;40;992;505;88;86;2559;874;142;126
2022.05_01-07-2022;Кемеровская область;90_105_days;EpiVacCorona;0;0;0;0;6;2;2;2;6;2;2;2;1567;369;54;40;992;505;88;86;2559;874;142;126
2022.05_01-07-2022;Кемеровская область;90_105_days;SputnikLite;23;3;0;0;13;6;1;0;36;9;1;0;1567;369;54;40;992;505;88;86;2559;874;142;126
2022.05_01-07-2022;Кемеровская область;90_105_days;SputnikV;22;4;0;0;8;3;0;0;30;7;0;0;1567;369;54;40;992;505;88;86;2559;874;142;126
2022.05_01-07-2022;Кировская область;105_165_days;AllVaccines;141;12;0;0;141;55;11;9;282;67;11;9;880;111;11;5;845;432;97;63;1725;543;108;68
2022.05_01-07-2022;Кировская область;105_165_days;CoviVac;3;0;0;0;1;0;0;0;4;0;0;0;880;111;11;5;845;432;97;63;1725;543;108;68
2022.05_01-07-2022;Кировская область;105_165_days;EpiVacCorona;7;1;0;0;5;1;1;1;12;2;1;1;880;111;11;5;845;432;97;63;1725;543;108;68
2022.05_01-07-2022;Кировская область;105_165_days;SputnikLite;65;3;0;0;64;19;5;4;129;22;5;4;880;111;11;5;845;432;97;63;1725;543;108;68
2022.05_01-07-2022;Кировская область;105_165_days;SputnikV;66;8;0;0;71;35;5;4;137;43;5;4;880;111;11;5;845;432;97;63;1725;543;108;68
2022.05_01-07-2022;Кировская область;165_195_days;AllVaccines;96;9;1;0;106;46;5;3;202;55;6;3;880;111;11;5;845;432;97;63;1725;543;108;68
2022.05_01-07-2022;Кировская область;165_195_days;CoviVac;1;0;0;0;1;0;0;0;2;0;0;0;880;111;11;5;845;432;97;63;1725;543;108;68
2022.05_01-07-2022;Кировская область;165_195_days;EpiVacCorona;5;1;0;0;3;0;0;0;8;1;0;0;880;111;11;5;845;432;97;63;1725;543;108;68
2022.05_01-07-2022;Кировская область;165_195_days;SputnikLite;44;5;0;0;55;22;1;1;99;27;1;1;880;111;11;5;845;432;97;63;1725;543;108;68
2022.05_01-07-2022;Кировская область;165_195_days;SputnikV;46;3;1;0;47;24;4;2;93;27;5;2;880;111;11;5;845;432;97;63;1725;543;108;68
2022.05_01-07-2022;Кировская область;21_45_days;AllVaccines;6;0;0;0;6;3;0;0;12;3;0;0;880;111;11;5;845;432;97;63;1725;543;108;68
2022.05_01-07-2022;Кировская область;21_45_days;EpiVacCorona;1;0;0;0;0;0;0;0;1;0;0;0;880;111;11;5;845;432;97;63;1725;543;108;68
2022.05_01-07-2022;Кировская область;21_45_days;SputnikLite;3;0;0;0;4;3;0;0;7;3;0;0;880;111;11;5;845;432;97;63;1725;543;108;68
2022.05_01-07-2022;Кировская область;21_45_days;SputnikV;2;0;0;0;2;0;0;0;4;0;0;0;880;111;11;5;845;432;97;63;1725;543;108;68
2022.05_01-07-2022;Кировская область;45_75_days;AllVaccines;12;1;0;0;9;6;2;1;21;7;2;1;880;111;11;5;845;432;97;63;1725;543;108;68
2022.05_01-07-2022;Кировская область;45_75_days;SputnikLite;7;0;0;0;2;0;0;0;9;0;0;0;880;111;11;5;845;432;97;63;1725;543;108;68
2022.05_01-07-2022;Кировская область;45_75_days;SputnikV;5;1;0;0;7;6;2;1;12;7;2;1;880;111;11;5;845;432;97;63;1725;543;108;68
2022.05_01-07-2022;Кировская область;75_90_days;AllVaccines;11;1;0;0;9;6;1;1;20;7;1;1;880;111;11;5;845;432;97;63;1725;543;108;68
2022.05_01-07-2022;Кировская область;75_90_days;EpiVacCorona;0;0;0;0;2;1;0;0;2;1;0;0;880;111;11;5;845;432;97;63;1725;543;108;68
2022.05_01-07-2022;Кировская область;75_90_days;SputnikLite;6;0;0;0;0;0;0;0;6;0;0;0;880;111;11;5;845;432;97;63;1725;543;108;68
2022.05_01-07-2022;Кировская область;75_90_days;SputnikV;5;1;0;0;7;5;1;1;12;6;1;1;880;111;11;5;845;432;97;63;1725;543;108;68
2022.05_01-07-2022;Кировская область;90_105_days;AllVaccines;9;0;0;0;20;9;3;2;29;9;3;2;880;111;11;5;845;432;97;63;1725;543;108;68
2022.05_01-07-2022;Кировская область;90_105_days;EpiVacCorona;0;0;0;0;1;1;1;0;1;1;1;0;880;111;11;5;845;432;97;63;1725;543;108;68
2022.05_01-07-2022;Кировская область;90_105_days;SputnikLite;6;0;0;0;9;3;1;1;15;3;1;1;880;111;11;5;845;432;97;63;1725;543;108;68
2022.05_01-07-2022;Кировская область;90_105_days;SputnikV;3;0;0;0;10;5;1;1;13;5;1;1;880;111;11;5;845;432;97;63;1725;543;108;68
2022.05_01-07-2022;Костромская область;105_165_days;AllVaccines;30;5;0;1;33;7;0;0;63;12;0;1;250;32;2;2;313;97;28;25;563;129;30;27
2022.05_01-07-2022;Костромская область;105_165_days;CoviVac;3;0;0;0;0;0;0;0;3;0;0;0;250;32;2;2;313;97;28;25;563;129;30;27
2022.05_01-07-2022;Костромская область;105_165_days;EpiVacCorona;5;0;0;0;6;1;0;0;11;1;0;0;250;32;2;2;313;97;28;25;563;129;30;27
2022.05_01-07-2022;Костромская область;105_165_days;SputnikLite;11;3;0;1;13;2;0;0;24;5;0;1;250;32;2;2;313;97;28;25;563;129;30;27
2022.05_01-07-2022;Костромская область;105_165_days;SputnikV;11;2;0;0;14;4;0;0;25;6;0;0;250;32;2;2;313;97;28;25;563;129;30;27
2022.05_01-07-2022;Костромская область;165_195_days;AllVaccines;20;1;0;0;33;9;3;3;53;10;3;3;250;32;2;2;313;97;28;25;563;129;30;27
2022.05_01-07-2022;Костромская область;165_195_days;SputnikLite;15;1;0;0;19;6;3;3;34;7;3;3;250;32;2;2;313;97;28;25;563;129;30;27
2022.05_01-07-2022;Костромская область;165_195_days;SputnikV;5;0;0;0;14;3;0;0;19;3;0;0;250;32;2;2;313;97;28;25;563;129;30;27
2022.05_01-07-2022;Костромская область;21_45_days;AllVaccines;0;0;0;0;3;3;0;1;3;3;0;1;250;32;2;2;313;97;28;25;563;129;30;27
2022.05_01-07-2022;Костромская область;21_45_days;SputnikV;0;0;0;0;3;3;0;1;3;3;0;1;250;32;2;2;313;97;28;25;563;129;30;27
2022.05_01-07-2022;Костромская область;45_75_days;AllVaccines;1;0;0;0;3;0;0;0;4;0;0;0;250;32;2;2;313;97;28;25;563;129;30;27
2022.05_01-07-2022;Костромская область;45_75_days;SputnikLite;0;0;0;0;2;0;0;0;2;0;0;0;250;32;2;2;313;97;28;25;563;129;30;27
2022.05_01-07-2022;Костромская область;45_75_days;SputnikV;1;0;0;0;1;0;0;0;2;0;0;0;250;32;2;2;313;97;28;25;563;129;30;27
2022.05_01-07-2022;Костромская область;75_90_days;AllVaccines;2;0;0;0;2;1;0;0;4;1;0;0;250;32;2;2;313;97;28;25;563;129;30;27
2022.05_01-07-2022;Костромская область;75_90_days;SputnikLite;0;0;0;0;1;0;0;0;1;0;0;0;250;32;2;2;313;97;28;25;563;129;30;27
2022.05_01-07-2022;Костромская область;75_90_days;SputnikV;2;0;0;0;1;1;0;0;3;1;0;0;250;32;2;2;313;97;28;25;563;129;30;27
2022.05_01-07-2022;Костромская область;90_105_days;AllVaccines;9;0;0;0;5;0;0;0;14;0;0;0;250;32;2;2;313;97;28;25;563;129;30;27
2022.05_01-07-2022;Костромская область;90_105_days;EpiVacCorona;1;0;0;0;0;0;0;0;1;0;0;0;250;32;2;2;313;97;28;25;563;129;30;27
2022.05_01-07-2022;Костромская область;90_105_days;SputnikLite;4;0;0;0;4;0;0;0;8;0;0;0;250;32;2;2;313;97;28;25;563;129;30;27
2022.05_01-07-2022;Костромская область;90_105_days;SputnikV;4;0;0;0;1;0;0;0;5;0;0;0;250;32;2;2;313;97;28;25;563;129;30;27
2022.05_01-07-2022;Краснодарский край;105_165_days;AllVaccines;173;23;2;1;184;77;13;6;357;100;15;7;1246;242;45;18;1244;507;129;59;2490;749;174;77
2022.05_01-07-2022;Краснодарский край;105_165_days;CoviVac;2;0;0;0;1;0;0;0;3;0;0;0;1246;242;45;18;1244;507;129;59;2490;749;174;77
2022.05_01-07-2022;Краснодарский край;105_165_days;EpiVacCorona;6;1;0;0;8;3;0;0;14;4;0;0;1246;242;45;18;1244;507;129;59;2490;749;174;77
2022.05_01-07-2022;Краснодарский край;105_165_days;SputnikLite;57;8;0;0;75;27;6;2;132;35;6;2;1246;242;45;18;1244;507;129;59;2490;749;174;77
2022.05_01-07-2022;Краснодарский край;105_165_days;SputnikV;108;14;2;1;100;47;7;4;208;61;9;5;1246;242;45;18;1244;507;129;59;2490;749;174;77
2022.05_01-07-2022;Краснодарский край;165_195_days;AllVaccines;95;15;1;0;98;30;6;3;193;45;7;3;1246;242;45;18;1244;507;129;59;2490;749;174;77
2022.05_01-07-2022;Краснодарский край;165_195_days;CoviVac;4;1;0;0;0;0;0;0;4;1;0;0;1246;242;45;18;1244;507;129;59;2490;749;174;77
2022.05_01-07-2022;Краснодарский край;165_195_days;EpiVacCorona;3;0;0;0;4;2;1;1;7;2;1;1;1246;242;45;18;1244;507;129;59;2490;749;174;77
2022.05_01-07-2022;Краснодарский край;165_195_days;SputnikLite;19;0;0;0;34;7;1;0;53;7;1;0;1246;242;45;18;1244;507;129;59;2490;749;174;77
2022.05_01-07-2022;Краснодарский край;165_195_days;SputnikV;69;14;1;0;60;21;4;2;129;35;5;2;1246;242;45;18;1244;507;129;59;2490;749;174;77
2022.05_01-07-2022;Краснодарский край;21_45_days;AllVaccines;9;2;0;0;21;7;1;0;30;9;1;0;1246;242;45;18;1244;507;129;59;2490;749;174;77
2022.05_01-07-2022;Краснодарский край;21_45_days;CoviVac;1;0;0;0;0;0;0;0;1;0;0;0;1246;242;45;18;1244;507;129;59;2490;749;174;77
2022.05_01-07-2022;Краснодарский край;21_45_days;EpiVacCorona;0;0;0;0;2;1;0;0;2;1;0;0;1246;242;45;18;1244;507;129;59;2490;749;174;77
2022.05_01-07-2022;Краснодарский край;21_45_days;SputnikLite;1;0;0;0;2;0;0;0;3;0;0;0;1246;242;45;18;1244;507;129;59;2490;749;174;77
2022.05_01-07-2022;Краснодарский край;21_45_days;SputnikV;7;2;0;0;17;6;1;0;24;8;1;0;1246;242;45;18;1244;507;129;59;2490;749;174;77
2022.05_01-07-2022;Краснодарский край;45_75_days;AllVaccines;27;8;2;1;36;14;2;1;63;22;4;2;1246;242;45;18;1244;507;129;59;2490;749;174;77
2022.05_01-07-2022;Краснодарский край;45_75_days;CoviVac;0;0;0;0;1;1;0;0;1;1;0;0;1246;242;45;18;1244;507;129;59;2490;749;174;77
2022.05_01-07-2022;Краснодарский край;45_75_days;EpiVacCorona;2;1;0;0;2;1;1;0;4;2;1;0;1246;242;45;18;1244;507;129;59;2490;749;174;77
2022.05_01-07-2022;Краснодарский край;45_75_days;SputnikLite;4;1;0;0;7;4;1;1;11;5;1;1;1246;242;45;18;1244;507;129;59;2490;749;174;77
2022.05_01-07-2022;Краснодарский край;45_75_days;SputnikV;21;6;2;1;26;8;0;0;47;14;2;1;1246;242;45;18;1244;507;129;59;2490;749;174;77
2022.05_01-07-2022;Краснодарский край;75_90_days;AllVaccines;13;3;1;0;18;5;2;0;31;8;3;0;1246;242;45;18;1244;507;129;59;2490;749;174;77
2022.05_01-07-2022;Краснодарский край;75_90_days;EpiVacCorona;0;0;0;0;1;1;1;0;1;1;1;0;1246;242;45;18;1244;507;129;59;2490;749;174;77
2022.05_01-07-2022;Краснодарский край;75_90_days;SputnikLite;6;1;0;0;5;0;0;0;11;1;0;0;1246;242;45;18;1244;507;129;59;2490;749;174;77
2022.05_01-07-2022;Краснодарский край;75_90_days;SputnikV;7;2;1;0;12;4;1;0;19;6;2;0;1246;242;45;18;1244;507;129;59;2490;749;174;77
2022.05_01-07-2022;Краснодарский край;90_105_days;AllVaccines;27;3;0;0;20;11;2;3;47;14;2;3;1246;242;45;18;1244;507;129;59;2490;749;174;77
2022.05_01-07-2022;Краснодарский край;90_105_days;CoviVac;2;0;0;0;0;0;0;0;2;0;0;0;1246;242;45;18;1244;507;129;59;2490;749;174;77
2022.05_01-07-2022;Краснодарский край;90_105_days;EpiVacCorona;0;0;0;0;3;1;1;1;3;1;1;1;1246;242;45;18;1244;507;129;59;2490;749;174;77
2022.05_01-07-2022;Краснодарский край;90_105_days;SputnikLite;11;1;0;0;5;4;0;1;16;5;0;1;1246;242;45;18;1244;507;129;59;2490;749;174;77
2022.05_01-07-2022;Краснодарский край;90_105_days;SputnikV;14;2;0;0;12;6;1;1;26;8;1;1;1246;242;45;18;1244;507;129;59;2490;749;174;77
2022.05_01-07-2022;Красноярский край;105_165_days;AllVaccines;173;27;2;0;150;70;14;10;323;97;16;10;1260;277;46;27;1046;586;142;83;2306;863;188;110
2022.05_01-07-2022;Красноярский край;105_165_days;CoviVac;1;0;0;0;1;0;0;0;2;0;0;0;1260;277;46;27;1046;586;142;83;2306;863;188;110
2022.05_01-07-2022;Красноярский край;105_165_days;EpiVacCorona;8;3;0;0;13;10;5;2;21;13;5;2;1260;277;46;27;1046;586;142;83;2306;863;188;110
2022.05_01-07-2022;Красноярский край;105_165_days;SputnikLite;55;6;1;0;69;28;4;4;124;34;5;4;1260;277;46;27;1046;586;142;83;2306;863;188;110
2022.05_01-07-2022;Красноярский край;105_165_days;SputnikV;109;18;1;0;67;32;5;4;176;50;6;4;1260;277;46;27;1046;586;142;83;2306;863;188;110
2022.05_01-07-2022;Красноярский край;165_195_days;AllVaccines;59;13;2;1;78;35;6;3;137;48;8;4;1260;277;46;27;1046;586;142;83;2306;863;188;110
2022.05_01-07-2022;Красноярский край;165_195_days;CoviVac;2;1;0;0;0;0;0;0;2;1;0;0;1260;277;46;27;1046;586;142;83;2306;863;188;110
2022.05_01-07-2022;Красноярский край;165_195_days;EpiVacCorona;2;0;0;0;7;3;0;0;9;3;0;0;1260;277;46;27;1046;586;142;83;2306;863;188;110
2022.05_01-07-2022;Красноярский край;165_195_days;SputnikLite;21;4;0;0;28;9;1;1;49;13;1;1;1260;277;46;27;1046;586;142;83;2306;863;188;110
2022.05_01-07-2022;Красноярский край;165_195_days;SputnikV;34;8;2;1;43;23;5;2;77;31;7;3;1260;277;46;27;1046;586;142;83;2306;863;188;110
2022.05_01-07-2022;Красноярский край;21_45_days;AllVaccines;13;2;0;0;9;5;2;1;22;7;2;1;1260;277;46;27;1046;586;142;83;2306;863;188;110
2022.05_01-07-2022;Красноярский край;21_45_days;CoviVac;1;0;0;0;0;0;0;0;1;0;0;0;1260;277;46;27;1046;586;142;83;2306;863;188;110
2022.05_01-07-2022;Красноярский край;21_45_days;EpiVacCorona;1;0;0;0;1;1;1;0;2;1;1;0;1260;277;46;27;1046;586;142;83;2306;863;188;110
2022.05_01-07-2022;Красноярский край;21_45_days;SputnikLite;2;0;0;0;0;0;0;0;2;0;0;0;1260;277;46;27;1046;586;142;83;2306;863;188;110
2022.05_01-07-2022;Красноярский край;21_45_days;SputnikV;9;2;0;0;8;4;1;1;17;6;1;1;1260;277;46;27;1046;586;142;83;2306;863;188;110
2022.05_01-07-2022;Красноярский край;45_75_days;AllVaccines;18;5;2;1;6;5;1;1;24;10;3;2;1260;277;46;27;1046;586;142;83;2306;863;188;110
2022.05_01-07-2022;Красноярский край;45_75_days;CoviVac;0;0;0;0;1;1;0;0;1;1;0;0;1260;277;46;27;1046;586;142;83;2306;863;188;110
2022.05_01-07-2022;Красноярский край;45_75_days;EpiVacCorona;1;1;0;0;1;1;0;0;2;2;0;0;1260;277;46;27;1046;586;142;83;2306;863;188;110
2022.05_01-07-2022;Красноярский край;45_75_days;SputnikLite;4;1;1;0;0;0;0;0;4;1;1;0;1260;277;46;27;1046;586;142;83;2306;863;188;110
2022.05_01-07-2022;Красноярский край;45_75_days;SputnikV;13;3;1;1;4;3;1;1;17;6;2;2;1260;277;46;27;1046;586;142;83;2306;863;188;110
2022.05_01-07-2022;Красноярский край;75_90_days;AllVaccines;32;1;0;0;21;7;0;0;53;8;0;0;1260;277;46;27;1046;586;142;83;2306;863;188;110
2022.05_01-07-2022;Красноярский край;75_90_days;EpiVacCorona;2;0;0;0;1;1;0;0;3;1;0;0;1260;277;46;27;1046;586;142;83;2306;863;188;110
2022.05_01-07-2022;Красноярский край;75_90_days;SputnikLite;13;0;0;0;10;3;0;0;23;3;0;0;1260;277;46;27;1046;586;142;83;2306;863;188;110
2022.05_01-07-2022;Красноярский край;75_90_days;SputnikV;17;1;0;0;10;3;0;0;27;4;0;0;1260;277;46;27;1046;586;142;83;2306;863;188;110
2022.05_01-07-2022;Красноярский край;90_105_days;AllVaccines;27;1;0;0;20;10;2;1;47;11;2;1;1260;277;46;27;1046;586;142;83;2306;863;188;110
2022.05_01-07-2022;Красноярский край;90_105_days;CoviVac;2;1;0;0;0;0;0;0;2;1;0;0;1260;277;46;27;1046;586;142;83;2306;863;188;110
2022.05_01-07-2022;Красноярский край;90_105_days;EpiVacCorona;1;0;0;0;2;1;0;0;3;1;0;0;1260;277;46;27;1046;586;142;83;2306;863;188;110
2022.05_01-07-2022;Красноярский край;90_105_days;SputnikLite;15;0;0;0;10;6;2;1;25;6;2;1;1260;277;46;27;1046;586;142;83;2306;863;188;110
2022.05_01-07-2022;Красноярский край;90_105_days;SputnikV;9;0;0;0;8;3;0;0;17;3;0;0;1260;277;46;27;1046;586;142;83;2306;863;188;110
2022.05_01-07-2022;Курганская область;105_165_days;AllVaccines;119;10;0;0;86;27;7;3;205;37;7;3;971;59;4;2;606;235;58;20;1577;294;62;22
2022.05_01-07-2022;Курганская область;105_165_days;CoviVac;1;0;0;0;0;0;0;0;1;0;0;0;971;59;4;2;606;235;58;20;1577;294;62;22
2022.05_01-07-2022;Курганская область;105_165_days;EpiVacCorona;6;0;0;0;3;0;0;0;9;0;0;0;971;59;4;2;606;235;58;20;1577;294;62;22
2022.05_01-07-2022;Курганская область;105_165_days;SputnikLite;43;3;0;0;54;17;4;2;97;20;4;2;971;59;4;2;606;235;58;20;1577;294;62;22
2022.05_01-07-2022;Курганская область;105_165_days;SputnikV;69;7;0;0;29;10;3;1;98;17;3;1;971;59;4;2;606;235;58;20;1577;294;62;22
2022.05_01-07-2022;Курганская область;165_195_days;AllVaccines;185;7;1;1;68;17;4;1;253;24;5;2;971;59;4;2;606;235;58;20;1577;294;62;22
2022.05_01-07-2022;Курганская область;165_195_days;CoviVac;4;0;0;0;0;0;0;0;4;0;0;0;971;59;4;2;606;235;58;20;1577;294;62;22
2022.05_01-07-2022;Курганская область;165_195_days;EpiVacCorona;3;0;0;0;0;0;0;0;3;0;0;0;971;59;4;2;606;235;58;20;1577;294;62;22
2022.05_01-07-2022;Курганская область;165_195_days;SputnikLite;30;3;0;0;33;5;0;0;63;8;0;0;971;59;4;2;606;235;58;20;1577;294;62;22
2022.05_01-07-2022;Курганская область;165_195_days;SputnikV;148;4;1;1;35;12;4;1;183;16;5;2;971;59;4;2;606;235;58;20;1577;294;62;22
2022.05_01-07-2022;Курганская область;21_45_days;AllVaccines;5;0;0;0;6;4;0;0;11;4;0;0;971;59;4;2;606;235;58;20;1577;294;62;22
2022.05_01-07-2022;Курганская область;21_45_days;CoviVac;0;0;0;0;1;1;0;0;1;1;0;0;971;59;4;2;606;235;58;20;1577;294;62;22
2022.05_01-07-2022;Курганская область;21_45_days;EpiVacCorona;1;0;0;0;2;2;0;0;3;2;0;0;971;59;4;2;606;235;58;20;1577;294;62;22
2022.05_01-07-2022;Курганская область;21_45_days;SputnikV;4;0;0;0;3;1;0;0;7;1;0;0;971;59;4;2;606;235;58;20;1577;294;62;22
2022.05_01-07-2022;Курганская область;45_75_days;AllVaccines;5;0;0;0;18;8;2;0;23;8;2;0;971;59;4;2;606;235;58;20;1577;294;62;22
2022.05_01-07-2022;Курганская область;45_75_days;EpiVacCorona;1;0;0;0;4;4;1;0;5;4;1;0;971;59;4;2;606;235;58;20;1577;294;62;22
2022.05_01-07-2022;Курганская область;45_75_days;SputnikLite;2;0;0;0;8;1;0;0;10;1;0;0;971;59;4;2;606;235;58;20;1577;294;62;22
2022.05_01-07-2022;Курганская область;45_75_days;SputnikV;2;0;0;0;6;3;1;0;8;3;1;0;971;59;4;2;606;235;58;20;1577;294;62;22
2022.05_01-07-2022;Курганская область;75_90_days;AllVaccines;13;0;0;0;14;2;0;0;27;2;0;0;971;59;4;2;606;235;58;20;1577;294;62;22
2022.05_01-07-2022;Курганская область;75_90_days;SputnikLite;4;0;0;0;4;1;0;0;8;1;0;0;971;59;4;2;606;235;58;20;1577;294;62;22
2022.05_01-07-2022;Курганская область;75_90_days;SputnikV;9;0;0;0;10;1;0;0;19;1;0;0;971;59;4;2;606;235;58;20;1577;294;62;22
2022.05_01-07-2022;Курганская область;90_105_days;AllVaccines;32;1;0;0;29;11;2;0;61;12;2;0;971;59;4;2;606;235;58;20;1577;294;62;22
2022.05_01-07-2022;Курганская область;90_105_days;EpiVacCorona;2;0;0;0;2;0;0;0;4;0;0;0;971;59;4;2;606;235;58;20;1577;294;62;22
2022.05_01-07-2022;Курганская область;90_105_days;SputnikLite;22;1;0;0;19;7;2;0;41;8;2;0;971;59;4;2;606;235;58;20;1577;294;62;22
2022.05_01-07-2022;Курганская область;90_105_days;SputnikV;8;0;0;0;8;4;0;0;16;4;0;0;971;59;4;2;606;235;58;20;1577;294;62;22
2022.05_01-07-2022;Курская область;105_165_days;AllVaccines;90;11;1;1;70;31;7;2;160;42;8;3;685;122;23;4;550;279;77;33;1235;401;100;37
2022.05_01-07-2022;Курская область;105_165_days;CoviVac;4;2;0;0;3;2;2;0;7;4;2;0;685;122;23;4;550;279;77;33;1235;401;100;37
2022.05_01-07-2022;Курская область;105_165_days;EpiVacCorona;7;0;0;0;6;0;0;0;13;0;0;0;685;122;23;4;550;279;77;33;1235;401;100;37
2022.05_01-07-2022;Курская область;105_165_days;SputnikLite;43;2;0;0;27;10;2;1;70;12;2;1;685;122;23;4;550;279;77;33;1235;401;100;37
2022.05_01-07-2022;Курская область;105_165_days;SputnikV;36;7;1;1;34;19;3;1;70;26;4;2;685;122;23;4;550;279;77;33;1235;401;100;37
2022.05_01-07-2022;Курская область;165_195_days;AllVaccines;70;7;1;0;78;39;7;0;148;46;8;0;685;122;23;4;550;279;77;33;1235;401;100;37
2022.05_01-07-2022;Курская область;165_195_days;CoviVac;1;0;0;0;1;0;0;0;2;0;0;0;685;122;23;4;550;279;77;33;1235;401;100;37
2022.05_01-07-2022;Курская область;165_195_days;EpiVacCorona;1;0;0;0;2;2;1;0;3;2;1;0;685;122;23;4;550;279;77;33;1235;401;100;37
2022.05_01-07-2022;Курская область;165_195_days;SputnikLite;29;3;0;0;40;23;3;0;69;26;3;0;685;122;23;4;550;279;77;33;1235;401;100;37
2022.05_01-07-2022;Курская область;165_195_days;SputnikV;39;4;1;0;35;14;3;0;74;18;4;0;685;122;23;4;550;279;77;33;1235;401;100;37
2022.05_01-07-2022;Курская область;21_45_days;AllVaccines;6;1;0;0;3;0;0;0;9;1;0;0;685;122;23;4;550;279;77;33;1235;401;100;37
2022.05_01-07-2022;Курская область;21_45_days;EpiVacCorona;1;0;0;0;0;0;0;0;1;0;0;0;685;122;23;4;550;279;77;33;1235;401;100;37
2022.05_01-07-2022;Курская область;21_45_days;SputnikV;5;1;0;0;3;0;0;0;8;1;0;0;685;122;23;4;550;279;77;33;1235;401;100;37
2022.05_01-07-2022;Курская область;45_75_days;AllVaccines;6;1;0;0;7;6;1;0;13;7;1;0;685;122;23;4;550;279;77;33;1235;401;100;37
2022.05_01-07-2022;Курская область;45_75_days;CoviVac;1;0;0;0;0;0;0;0;1;0;0;0;685;122;23;4;550;279;77;33;1235;401;100;37
2022.05_01-07-2022;Курская область;45_75_days;EpiVacCorona;0;0;0;0;1;0;0;0;1;0;0;0;685;122;23;4;550;279;77;33;1235;401;100;37
2022.05_01-07-2022;Курская область;45_75_days;SputnikLite;0;0;0;0;1;1;0;0;1;1;0;0;685;122;23;4;550;279;77;33;1235;401;100;37
2022.05_01-07-2022;Курская область;45_75_days;SputnikV;5;1;0;0;5;5;1;0;10;6;1;0;685;122;23;4;550;279;77;33;1235;401;100;37
2022.05_01-07-2022;Курская область;75_90_days;AllVaccines;8;2;0;0;4;2;1;1;12;4;1;1;685;122;23;4;550;279;77;33;1235;401;100;37
2022.05_01-07-2022;Курская область;75_90_days;CoviVac;1;0;0;0;0;0;0;0;1;0;0;0;685;122;23;4;550;279;77;33;1235;401;100;37
2022.05_01-07-2022;Курская область;75_90_days;EpiVacCorona;0;0;0;0;1;1;0;0;1;1;0;0;685;122;23;4;550;279;77;33;1235;401;100;37
2022.05_01-07-2022;Курская область;75_90_days;SputnikLite;5;1;0;0;2;1;1;1;7;2;1;1;685;122;23;4;550;279;77;33;1235;401;100;37
2022.05_01-07-2022;Курская область;75_90_days;SputnikV;2;1;0;0;1;0;0;0;3;1;0;0;685;122;23;4;550;279;77;33;1235;401;100;37
2022.05_01-07-2022;Курская область;90_105_days;AllVaccines;17;3;1;0;8;4;2;1;25;7;3;1;685;122;23;4;550;279;77;33;1235;401;100;37
2022.05_01-07-2022;Курская область;90_105_days;CoviVac;1;0;0;0;0;0;0;0;1;0;0;0;685;122;23;4;550;279;77;33;1235;401;100;37
2022.05_01-07-2022;Курская область;90_105_days;EpiVacCorona;2;1;0;0;2;1;0;0;4;2;0;0;685;122;23;4;550;279;77;33;1235;401;100;37
2022.05_01-07-2022;Курская область;90_105_days;SputnikLite;12;0;0;0;6;3;2;1;18;3;2;1;685;122;23;4;550;279;77;33;1235;401;100;37
2022.05_01-07-2022;Курская область;90_105_days;SputnikV;2;2;1;0;0;0;0;0;2;2;1;0;685;122;23;4;550;279;77;33;1235;401;100;37
2022.05_01-07-2022;Ленинградская область;105_165_days;AllVaccines;136;17;6;1;125;42;10;7;261;59;16;8;1028;125;29;22;891;331;68;56;1919;456;97;78
2022.05_01-07-2022;Ленинградская область;105_165_days;CoviVac;3;0;0;0;1;0;0;0;4;0;0;0;1028;125;29;22;891;331;68;56;1919;456;97;78
2022.05_01-07-2022;Ленинградская область;105_165_days;EpiVacCorona;3;1;1;0;6;2;0;0;9;3;1;0;1028;125;29;22;891;331;68;56;1919;456;97;78
2022.05_01-07-2022;Ленинградская область;105_165_days;SputnikLite;42;5;1;1;60;21;3;3;102;26;4;4;1028;125;29;22;891;331;68;56;1919;456;97;78
2022.05_01-07-2022;Ленинградская область;105_165_days;SputnikV;88;11;4;0;58;19;7;4;146;30;11;4;1028;125;29;22;891;331;68;56;1919;456;97;78
2022.05_01-07-2022;Ленинградская область;165_195_days;AllVaccines;60;10;1;1;66;18;2;2;126;28;3;3;1028;125;29;22;891;331;68;56;1919;456;97;78
2022.05_01-07-2022;Ленинградская область;165_195_days;CoviVac;3;0;0;0;0;0;0;0;3;0;0;0;1028;125;29;22;891;331;68;56;1919;456;97;78
2022.05_01-07-2022;Ленинградская область;165_195_days;EpiVacCorona;1;0;0;0;0;0;0;0;1;0;0;0;1028;125;29;22;891;331;68;56;1919;456;97;78
2022.05_01-07-2022;Ленинградская область;165_195_days;SputnikLite;16;4;0;0;31;8;1;0;47;12;1;0;1028;125;29;22;891;331;68;56;1919;456;97;78
2022.05_01-07-2022;Ленинградская область;165_195_days;SputnikV;40;6;1;1;35;10;1;2;75;16;2;3;1028;125;29;22;891;331;68;56;1919;456;97;78
2022.05_01-07-2022;Ленинградская область;21_45_days;AllVaccines;3;0;0;0;4;1;0;0;7;1;0;0;1028;125;29;22;891;331;68;56;1919;456;97;78
2022.05_01-07-2022;Ленинградская область;21_45_days;SputnikLite;2;0;0;0;2;1;0;0;4;1;0;0;1028;125;29;22;891;331;68;56;1919;456;97;78
2022.05_01-07-2022;Ленинградская область;21_45_days;SputnikV;1;0;0;0;2;0;0;0;3;0;0;0;1028;125;29;22;891;331;68;56;1919;456;97;78
2022.05_01-07-2022;Ленинградская область;45_75_days;AllVaccines;17;1;0;0;10;2;1;0;27;3;1;0;1028;125;29;22;891;331;68;56;1919;456;97;78
2022.05_01-07-2022;Ленинградская область;45_75_days;EpiVacCorona;0;0;0;0;1;0;0;0;1;0;0;0;1028;125;29;22;891;331;68;56;1919;456;97;78
2022.05_01-07-2022;Ленинградская область;45_75_days;SputnikLite;4;0;0;0;2;0;0;0;6;0;0;0;1028;125;29;22;891;331;68;56;1919;456;97;78
2022.05_01-07-2022;Ленинградская область;45_75_days;SputnikV;13;1;0;0;7;2;1;0;20;3;1;0;1028;125;29;22;891;331;68;56;1919;456;97;78
2022.05_01-07-2022;Ленинградская область;75_90_days;AllVaccines;13;1;0;0;9;3;0;0;22;4;0;0;1028;125;29;22;891;331;68;56;1919;456;97;78
2022.05_01-07-2022;Ленинградская область;75_90_days;SputnikLite;5;0;0;0;4;2;0;0;9;2;0;0;1028;125;29;22;891;331;68;56;1919;456;97;78
2022.05_01-07-2022;Ленинградская область;75_90_days;SputnikV;8;1;0;0;5;1;0;0;13;2;0;0;1028;125;29;22;891;331;68;56;1919;456;97;78
2022.05_01-07-2022;Ленинградская область;90_105_days;AllVaccines;13;2;0;0;14;3;1;1;27;5;1;1;1028;125;29;22;891;331;68;56;1919;456;97;78
2022.05_01-07-2022;Ленинградская область;90_105_days;EpiVacCorona;0;0;0;0;1;1;1;1;1;1;1;1;1028;125;29;22;891;331;68;56;1919;456;97;78
2022.05_01-07-2022;Ленинградская область;90_105_days;SputnikLite;4;1;0;0;8;1;0;0;12;2;0;0;1028;125;29;22;891;331;68;56;1919;456;97;78
2022.05_01-07-2022;Ленинградская область;90_105_days;SputnikV;9;1;0;0;5;1;0;0;14;2;0;0;1028;125;29;22;891;331;68;56;1919;456;97;78
2022.05_01-07-2022;Липецкая область;105_165_days;AllVaccines;86;9;1;1;68;14;4;3;154;23;5;4;785;97;14;3;662;223;57;36;1447;320;71;39
2022.05_01-07-2022;Липецкая область;105_165_days;CoviVac;1;0;0;0;0;0;0;0;1;0;0;0;785;97;14;3;662;223;57;36;1447;320;71;39
2022.05_01-07-2022;Липецкая область;105_165_days;EpiVacCorona;6;0;0;0;4;1;1;1;10;1;1;1;785;97;14;3;662;223;57;36;1447;320;71;39
2022.05_01-07-2022;Липецкая область;105_165_days;SputnikLite;31;3;1;1;33;8;2;2;64;11;3;3;785;97;14;3;662;223;57;36;1447;320;71;39
2022.05_01-07-2022;Липецкая область;105_165_days;SputnikV;48;6;0;0;31;5;1;0;79;11;1;0;785;97;14;3;662;223;57;36;1447;320;71;39
2022.05_01-07-2022;Липецкая область;165_195_days;AllVaccines;116;5;0;0;85;21;5;1;201;26;5;1;785;97;14;3;662;223;57;36;1447;320;71;39
2022.05_01-07-2022;Липецкая область;165_195_days;CoviVac;1;0;0;0;0;0;0;0;1;0;0;0;785;97;14;3;662;223;57;36;1447;320;71;39
2022.05_01-07-2022;Липецкая область;165_195_days;EpiVacCorona;6;0;0;0;0;0;0;0;6;0;0;0;785;97;14;3;662;223;57;36;1447;320;71;39
2022.05_01-07-2022;Липецкая область;165_195_days;SputnikLite;23;0;0;0;54;12;2;1;77;12;2;1;785;97;14;3;662;223;57;36;1447;320;71;39
2022.05_01-07-2022;Липецкая область;165_195_days;SputnikV;86;5;0;0;31;9;3;0;117;14;3;0;785;97;14;3;662;223;57;36;1447;320;71;39
2022.05_01-07-2022;Липецкая область;21_45_days;AllVaccines;13;1;0;0;14;5;2;1;27;6;2;1;785;97;14;3;662;223;57;36;1447;320;71;39
2022.05_01-07-2022;Липецкая область;21_45_days;CoviVac;1;0;0;0;0;0;0;0;1;0;0;0;785;97;14;3;662;223;57;36;1447;320;71;39
2022.05_01-07-2022;Липецкая область;21_45_days;EpiVacCorona;1;0;0;0;2;0;0;0;3;0;0;0;785;97;14;3;662;223;57;36;1447;320;71;39
2022.05_01-07-2022;Липецкая область;21_45_days;SputnikLite;0;0;0;0;1;1;0;0;1;1;0;0;785;97;14;3;662;223;57;36;1447;320;71;39
2022.05_01-07-2022;Липецкая область;21_45_days;SputnikV;11;1;0;0;11;4;2;1;22;5;2;1;785;97;14;3;662;223;57;36;1447;320;71;39
2022.05_01-07-2022;Липецкая область;45_75_days;AllVaccines;13;0;0;0;7;1;1;1;20;1;1;1;785;97;14;3;662;223;57;36;1447;320;71;39
2022.05_01-07-2022;Липецкая область;45_75_days;CoviVac;2;0;0;0;0;0;0;0;2;0;0;0;785;97;14;3;662;223;57;36;1447;320;71;39
2022.05_01-07-2022;Липецкая область;45_75_days;EpiVacCorona;2;0;0;0;2;0;0;0;4;0;0;0;785;97;14;3;662;223;57;36;1447;320;71;39
2022.05_01-07-2022;Липецкая область;45_75_days;SputnikLite;3;0;0;0;2;0;0;0;5;0;0;0;785;97;14;3;662;223;57;36;1447;320;71;39
2022.05_01-07-2022;Липецкая область;45_75_days;SputnikV;6;0;0;0;3;1;1;1;9;1;1;1;785;97;14;3;662;223;57;36;1447;320;71;39
2022.05_01-07-2022;Липецкая область;75_90_days;AllVaccines;11;1;0;0;8;4;3;2;19;5;3;2;785;97;14;3;662;223;57;36;1447;320;71;39
2022.05_01-07-2022;Липецкая область;75_90_days;EpiVacCorona;0;0;0;0;1;1;1;1;1;1;1;1;785;97;14;3;662;223;57;36;1447;320;71;39
2022.05_01-07-2022;Липецкая область;75_90_days;SputnikLite;4;1;0;0;2;2;1;1;6;3;1;1;785;97;14;3;662;223;57;36;1447;320;71;39
2022.05_01-07-2022;Липецкая область;75_90_days;SputnikV;7;0;0;0;5;1;1;0;12;1;1;0;785;97;14;3;662;223;57;36;1447;320;71;39
2022.05_01-07-2022;Липецкая область;90_105_days;AllVaccines;10;2;0;0;12;3;1;1;22;5;1;1;785;97;14;3;662;223;57;36;1447;320;71;39
2022.05_01-07-2022;Липецкая область;90_105_days;SputnikLite;4;2;0;0;7;1;0;0;11;3;0;0;785;97;14;3;662;223;57;36;1447;320;71;39
2022.05_01-07-2022;Липецкая область;90_105_days;SputnikV;6;0;0;0;5;2;1;1;11;2;1;1;785;97;14;3;662;223;57;36;1447;320;71;39
2022.05_01-07-2022;Магаданская область;105_165_days;AllVaccines;7;0;0;0;0;0;0;0;7;0;0;0;35;7;0;0;14;5;2;0;49;12;2;0
2022.05_01-07-2022;Магаданская область;105_165_days;CoviVac;1;0;0;0;0;0;0;0;1;0;0;0;35;7;0;0;14;5;2;0;49;12;2;0
2022.05_01-07-2022;Магаданская область;105_165_days;SputnikLite;3;0;0;0;0;0;0;0;3;0;0;0;35;7;0;0;14;5;2;0;49;12;2;0
2022.05_01-07-2022;Магаданская область;105_165_days;SputnikV;3;0;0;0;0;0;0;0;3;0;0;0;35;7;0;0;14;5;2;0;49;12;2;0
2022.05_01-07-2022;Магаданская область;165_195_days;AllVaccines;2;0;0;0;2;0;0;0;4;0;0;0;35;7;0;0;14;5;2;0;49;12;2;0
2022.05_01-07-2022;Магаданская область;165_195_days;CoviVac;0;0;0;0;1;0;0;0;1;0;0;0;35;7;0;0;14;5;2;0;49;12;2;0
2022.05_01-07-2022;Магаданская область;165_195_days;SputnikLite;1;0;0;0;1;0;0;0;2;0;0;0;35;7;0;0;14;5;2;0;49;12;2;0
2022.05_01-07-2022;Магаданская область;165_195_days;SputnikV;1;0;0;0;0;0;0;0;1;0;0;0;35;7;0;0;14;5;2;0;49;12;2;0
2022.05_01-07-2022;Магаданская область;45_75_days;AllVaccines;2;1;1;0;1;0;0;0;3;1;1;0;35;7;0;0;14;5;2;0;49;12;2;0
2022.05_01-07-2022;Магаданская область;45_75_days;SputnikLite;1;0;0;0;0;0;0;0;1;0;0;0;35;7;0;0;14;5;2;0;49;12;2;0
2022.05_01-07-2022;Магаданская область;45_75_days;SputnikV;1;1;1;0;1;0;0;0;2;1;1;0;35;7;0;0;14;5;2;0;49;12;2;0
2022.05_01-07-2022;Магаданская область;90_105_days;AllVaccines;1;0;0;0;0;0;0;0;1;0;0;0;35;7;0;0;14;5;2;0;49;12;2;0
2022.05_01-07-2022;Магаданская область;90_105_days;SputnikLite;1;0;0;0;0;0;0;0;1;0;0;0;35;7;0;0;14;5;2;0;49;12;2;0
2022.05_01-07-2022;Московская область;105_165_days;AllVaccines;346;16;3;2;251;51;12;5;597;67;15;7;4159;363;44;29;2472;666;142;123;6631;1029;186;152
2022.05_01-07-2022;Московская область;105_165_days;CoviVac;6;0;0;0;3;0;0;0;9;0;0;0;4159;363;44;29;2472;666;142;123;6631;1029;186;152
2022.05_01-07-2022;Московская область;105_165_days;EpiVacCorona;4;0;0;0;9;2;0;0;13;2;0;0;4159;363;44;29;2472;666;142;123;6631;1029;186;152
2022.05_01-07-2022;Московская область;105_165_days;SputnikLite;116;5;0;0;113;20;4;1;229;25;4;1;4159;363;44;29;2472;666;142;123;6631;1029;186;152
2022.05_01-07-2022;Московская область;105_165_days;SputnikV;220;11;3;2;126;29;8;4;346;40;11;6;4159;363;44;29;2472;666;142;123;6631;1029;186;152
2022.05_01-07-2022;Московская область;165_195_days;AllVaccines;206;12;3;0;196;47;8;5;402;59;11;5;4159;363;44;29;2472;666;142;123;6631;1029;186;152
2022.05_01-07-2022;Московская область;165_195_days;CoviVac;3;0;0;0;1;0;0;0;4;0;0;0;4159;363;44;29;2472;666;142;123;6631;1029;186;152
2022.05_01-07-2022;Московская область;165_195_days;EpiVacCorona;6;0;0;0;7;4;1;2;13;4;1;2;4159;363;44;29;2472;666;142;123;6631;1029;186;152
2022.05_01-07-2022;Московская область;165_195_days;SputnikLite;50;1;0;0;94;22;5;2;144;23;5;2;4159;363;44;29;2472;666;142;123;6631;1029;186;152
2022.05_01-07-2022;Московская область;165_195_days;SputnikV;147;11;3;0;94;21;2;1;241;32;5;1;4159;363;44;29;2472;666;142;123;6631;1029;186;152
2022.05_01-07-2022;Московская область;21_45_days;AllVaccines;27;0;0;0;21;6;4;0;48;6;4;0;4159;363;44;29;2472;666;142;123;6631;1029;186;152
2022.05_01-07-2022;Московская область;21_45_days;CoviVac;1;0;0;0;0;0;0;0;1;0;0;0;4159;363;44;29;2472;666;142;123;6631;1029;186;152
2022.05_01-07-2022;Московская область;21_45_days;EpiVacCorona;1;0;0;0;1;0;0;0;2;0;0;0;4159;363;44;29;2472;666;142;123;6631;1029;186;152
2022.05_01-07-2022;Московская область;21_45_days;SputnikLite;11;0;0;0;12;3;3;0;23;3;3;0;4159;363;44;29;2472;666;142;123;6631;1029;186;152
2022.05_01-07-2022;Московская область;21_45_days;SputnikV;14;0;0;0;8;3;1;0;22;3;1;0;4159;363;44;29;2472;666;142;123;6631;1029;186;152
2022.05_01-07-2022;Московская область;45_75_days;AllVaccines;57;4;1;0;24;4;1;0;81;8;2;0;4159;363;44;29;2472;666;142;123;6631;1029;186;152
2022.05_01-07-2022;Московская область;45_75_days;CoviVac;1;0;0;0;0;0;0;0;1;0;0;0;4159;363;44;29;2472;666;142;123;6631;1029;186;152
2022.05_01-07-2022;Московская область;45_75_days;EpiVacCorona;2;0;0;0;1;0;0;0;3;0;0;0;4159;363;44;29;2472;666;142;123;6631;1029;186;152
2022.05_01-07-2022;Московская область;45_75_days;SputnikLite;16;1;1;0;14;2;0;0;30;3;1;0;4159;363;44;29;2472;666;142;123;6631;1029;186;152
2022.05_01-07-2022;Московская область;45_75_days;SputnikV;38;3;0;0;9;2;1;0;47;5;1;0;4159;363;44;29;2472;666;142;123;6631;1029;186;152
2022.05_01-07-2022;Московская область;75_90_days;AllVaccines;51;3;0;0;22;3;0;1;73;6;0;1;4159;363;44;29;2472;666;142;123;6631;1029;186;152
2022.05_01-07-2022;Московская область;75_90_days;CoviVac;3;0;0;0;0;0;0;0;3;0;0;0;4159;363;44;29;2472;666;142;123;6631;1029;186;152
2022.05_01-07-2022;Московская область;75_90_days;EpiVacCorona;1;0;0;0;1;0;0;0;2;0;0;0;4159;363;44;29;2472;666;142;123;6631;1029;186;152
2022.05_01-07-2022;Московская область;75_90_days;SputnikLite;21;2;0;0;13;2;0;1;34;4;0;1;4159;363;44;29;2472;666;142;123;6631;1029;186;152
2022.05_01-07-2022;Московская область;75_90_days;SputnikV;26;1;0;0;8;1;0;0;34;2;0;0;4159;363;44;29;2472;666;142;123;6631;1029;186;152
2022.05_01-07-2022;Московская область;90_105_days;AllVaccines;70;6;1;1;48;7;0;0;118;13;1;1;4159;363;44;29;2472;666;142;123;6631;1029;186;152
2022.05_01-07-2022;Московская область;90_105_days;CoviVac;1;0;0;0;1;0;0;0;2;0;0;0;4159;363;44;29;2472;666;142;123;6631;1029;186;152
2022.05_01-07-2022;Московская область;90_105_days;SputnikLite;28;2;0;0;22;3;0;0;50;5;0;0;4159;363;44;29;2472;666;142;123;6631;1029;186;152
2022.05_01-07-2022;Московская область;90_105_days;SputnikV;41;4;1;1;25;4;0;0;66;8;1;1;4159;363;44;29;2472;666;142;123;6631;1029;186;152
2022.05_01-07-2022;Мурманская область;105_165_days;AllVaccines;32;8;2;0;18;8;1;1;50;16;3;1;248;59;9;2;180;114;17;11;428;173;26;13
2022.05_01-07-2022;Мурманская область;105_165_days;CoviVac;1;0;0;0;0;0;0;0;1;0;0;0;248;59;9;2;180;114;17;11;428;173;26;13
2022.05_01-07-2022;Мурманская область;105_165_days;EpiVacCorona;1;0;0;0;1;0;0;0;2;0;0;0;248;59;9;2;180;114;17;11;428;173;26;13
2022.05_01-07-2022;Мурманская область;105_165_days;SputnikLite;11;3;2;0;8;4;1;1;19;7;3;1;248;59;9;2;180;114;17;11;428;173;26;13
2022.05_01-07-2022;Мурманская область;105_165_days;SputnikV;19;5;0;0;9;4;0;0;28;9;0;0;248;59;9;2;180;114;17;11;428;173;26;13
2022.05_01-07-2022;Мурманская область;165_195_days;AllVaccines;14;3;0;0;19;10;4;2;33;13;4;2;248;59;9;2;180;114;17;11;428;173;26;13
2022.05_01-07-2022;Мурманская область;165_195_days;EpiVacCorona;0;0;0;0;1;0;0;0;1;0;0;0;248;59;9;2;180;114;17;11;428;173;26;13
2022.05_01-07-2022;Мурманская область;165_195_days;SputnikLite;12;3;0;0;14;8;4;2;26;11;4;2;248;59;9;2;180;114;17;11;428;173;26;13
2022.05_01-07-2022;Мурманская область;165_195_days;SputnikV;2;0;0;0;4;2;0;0;6;2;0;0;248;59;9;2;180;114;17;11;428;173;26;13
2022.05_01-07-2022;Мурманская область;21_45_days;AllVaccines;4;0;0;0;2;1;0;0;6;1;0;0;248;59;9;2;180;114;17;11;428;173;26;13
2022.05_01-07-2022;Мурманская область;21_45_days;SputnikLite;2;0;0;0;2;1;0;0;4;1;0;0;248;59;9;2;180;114;17;11;428;173;26;13
2022.05_01-07-2022;Мурманская область;21_45_days;SputnikV;2;0;0;0;0;0;0;0;2;0;0;0;248;59;9;2;180;114;17;11;428;173;26;13
2022.05_01-07-2022;Мурманская область;45_75_days;AllVaccines;5;2;0;0;5;2;0;0;10;4;0;0;248;59;9;2;180;114;17;11;428;173;26;13
2022.05_01-07-2022;Мурманская область;45_75_days;SputnikLite;4;1;0;0;4;2;0;0;8;3;0;0;248;59;9;2;180;114;17;11;428;173;26;13
2022.05_01-07-2022;Мурманская область;45_75_days;SputnikV;1;1;0;0;1;0;0;0;2;1;0;0;248;59;9;2;180;114;17;11;428;173;26;13
2022.05_01-07-2022;Мурманская область;75_90_days;AllVaccines;6;1;0;0;7;6;2;1;13;7;2;1;248;59;9;2;180;114;17;11;428;173;26;13
2022.05_01-07-2022;Мурманская область;75_90_days;SputnikLite;2;0;0;0;4;4;1;0;6;4;1;0;248;59;9;2;180;114;17;11;428;173;26;13
2022.05_01-07-2022;Мурманская область;75_90_days;SputnikV;4;1;0;0;3;2;1;1;7;3;1;1;248;59;9;2;180;114;17;11;428;173;26;13
2022.05_01-07-2022;Мурманская область;90_105_days;AllVaccines;8;0;0;0;7;5;1;1;15;5;1;1;248;59;9;2;180;114;17;11;428;173;26;13
2022.05_01-07-2022;Мурманская область;90_105_days;SputnikLite;3;0;0;0;2;2;1;1;5;2;1;1;248;59;9;2;180;114;17;11;428;173;26;13
2022.05_01-07-2022;Мурманская область;90_105_days;SputnikV;5;0;0;0;5;3;0;0;10;3;0;0;248;59;9;2;180;114;17;11;428;173;26;13
2022.05_01-07-2022;Ненецкий автономный округ;105_165_days;AllVaccines;3;1;0;0;4;2;0;0;7;3;0;0;27;3;0;0;12;6;3;1;39;9;3;1
2022.05_01-07-2022;Ненецкий автономный округ;105_165_days;SputnikLite;3;1;0;0;2;2;0;0;5;3;0;0;27;3;0;0;12;6;3;1;39;9;3;1
2022.05_01-07-2022;Ненецкий автономный округ;105_165_days;SputnikV;0;0;0;0;2;0;0;0;2;0;0;0;27;3;0;0;12;6;3;1;39;9;3;1
2022.05_01-07-2022;Ненецкий автономный округ;165_195_days;AllVaccines;6;1;0;0;0;0;0;0;6;1;0;0;27;3;0;0;12;6;3;1;39;9;3;1
2022.05_01-07-2022;Ненецкий автономный округ;165_195_days;SputnikLite;6;1;0;0;0;0;0;0;6;1;0;0;27;3;0;0;12;6;3;1;39;9;3;1
2022.05_01-07-2022;Ненецкий автономный округ;45_75_days;AllVaccines;1;0;0;0;1;0;0;0;2;0;0;0;27;3;0;0;12;6;3;1;39;9;3;1
2022.05_01-07-2022;Ненецкий автономный округ;45_75_days;SputnikV;1;0;0;0;1;0;0;0;2;0;0;0;27;3;0;0;12;6;3;1;39;9;3;1
2022.05_01-07-2022;Ненецкий автономный округ;90_105_days;AllVaccines;0;0;0;0;1;1;0;0;1;1;0;0;27;3;0;0;12;6;3;1;39;9;3;1
2022.05_01-07-2022;Ненецкий автономный округ;90_105_days;SputnikLite;0;0;0;0;1;1;0;0;1;1;0;0;27;3;0;0;12;6;3;1;39;9;3;1
2022.05_01-07-2022;Нижегородская область;105_165_days;AllVaccines;156;24;2;0;276;119;12;6;432;143;14;6;1577;334;34;19;1924;899;114;81;3501;1233;148;100
2022.05_01-07-2022;Нижегородская область;105_165_days;CoviVac;2;1;0;0;2;2;0;0;4;3;0;0;1577;334;34;19;1924;899;114;81;3501;1233;148;100
2022.05_01-07-2022;Нижегородская область;105_165_days;EpiVacCorona;9;1;0;0;20;11;4;2;29;12;4;2;1577;334;34;19;1924;899;114;81;3501;1233;148;100
2022.05_01-07-2022;Нижегородская область;105_165_days;SputnikLite;59;6;0;0;133;52;3;2;192;58;3;2;1577;334;34;19;1924;899;114;81;3501;1233;148;100
2022.05_01-07-2022;Нижегородская область;105_165_days;SputnikV;86;16;2;0;121;54;5;2;207;70;7;2;1577;334;34;19;1924;899;114;81;3501;1233;148;100
2022.05_01-07-2022;Нижегородская область;165_195_days;AllVaccines;144;22;2;1;183;79;9;5;327;101;11;6;1577;334;34;19;1924;899;114;81;3501;1233;148;100
2022.05_01-07-2022;Нижегородская область;165_195_days;CoviVac;1;1;0;0;1;0;0;0;2;1;0;0;1577;334;34;19;1924;899;114;81;3501;1233;148;100
2022.05_01-07-2022;Нижегородская область;165_195_days;EpiVacCorona;0;0;0;0;8;5;1;1;8;5;1;1;1577;334;34;19;1924;899;114;81;3501;1233;148;100
2022.05_01-07-2022;Нижегородская область;165_195_days;SputnikLite;36;3;0;0;95;39;3;1;131;42;3;1;1577;334;34;19;1924;899;114;81;3501;1233;148;100
2022.05_01-07-2022;Нижегородская область;165_195_days;SputnikV;107;18;2;1;79;35;5;3;186;53;7;4;1577;334;34;19;1924;899;114;81;3501;1233;148;100
2022.05_01-07-2022;Нижегородская область;21_45_days;AllVaccines;9;1;0;0;9;4;0;0;18;5;0;0;1577;334;34;19;1924;899;114;81;3501;1233;148;100
2022.05_01-07-2022;Нижегородская область;21_45_days;EpiVacCorona;1;0;0;0;0;0;0;0;1;0;0;0;1577;334;34;19;1924;899;114;81;3501;1233;148;100
2022.05_01-07-2022;Нижегородская область;21_45_days;SputnikLite;0;0;0;0;2;1;0;0;2;1;0;0;1577;334;34;19;1924;899;114;81;3501;1233;148;100
2022.05_01-07-2022;Нижегородская область;21_45_days;SputnikV;8;1;0;0;7;3;0;0;15;4;0;0;1577;334;34;19;1924;899;114;81;3501;1233;148;100
2022.05_01-07-2022;Нижегородская область;45_75_days;AllVaccines;15;0;0;0;16;8;1;1;31;8;1;1;1577;334;34;19;1924;899;114;81;3501;1233;148;100
2022.05_01-07-2022;Нижегородская область;45_75_days;CoviVac;1;0;0;0;0;0;0;0;1;0;0;0;1577;334;34;19;1924;899;114;81;3501;1233;148;100
2022.05_01-07-2022;Нижегородская область;45_75_days;EpiVacCorona;3;0;0;0;2;1;0;0;5;1;0;0;1577;334;34;19;1924;899;114;81;3501;1233;148;100
2022.05_01-07-2022;Нижегородская область;45_75_days;SputnikLite;2;0;0;0;3;2;1;1;5;2;1;1;1577;334;34;19;1924;899;114;81;3501;1233;148;100
2022.05_01-07-2022;Нижегородская область;45_75_days;SputnikV;9;0;0;0;11;5;0;0;20;5;0;0;1577;334;34;19;1924;899;114;81;3501;1233;148;100
2022.05_01-07-2022;Нижегородская область;75_90_days;AllVaccines;17;3;1;1;13;5;1;0;30;8;2;1;1577;334;34;19;1924;899;114;81;3501;1233;148;100
2022.05_01-07-2022;Нижегородская область;75_90_days;EpiVacCorona;1;1;0;0;1;0;0;0;2;1;0;0;1577;334;34;19;1924;899;114;81;3501;1233;148;100
2022.05_01-07-2022;Нижегородская область;75_90_days;SputnikLite;4;1;1;1;3;2;1;0;7;3;2;1;1577;334;34;19;1924;899;114;81;3501;1233;148;100
2022.05_01-07-2022;Нижегородская область;75_90_days;SputnikV;12;1;0;0;9;3;0;0;21;4;0;0;1577;334;34;19;1924;899;114;81;3501;1233;148;100
2022.05_01-07-2022;Нижегородская область;90_105_days;AllVaccines;27;4;0;0;26;11;3;0;53;15;3;0;1577;334;34;19;1924;899;114;81;3501;1233;148;100
2022.05_01-07-2022;Нижегородская область;90_105_days;EpiVacCorona;1;0;0;0;0;0;0;0;1;0;0;0;1577;334;34;19;1924;899;114;81;3501;1233;148;100
2022.05_01-07-2022;Нижегородская область;90_105_days;SputnikLite;21;3;0;0;13;6;3;0;34;9;3;0;1577;334;34;19;1924;899;114;81;3501;1233;148;100
2022.05_01-07-2022;Нижегородская область;90_105_days;SputnikV;5;1;0;0;13;5;0;0;18;6;0;0;1577;334;34;19;1924;899;114;81;3501;1233;148;100
2022.05_01-07-2022;Новгородская область;105_165_days;AllVaccines;42;6;0;0;46;20;3;1;88;26;3;1;433;62;4;3;367;151;22;19;800;213;26;22
2022.05_01-07-2022;Новгородская область;105_165_days;CoviVac;1;0;0;0;3;2;2;1;4;2;2;1;433;62;4;3;367;151;22;19;800;213;26;22
2022.05_01-07-2022;Новгородская область;105_165_days;EpiVacCorona;1;1;0;0;3;2;0;0;4;3;0;0;433;62;4;3;367;151;22;19;800;213;26;22
2022.05_01-07-2022;Новгородская область;105_165_days;SputnikLite;12;0;0;0;23;10;1;0;35;10;1;0;433;62;4;3;367;151;22;19;800;213;26;22
2022.05_01-07-2022;Новгородская область;105_165_days;SputnikV;28;5;0;0;17;6;0;0;45;11;0;0;433;62;4;3;367;151;22;19;800;213;26;22
2022.05_01-07-2022;Новгородская область;165_195_days;AllVaccines;32;2;0;0;37;10;2;2;69;12;2;2;433;62;4;3;367;151;22;19;800;213;26;22
2022.05_01-07-2022;Новгородская область;165_195_days;CoviVac;1;0;0;0;0;0;0;0;1;0;0;0;433;62;4;3;367;151;22;19;800;213;26;22
2022.05_01-07-2022;Новгородская область;165_195_days;EpiVacCorona;1;0;0;0;2;0;0;0;3;0;0;0;433;62;4;3;367;151;22;19;800;213;26;22
2022.05_01-07-2022;Новгородская область;165_195_days;SputnikLite;18;1;0;0;23;4;2;2;41;5;2;2;433;62;4;3;367;151;22;19;800;213;26;22
2022.05_01-07-2022;Новгородская область;165_195_days;SputnikV;12;1;0;0;12;6;0;0;24;7;0;0;433;62;4;3;367;151;22;19;800;213;26;22
2022.05_01-07-2022;Новгородская область;21_45_days;AllVaccines;1;0;0;0;3;2;0;0;4;2;0;0;433;62;4;3;367;151;22;19;800;213;26;22
2022.05_01-07-2022;Новгородская область;21_45_days;EpiVacCorona;1;0;0;0;2;2;0;0;3;2;0;0;433;62;4;3;367;151;22;19;800;213;26;22
2022.05_01-07-2022;Новгородская область;21_45_days;SputnikV;0;0;0;0;1;0;0;0;1;0;0;0;433;62;4;3;367;151;22;19;800;213;26;22
2022.05_01-07-2022;Новгородская область;45_75_days;AllVaccines;0;0;0;0;2;1;0;0;2;1;0;0;433;62;4;3;367;151;22;19;800;213;26;22
2022.05_01-07-2022;Новгородская область;45_75_days;SputnikV;0;0;0;0;2;1;0;0;2;1;0;0;433;62;4;3;367;151;22;19;800;213;26;22
2022.05_01-07-2022;Новгородская область;75_90_days;AllVaccines;4;1;0;0;4;3;0;0;8;4;0;0;433;62;4;3;367;151;22;19;800;213;26;22
2022.05_01-07-2022;Новгородская область;75_90_days;CoviVac;2;0;0;0;0;0;0;0;2;0;0;0;433;62;4;3;367;151;22;19;800;213;26;22
2022.05_01-07-2022;Новгородская область;75_90_days;EpiVacCorona;0;0;0;0;1;1;0;0;1;1;0;0;433;62;4;3;367;151;22;19;800;213;26;22
2022.05_01-07-2022;Новгородская область;75_90_days;SputnikLite;2;1;0;0;1;0;0;0;3;1;0;0;433;62;4;3;367;151;22;19;800;213;26;22
2022.05_01-07-2022;Новгородская область;75_90_days;SputnikV;0;0;0;0;2;2;0;0;2;2;0;0;433;62;4;3;367;151;22;19;800;213;26;22
2022.05_01-07-2022;Новгородская область;90_105_days;AllVaccines;6;2;0;0;6;4;0;0;12;6;0;0;433;62;4;3;367;151;22;19;800;213;26;22
2022.05_01-07-2022;Новгородская область;90_105_days;SputnikLite;3;1;0;0;3;2;0;0;6;3;0;0;433;62;4;3;367;151;22;19;800;213;26;22
2022.05_01-07-2022;Новгородская область;90_105_days;SputnikV;3;1;0;0;3;2;0;0;6;3;0;0;433;62;4;3;367;151;22;19;800;213;26;22
2022.05_01-07-2022;Новосибирская область;105_165_days;AllVaccines;183;29;2;2;160;75;13;5;343;104;15;7;1232;255;39;13;951;459;101;55;2183;714;140;68
2022.05_01-07-2022;Новосибирская область;105_165_days;CoviVac;1;0;0;0;1;1;1;0;2;1;1;0;1232;255;39;13;951;459;101;55;2183;714;140;68
2022.05_01-07-2022;Новосибирская область;105_165_days;EpiVacCorona;7;0;0;0;7;1;1;0;14;1;1;0;1232;255;39;13;951;459;101;55;2183;714;140;68
2022.05_01-07-2022;Новосибирская область;105_165_days;SputnikLite;57;11;0;1;84;42;7;4;141;53;7;5;1232;255;39;13;951;459;101;55;2183;714;140;68
2022.05_01-07-2022;Новосибирская область;105_165_days;SputnikV;118;18;2;1;68;31;4;1;186;49;6;2;1232;255;39;13;951;459;101;55;2183;714;140;68
2022.05_01-07-2022;Новосибирская область;165_195_days;AllVaccines;106;18;2;0;63;33;5;2;169;51;7;2;1232;255;39;13;951;459;101;55;2183;714;140;68
2022.05_01-07-2022;Новосибирская область;165_195_days;CoviVac;3;1;0;0;0;0;0;0;3;1;0;0;1232;255;39;13;951;459;101;55;2183;714;140;68
2022.05_01-07-2022;Новосибирская область;165_195_days;EpiVacCorona;9;2;0;0;1;1;1;0;10;3;1;0;1232;255;39;13;951;459;101;55;2183;714;140;68
2022.05_01-07-2022;Новосибирская область;165_195_days;SputnikLite;18;3;0;0;31;14;0;0;49;17;0;0;1232;255;39;13;951;459;101;55;2183;714;140;68
2022.05_01-07-2022;Новосибирская область;165_195_days;SputnikV;76;12;2;0;31;18;4;2;107;30;6;2;1232;255;39;13;951;459;101;55;2183;714;140;68
2022.05_01-07-2022;Новосибирская область;21_45_days;AllVaccines;10;0;0;0;6;2;0;0;16;2;0;0;1232;255;39;13;951;459;101;55;2183;714;140;68
2022.05_01-07-2022;Новосибирская область;21_45_days;CoviVac;1;0;0;0;0;0;0;0;1;0;0;0;1232;255;39;13;951;459;101;55;2183;714;140;68
2022.05_01-07-2022;Новосибирская область;21_45_days;EpiVacCorona;1;0;0;0;0;0;0;0;1;0;0;0;1232;255;39;13;951;459;101;55;2183;714;140;68
2022.05_01-07-2022;Новосибирская область;21_45_days;SputnikV;8;0;0;0;6;2;0;0;14;2;0;0;1232;255;39;13;951;459;101;55;2183;714;140;68
2022.05_01-07-2022;Новосибирская область;45_75_days;AllVaccines;6;0;0;0;7;2;1;1;13;2;1;1;1232;255;39;13;951;459;101;55;2183;714;140;68
2022.05_01-07-2022;Новосибирская область;45_75_days;CoviVac;3;0;0;0;0;0;0;0;3;0;0;0;1232;255;39;13;951;459;101;55;2183;714;140;68
2022.05_01-07-2022;Новосибирская область;45_75_days;SputnikLite;0;0;0;0;1;0;0;0;1;0;0;0;1232;255;39;13;951;459;101;55;2183;714;140;68
2022.05_01-07-2022;Новосибирская область;45_75_days;SputnikV;3;0;0;0;6;2;1;1;9;2;1;1;1232;255;39;13;951;459;101;55;2183;714;140;68
2022.05_01-07-2022;Новосибирская область;75_90_days;AllVaccines;19;4;2;1;18;9;2;1;37;13;4;2;1232;255;39;13;951;459;101;55;2183;714;140;68
2022.05_01-07-2022;Новосибирская область;75_90_days;CoviVac;1;0;0;0;0;0;0;0;1;0;0;0;1232;255;39;13;951;459;101;55;2183;714;140;68
2022.05_01-07-2022;Новосибирская область;75_90_days;SputnikLite;8;2;1;1;8;4;1;0;16;6;2;1;1232;255;39;13;951;459;101;55;2183;714;140;68
2022.05_01-07-2022;Новосибирская область;75_90_days;SputnikV;10;2;1;0;10;5;1;1;20;7;2;1;1232;255;39;13;951;459;101;55;2183;714;140;68
2022.05_01-07-2022;Новосибирская область;90_105_days;AllVaccines;21;4;0;0;19;7;2;1;40;11;2;1;1232;255;39;13;951;459;101;55;2183;714;140;68
2022.05_01-07-2022;Новосибирская область;90_105_days;EpiVacCorona;1;1;0;0;0;0;0;0;1;1;0;0;1232;255;39;13;951;459;101;55;2183;714;140;68
2022.05_01-07-2022;Новосибирская область;90_105_days;SputnikLite;10;0;0;0;11;3;0;0;21;3;0;0;1232;255;39;13;951;459;101;55;2183;714;140;68
2022.05_01-07-2022;Новосибирская область;90_105_days;SputnikV;10;3;0;0;8;4;2;1;18;7;2;1;1232;255;39;13;951;459;101;55;2183;714;140;68
2022.05_01-07-2022;Омская область;105_165_days;AllVaccines;122;32;8;3;136;73;14;9;258;105;22;12;913;307;63;32;1108;673;182;109;2021;980;245;141
2022.05_01-07-2022;Омская область;105_165_days;CoviVac;3;1;0;0;0;0;0;0;3;1;0;0;913;307;63;32;1108;673;182;109;2021;980;245;141
2022.05_01-07-2022;Омская область;105_165_days;EpiVacCorona;3;1;1;0;2;1;1;1;5;2;2;1;913;307;63;32;1108;673;182;109;2021;980;245;141
2022.05_01-07-2022;Омская область;105_165_days;SputnikLite;47;12;2;0;63;31;4;4;110;43;6;4;913;307;63;32;1108;673;182;109;2021;980;245;141
2022.05_01-07-2022;Омская область;105_165_days;SputnikV;69;18;5;3;71;41;9;4;140;59;14;7;913;307;63;32;1108;673;182;109;2021;980;245;141
2022.05_01-07-2022;Омская область;165_195_days;AllVaccines;65;17;0;0;100;49;13;5;165;66;13;5;913;307;63;32;1108;673;182;109;2021;980;245;141
2022.05_01-07-2022;Омская область;165_195_days;CoviVac;1;0;0;0;0;0;0;0;1;0;0;0;913;307;63;32;1108;673;182;109;2021;980;245;141
2022.05_01-07-2022;Омская область;165_195_days;EpiVacCorona;1;0;0;0;2;1;0;0;3;1;0;0;913;307;63;32;1108;673;182;109;2021;980;245;141
2022.05_01-07-2022;Омская область;165_195_days;SputnikLite;16;4;0;0;27;11;5;2;43;15;5;2;913;307;63;32;1108;673;182;109;2021;980;245;141
2022.05_01-07-2022;Омская область;165_195_days;SputnikV;47;13;0;0;71;37;8;3;118;50;8;3;913;307;63;32;1108;673;182;109;2021;980;245;141
2022.05_01-07-2022;Омская область;21_45_days;AllVaccines;5;1;0;0;3;1;0;0;8;2;0;0;913;307;63;32;1108;673;182;109;2021;980;245;141
2022.05_01-07-2022;Омская область;21_45_days;EpiVacCorona;1;0;0;0;0;0;0;0;1;0;0;0;913;307;63;32;1108;673;182;109;2021;980;245;141
2022.05_01-07-2022;Омская область;21_45_days;SputnikLite;2;0;0;0;1;0;0;0;3;0;0;0;913;307;63;32;1108;673;182;109;2021;980;245;141
2022.05_01-07-2022;Омская область;21_45_days;SputnikV;2;1;0;0;2;1;0;0;4;2;0;0;913;307;63;32;1108;673;182;109;2021;980;245;141
2022.05_01-07-2022;Омская область;45_75_days;AllVaccines;23;6;1;1;11;6;2;1;34;12;3;2;913;307;63;32;1108;673;182;109;2021;980;245;141
2022.05_01-07-2022;Омская область;45_75_days;CoviVac;1;0;0;0;0;0;0;0;1;0;0;0;913;307;63;32;1108;673;182;109;2021;980;245;141
2022.05_01-07-2022;Омская область;45_75_days;EpiVacCorona;4;1;1;1;1;1;0;0;5;2;1;1;913;307;63;32;1108;673;182;109;2021;980;245;141
2022.05_01-07-2022;Омская область;45_75_days;SputnikLite;7;2;0;0;3;1;0;0;10;3;0;0;913;307;63;32;1108;673;182;109;2021;980;245;141
2022.05_01-07-2022;Омская область;45_75_days;SputnikV;11;3;0;0;7;4;2;1;18;7;2;1;913;307;63;32;1108;673;182;109;2021;980;245;141
2022.05_01-07-2022;Омская область;75_90_days;AllVaccines;15;4;0;1;13;5;2;0;28;9;2;1;913;307;63;32;1108;673;182;109;2021;980;245;141
2022.05_01-07-2022;Омская область;75_90_days;EpiVacCorona;0;0;0;0;1;1;0;0;1;1;0;0;913;307;63;32;1108;673;182;109;2021;980;245;141
2022.05_01-07-2022;Омская область;75_90_days;SputnikLite;2;0;0;0;7;4;2;0;9;4;2;0;913;307;63;32;1108;673;182;109;2021;980;245;141
2022.05_01-07-2022;Омская область;75_90_days;SputnikV;13;4;0;1;5;0;0;0;18;4;0;1;913;307;63;32;1108;673;182;109;2021;980;245;141
2022.05_01-07-2022;Омская область;90_105_days;AllVaccines;22;5;1;0;15;9;1;1;37;14;2;1;913;307;63;32;1108;673;182;109;2021;980;245;141
2022.05_01-07-2022;Омская область;90_105_days;CoviVac;1;1;0;0;0;0;0;0;1;1;0;0;913;307;63;32;1108;673;182;109;2021;980;245;141
2022.05_01-07-2022;Омская область;90_105_days;EpiVacCorona;0;0;0;0;1;1;0;0;1;1;0;0;913;307;63;32;1108;673;182;109;2021;980;245;141
2022.05_01-07-2022;Омская область;90_105_days;SputnikLite;15;1;0;0;9;7;1;1;24;8;1;1;913;307;63;32;1108;673;182;109;2021;980;245;141
2022.05_01-07-2022;Омская область;90_105_days;SputnikV;6;3;1;0;5;1;0;0;11;4;1;0;913;307;63;32;1108;673;182;109;2021;980;245;141
2022.05_01-07-2022;Оренбургская область;105_165_days;AllVaccines;83;10;2;1;79;31;4;6;162;41;6;7;661;91;15;6;599;251;53;40;1260;342;68;46
2022.05_01-07-2022;Оренбургская область;105_165_days;CoviVac;4;0;0;0;1;1;0;0;5;1;0;0;661;91;15;6;599;251;53;40;1260;342;68;46
2022.05_01-07-2022;Оренбургская область;105_165_days;EpiVacCorona;4;1;0;0;5;3;1;1;9;4;1;1;661;91;15;6;599;251;53;40;1260;342;68;46
2022.05_01-07-2022;Оренбургская область;105_165_days;SputnikLite;39;6;1;1;37;9;0;1;76;15;1;2;661;91;15;6;599;251;53;40;1260;342;68;46
2022.05_01-07-2022;Оренбургская область;105_165_days;SputnikV;36;3;1;0;36;18;3;4;72;21;4;4;661;91;15;6;599;251;53;40;1260;342;68;46
2022.05_01-07-2022;Оренбургская область;165_195_days;AllVaccines;66;5;0;0;68;23;2;2;134;28;2;2;661;91;15;6;599;251;53;40;1260;342;68;46
2022.05_01-07-2022;Оренбургская область;165_195_days;EpiVacCorona;2;1;0;0;2;0;0;0;4;1;0;0;661;91;15;6;599;251;53;40;1260;342;68;46
2022.05_01-07-2022;Оренбургская область;165_195_days;SputnikLite;8;1;0;0;34;14;1;2;42;15;1;2;661;91;15;6;599;251;53;40;1260;342;68;46
2022.05_01-07-2022;Оренбургская область;165_195_days;SputnikV;56;3;0;0;32;9;1;0;88;12;1;0;661;91;15;6;599;251;53;40;1260;342;68;46
2022.05_01-07-2022;Оренбургская область;21_45_days;AllVaccines;3;1;0;0;2;0;0;0;5;1;0;0;661;91;15;6;599;251;53;40;1260;342;68;46
2022.05_01-07-2022;Оренбургская область;21_45_days;EpiVacCorona;0;0;0;0;1;0;0;0;1;0;0;0;661;91;15;6;599;251;53;40;1260;342;68;46
2022.05_01-07-2022;Оренбургская область;21_45_days;SputnikLite;1;1;0;0;0;0;0;0;1;1;0;0;661;91;15;6;599;251;53;40;1260;342;68;46
2022.05_01-07-2022;Оренбургская область;21_45_days;SputnikV;2;0;0;0;1;0;0;0;3;0;0;0;661;91;15;6;599;251;53;40;1260;342;68;46
2022.05_01-07-2022;Оренбургская область;45_75_days;AllVaccines;7;0;0;0;3;0;0;0;10;0;0;0;661;91;15;6;599;251;53;40;1260;342;68;46
2022.05_01-07-2022;Оренбургская область;45_75_days;EpiVacCorona;1;0;0;0;0;0;0;0;1;0;0;0;661;91;15;6;599;251;53;40;1260;342;68;46
2022.05_01-07-2022;Оренбургская область;45_75_days;SputnikLite;1;0;0;0;0;0;0;0;1;0;0;0;661;91;15;6;599;251;53;40;1260;342;68;46
2022.05_01-07-2022;Оренбургская область;45_75_days;SputnikV;5;0;0;0;3;0;0;0;8;0;0;0;661;91;15;6;599;251;53;40;1260;342;68;46
2022.05_01-07-2022;Оренбургская область;75_90_days;AllVaccines;17;1;0;0;16;7;0;0;33;8;0;0;661;91;15;6;599;251;53;40;1260;342;68;46
2022.05_01-07-2022;Оренбургская область;75_90_days;EpiVacCorona;1;0;0;0;2;2;0;0;3;2;0;0;661;91;15;6;599;251;53;40;1260;342;68;46
2022.05_01-07-2022;Оренбургская область;75_90_days;SputnikLite;9;0;0;0;9;3;0;0;18;3;0;0;661;91;15;6;599;251;53;40;1260;342;68;46
2022.05_01-07-2022;Оренбургская область;75_90_days;SputnikV;7;1;0;0;5;2;0;0;12;3;0;0;661;91;15;6;599;251;53;40;1260;342;68;46
2022.05_01-07-2022;Оренбургская область;90_105_days;AllVaccines;23;3;0;0;7;4;1;1;30;7;1;1;661;91;15;6;599;251;53;40;1260;342;68;46
2022.05_01-07-2022;Оренбургская область;90_105_days;EpiVacCorona;3;0;0;0;0;0;0;0;3;0;0;0;661;91;15;6;599;251;53;40;1260;342;68;46
2022.05_01-07-2022;Оренбургская область;90_105_days;SputnikLite;14;1;0;0;5;3;1;1;19;4;1;1;661;91;15;6;599;251;53;40;1260;342;68;46
2022.05_01-07-2022;Оренбургская область;90_105_days;SputnikV;6;2;0;0;2;1;0;0;8;3;0;0;661;91;15;6;599;251;53;40;1260;342;68;46
2022.05_01-07-2022;Орловская область;105_165_days;AllVaccines;61;17;5;2;92;51;22;7;153;68;27;9;515;134;52;14;673;398;174;59;1188;532;226;73
2022.05_01-07-2022;Орловская область;105_165_days;CoviVac;3;2;0;0;4;1;0;0;7;3;0;0;515;134;52;14;673;398;174;59;1188;532;226;73
2022.05_01-07-2022;Орловская область;105_165_days;EpiVacCorona;1;1;0;0;1;1;0;0;2;2;0;0;515;134;52;14;673;398;174;59;1188;532;226;73
2022.05_01-07-2022;Орловская область;105_165_days;SputnikLite;19;5;2;1;40;20;11;2;59;25;13;3;515;134;52;14;673;398;174;59;1188;532;226;73
2022.05_01-07-2022;Орловская область;105_165_days;SputnikV;38;9;3;1;47;29;11;5;85;38;14;6;515;134;52;14;673;398;174;59;1188;532;226;73
2022.05_01-07-2022;Орловская область;165_195_days;AllVaccines;41;9;3;0;51;24;12;1;92;33;15;1;515;134;52;14;673;398;174;59;1188;532;226;73
2022.05_01-07-2022;Орловская область;165_195_days;CoviVac;1;0;0;0;1;0;0;0;2;0;0;0;515;134;52;14;673;398;174;59;1188;532;226;73
2022.05_01-07-2022;Орловская область;165_195_days;EpiVacCorona;1;1;1;0;0;0;0;0;1;1;1;0;515;134;52;14;673;398;174;59;1188;532;226;73
2022.05_01-07-2022;Орловская область;165_195_days;SputnikLite;11;2;1;0;32;17;6;1;43;19;7;1;515;134;52;14;673;398;174;59;1188;532;226;73
2022.05_01-07-2022;Орловская область;165_195_days;SputnikV;28;6;1;0;18;7;6;0;46;13;7;0;515;134;52;14;673;398;174;59;1188;532;226;73
2022.05_01-07-2022;Орловская область;21_45_days;AllVaccines;1;0;0;0;3;2;0;0;4;2;0;0;515;134;52;14;673;398;174;59;1188;532;226;73
2022.05_01-07-2022;Орловская область;21_45_days;EpiVacCorona;0;0;0;0;1;0;0;0;1;0;0;0;515;134;52;14;673;398;174;59;1188;532;226;73
2022.05_01-07-2022;Орловская область;21_45_days;SputnikV;1;0;0;0;2;2;0;0;3;2;0;0;515;134;52;14;673;398;174;59;1188;532;226;73
2022.05_01-07-2022;Орловская область;45_75_days;AllVaccines;3;1;0;0;6;1;0;0;9;2;0;0;515;134;52;14;673;398;174;59;1188;532;226;73
2022.05_01-07-2022;Орловская область;45_75_days;EpiVacCorona;0;0;0;0;1;1;0;0;1;1;0;0;515;134;52;14;673;398;174;59;1188;532;226;73
2022.05_01-07-2022;Орловская область;45_75_days;SputnikLite;0;0;0;0;1;0;0;0;1;0;0;0;515;134;52;14;673;398;174;59;1188;532;226;73
2022.05_01-07-2022;Орловская область;45_75_days;SputnikV;3;1;0;0;4;0;0;0;7;1;0;0;515;134;52;14;673;398;174;59;1188;532;226;73
2022.05_01-07-2022;Орловская область;75_90_days;AllVaccines;4;0;0;0;1;0;0;0;5;0;0;0;515;134;52;14;673;398;174;59;1188;532;226;73
2022.05_01-07-2022;Орловская область;75_90_days;SputnikLite;2;0;0;0;0;0;0;0;2;0;0;0;515;134;52;14;673;398;174;59;1188;532;226;73
2022.05_01-07-2022;Орловская область;75_90_days;SputnikV;2;0;0;0;1;0;0;0;3;0;0;0;515;134;52;14;673;398;174;59;1188;532;226;73
2022.05_01-07-2022;Орловская область;90_105_days;AllVaccines;7;0;0;0;7;3;2;0;14;3;2;0;515;134;52;14;673;398;174;59;1188;532;226;73
2022.05_01-07-2022;Орловская область;90_105_days;SputnikLite;4;0;0;0;3;1;1;0;7;1;1;0;515;134;52;14;673;398;174;59;1188;532;226;73
2022.05_01-07-2022;Орловская область;90_105_days;SputnikV;3;0;0;0;4;2;1;0;7;2;1;0;515;134;52;14;673;398;174;59;1188;532;226;73
2022.05_01-07-2022;Пензенская область;105_165_days;AllVaccines;89;18;2;1;184;85;19;7;273;103;21;8;615;115;19;5;908;468;86;43;1523;583;105;48
2022.05_01-07-2022;Пензенская область;105_165_days;CoviVac;3;0;0;0;2;1;0;0;5;1;0;0;615;115;19;5;908;468;86;43;1523;583;105;48
2022.05_01-07-2022;Пензенская область;105_165_days;EpiVacCorona;3;0;0;0;14;6;1;0;17;6;1;0;615;115;19;5;908;468;86;43;1523;583;105;48
2022.05_01-07-2022;Пензенская область;105_165_days;SputnikLite;35;9;1;0;57;21;5;2;92;30;6;2;615;115;19;5;908;468;86;43;1523;583;105;48
2022.05_01-07-2022;Пензенская область;105_165_days;SputnikV;48;9;1;1;111;57;13;5;159;66;14;6;615;115;19;5;908;468;86;43;1523;583;105;48
2022.05_01-07-2022;Пензенская область;165_195_days;AllVaccines;90;11;4;0;114;50;1;0;204;61;5;0;615;115;19;5;908;468;86;43;1523;583;105;48
2022.05_01-07-2022;Пензенская область;165_195_days;CoviVac;0;0;0;0;3;1;0;0;3;1;0;0;615;115;19;5;908;468;86;43;1523;583;105;48
2022.05_01-07-2022;Пензенская область;165_195_days;EpiVacCorona;5;1;0;0;2;1;0;0;7;2;0;0;615;115;19;5;908;468;86;43;1523;583;105;48
2022.05_01-07-2022;Пензенская область;165_195_days;SputnikLite;8;3;1;0;19;11;0;0;27;14;1;0;615;115;19;5;908;468;86;43;1523;583;105;48
2022.05_01-07-2022;Пензенская область;165_195_days;SputnikV;77;7;3;0;90;37;1;0;167;44;4;0;615;115;19;5;908;468;86;43;1523;583;105;48
2022.05_01-07-2022;Пензенская область;21_45_days;AllVaccines;13;3;0;0;72;32;10;5;85;35;10;5;615;115;19;5;908;468;86;43;1523;583;105;48
2022.05_01-07-2022;Пензенская область;21_45_days;CoviVac;0;0;0;0;1;0;0;0;1;0;0;0;615;115;19;5;908;468;86;43;1523;583;105;48
2022.05_01-07-2022;Пензенская область;21_45_days;EpiVacCorona;0;0;0;0;7;2;0;0;7;2;0;0;615;115;19;5;908;468;86;43;1523;583;105;48
2022.05_01-07-2022;Пензенская область;21_45_days;SputnikV;13;3;0;0;64;30;10;5;77;33;10;5;615;115;19;5;908;468;86;43;1523;583;105;48
2022.05_01-07-2022;Пензенская область;45_75_days;AllVaccines;19;2;0;0;84;54;14;9;103;56;14;9;615;115;19;5;908;468;86;43;1523;583;105;48
2022.05_01-07-2022;Пензенская область;45_75_days;CoviVac;1;0;0;0;2;1;0;0;3;1;0;0;615;115;19;5;908;468;86;43;1523;583;105;48
2022.05_01-07-2022;Пензенская область;45_75_days;EpiVacCorona;2;1;0;0;13;10;4;4;15;11;4;4;615;115;19;5;908;468;86;43;1523;583;105;48
2022.05_01-07-2022;Пензенская область;45_75_days;SputnikLite;6;0;0;0;4;4;1;0;10;4;1;0;615;115;19;5;908;468;86;43;1523;583;105;48
2022.05_01-07-2022;Пензенская область;45_75_days;SputnikV;10;1;0;0;65;39;9;5;75;40;9;5;615;115;19;5;908;468;86;43;1523;583;105;48
2022.05_01-07-2022;Пензенская область;75_90_days;AllVaccines;10;2;0;0;30;18;2;2;40;20;2;2;615;115;19;5;908;468;86;43;1523;583;105;48
2022.05_01-07-2022;Пензенская область;75_90_days;EpiVacCorona;0;0;0;0;3;2;1;1;3;2;1;1;615;115;19;5;908;468;86;43;1523;583;105;48
2022.05_01-07-2022;Пензенская область;75_90_days;SputnikLite;3;0;0;0;6;4;0;0;9;4;0;0;615;115;19;5;908;468;86;43;1523;583;105;48
2022.05_01-07-2022;Пензенская область;75_90_days;SputnikV;7;2;0;0;21;12;1;1;28;14;1;1;615;115;19;5;908;468;86;43;1523;583;105;48
2022.05_01-07-2022;Пензенская область;90_105_days;AllVaccines;16;1;0;0;26;14;1;1;42;15;1;1;615;115;19;5;908;468;86;43;1523;583;105;48
2022.05_01-07-2022;Пензенская область;90_105_days;CoviVac;0;0;0;0;1;1;0;0;1;1;0;0;615;115;19;5;908;468;86;43;1523;583;105;48
2022.05_01-07-2022;Пензенская область;90_105_days;EpiVacCorona;1;0;0;0;1;1;0;0;2;1;0;0;615;115;19;5;908;468;86;43;1523;583;105;48
2022.05_01-07-2022;Пензенская область;90_105_days;SputnikLite;7;1;0;0;10;6;1;1;17;7;1;1;615;115;19;5;908;468;86;43;1523;583;105;48
2022.05_01-07-2022;Пензенская область;90_105_days;SputnikV;8;0;0;0;14;6;0;0;22;6;0;0;615;115;19;5;908;468;86;43;1523;583;105;48
2022.05_01-07-2022;Пермский край;105_165_days;AllVaccines;88;9;0;0;113;39;3;1;201;48;3;1;787;127;17;9;844;364;48;26;1631;491;65;35
2022.05_01-07-2022;Пермский край;105_165_days;CoviVac;1;0;0;0;0;0;0;0;1;0;0;0;787;127;17;9;844;364;48;26;1631;491;65;35
2022.05_01-07-2022;Пермский край;105_165_days;EpiVacCorona;1;0;0;0;2;2;0;0;3;2;0;0;787;127;17;9;844;364;48;26;1631;491;65;35
2022.05_01-07-2022;Пермский край;105_165_days;SputnikLite;32;2;0;0;58;19;1;0;90;21;1;0;787;127;17;9;844;364;48;26;1631;491;65;35
2022.05_01-07-2022;Пермский край;105_165_days;SputnikV;54;7;0;0;53;18;2;1;107;25;2;1;787;127;17;9;844;364;48;26;1631;491;65;35
2022.05_01-07-2022;Пермский край;165_195_days;AllVaccines;60;5;0;0;86;30;5;1;146;35;5;1;787;127;17;9;844;364;48;26;1631;491;65;35
2022.05_01-07-2022;Пермский край;165_195_days;CoviVac;1;0;0;0;1;0;0;0;2;0;0;0;787;127;17;9;844;364;48;26;1631;491;65;35
2022.05_01-07-2022;Пермский край;165_195_days;EpiVacCorona;1;0;0;0;1;0;0;0;2;0;0;0;787;127;17;9;844;364;48;26;1631;491;65;35
2022.05_01-07-2022;Пермский край;165_195_days;SputnikLite;16;2;0;0;29;8;2;1;45;10;2;1;787;127;17;9;844;364;48;26;1631;491;65;35
2022.05_01-07-2022;Пермский край;165_195_days;SputnikV;42;3;0;0;55;22;3;0;97;25;3;0;787;127;17;9;844;364;48;26;1631;491;65;35
2022.05_01-07-2022;Пермский край;21_45_days;AllVaccines;2;1;0;0;4;1;0;0;6;2;0;0;787;127;17;9;844;364;48;26;1631;491;65;35
2022.05_01-07-2022;Пермский край;21_45_days;SputnikLite;0;0;0;0;1;0;0;0;1;0;0;0;787;127;17;9;844;364;48;26;1631;491;65;35
2022.05_01-07-2022;Пермский край;21_45_days;SputnikV;2;1;0;0;3;1;0;0;5;2;0;0;787;127;17;9;844;364;48;26;1631;491;65;35
2022.05_01-07-2022;Пермский край;45_75_days;AllVaccines;10;2;0;0;5;5;2;0;15;7;2;0;787;127;17;9;844;364;48;26;1631;491;65;35
2022.05_01-07-2022;Пермский край;45_75_days;EpiVacCorona;0;0;0;0;1;1;0;0;1;1;0;0;787;127;17;9;844;364;48;26;1631;491;65;35
2022.05_01-07-2022;Пермский край;45_75_days;SputnikLite;1;1;0;0;0;0;0;0;1;1;0;0;787;127;17;9;844;364;48;26;1631;491;65;35
2022.05_01-07-2022;Пермский край;45_75_days;SputnikV;9;1;0;0;4;4;2;0;13;5;2;0;787;127;17;9;844;364;48;26;1631;491;65;35
2022.05_01-07-2022;Пермский край;75_90_days;AllVaccines;9;0;0;0;8;3;1;0;17;3;1;0;787;127;17;9;844;364;48;26;1631;491;65;35
2022.05_01-07-2022;Пермский край;75_90_days;EpiVacCorona;1;0;0;0;0;0;0;0;1;0;0;0;787;127;17;9;844;364;48;26;1631;491;65;35
2022.05_01-07-2022;Пермский край;75_90_days;SputnikLite;5;0;0;0;6;3;1;0;11;3;1;0;787;127;17;9;844;364;48;26;1631;491;65;35
2022.05_01-07-2022;Пермский край;75_90_days;SputnikV;3;0;0;0;2;0;0;0;5;0;0;0;787;127;17;9;844;364;48;26;1631;491;65;35
2022.05_01-07-2022;Пермский край;90_105_days;AllVaccines;14;2;0;0;18;11;0;0;32;13;0;0;787;127;17;9;844;364;48;26;1631;491;65;35
2022.05_01-07-2022;Пермский край;90_105_days;EpiVacCorona;0;0;0;0;2;2;0;0;2;2;0;0;787;127;17;9;844;364;48;26;1631;491;65;35
2022.05_01-07-2022;Пермский край;90_105_days;SputnikLite;10;1;0;0;5;2;0;0;15;3;0;0;787;127;17;9;844;364;48;26;1631;491;65;35
2022.05_01-07-2022;Пермский край;90_105_days;SputnikV;4;1;0;0;11;7;0;0;15;8;0;0;787;127;17;9;844;364;48;26;1631;491;65;35
2022.05_01-07-2022;Приморский край;105_165_days;AllVaccines;90;17;1;1;63;39;12;3;153;56;13;4;455;128;26;9;386;232;79;28;841;360;105;37
2022.05_01-07-2022;Приморский край;105_165_days;EpiVacCorona;0;0;0;0;3;1;1;1;3;1;1;1;455;128;26;9;386;232;79;28;841;360;105;37
2022.05_01-07-2022;Приморский край;105_165_days;SputnikLite;19;2;0;0;33;19;5;0;52;21;5;0;455;128;26;9;386;232;79;28;841;360;105;37
2022.05_01-07-2022;Приморский край;105_165_days;SputnikV;71;15;1;1;27;19;6;2;98;34;7;3;455;128;26;9;386;232;79;28;841;360;105;37
2022.05_01-07-2022;Приморский край;165_195_days;AllVaccines;56;12;0;0;24;10;3;1;80;22;3;1;455;128;26;9;386;232;79;28;841;360;105;37
2022.05_01-07-2022;Приморский край;165_195_days;SputnikLite;10;1;0;0;9;3;1;0;19;4;1;0;455;128;26;9;386;232;79;28;841;360;105;37
2022.05_01-07-2022;Приморский край;165_195_days;SputnikV;46;11;0;0;15;7;2;1;61;18;2;1;455;128;26;9;386;232;79;28;841;360;105;37
2022.05_01-07-2022;Приморский край;21_45_days;AllVaccines;4;0;0;0;0;0;0;0;4;0;0;0;455;128;26;9;386;232;79;28;841;360;105;37
2022.05_01-07-2022;Приморский край;21_45_days;SputnikLite;1;0;0;0;0;0;0;0;1;0;0;0;455;128;26;9;386;232;79;28;841;360;105;37
2022.05_01-07-2022;Приморский край;21_45_days;SputnikV;3;0;0;0;0;0;0;0;3;0;0;0;455;128;26;9;386;232;79;28;841;360;105;37
2022.05_01-07-2022;Приморский край;45_75_days;AllVaccines;9;2;0;0;9;5;2;0;18;7;2;0;455;128;26;9;386;232;79;28;841;360;105;37
2022.05_01-07-2022;Приморский край;45_75_days;CoviVac;2;1;0;0;0;0;0;0;2;1;0;0;455;128;26;9;386;232;79;28;841;360;105;37
2022.05_01-07-2022;Приморский край;45_75_days;EpiVacCorona;1;0;0;0;2;0;0;0;3;0;0;0;455;128;26;9;386;232;79;28;841;360;105;37
2022.05_01-07-2022;Приморский край;45_75_days;SputnikLite;3;0;0;0;6;5;2;0;9;5;2;0;455;128;26;9;386;232;79;28;841;360;105;37
2022.05_01-07-2022;Приморский край;45_75_days;SputnikV;3;1;0;0;1;0;0;0;4;1;0;0;455;128;26;9;386;232;79;28;841;360;105;37
2022.05_01-07-2022;Приморский край;75_90_days;AllVaccines;9;1;0;0;2;0;0;0;11;1;0;0;455;128;26;9;386;232;79;28;841;360;105;37
2022.05_01-07-2022;Приморский край;75_90_days;EpiVacCorona;0;0;0;0;1;0;0;0;1;0;0;0;455;128;26;9;386;232;79;28;841;360;105;37
2022.05_01-07-2022;Приморский край;75_90_days;SputnikLite;4;1;0;0;1;0;0;0;5;1;0;0;455;128;26;9;386;232;79;28;841;360;105;37
2022.05_01-07-2022;Приморский край;75_90_days;SputnikV;5;0;0;0;0;0;0;0;5;0;0;0;455;128;26;9;386;232;79;28;841;360;105;37
2022.05_01-07-2022;Приморский край;90_105_days;AllVaccines;8;0;0;0;7;3;0;0;15;3;0;0;455;128;26;9;386;232;79;28;841;360;105;37
2022.05_01-07-2022;Приморский край;90_105_days;EpiVacCorona;1;0;0;0;0;0;0;0;1;0;0;0;455;128;26;9;386;232;79;28;841;360;105;37
2022.05_01-07-2022;Приморский край;90_105_days;SputnikLite;5;0;0;0;5;2;0;0;10;2;0;0;455;128;26;9;386;232;79;28;841;360;105;37
2022.05_01-07-2022;Приморский край;90_105_days;SputnikV;2;0;0;0;2;1;0;0;4;1;0;0;455;128;26;9;386;232;79;28;841;360;105;37
2022.05_01-07-2022;Псковская область;105_165_days;AllVaccines;54;11;0;0;35;19;1;0;89;30;1;0;425;90;5;4;411;202;33;30;836;292;38;34
2022.05_01-07-2022;Псковская область;105_165_days;CoviVac;3;0;0;0;0;0;0;0;3;0;0;0;425;90;5;4;411;202;33;30;836;292;38;34
2022.05_01-07-2022;Псковская область;105_165_days;EpiVacCorona;2;1;0;0;3;3;1;0;5;4;1;0;425;90;5;4;411;202;33;30;836;292;38;34
2022.05_01-07-2022;Псковская область;105_165_days;SputnikLite;18;2;0;0;16;8;0;0;34;10;0;0;425;90;5;4;411;202;33;30;836;292;38;34
2022.05_01-07-2022;Псковская область;105_165_days;SputnikV;31;8;0;0;16;8;0;0;47;16;0;0;425;90;5;4;411;202;33;30;836;292;38;34
2022.05_01-07-2022;Псковская область;165_195_days;AllVaccines;25;6;0;0;34;13;3;3;59;19;3;3;425;90;5;4;411;202;33;30;836;292;38;34
2022.05_01-07-2022;Псковская область;165_195_days;EpiVacCorona;1;1;0;0;2;1;0;0;3;2;0;0;425;90;5;4;411;202;33;30;836;292;38;34
2022.05_01-07-2022;Псковская область;165_195_days;SputnikLite;12;2;0;0;21;8;2;3;33;10;2;3;425;90;5;4;411;202;33;30;836;292;38;34
2022.05_01-07-2022;Псковская область;165_195_days;SputnikV;12;3;0;0;11;4;1;0;23;7;1;0;425;90;5;4;411;202;33;30;836;292;38;34
2022.05_01-07-2022;Псковская область;21_45_days;AllVaccines;0;0;0;0;3;0;0;0;3;0;0;0;425;90;5;4;411;202;33;30;836;292;38;34
2022.05_01-07-2022;Псковская область;21_45_days;EpiVacCorona;0;0;0;0;1;0;0;0;1;0;0;0;425;90;5;4;411;202;33;30;836;292;38;34
2022.05_01-07-2022;Псковская область;21_45_days;SputnikV;0;0;0;0;2;0;0;0;2;0;0;0;425;90;5;4;411;202;33;30;836;292;38;34
2022.05_01-07-2022;Псковская область;45_75_days;AllVaccines;5;1;0;0;4;3;1;0;9;4;1;0;425;90;5;4;411;202;33;30;836;292;38;34
2022.05_01-07-2022;Псковская область;45_75_days;EpiVacCorona;1;1;0;0;0;0;0;0;1;1;0;0;425;90;5;4;411;202;33;30;836;292;38;34
2022.05_01-07-2022;Псковская область;45_75_days;SputnikLite;0;0;0;0;2;1;1;0;2;1;1;0;425;90;5;4;411;202;33;30;836;292;38;34
2022.05_01-07-2022;Псковская область;45_75_days;SputnikV;4;0;0;0;2;2;0;0;6;2;0;0;425;90;5;4;411;202;33;30;836;292;38;34
2022.05_01-07-2022;Псковская область;75_90_days;AllVaccines;3;0;0;0;2;1;0;0;5;1;0;0;425;90;5;4;411;202;33;30;836;292;38;34
2022.05_01-07-2022;Псковская область;75_90_days;EpiVacCorona;1;0;0;0;0;0;0;0;1;0;0;0;425;90;5;4;411;202;33;30;836;292;38;34
2022.05_01-07-2022;Псковская область;75_90_days;SputnikV;2;0;0;0;2;1;0;0;4;1;0;0;425;90;5;4;411;202;33;30;836;292;38;34
2022.05_01-07-2022;Псковская область;90_105_days;AllVaccines;9;3;0;0;10;3;1;0;19;6;1;0;425;90;5;4;411;202;33;30;836;292;38;34
2022.05_01-07-2022;Псковская область;90_105_days;EpiVacCorona;2;0;0;0;0;0;0;0;2;0;0;0;425;90;5;4;411;202;33;30;836;292;38;34
2022.05_01-07-2022;Псковская область;90_105_days;SputnikLite;3;2;0;0;4;1;1;0;7;3;1;0;425;90;5;4;411;202;33;30;836;292;38;34
2022.05_01-07-2022;Псковская область;90_105_days;SputnikV;4;1;0;0;6;2;0;0;10;3;0;0;425;90;5;4;411;202;33;30;836;292;38;34
2022.05_01-07-2022;РФ;105_165_days;AllVaccines;9873;1169;129;52;8110;2851;560;277;17983;4020;689;329;78166;11842;1862;748;61298;24550;6061;3361;139464;36392;7923;4109
2022.05_01-07-2022;РФ;105_165_days;CoviVac;175;16;1;1;71;23;7;2;246;39;8;3;78166;11842;1862;748;61298;24550;6061;3361;139464;36392;7923;4109
2022.05_01-07-2022;РФ;105_165_days;EpiVacCorona;315;58;7;3;344;126;36;18;659;184;43;21;78166;11842;1862;748;61298;24550;6061;3361;139464;36392;7923;4109
2022.05_01-07-2022;РФ;105_165_days;SputnikLite;3896;393;36;19;3974;1299;236;121;7870;1692;272;140;78166;11842;1862;748;61298;24550;6061;3361;139464;36392;7923;4109
2022.05_01-07-2022;РФ;105_165_days;SputnikV;5487;702;85;29;3721;1403;281;136;9208;2105;366;165;78166;11842;1862;748;61298;24550;6061;3361;139464;36392;7923;4109
2022.05_01-07-2022;РФ;165_195_days;AllVaccines;7103;813;105;29;5913;1872;340;163;13016;2685;445;192;78166;11842;1862;748;61298;24550;6061;3361;139464;36392;7923;4109
2022.05_01-07-2022;РФ;165_195_days;CoviVac;111;9;0;0;43;8;0;1;154;17;0;1;78166;11842;1862;748;61298;24550;6061;3361;139464;36392;7923;4109
2022.05_01-07-2022;РФ;165_195_days;EpiVacCorona;215;28;3;0;184;65;14;8;399;93;17;8;78166;11842;1862;748;61298;24550;6061;3361;139464;36392;7923;4109
2022.05_01-07-2022;РФ;165_195_days;SputnikLite;1911;216;30;10;2622;817;144;78;4533;1033;174;88;78166;11842;1862;748;61298;24550;6061;3361;139464;36392;7923;4109
2022.05_01-07-2022;РФ;165_195_days;SputnikV;4866;560;72;19;3064;982;182;76;7930;1542;254;95;78166;11842;1862;748;61298;24550;6061;3361;139464;36392;7923;4109
2022.05_01-07-2022;РФ;21_45_days;AllVaccines;569;45;6;0;602;206;41;15;1171;251;47;15;78166;11842;1862;748;61298;24550;6061;3361;139464;36392;7923;4109
2022.05_01-07-2022;РФ;21_45_days;CoviVac;31;1;1;0;15;5;0;0;46;6;1;0;78166;11842;1862;748;61298;24550;6061;3361;139464;36392;7923;4109
2022.05_01-07-2022;РФ;21_45_days;EpiVacCorona;44;1;1;0;45;20;4;0;89;21;5;0;78166;11842;1862;748;61298;24550;6061;3361;139464;36392;7923;4109
2022.05_01-07-2022;РФ;21_45_days;SputnikLite;132;8;1;0;132;39;6;2;264;47;7;2;78166;11842;1862;748;61298;24550;6061;3361;139464;36392;7923;4109
2022.05_01-07-2022;РФ;21_45_days;SputnikV;362;35;3;0;410;142;31;13;772;177;34;13;78166;11842;1862;748;61298;24550;6061;3361;139464;36392;7923;4109
2022.05_01-07-2022;РФ;45_75_days;AllVaccines;1117;111;11;5;927;360;80;39;2044;471;91;44;78166;11842;1862;748;61298;24550;6061;3361;139464;36392;7923;4109
2022.05_01-07-2022;РФ;45_75_days;CoviVac;40;4;0;0;10;6;1;1;50;10;1;1;78166;11842;1862;748;61298;24550;6061;3361;139464;36392;7923;4109
2022.05_01-07-2022;РФ;45_75_days;EpiVacCorona;58;10;1;1;78;39;9;6;136;49;10;7;78166;11842;1862;748;61298;24550;6061;3361;139464;36392;7923;4109
2022.05_01-07-2022;РФ;45_75_days;SputnikLite;307;19;2;0;242;80;17;5;549;99;19;5;78166;11842;1862;748;61298;24550;6061;3361;139464;36392;7923;4109
2022.05_01-07-2022;РФ;45_75_days;SputnikV;712;78;8;4;597;235;53;27;1309;313;61;31;78166;11842;1862;748;61298;24550;6061;3361;139464;36392;7923;4109
2022.05_01-07-2022;РФ;75_90_days;AllVaccines;1157;132;12;10;773;264;61;30;1930;396;73;40;78166;11842;1862;748;61298;24550;6061;3361;139464;36392;7923;4109
2022.05_01-07-2022;РФ;75_90_days;CoviVac;29;2;1;1;5;1;0;0;34;3;1;1;78166;11842;1862;748;61298;24550;6061;3361;139464;36392;7923;4109
2022.05_01-07-2022;РФ;75_90_days;EpiVacCorona;49;11;0;0;57;25;6;2;106;36;6;2;78166;11842;1862;748;61298;24550;6061;3361;139464;36392;7923;4109
2022.05_01-07-2022;РФ;75_90_days;SputnikLite;459;45;5;6;307;104;24;10;766;149;29;16;78166;11842;1862;748;61298;24550;6061;3361;139464;36392;7923;4109
2022.05_01-07-2022;РФ;75_90_days;SputnikV;620;74;6;3;404;134;31;18;1024;208;37;21;78166;11842;1862;748;61298;24550;6061;3361;139464;36392;7923;4109
2022.05_01-07-2022;РФ;90_105_days;AllVaccines;1607;158;16;7;1121;393;74;43;2728;551;90;50;78166;11842;1862;748;61298;24550;6061;3361;139464;36392;7923;4109
2022.05_01-07-2022;РФ;90_105_days;CoviVac;33;5;0;0;14;5;3;1;47;10;3;1;78166;11842;1862;748;61298;24550;6061;3361;139464;36392;7923;4109
2022.05_01-07-2022;РФ;90_105_days;EpiVacCorona;74;7;1;0;72;33;7;5;146;40;8;5;78166;11842;1862;748;61298;24550;6061;3361;139464;36392;7923;4109
2022.05_01-07-2022;РФ;90_105_days;SputnikLite;828;70;6;3;516;173;35;22;1344;243;41;25;78166;11842;1862;748;61298;24550;6061;3361;139464;36392;7923;4109
2022.05_01-07-2022;РФ;90_105_days;SputnikV;672;76;9;4;519;182;29;15;1191;258;38;19;78166;11842;1862;748;61298;24550;6061;3361;139464;36392;7923;4109
2022.05_01-07-2022;Республика Адыгея;105_165_days;AllVaccines;14;4;0;0;12;2;0;0;26;6;0;0;122;30;3;1;109;38;6;4;231;68;9;5
2022.05_01-07-2022;Республика Адыгея;105_165_days;SputnikLite;8;2;0;0;8;1;0;0;16;3;0;0;122;30;3;1;109;38;6;4;231;68;9;5
2022.05_01-07-2022;Республика Адыгея;105_165_days;SputnikV;6;2;0;0;4;1;0;0;10;3;0;0;122;30;3;1;109;38;6;4;231;68;9;5
2022.05_01-07-2022;Республика Адыгея;165_195_days;AllVaccines;8;1;1;0;6;1;0;0;14;2;1;0;122;30;3;1;109;38;6;4;231;68;9;5
2022.05_01-07-2022;Республика Адыгея;165_195_days;EpiVacCorona;0;0;0;0;2;0;0;0;2;0;0;0;122;30;3;1;109;38;6;4;231;68;9;5
2022.05_01-07-2022;Республика Адыгея;165_195_days;SputnikLite;3;0;0;0;4;1;0;0;7;1;0;0;122;30;3;1;109;38;6;4;231;68;9;5
2022.05_01-07-2022;Республика Адыгея;165_195_days;SputnikV;5;1;1;0;0;0;0;0;5;1;1;0;122;30;3;1;109;38;6;4;231;68;9;5
2022.05_01-07-2022;Республика Адыгея;21_45_days;AllVaccines;0;0;0;0;4;1;1;1;4;1;1;1;122;30;3;1;109;38;6;4;231;68;9;5
2022.05_01-07-2022;Республика Адыгея;21_45_days;SputnikLite;0;0;0;0;3;1;1;1;3;1;1;1;122;30;3;1;109;38;6;4;231;68;9;5
2022.05_01-07-2022;Республика Адыгея;21_45_days;SputnikV;0;0;0;0;1;0;0;0;1;0;0;0;122;30;3;1;109;38;6;4;231;68;9;5
2022.05_01-07-2022;Республика Адыгея;45_75_days;AllVaccines;1;0;0;0;0;0;0;0;1;0;0;0;122;30;3;1;109;38;6;4;231;68;9;5
2022.05_01-07-2022;Республика Адыгея;45_75_days;SputnikLite;1;0;0;0;0;0;0;0;1;0;0;0;122;30;3;1;109;38;6;4;231;68;9;5
2022.05_01-07-2022;Республика Адыгея;75_90_days;AllVaccines;1;0;0;0;1;0;0;0;2;0;0;0;122;30;3;1;109;38;6;4;231;68;9;5
2022.05_01-07-2022;Республика Адыгея;75_90_days;SputnikLite;1;0;0;0;0;0;0;0;1;0;0;0;122;30;3;1;109;38;6;4;231;68;9;5
2022.05_01-07-2022;Республика Адыгея;75_90_days;SputnikV;0;0;0;0;1;0;0;0;1;0;0;0;122;30;3;1;109;38;6;4;231;68;9;5
2022.05_01-07-2022;Республика Адыгея;90_105_days;AllVaccines;1;0;0;0;2;0;0;0;3;0;0;0;122;30;3;1;109;38;6;4;231;68;9;5
2022.05_01-07-2022;Республика Адыгея;90_105_days;SputnikLite;0;0;0;0;2;0;0;0;2;0;0;0;122;30;3;1;109;38;6;4;231;68;9;5
2022.05_01-07-2022;Республика Адыгея;90_105_days;SputnikV;1;0;0;0;0;0;0;0;1;0;0;0;122;30;3;1;109;38;6;4;231;68;9;5
2022.05_01-07-2022;Республика Алтай;105_165_days;AllVaccines;29;6;1;0;12;4;1;0;41;10;2;0;154;37;2;0;98;55;18;6;252;92;20;6
2022.05_01-07-2022;Республика Алтай;105_165_days;CoviVac;1;0;0;0;0;0;0;0;1;0;0;0;154;37;2;0;98;55;18;6;252;92;20;6
2022.05_01-07-2022;Республика Алтай;105_165_days;EpiVacCorona;2;1;0;0;1;1;1;0;3;2;1;0;154;37;2;0;98;55;18;6;252;92;20;6
2022.05_01-07-2022;Республика Алтай;105_165_days;SputnikLite;18;4;0;0;8;1;0;0;26;5;0;0;154;37;2;0;98;55;18;6;252;92;20;6
2022.05_01-07-2022;Республика Алтай;105_165_days;SputnikV;8;1;1;0;3;2;0;0;11;3;1;0;154;37;2;0;98;55;18;6;252;92;20;6
2022.05_01-07-2022;Республика Алтай;165_195_days;AllVaccines;14;4;0;0;11;5;0;0;25;9;0;0;154;37;2;0;98;55;18;6;252;92;20;6
2022.05_01-07-2022;Республика Алтай;165_195_days;EpiVacCorona;1;0;0;0;0;0;0;0;1;0;0;0;154;37;2;0;98;55;18;6;252;92;20;6
2022.05_01-07-2022;Республика Алтай;165_195_days;SputnikLite;12;4;0;0;7;2;0;0;19;6;0;0;154;37;2;0;98;55;18;6;252;92;20;6
2022.05_01-07-2022;Республика Алтай;165_195_days;SputnikV;1;0;0;0;4;3;0;0;5;3;0;0;154;37;2;0;98;55;18;6;252;92;20;6
2022.05_01-07-2022;Республика Алтай;21_45_days;AllVaccines;0;0;0;0;1;1;0;0;1;1;0;0;154;37;2;0;98;55;18;6;252;92;20;6
2022.05_01-07-2022;Республика Алтай;21_45_days;SputnikLite;0;0;0;0;1;1;0;0;1;1;0;0;154;37;2;0;98;55;18;6;252;92;20;6
2022.05_01-07-2022;Республика Алтай;45_75_days;AllVaccines;2;0;0;0;1;1;0;0;3;1;0;0;154;37;2;0;98;55;18;6;252;92;20;6
2022.05_01-07-2022;Республика Алтай;45_75_days;SputnikLite;2;0;0;0;0;0;0;0;2;0;0;0;154;37;2;0;98;55;18;6;252;92;20;6
2022.05_01-07-2022;Республика Алтай;45_75_days;SputnikV;0;0;0;0;1;1;0;0;1;1;0;0;154;37;2;0;98;55;18;6;252;92;20;6
2022.05_01-07-2022;Республика Алтай;75_90_days;AllVaccines;6;3;0;0;1;0;0;0;7;3;0;0;154;37;2;0;98;55;18;6;252;92;20;6
2022.05_01-07-2022;Республика Алтай;75_90_days;EpiVacCorona;1;1;0;0;0;0;0;0;1;1;0;0;154;37;2;0;98;55;18;6;252;92;20;6
2022.05_01-07-2022;Республика Алтай;75_90_days;SputnikLite;1;1;0;0;1;0;0;0;2;1;0;0;154;37;2;0;98;55;18;6;252;92;20;6
2022.05_01-07-2022;Республика Алтай;75_90_days;SputnikV;4;1;0;0;0;0;0;0;4;1;0;0;154;37;2;0;98;55;18;6;252;92;20;6
2022.05_01-07-2022;Республика Алтай;90_105_days;AllVaccines;5;1;0;0;3;1;0;0;8;2;0;0;154;37;2;0;98;55;18;6;252;92;20;6
2022.05_01-07-2022;Республика Алтай;90_105_days;SputnikLite;4;1;0;0;2;1;0;0;6;2;0;0;154;37;2;0;98;55;18;6;252;92;20;6
2022.05_01-07-2022;Республика Алтай;90_105_days;SputnikV;1;0;0;0;1;0;0;0;2;0;0;0;154;37;2;0;98;55;18;6;252;92;20;6
2022.05_01-07-2022;Республика Башкортостан;105_165_days;AllVaccines;161;35;4;2;104;51;10;6;265;86;14;8;1054;249;65;18;764;365;114;59;1818;614;179;77
2022.05_01-07-2022;Республика Башкортостан;105_165_days;CoviVac;6;1;0;0;2;0;0;0;8;1;0;0;1054;249;65;18;764;365;114;59;1818;614;179;77
2022.05_01-07-2022;Республика Башкортостан;105_165_days;EpiVacCorona;5;1;0;0;5;4;1;1;10;5;1;1;1054;249;65;18;764;365;114;59;1818;614;179;77
2022.05_01-07-2022;Республика Башкортостан;105_165_days;SputnikLite;52;5;0;0;38;14;2;0;90;19;2;0;1054;249;65;18;764;365;114;59;1818;614;179;77
2022.05_01-07-2022;Республика Башкортостан;105_165_days;SputnikV;98;28;4;2;59;33;7;5;157;61;11;7;1054;249;65;18;764;365;114;59;1818;614;179;77
2022.05_01-07-2022;Республика Башкортостан;165_195_days;AllVaccines;156;35;8;0;80;27;8;2;236;62;16;2;1054;249;65;18;764;365;114;59;1818;614;179;77
2022.05_01-07-2022;Республика Башкортостан;165_195_days;EpiVacCorona;2;0;0;0;1;0;0;0;3;0;0;0;1054;249;65;18;764;365;114;59;1818;614;179;77
2022.05_01-07-2022;Республика Башкортостан;165_195_days;SputnikLite;18;1;0;0;16;6;3;0;34;7;3;0;1054;249;65;18;764;365;114;59;1818;614;179;77
2022.05_01-07-2022;Республика Башкортостан;165_195_days;SputnikV;136;34;8;0;63;21;5;2;199;55;13;2;1054;249;65;18;764;365;114;59;1818;614;179;77
2022.05_01-07-2022;Республика Башкортостан;21_45_days;AllVaccines;20;3;0;0;17;6;5;2;37;9;5;2;1054;249;65;18;764;365;114;59;1818;614;179;77
2022.05_01-07-2022;Республика Башкортостан;21_45_days;CoviVac;0;0;0;0;2;0;0;0;2;0;0;0;1054;249;65;18;764;365;114;59;1818;614;179;77
2022.05_01-07-2022;Республика Башкортостан;21_45_days;EpiVacCorona;3;0;0;0;5;2;2;0;8;2;2;0;1054;249;65;18;764;365;114;59;1818;614;179;77
2022.05_01-07-2022;Республика Башкортостан;21_45_days;SputnikLite;3;0;0;0;0;0;0;0;3;0;0;0;1054;249;65;18;764;365;114;59;1818;614;179;77
2022.05_01-07-2022;Республика Башкортостан;21_45_days;SputnikV;14;3;0;0;10;4;3;2;24;7;3;2;1054;249;65;18;764;365;114;59;1818;614;179;77
2022.05_01-07-2022;Республика Башкортостан;45_75_days;AllVaccines;30;2;1;0;33;15;5;5;63;17;6;5;1054;249;65;18;764;365;114;59;1818;614;179;77
2022.05_01-07-2022;Республика Башкортостан;45_75_days;EpiVacCorona;2;0;0;0;7;6;0;0;9;6;0;0;1054;249;65;18;764;365;114;59;1818;614;179;77
2022.05_01-07-2022;Республика Башкортостан;45_75_days;SputnikLite;7;0;0;0;4;0;0;0;11;0;0;0;1054;249;65;18;764;365;114;59;1818;614;179;77
2022.05_01-07-2022;Республика Башкортостан;45_75_days;SputnikV;21;2;1;0;22;9;5;5;43;11;6;5;1054;249;65;18;764;365;114;59;1818;614;179;77
2022.05_01-07-2022;Республика Башкортостан;75_90_days;AllVaccines;19;2;0;0;7;2;0;0;26;4;0;0;1054;249;65;18;764;365;114;59;1818;614;179;77
2022.05_01-07-2022;Республика Башкортостан;75_90_days;EpiVacCorona;1;0;0;0;1;0;0;0;2;0;0;0;1054;249;65;18;764;365;114;59;1818;614;179;77
2022.05_01-07-2022;Республика Башкортостан;75_90_days;SputnikLite;5;1;0;0;2;1;0;0;7;2;0;0;1054;249;65;18;764;365;114;59;1818;614;179;77
2022.05_01-07-2022;Республика Башкортостан;75_90_days;SputnikV;13;1;0;0;4;1;0;0;17;2;0;0;1054;249;65;18;764;365;114;59;1818;614;179;77
2022.05_01-07-2022;Республика Башкортостан;90_105_days;AllVaccines;24;4;1;0;9;4;0;0;33;8;1;0;1054;249;65;18;764;365;114;59;1818;614;179;77
2022.05_01-07-2022;Республика Башкортостан;90_105_days;EpiVacCorona;1;0;0;0;0;0;0;0;1;0;0;0;1054;249;65;18;764;365;114;59;1818;614;179;77
2022.05_01-07-2022;Республика Башкортостан;90_105_days;SputnikLite;9;2;0;0;5;3;0;0;14;5;0;0;1054;249;65;18;764;365;114;59;1818;614;179;77
2022.05_01-07-2022;Республика Башкортостан;90_105_days;SputnikV;14;2;1;0;4;1;0;0;18;3;1;0;1054;249;65;18;764;365;114;59;1818;614;179;77
2022.05_01-07-2022;Республика Бурятия;105_165_days;AllVaccines;65;11;3;1;53;21;6;1;118;32;9;2;386;77;21;4;298;134;38;11;684;211;59;15
2022.05_01-07-2022;Республика Бурятия;105_165_days;CoviVac;2;0;0;0;0;0;0;0;2;0;0;0;386;77;21;4;298;134;38;11;684;211;59;15
2022.05_01-07-2022;Республика Бурятия;105_165_days;EpiVacCorona;1;0;0;0;2;0;0;0;3;0;0;0;386;77;21;4;298;134;38;11;684;211;59;15
2022.05_01-07-2022;Республика Бурятия;105_165_days;SputnikLite;27;3;1;0;23;9;3;1;50;12;4;1;386;77;21;4;298;134;38;11;684;211;59;15
2022.05_01-07-2022;Республика Бурятия;105_165_days;SputnikV;35;8;2;1;28;12;3;0;63;20;5;1;386;77;21;4;298;134;38;11;684;211;59;15
2022.05_01-07-2022;Республика Бурятия;165_195_days;AllVaccines;35;9;1;0;23;8;0;0;58;17;1;0;386;77;21;4;298;134;38;11;684;211;59;15
2022.05_01-07-2022;Республика Бурятия;165_195_days;CoviVac;0;0;0;0;1;1;0;0;1;1;0;0;386;77;21;4;298;134;38;11;684;211;59;15
2022.05_01-07-2022;Республика Бурятия;165_195_days;EpiVacCorona;1;0;0;0;1;0;0;0;2;0;0;0;386;77;21;4;298;134;38;11;684;211;59;15
2022.05_01-07-2022;Республика Бурятия;165_195_days;SputnikLite;11;4;1;0;9;1;0;0;20;5;1;0;386;77;21;4;298;134;38;11;684;211;59;15
2022.05_01-07-2022;Республика Бурятия;165_195_days;SputnikV;23;5;0;0;12;6;0;0;35;11;0;0;386;77;21;4;298;134;38;11;684;211;59;15
2022.05_01-07-2022;Республика Бурятия;21_45_days;AllVaccines;2;1;0;0;2;0;0;0;4;1;0;0;386;77;21;4;298;134;38;11;684;211;59;15
2022.05_01-07-2022;Республика Бурятия;21_45_days;CoviVac;0;0;0;0;2;0;0;0;2;0;0;0;386;77;21;4;298;134;38;11;684;211;59;15
2022.05_01-07-2022;Республика Бурятия;21_45_days;SputnikV;2;1;0;0;0;0;0;0;2;1;0;0;386;77;21;4;298;134;38;11;684;211;59;15
2022.05_01-07-2022;Республика Бурятия;45_75_days;AllVaccines;11;2;0;0;8;3;0;0;19;5;0;0;386;77;21;4;298;134;38;11;684;211;59;15
2022.05_01-07-2022;Республика Бурятия;45_75_days;EpiVacCorona;1;1;0;0;3;0;0;0;4;1;0;0;386;77;21;4;298;134;38;11;684;211;59;15
2022.05_01-07-2022;Республика Бурятия;45_75_days;SputnikLite;5;0;0;0;3;3;0;0;8;3;0;0;386;77;21;4;298;134;38;11;684;211;59;15
2022.05_01-07-2022;Республика Бурятия;45_75_days;SputnikV;5;1;0;0;2;0;0;0;7;1;0;0;386;77;21;4;298;134;38;11;684;211;59;15
2022.05_01-07-2022;Республика Бурятия;75_90_days;AllVaccines;11;3;0;0;5;3;1;0;16;6;1;0;386;77;21;4;298;134;38;11;684;211;59;15
2022.05_01-07-2022;Республика Бурятия;75_90_days;CoviVac;0;0;0;0;1;1;0;0;1;1;0;0;386;77;21;4;298;134;38;11;684;211;59;15
2022.05_01-07-2022;Республика Бурятия;75_90_days;SputnikLite;7;2;0;0;1;0;0;0;8;2;0;0;386;77;21;4;298;134;38;11;684;211;59;15
2022.05_01-07-2022;Республика Бурятия;75_90_days;SputnikV;4;1;0;0;3;2;1;0;7;3;1;0;386;77;21;4;298;134;38;11;684;211;59;15
2022.05_01-07-2022;Республика Бурятия;90_105_days;AllVaccines;8;1;0;0;12;5;0;0;20;6;0;0;386;77;21;4;298;134;38;11;684;211;59;15
2022.05_01-07-2022;Республика Бурятия;90_105_days;EpiVacCorona;0;0;0;0;3;2;0;0;3;2;0;0;386;77;21;4;298;134;38;11;684;211;59;15
2022.05_01-07-2022;Республика Бурятия;90_105_days;SputnikLite;3;0;0;0;5;1;0;0;8;1;0;0;386;77;21;4;298;134;38;11;684;211;59;15
2022.05_01-07-2022;Республика Бурятия;90_105_days;SputnikV;5;1;0;0;4;2;0;0;9;3;0;0;386;77;21;4;298;134;38;11;684;211;59;15
2022.05_01-07-2022;Республика Дагестан;105_165_days;AllVaccines;31;2;0;0;8;4;0;0;39;6;0;0;171;29;3;1;73;17;2;1;244;46;5;2
2022.05_01-07-2022;Республика Дагестан;105_165_days;CoviVac;0;0;0;0;1;0;0;0;1;0;0;0;171;29;3;1;73;17;2;1;244;46;5;2
2022.05_01-07-2022;Республика Дагестан;105_165_days;EpiVacCorona;1;0;0;0;1;0;0;0;2;0;0;0;171;29;3;1;73;17;2;1;244;46;5;2
2022.05_01-07-2022;Республика Дагестан;105_165_days;SputnikLite;12;1;0;0;1;1;0;0;13;2;0;0;171;29;3;1;73;17;2;1;244;46;5;2
2022.05_01-07-2022;Республика Дагестан;105_165_days;SputnikV;18;1;0;0;5;3;0;0;23;4;0;0;171;29;3;1;73;17;2;1;244;46;5;2
2022.05_01-07-2022;Республика Дагестан;165_195_days;AllVaccines;14;3;0;0;8;2;1;1;22;5;1;1;171;29;3;1;73;17;2;1;244;46;5;2
2022.05_01-07-2022;Республика Дагестан;165_195_days;CoviVac;1;0;0;0;0;0;0;0;1;0;0;0;171;29;3;1;73;17;2;1;244;46;5;2
2022.05_01-07-2022;Республика Дагестан;165_195_days;EpiVacCorona;5;0;0;0;2;1;1;1;7;1;1;1;171;29;3;1;73;17;2;1;244;46;5;2
2022.05_01-07-2022;Республика Дагестан;165_195_days;SputnikV;8;3;0;0;6;1;0;0;14;4;0;0;171;29;3;1;73;17;2;1;244;46;5;2
2022.05_01-07-2022;Республика Дагестан;21_45_days;AllVaccines;3;0;0;0;1;1;0;0;4;1;0;0;171;29;3;1;73;17;2;1;244;46;5;2
2022.05_01-07-2022;Республика Дагестан;21_45_days;SputnikV;3;0;0;0;1;1;0;0;4;1;0;0;171;29;3;1;73;17;2;1;244;46;5;2
2022.05_01-07-2022;Республика Дагестан;45_75_days;AllVaccines;14;3;1;1;6;1;1;0;20;4;2;1;171;29;3;1;73;17;2;1;244;46;5;2
2022.05_01-07-2022;Республика Дагестан;45_75_days;CoviVac;1;0;0;0;0;0;0;0;1;0;0;0;171;29;3;1;73;17;2;1;244;46;5;2
2022.05_01-07-2022;Республика Дагестан;45_75_days;EpiVacCorona;1;0;0;0;0;0;0;0;1;0;0;0;171;29;3;1;73;17;2;1;244;46;5;2
2022.05_01-07-2022;Республика Дагестан;45_75_days;SputnikV;12;3;1;1;6;1;1;0;18;4;2;1;171;29;3;1;73;17;2;1;244;46;5;2
2022.05_01-07-2022;Республика Дагестан;75_90_days;AllVaccines;9;1;0;0;0;0;0;0;9;1;0;0;171;29;3;1;73;17;2;1;244;46;5;2
2022.05_01-07-2022;Республика Дагестан;75_90_days;EpiVacCorona;3;1;0;0;0;0;0;0;3;1;0;0;171;29;3;1;73;17;2;1;244;46;5;2
2022.05_01-07-2022;Республика Дагестан;75_90_days;SputnikV;6;0;0;0;0;0;0;0;6;0;0;0;171;29;3;1;73;17;2;1;244;46;5;2
2022.05_01-07-2022;Республика Дагестан;90_105_days;AllVaccines;18;4;0;0;2;0;0;0;20;4;0;0;171;29;3;1;73;17;2;1;244;46;5;2
2022.05_01-07-2022;Республика Дагестан;90_105_days;SputnikLite;2;1;0;0;0;0;0;0;2;1;0;0;171;29;3;1;73;17;2;1;244;46;5;2
2022.05_01-07-2022;Республика Дагестан;90_105_days;SputnikV;16;3;0;0;2;0;0;0;18;3;0;0;171;29;3;1;73;17;2;1;244;46;5;2
2022.05_01-07-2022;Республика Ингушетия;105_165_days;AllVaccines;73;14;0;0;8;0;0;0;81;14;0;0;172;52;0;0;36;9;3;0;208;61;3;0
2022.05_01-07-2022;Республика Ингушетия;105_165_days;SputnikLite;25;5;0;0;4;0;0;0;29;5;0;0;172;52;0;0;36;9;3;0;208;61;3;0
2022.05_01-07-2022;Республика Ингушетия;105_165_days;SputnikV;48;9;0;0;4;0;0;0;52;9;0;0;172;52;0;0;36;9;3;0;208;61;3;0
2022.05_01-07-2022;Республика Ингушетия;165_195_days;AllVaccines;19;3;0;0;7;1;0;0;26;4;0;0;172;52;0;0;36;9;3;0;208;61;3;0
2022.05_01-07-2022;Республика Ингушетия;165_195_days;SputnikLite;11;0;0;0;4;1;0;0;15;1;0;0;172;52;0;0;36;9;3;0;208;61;3;0
2022.05_01-07-2022;Республика Ингушетия;165_195_days;SputnikV;8;3;0;0;3;0;0;0;11;3;0;0;172;52;0;0;36;9;3;0;208;61;3;0
2022.05_01-07-2022;Республика Ингушетия;21_45_days;AllVaccines;3;0;0;0;1;1;0;0;4;1;0;0;172;52;0;0;36;9;3;0;208;61;3;0
2022.05_01-07-2022;Республика Ингушетия;21_45_days;EpiVacCorona;1;0;0;0;1;1;0;0;2;1;0;0;172;52;0;0;36;9;3;0;208;61;3;0
2022.05_01-07-2022;Республика Ингушетия;21_45_days;SputnikV;2;0;0;0;0;0;0;0;2;0;0;0;172;52;0;0;36;9;3;0;208;61;3;0
2022.05_01-07-2022;Республика Ингушетия;45_75_days;AllVaccines;2;0;0;0;1;1;0;0;3;1;0;0;172;52;0;0;36;9;3;0;208;61;3;0
2022.05_01-07-2022;Республика Ингушетия;45_75_days;SputnikLite;1;0;0;0;0;0;0;0;1;0;0;0;172;52;0;0;36;9;3;0;208;61;3;0
2022.05_01-07-2022;Республика Ингушетия;45_75_days;SputnikV;1;0;0;0;1;1;0;0;2;1;0;0;172;52;0;0;36;9;3;0;208;61;3;0
2022.05_01-07-2022;Республика Ингушетия;75_90_days;AllVaccines;5;1;0;0;0;0;0;0;5;1;0;0;172;52;0;0;36;9;3;0;208;61;3;0
2022.05_01-07-2022;Республика Ингушетия;75_90_days;EpiVacCorona;1;0;0;0;0;0;0;0;1;0;0;0;172;52;0;0;36;9;3;0;208;61;3;0
2022.05_01-07-2022;Республика Ингушетия;75_90_days;SputnikLite;2;1;0;0;0;0;0;0;2;1;0;0;172;52;0;0;36;9;3;0;208;61;3;0
2022.05_01-07-2022;Республика Ингушетия;75_90_days;SputnikV;2;0;0;0;0;0;0;0;2;0;0;0;172;52;0;0;36;9;3;0;208;61;3;0
2022.05_01-07-2022;Республика Ингушетия;90_105_days;AllVaccines;5;0;0;0;1;1;0;0;6;1;0;0;172;52;0;0;36;9;3;0;208;61;3;0
2022.05_01-07-2022;Республика Ингушетия;90_105_days;SputnikLite;4;0;0;0;0;0;0;0;4;0;0;0;172;52;0;0;36;9;3;0;208;61;3;0
2022.05_01-07-2022;Республика Ингушетия;90_105_days;SputnikV;1;0;0;0;1;1;0;0;2;1;0;0;172;52;0;0;36;9;3;0;208;61;3;0
2022.05_01-07-2022;Республика Калмыкия;105_165_days;AllVaccines;18;1;0;0;19;7;1;0;37;8;1;0;167;9;2;1;147;35;9;4;314;44;11;5
2022.05_01-07-2022;Республика Калмыкия;105_165_days;CoviVac;1;0;0;0;0;0;0;0;1;0;0;0;167;9;2;1;147;35;9;4;314;44;11;5
2022.05_01-07-2022;Республика Калмыкия;105_165_days;EpiVacCorona;0;0;0;0;1;1;0;0;1;1;0;0;167;9;2;1;147;35;9;4;314;44;11;5
2022.05_01-07-2022;Республика Калмыкия;105_165_days;SputnikLite;15;1;0;0;16;5;1;0;31;6;1;0;167;9;2;1;147;35;9;4;314;44;11;5
2022.05_01-07-2022;Республика Калмыкия;105_165_days;SputnikV;2;0;0;0;2;1;0;0;4;1;0;0;167;9;2;1;147;35;9;4;314;44;11;5
2022.05_01-07-2022;Республика Калмыкия;165_195_days;AllVaccines;25;0;0;0;26;9;1;0;51;9;1;0;167;9;2;1;147;35;9;4;314;44;11;5
2022.05_01-07-2022;Республика Калмыкия;165_195_days;SputnikLite;20;0;0;0;21;8;1;0;41;8;1;0;167;9;2;1;147;35;9;4;314;44;11;5
2022.05_01-07-2022;Республика Калмыкия;165_195_days;SputnikV;5;0;0;0;5;1;0;0;10;1;0;0;167;9;2;1;147;35;9;4;314;44;11;5
2022.05_01-07-2022;Республика Калмыкия;21_45_days;AllVaccines;2;0;0;0;6;0;0;0;8;0;0;0;167;9;2;1;147;35;9;4;314;44;11;5
2022.05_01-07-2022;Республика Калмыкия;21_45_days;SputnikLite;2;0;0;0;6;0;0;0;8;0;0;0;167;9;2;1;147;35;9;4;314;44;11;5
2022.05_01-07-2022;Республика Калмыкия;45_75_days;AllVaccines;2;0;0;0;2;0;0;0;4;0;0;0;167;9;2;1;147;35;9;4;314;44;11;5
2022.05_01-07-2022;Республика Калмыкия;45_75_days;EpiVacCorona;1;0;0;0;0;0;0;0;1;0;0;0;167;9;2;1;147;35;9;4;314;44;11;5
2022.05_01-07-2022;Республика Калмыкия;45_75_days;SputnikLite;1;0;0;0;2;0;0;0;3;0;0;0;167;9;2;1;147;35;9;4;314;44;11;5
2022.05_01-07-2022;Республика Калмыкия;75_90_days;AllVaccines;2;0;0;0;1;0;0;0;3;0;0;0;167;9;2;1;147;35;9;4;314;44;11;5
2022.05_01-07-2022;Республика Калмыкия;75_90_days;SputnikLite;2;0;0;0;1;0;0;0;3;0;0;0;167;9;2;1;147;35;9;4;314;44;11;5
2022.05_01-07-2022;Республика Калмыкия;90_105_days;AllVaccines;6;0;0;0;4;0;0;0;10;0;0;0;167;9;2;1;147;35;9;4;314;44;11;5
2022.05_01-07-2022;Республика Калмыкия;90_105_days;SputnikLite;5;0;0;0;3;0;0;0;8;0;0;0;167;9;2;1;147;35;9;4;314;44;11;5
2022.05_01-07-2022;Республика Калмыкия;90_105_days;SputnikV;1;0;0;0;1;0;0;0;2;0;0;0;167;9;2;1;147;35;9;4;314;44;11;5
2022.05_01-07-2022;Республика Карелия;105_165_days;AllVaccines;107;23;1;1;77;36;7;1;184;59;8;2;1004;191;16;6;678;347;72;54;1682;538;88;60
2022.05_01-07-2022;Республика Карелия;105_165_days;CoviVac;2;0;0;0;0;0;0;0;2;0;0;0;1004;191;16;6;678;347;72;54;1682;538;88;60
2022.05_01-07-2022;Республика Карелия;105_165_days;EpiVacCorona;6;2;0;0;3;1;1;0;9;3;1;0;1004;191;16;6;678;347;72;54;1682;538;88;60
2022.05_01-07-2022;Республика Карелия;105_165_days;SputnikLite;44;9;1;0;44;22;2;1;88;31;3;1;1004;191;16;6;678;347;72;54;1682;538;88;60
2022.05_01-07-2022;Республика Карелия;105_165_days;SputnikV;55;12;0;1;30;13;4;0;85;25;4;1;1004;191;16;6;678;347;72;54;1682;538;88;60
2022.05_01-07-2022;Республика Карелия;165_195_days;AllVaccines;50;12;2;2;76;27;6;2;126;39;8;4;1004;191;16;6;678;347;72;54;1682;538;88;60
2022.05_01-07-2022;Республика Карелия;165_195_days;CoviVac;3;0;0;0;1;0;0;0;4;0;0;0;1004;191;16;6;678;347;72;54;1682;538;88;60
2022.05_01-07-2022;Республика Карелия;165_195_days;EpiVacCorona;0;0;0;0;2;0;0;0;2;0;0;0;1004;191;16;6;678;347;72;54;1682;538;88;60
2022.05_01-07-2022;Республика Карелия;165_195_days;SputnikLite;26;5;2;2;54;16;4;2;80;21;6;4;1004;191;16;6;678;347;72;54;1682;538;88;60
2022.05_01-07-2022;Республика Карелия;165_195_days;SputnikV;21;7;0;0;19;11;2;0;40;18;2;0;1004;191;16;6;678;347;72;54;1682;538;88;60
2022.05_01-07-2022;Республика Карелия;21_45_days;AllVaccines;6;0;0;0;10;5;0;0;16;5;0;0;1004;191;16;6;678;347;72;54;1682;538;88;60
2022.05_01-07-2022;Республика Карелия;21_45_days;SputnikLite;4;0;0;0;7;4;0;0;11;4;0;0;1004;191;16;6;678;347;72;54;1682;538;88;60
2022.05_01-07-2022;Республика Карелия;21_45_days;SputnikV;2;0;0;0;3;1;0;0;5;1;0;0;1004;191;16;6;678;347;72;54;1682;538;88;60
2022.05_01-07-2022;Республика Карелия;45_75_days;AllVaccines;15;0;0;0;19;6;1;1;34;6;1;1;1004;191;16;6;678;347;72;54;1682;538;88;60
2022.05_01-07-2022;Республика Карелия;45_75_days;SputnikLite;8;0;0;0;16;6;1;1;24;6;1;1;1004;191;16;6;678;347;72;54;1682;538;88;60
2022.05_01-07-2022;Республика Карелия;45_75_days;SputnikV;7;0;0;0;3;0;0;0;10;0;0;0;1004;191;16;6;678;347;72;54;1682;538;88;60
2022.05_01-07-2022;Республика Карелия;75_90_days;AllVaccines;16;1;0;0;9;1;0;0;25;2;0;0;1004;191;16;6;678;347;72;54;1682;538;88;60
2022.05_01-07-2022;Республика Карелия;75_90_days;SputnikLite;6;0;0;0;3;0;0;0;9;0;0;0;1004;191;16;6;678;347;72;54;1682;538;88;60
2022.05_01-07-2022;Республика Карелия;75_90_days;SputnikV;10;1;0;0;6;1;0;0;16;2;0;0;1004;191;16;6;678;347;72;54;1682;538;88;60
2022.05_01-07-2022;Республика Карелия;90_105_days;AllVaccines;22;3;0;0;15;8;1;1;37;11;1;1;1004;191;16;6;678;347;72;54;1682;538;88;60
2022.05_01-07-2022;Республика Карелия;90_105_days;EpiVacCorona;0;0;0;0;1;1;1;0;1;1;1;0;1004;191;16;6;678;347;72;54;1682;538;88;60
2022.05_01-07-2022;Республика Карелия;90_105_days;SputnikLite;15;1;0;0;8;5;0;0;23;6;0;0;1004;191;16;6;678;347;72;54;1682;538;88;60
2022.05_01-07-2022;Республика Карелия;90_105_days;SputnikV;7;2;0;0;6;2;0;1;13;4;0;1;1004;191;16;6;678;347;72;54;1682;538;88;60
2022.05_01-07-2022;Республика Коми;105_165_days;AllVaccines;66;20;3;0;46;17;6;2;112;37;9;2;680;193;36;2;400;215;56;20;1080;408;92;22
2022.05_01-07-2022;Республика Коми;105_165_days;CoviVac;2;0;0;0;1;0;0;0;3;0;0;0;680;193;36;2;400;215;56;20;1080;408;92;22
2022.05_01-07-2022;Республика Коми;105_165_days;EpiVacCorona;1;1;0;0;1;1;1;0;2;2;1;0;680;193;36;2;400;215;56;20;1080;408;92;22
2022.05_01-07-2022;Республика Коми;105_165_days;SputnikLite;31;9;2;0;24;6;1;1;55;15;3;1;680;193;36;2;400;215;56;20;1080;408;92;22
2022.05_01-07-2022;Республика Коми;105_165_days;SputnikV;32;10;1;0;20;10;4;1;52;20;5;1;680;193;36;2;400;215;56;20;1080;408;92;22
2022.05_01-07-2022;Республика Коми;165_195_days;AllVaccines;53;15;2;0;31;16;1;0;84;31;3;0;680;193;36;2;400;215;56;20;1080;408;92;22
2022.05_01-07-2022;Республика Коми;165_195_days;CoviVac;1;0;0;0;1;1;0;0;2;1;0;0;680;193;36;2;400;215;56;20;1080;408;92;22
2022.05_01-07-2022;Республика Коми;165_195_days;EpiVacCorona;2;1;0;0;0;0;0;0;2;1;0;0;680;193;36;2;400;215;56;20;1080;408;92;22
2022.05_01-07-2022;Республика Коми;165_195_days;SputnikLite;34;12;2;0;22;10;1;0;56;22;3;0;680;193;36;2;400;215;56;20;1080;408;92;22
2022.05_01-07-2022;Республика Коми;165_195_days;SputnikV;16;2;0;0;8;5;0;0;24;7;0;0;680;193;36;2;400;215;56;20;1080;408;92;22
2022.05_01-07-2022;Республика Коми;21_45_days;AllVaccines;3;1;0;0;0;0;0;0;3;1;0;0;680;193;36;2;400;215;56;20;1080;408;92;22
2022.05_01-07-2022;Республика Коми;21_45_days;SputnikLite;3;1;0;0;0;0;0;0;3;1;0;0;680;193;36;2;400;215;56;20;1080;408;92;22
2022.05_01-07-2022;Республика Коми;45_75_days;AllVaccines;8;1;0;0;8;4;1;0;16;5;1;0;680;193;36;2;400;215;56;20;1080;408;92;22
2022.05_01-07-2022;Республика Коми;45_75_days;EpiVacCorona;0;0;0;0;1;1;0;0;1;1;0;0;680;193;36;2;400;215;56;20;1080;408;92;22
2022.05_01-07-2022;Республика Коми;45_75_days;SputnikLite;3;1;0;0;6;3;1;0;9;4;1;0;680;193;36;2;400;215;56;20;1080;408;92;22
2022.05_01-07-2022;Республика Коми;45_75_days;SputnikV;5;0;0;0;1;0;0;0;6;0;0;0;680;193;36;2;400;215;56;20;1080;408;92;22
2022.05_01-07-2022;Республика Коми;75_90_days;AllVaccines;8;1;1;0;2;1;0;0;10;2;1;0;680;193;36;2;400;215;56;20;1080;408;92;22
2022.05_01-07-2022;Республика Коми;75_90_days;CoviVac;1;0;0;0;0;0;0;0;1;0;0;0;680;193;36;2;400;215;56;20;1080;408;92;22
2022.05_01-07-2022;Республика Коми;75_90_days;SputnikLite;3;0;0;0;1;1;0;0;4;1;0;0;680;193;36;2;400;215;56;20;1080;408;92;22
2022.05_01-07-2022;Республика Коми;75_90_days;SputnikV;4;1;1;0;1;0;0;0;5;1;1;0;680;193;36;2;400;215;56;20;1080;408;92;22
2022.05_01-07-2022;Республика Коми;90_105_days;AllVaccines;9;2;0;0;7;4;2;1;16;6;2;1;680;193;36;2;400;215;56;20;1080;408;92;22
2022.05_01-07-2022;Республика Коми;90_105_days;SputnikLite;3;0;0;0;2;1;1;1;5;1;1;1;680;193;36;2;400;215;56;20;1080;408;92;22
2022.05_01-07-2022;Республика Коми;90_105_days;SputnikV;6;2;0;0;5;3;1;0;11;5;1;0;680;193;36;2;400;215;56;20;1080;408;92;22
2022.05_01-07-2022;Республика Крым;105_165_days;AllVaccines;85;12;0;0;73;30;5;2;158;42;5;2;482;94;16;4;468;229;33;9;950;323;49;13
2022.05_01-07-2022;Республика Крым;105_165_days;CoviVac;2;0;0;0;1;0;0;0;3;0;0;0;482;94;16;4;468;229;33;9;950;323;49;13
2022.05_01-07-2022;Республика Крым;105_165_days;EpiVacCorona;2;0;0;0;1;0;0;0;3;0;0;0;482;94;16;4;468;229;33;9;950;323;49;13
2022.05_01-07-2022;Республика Крым;105_165_days;SputnikLite;27;4;0;0;49;22;3;1;76;26;3;1;482;94;16;4;468;229;33;9;950;323;49;13
2022.05_01-07-2022;Республика Крым;105_165_days;SputnikV;54;8;0;0;22;8;2;1;76;16;2;1;482;94;16;4;468;229;33;9;950;323;49;13
2022.05_01-07-2022;Республика Крым;165_195_days;AllVaccines;77;12;1;0;53;19;2;1;130;31;3;1;482;94;16;4;468;229;33;9;950;323;49;13
2022.05_01-07-2022;Республика Крым;165_195_days;EpiVacCorona;3;0;0;0;6;3;0;0;9;3;0;0;482;94;16;4;468;229;33;9;950;323;49;13
2022.05_01-07-2022;Республика Крым;165_195_days;SputnikLite;7;1;0;0;23;9;2;1;30;10;2;1;482;94;16;4;468;229;33;9;950;323;49;13
2022.05_01-07-2022;Республика Крым;165_195_days;SputnikV;67;11;1;0;24;7;0;0;91;18;1;0;482;94;16;4;468;229;33;9;950;323;49;13
2022.05_01-07-2022;Республика Крым;21_45_days;AllVaccines;4;1;0;0;6;4;1;0;10;5;1;0;482;94;16;4;468;229;33;9;950;323;49;13
2022.05_01-07-2022;Республика Крым;21_45_days;SputnikV;4;1;0;0;6;4;1;0;10;5;1;0;482;94;16;4;468;229;33;9;950;323;49;13
2022.05_01-07-2022;Республика Крым;45_75_days;AllVaccines;3;1;0;0;6;2;0;0;9;3;0;0;482;94;16;4;468;229;33;9;950;323;49;13
2022.05_01-07-2022;Республика Крым;45_75_days;SputnikV;3;1;0;0;6;2;0;0;9;3;0;0;482;94;16;4;468;229;33;9;950;323;49;13
2022.05_01-07-2022;Республика Крым;75_90_days;AllVaccines;7;2;0;0;11;1;0;0;18;3;0;0;482;94;16;4;468;229;33;9;950;323;49;13
2022.05_01-07-2022;Республика Крым;75_90_days;EpiVacCorona;1;0;0;0;2;0;0;0;3;0;0;0;482;94;16;4;468;229;33;9;950;323;49;13
2022.05_01-07-2022;Республика Крым;75_90_days;SputnikLite;1;1;0;0;5;0;0;0;6;1;0;0;482;94;16;4;468;229;33;9;950;323;49;13
2022.05_01-07-2022;Республика Крым;75_90_days;SputnikV;5;1;0;0;4;1;0;0;9;2;0;0;482;94;16;4;468;229;33;9;950;323;49;13
2022.05_01-07-2022;Республика Крым;90_105_days;AllVaccines;10;1;0;0;9;1;0;0;19;2;0;0;482;94;16;4;468;229;33;9;950;323;49;13
2022.05_01-07-2022;Республика Крым;90_105_days;EpiVacCorona;1;0;0;0;2;0;0;0;3;0;0;0;482;94;16;4;468;229;33;9;950;323;49;13
2022.05_01-07-2022;Республика Крым;90_105_days;SputnikLite;8;1;0;0;5;0;0;0;13;1;0;0;482;94;16;4;468;229;33;9;950;323;49;13
2022.05_01-07-2022;Республика Крым;90_105_days;SputnikV;1;0;0;0;2;1;0;0;3;1;0;0;482;94;16;4;468;229;33;9;950;323;49;13
2022.05_01-07-2022;Республика Марий Эл;105_165_days;AllVaccines;10;2;0;0;13;5;1;0;23;7;1;0;72;15;2;0;75;34;3;0;147;49;5;0
2022.05_01-07-2022;Республика Марий Эл;105_165_days;EpiVacCorona;0;0;0;0;1;1;1;0;1;1;1;0;72;15;2;0;75;34;3;0;147;49;5;0
2022.05_01-07-2022;Республика Марий Эл;105_165_days;SputnikLite;4;0;0;0;8;4;0;0;12;4;0;0;72;15;2;0;75;34;3;0;147;49;5;0
2022.05_01-07-2022;Республика Марий Эл;105_165_days;SputnikV;6;2;0;0;4;0;0;0;10;2;0;0;72;15;2;0;75;34;3;0;147;49;5;0
2022.05_01-07-2022;Республика Марий Эл;165_195_days;AllVaccines;14;1;0;0;4;1;0;0;18;2;0;0;72;15;2;0;75;34;3;0;147;49;5;0
2022.05_01-07-2022;Республика Марий Эл;165_195_days;EpiVacCorona;1;0;0;0;0;0;0;0;1;0;0;0;72;15;2;0;75;34;3;0;147;49;5;0
2022.05_01-07-2022;Республика Марий Эл;165_195_days;SputnikLite;5;1;0;0;1;0;0;0;6;1;0;0;72;15;2;0;75;34;3;0;147;49;5;0
2022.05_01-07-2022;Республика Марий Эл;165_195_days;SputnikV;8;0;0;0;3;1;0;0;11;1;0;0;72;15;2;0;75;34;3;0;147;49;5;0
2022.05_01-07-2022;Республика Марий Эл;45_75_days;AllVaccines;0;0;0;0;1;1;0;0;1;1;0;0;72;15;2;0;75;34;3;0;147;49;5;0
2022.05_01-07-2022;Республика Марий Эл;45_75_days;SputnikV;0;0;0;0;1;1;0;0;1;1;0;0;72;15;2;0;75;34;3;0;147;49;5;0
2022.05_01-07-2022;Республика Марий Эл;75_90_days;AllVaccines;0;0;0;0;1;0;0;0;1;0;0;0;72;15;2;0;75;34;3;0;147;49;5;0
2022.05_01-07-2022;Республика Марий Эл;75_90_days;SputnikLite;0;0;0;0;1;0;0;0;1;0;0;0;72;15;2;0;75;34;3;0;147;49;5;0
2022.05_01-07-2022;Республика Марий Эл;90_105_days;AllVaccines;0;0;0;0;1;0;0;0;1;0;0;0;72;15;2;0;75;34;3;0;147;49;5;0
2022.05_01-07-2022;Республика Марий Эл;90_105_days;SputnikLite;0;0;0;0;1;0;0;0;1;0;0;0;72;15;2;0;75;34;3;0;147;49;5;0
2022.05_01-07-2022;Республика Мордовия;105_165_days;AllVaccines;56;10;1;0;45;18;3;3;101;28;4;3;328;51;13;4;387;145;46;20;715;196;59;24
2022.05_01-07-2022;Республика Мордовия;105_165_days;CoviVac;1;1;0;0;0;0;0;0;1;1;0;0;328;51;13;4;387;145;46;20;715;196;59;24
2022.05_01-07-2022;Республика Мордовия;105_165_days;EpiVacCorona;0;0;0;0;1;0;0;0;1;0;0;0;328;51;13;4;387;145;46;20;715;196;59;24
2022.05_01-07-2022;Республика Мордовия;105_165_days;SputnikLite;32;1;0;0;17;9;2;2;49;10;2;2;328;51;13;4;387;145;46;20;715;196;59;24
2022.05_01-07-2022;Республика Мордовия;105_165_days;SputnikV;23;8;1;0;27;9;1;1;50;17;2;1;328;51;13;4;387;145;46;20;715;196;59;24
2022.05_01-07-2022;Республика Мордовия;165_195_days;AllVaccines;37;5;1;0;59;21;6;2;96;26;7;2;328;51;13;4;387;145;46;20;715;196;59;24
2022.05_01-07-2022;Республика Мордовия;165_195_days;CoviVac;1;0;0;0;2;0;0;0;3;0;0;0;328;51;13;4;387;145;46;20;715;196;59;24
2022.05_01-07-2022;Республика Мордовия;165_195_days;EpiVacCorona;3;1;0;0;2;0;0;0;5;1;0;0;328;51;13;4;387;145;46;20;715;196;59;24
2022.05_01-07-2022;Республика Мордовия;165_195_days;SputnikLite;10;1;0;0;25;9;3;2;35;10;3;2;328;51;13;4;387;145;46;20;715;196;59;24
2022.05_01-07-2022;Республика Мордовия;165_195_days;SputnikV;23;3;1;0;30;12;3;0;53;15;4;0;328;51;13;4;387;145;46;20;715;196;59;24
2022.05_01-07-2022;Республика Мордовия;21_45_days;AllVaccines;15;2;0;0;8;4;1;0;23;6;1;0;328;51;13;4;387;145;46;20;715;196;59;24
2022.05_01-07-2022;Республика Мордовия;21_45_days;EpiVacCorona;0;0;0;0;2;1;1;0;2;1;1;0;328;51;13;4;387;145;46;20;715;196;59;24
2022.05_01-07-2022;Республика Мордовия;21_45_days;SputnikLite;7;1;0;0;2;1;0;0;9;2;0;0;328;51;13;4;387;145;46;20;715;196;59;24
2022.05_01-07-2022;Республика Мордовия;21_45_days;SputnikV;8;1;0;0;4;2;0;0;12;3;0;0;328;51;13;4;387;145;46;20;715;196;59;24
2022.05_01-07-2022;Республика Мордовия;45_75_days;AllVaccines;14;1;0;0;19;7;4;1;33;8;4;1;328;51;13;4;387;145;46;20;715;196;59;24
2022.05_01-07-2022;Республика Мордовия;45_75_days;EpiVacCorona;1;0;0;0;1;1;0;0;2;1;0;0;328;51;13;4;387;145;46;20;715;196;59;24
2022.05_01-07-2022;Республика Мордовия;45_75_days;SputnikLite;7;0;0;0;3;0;0;0;10;0;0;0;328;51;13;4;387;145;46;20;715;196;59;24
2022.05_01-07-2022;Республика Мордовия;45_75_days;SputnikV;6;1;0;0;15;6;4;1;21;7;4;1;328;51;13;4;387;145;46;20;715;196;59;24
2022.05_01-07-2022;Республика Мордовия;75_90_days;AllVaccines;9;1;0;0;16;7;2;2;25;8;2;2;328;51;13;4;387;145;46;20;715;196;59;24
2022.05_01-07-2022;Республика Мордовия;75_90_days;CoviVac;1;0;0;0;0;0;0;0;1;0;0;0;328;51;13;4;387;145;46;20;715;196;59;24
2022.05_01-07-2022;Республика Мордовия;75_90_days;EpiVacCorona;0;0;0;0;2;0;0;0;2;0;0;0;328;51;13;4;387;145;46;20;715;196;59;24
2022.05_01-07-2022;Республика Мордовия;75_90_days;SputnikLite;4;1;0;0;9;5;1;1;13;6;1;1;328;51;13;4;387;145;46;20;715;196;59;24
2022.05_01-07-2022;Республика Мордовия;75_90_days;SputnikV;4;0;0;0;5;2;1;1;9;2;1;1;328;51;13;4;387;145;46;20;715;196;59;24
2022.05_01-07-2022;Республика Мордовия;90_105_days;AllVaccines;15;0;0;0;14;5;3;0;29;5;3;0;328;51;13;4;387;145;46;20;715;196;59;24
2022.05_01-07-2022;Республика Мордовия;90_105_days;EpiVacCorona;4;0;0;0;0;0;0;0;4;0;0;0;328;51;13;4;387;145;46;20;715;196;59;24
2022.05_01-07-2022;Республика Мордовия;90_105_days;SputnikLite;6;0;0;0;5;1;0;0;11;1;0;0;328;51;13;4;387;145;46;20;715;196;59;24
2022.05_01-07-2022;Республика Мордовия;90_105_days;SputnikV;5;0;0;0;9;4;3;0;14;4;3;0;328;51;13;4;387;145;46;20;715;196;59;24
2022.05_01-07-2022;Республика Саха (Якутия);105_165_days;AllVaccines;148;24;0;0;71;25;3;3;219;49;3;3;1097;234;21;8;587;289;64;14;1684;523;85;22
2022.05_01-07-2022;Республика Саха (Якутия);105_165_days;CoviVac;1;0;0;0;0;0;0;0;1;0;0;0;1097;234;21;8;587;289;64;14;1684;523;85;22
2022.05_01-07-2022;Республика Саха (Якутия);105_165_days;SputnikLite;90;11;0;0;45;19;2;2;135;30;2;2;1097;234;21;8;587;289;64;14;1684;523;85;22
2022.05_01-07-2022;Республика Саха (Якутия);105_165_days;SputnikV;57;13;0;0;26;6;1;1;83;19;1;1;1097;234;21;8;587;289;64;14;1684;523;85;22
2022.05_01-07-2022;Республика Саха (Якутия);165_195_days;AllVaccines;99;19;2;1;45;21;3;1;144;40;5;2;1097;234;21;8;587;289;64;14;1684;523;85;22
2022.05_01-07-2022;Республика Саха (Якутия);165_195_days;CoviVac;2;0;0;0;4;1;0;0;6;1;0;0;1097;234;21;8;587;289;64;14;1684;523;85;22
2022.05_01-07-2022;Республика Саха (Якутия);165_195_days;EpiVacCorona;3;1;0;0;3;0;0;0;6;1;0;0;1097;234;21;8;587;289;64;14;1684;523;85;22
2022.05_01-07-2022;Республика Саха (Якутия);165_195_days;SputnikLite;56;10;2;1;32;17;2;1;88;27;4;2;1097;234;21;8;587;289;64;14;1684;523;85;22
2022.05_01-07-2022;Республика Саха (Якутия);165_195_days;SputnikV;38;8;0;0;6;3;1;0;44;11;1;0;1097;234;21;8;587;289;64;14;1684;523;85;22
2022.05_01-07-2022;Республика Саха (Якутия);21_45_days;AllVaccines;9;0;0;0;5;0;0;0;14;0;0;0;1097;234;21;8;587;289;64;14;1684;523;85;22
2022.05_01-07-2022;Республика Саха (Якутия);21_45_days;EpiVacCorona;1;0;0;0;0;0;0;0;1;0;0;0;1097;234;21;8;587;289;64;14;1684;523;85;22
2022.05_01-07-2022;Республика Саха (Якутия);21_45_days;SputnikLite;2;0;0;0;3;0;0;0;5;0;0;0;1097;234;21;8;587;289;64;14;1684;523;85;22
2022.05_01-07-2022;Республика Саха (Якутия);21_45_days;SputnikV;6;0;0;0;2;0;0;0;8;0;0;0;1097;234;21;8;587;289;64;14;1684;523;85;22
2022.05_01-07-2022;Республика Саха (Якутия);45_75_days;AllVaccines;24;5;0;0;6;3;0;0;30;8;0;0;1097;234;21;8;587;289;64;14;1684;523;85;22
2022.05_01-07-2022;Республика Саха (Якутия);45_75_days;EpiVacCorona;1;0;0;0;0;0;0;0;1;0;0;0;1097;234;21;8;587;289;64;14;1684;523;85;22
2022.05_01-07-2022;Республика Саха (Якутия);45_75_days;SputnikLite;6;0;0;0;1;0;0;0;7;0;0;0;1097;234;21;8;587;289;64;14;1684;523;85;22
2022.05_01-07-2022;Республика Саха (Якутия);45_75_days;SputnikV;17;5;0;0;5;3;0;0;22;8;0;0;1097;234;21;8;587;289;64;14;1684;523;85;22
2022.05_01-07-2022;Республика Саха (Якутия);75_90_days;AllVaccines;23;5;0;0;11;4;1;0;34;9;1;0;1097;234;21;8;587;289;64;14;1684;523;85;22
2022.05_01-07-2022;Республика Саха (Якутия);75_90_days;EpiVacCorona;3;2;0;0;2;2;1;0;5;4;1;0;1097;234;21;8;587;289;64;14;1684;523;85;22
2022.05_01-07-2022;Республика Саха (Якутия);75_90_days;SputnikLite;7;1;0;0;3;1;0;0;10;2;0;0;1097;234;21;8;587;289;64;14;1684;523;85;22
2022.05_01-07-2022;Республика Саха (Якутия);75_90_days;SputnikV;13;2;0;0;6;1;0;0;19;3;0;0;1097;234;21;8;587;289;64;14;1684;523;85;22
2022.05_01-07-2022;Республика Саха (Якутия);90_105_days;AllVaccines;15;2;0;0;15;5;0;0;30;7;0;0;1097;234;21;8;587;289;64;14;1684;523;85;22
2022.05_01-07-2022;Республика Саха (Якутия);90_105_days;EpiVacCorona;0;0;0;0;1;1;0;0;1;1;0;0;1097;234;21;8;587;289;64;14;1684;523;85;22
2022.05_01-07-2022;Республика Саха (Якутия);90_105_days;SputnikLite;4;1;0;0;3;0;0;0;7;1;0;0;1097;234;21;8;587;289;64;14;1684;523;85;22
2022.05_01-07-2022;Республика Саха (Якутия);90_105_days;SputnikV;11;1;0;0;11;4;0;0;22;5;0;0;1097;234;21;8;587;289;64;14;1684;523;85;22
2022.05_01-07-2022;Республика Северная Осетия - Алания;105_165_days;AllVaccines;27;1;0;0;10;1;0;0;37;2;0;0;234;9;0;0;108;9;3;2;342;18;3;2
2022.05_01-07-2022;Республика Северная Осетия - Алания;105_165_days;EpiVacCorona;3;0;0;0;2;0;0;0;5;0;0;0;234;9;0;0;108;9;3;2;342;18;3;2
2022.05_01-07-2022;Республика Северная Осетия - Алания;105_165_days;SputnikLite;10;0;0;0;6;0;0;0;16;0;0;0;234;9;0;0;108;9;3;2;342;18;3;2
2022.05_01-07-2022;Республика Северная Осетия - Алания;105_165_days;SputnikV;14;1;0;0;2;1;0;0;16;2;0;0;234;9;0;0;108;9;3;2;342;18;3;2
2022.05_01-07-2022;Республика Северная Осетия - Алания;165_195_days;AllVaccines;23;0;0;0;10;0;0;0;33;0;0;0;234;9;0;0;108;9;3;2;342;18;3;2
2022.05_01-07-2022;Республика Северная Осетия - Алания;165_195_days;CoviVac;1;0;0;0;0;0;0;0;1;0;0;0;234;9;0;0;108;9;3;2;342;18;3;2
2022.05_01-07-2022;Республика Северная Осетия - Алания;165_195_days;SputnikLite;11;0;0;0;7;0;0;0;18;0;0;0;234;9;0;0;108;9;3;2;342;18;3;2
2022.05_01-07-2022;Республика Северная Осетия - Алания;165_195_days;SputnikV;11;0;0;0;3;0;0;0;14;0;0;0;234;9;0;0;108;9;3;2;342;18;3;2
2022.05_01-07-2022;Республика Северная Осетия - Алания;21_45_days;AllVaccines;1;0;0;0;0;0;0;0;1;0;0;0;234;9;0;0;108;9;3;2;342;18;3;2
2022.05_01-07-2022;Республика Северная Осетия - Алания;21_45_days;SputnikV;1;0;0;0;0;0;0;0;1;0;0;0;234;9;0;0;108;9;3;2;342;18;3;2
2022.05_01-07-2022;Республика Северная Осетия - Алания;45_75_days;AllVaccines;2;0;0;0;0;0;0;0;2;0;0;0;234;9;0;0;108;9;3;2;342;18;3;2
2022.05_01-07-2022;Республика Северная Осетия - Алания;45_75_days;SputnikLite;2;0;0;0;0;0;0;0;2;0;0;0;234;9;0;0;108;9;3;2;342;18;3;2
2022.05_01-07-2022;Республика Северная Осетия - Алания;75_90_days;AllVaccines;1;0;0;0;0;0;0;0;1;0;0;0;234;9;0;0;108;9;3;2;342;18;3;2
2022.05_01-07-2022;Республика Северная Осетия - Алания;75_90_days;SputnikV;1;0;0;0;0;0;0;0;1;0;0;0;234;9;0;0;108;9;3;2;342;18;3;2
2022.05_01-07-2022;Республика Северная Осетия - Алания;90_105_days;AllVaccines;4;0;0;0;2;0;0;0;6;0;0;0;234;9;0;0;108;9;3;2;342;18;3;2
2022.05_01-07-2022;Республика Северная Осетия - Алания;90_105_days;SputnikLite;1;0;0;0;1;0;0;0;2;0;0;0;234;9;0;0;108;9;3;2;342;18;3;2
2022.05_01-07-2022;Республика Северная Осетия - Алания;90_105_days;SputnikV;3;0;0;0;1;0;0;0;4;0;0;0;234;9;0;0;108;9;3;2;342;18;3;2
2022.05_01-07-2022;Республика Татарстан;105_165_days;AllVaccines;456;32;3;0;219;58;7;5;675;90;10;5;3687;332;26;8;1726;536;81;51;5413;868;107;59
2022.05_01-07-2022;Республика Татарстан;105_165_days;CoviVac;4;0;0;0;2;1;0;0;6;1;0;0;3687;332;26;8;1726;536;81;51;5413;868;107;59
2022.05_01-07-2022;Республика Татарстан;105_165_days;EpiVacCorona;5;0;0;0;8;0;0;0;13;0;0;0;3687;332;26;8;1726;536;81;51;5413;868;107;59
2022.05_01-07-2022;Республика Татарстан;105_165_days;SputnikLite;121;5;0;0;74;18;1;1;195;23;1;1;3687;332;26;8;1726;536;81;51;5413;868;107;59
2022.05_01-07-2022;Республика Татарстан;105_165_days;SputnikV;326;27;3;0;135;39;6;4;461;66;9;4;3687;332;26;8;1726;536;81;51;5413;868;107;59
2022.05_01-07-2022;Республика Татарстан;165_195_days;AllVaccines;834;74;7;4;257;60;8;5;1091;134;15;9;3687;332;26;8;1726;536;81;51;5413;868;107;59
2022.05_01-07-2022;Республика Татарстан;165_195_days;CoviVac;0;0;0;0;1;0;0;0;1;0;0;0;3687;332;26;8;1726;536;81;51;5413;868;107;59
2022.05_01-07-2022;Республика Татарстан;165_195_days;EpiVacCorona;15;1;0;0;13;2;0;0;28;3;0;0;3687;332;26;8;1726;536;81;51;5413;868;107;59
2022.05_01-07-2022;Республика Татарстан;165_195_days;SputnikLite;81;6;1;1;60;17;0;1;141;23;1;2;3687;332;26;8;1726;536;81;51;5413;868;107;59
2022.05_01-07-2022;Республика Татарстан;165_195_days;SputnikV;738;67;6;3;183;41;8;4;921;108;14;7;3687;332;26;8;1726;536;81;51;5413;868;107;59
2022.05_01-07-2022;Республика Татарстан;21_45_days;AllVaccines;33;0;0;0;19;3;0;0;52;3;0;0;3687;332;26;8;1726;536;81;51;5413;868;107;59
2022.05_01-07-2022;Республика Татарстан;21_45_days;EpiVacCorona;3;0;0;0;1;0;0;0;4;0;0;0;3687;332;26;8;1726;536;81;51;5413;868;107;59
2022.05_01-07-2022;Республика Татарстан;21_45_days;SputnikLite;17;0;0;0;11;2;0;0;28;2;0;0;3687;332;26;8;1726;536;81;51;5413;868;107;59
2022.05_01-07-2022;Республика Татарстан;21_45_days;SputnikV;13;0;0;0;7;1;0;0;20;1;0;0;3687;332;26;8;1726;536;81;51;5413;868;107;59
2022.05_01-07-2022;Республика Татарстан;45_75_days;AllVaccines;65;3;0;0;20;4;0;0;85;7;0;0;3687;332;26;8;1726;536;81;51;5413;868;107;59
2022.05_01-07-2022;Республика Татарстан;45_75_days;EpiVacCorona;1;0;0;0;0;0;0;0;1;0;0;0;3687;332;26;8;1726;536;81;51;5413;868;107;59
2022.05_01-07-2022;Республика Татарстан;45_75_days;SputnikLite;25;0;0;0;9;3;0;0;34;3;0;0;3687;332;26;8;1726;536;81;51;5413;868;107;59
2022.05_01-07-2022;Республика Татарстан;45_75_days;SputnikV;39;3;0;0;11;1;0;0;50;4;0;0;3687;332;26;8;1726;536;81;51;5413;868;107;59
2022.05_01-07-2022;Республика Татарстан;75_90_days;AllVaccines;48;5;0;0;17;3;1;0;65;8;1;0;3687;332;26;8;1726;536;81;51;5413;868;107;59
2022.05_01-07-2022;Республика Татарстан;75_90_days;CoviVac;0;0;0;0;1;0;0;0;1;0;0;0;3687;332;26;8;1726;536;81;51;5413;868;107;59
2022.05_01-07-2022;Республика Татарстан;75_90_days;EpiVacCorona;1;0;0;0;0;0;0;0;1;0;0;0;3687;332;26;8;1726;536;81;51;5413;868;107;59
2022.05_01-07-2022;Республика Татарстан;75_90_days;SputnikLite;22;1;0;0;8;2;0;0;30;3;0;0;3687;332;26;8;1726;536;81;51;5413;868;107;59
2022.05_01-07-2022;Республика Татарстан;75_90_days;SputnikV;25;4;0;0;8;1;1;0;33;5;1;0;3687;332;26;8;1726;536;81;51;5413;868;107;59
2022.05_01-07-2022;Республика Татарстан;90_105_days;AllVaccines;61;6;0;0;29;8;1;0;90;14;1;0;3687;332;26;8;1726;536;81;51;5413;868;107;59
2022.05_01-07-2022;Республика Татарстан;90_105_days;CoviVac;2;1;0;0;0;0;0;0;2;1;0;0;3687;332;26;8;1726;536;81;51;5413;868;107;59
2022.05_01-07-2022;Республика Татарстан;90_105_days;EpiVacCorona;0;0;0;0;2;0;0;0;2;0;0;0;3687;332;26;8;1726;536;81;51;5413;868;107;59
2022.05_01-07-2022;Республика Татарстан;90_105_days;SputnikLite;31;2;0;0;9;3;0;0;40;5;0;0;3687;332;26;8;1726;536;81;51;5413;868;107;59
2022.05_01-07-2022;Республика Татарстан;90_105_days;SputnikV;28;3;0;0;18;5;1;0;46;8;1;0;3687;332;26;8;1726;536;81;51;5413;868;107;59
2022.05_01-07-2022;Республика Тыва;105_165_days;AllVaccines;3;2;1;1;2;1;0;0;5;3;1;1;27;15;4;2;21;16;6;1;48;31;10;3
2022.05_01-07-2022;Республика Тыва;105_165_days;SputnikLite;2;1;0;0;1;0;0;0;3;1;0;0;27;15;4;2;21;16;6;1;48;31;10;3
2022.05_01-07-2022;Республика Тыва;105_165_days;SputnikV;1;1;1;1;1;1;0;0;2;2;1;1;27;15;4;2;21;16;6;1;48;31;10;3
2022.05_01-07-2022;Республика Тыва;165_195_days;AllVaccines;0;0;0;0;6;4;0;0;6;4;0;0;27;15;4;2;21;16;6;1;48;31;10;3
2022.05_01-07-2022;Республика Тыва;165_195_days;SputnikLite;0;0;0;0;4;4;0;0;4;4;0;0;27;15;4;2;21;16;6;1;48;31;10;3
2022.05_01-07-2022;Республика Тыва;165_195_days;SputnikV;0;0;0;0;2;0;0;0;2;0;0;0;27;15;4;2;21;16;6;1;48;31;10;3
2022.05_01-07-2022;Республика Тыва;21_45_days;AllVaccines;0;0;0;0;1;1;0;0;1;1;0;0;27;15;4;2;21;16;6;1;48;31;10;3
2022.05_01-07-2022;Республика Тыва;21_45_days;SputnikV;0;0;0;0;1;1;0;0;1;1;0;0;27;15;4;2;21;16;6;1;48;31;10;3
2022.05_01-07-2022;Республика Тыва;45_75_days;AllVaccines;1;1;0;0;1;1;1;0;2;2;1;0;27;15;4;2;21;16;6;1;48;31;10;3
2022.05_01-07-2022;Республика Тыва;45_75_days;SputnikV;1;1;0;0;1;1;1;0;2;2;1;0;27;15;4;2;21;16;6;1;48;31;10;3
2022.05_01-07-2022;Республика Хакасия;105_165_days;AllVaccines;15;1;0;0;9;2;1;1;24;3;1;1;205;40;5;1;174;77;16;9;379;117;21;10
2022.05_01-07-2022;Республика Хакасия;105_165_days;EpiVacCorona;1;0;0;0;0;0;0;0;1;0;0;0;205;40;5;1;174;77;16;9;379;117;21;10
2022.05_01-07-2022;Республика Хакасия;105_165_days;SputnikLite;6;1;0;0;6;2;1;1;12;3;1;1;205;40;5;1;174;77;16;9;379;117;21;10
2022.05_01-07-2022;Республика Хакасия;105_165_days;SputnikV;8;0;0;0;3;0;0;0;11;0;0;0;205;40;5;1;174;77;16;9;379;117;21;10
2022.05_01-07-2022;Республика Хакасия;165_195_days;AllVaccines;10;1;0;0;14;3;0;0;24;4;0;0;205;40;5;1;174;77;16;9;379;117;21;10
2022.05_01-07-2022;Республика Хакасия;165_195_days;SputnikLite;9;1;0;0;4;2;0;0;13;3;0;0;205;40;5;1;174;77;16;9;379;117;21;10
2022.05_01-07-2022;Республика Хакасия;165_195_days;SputnikV;1;0;0;0;10;1;0;0;11;1;0;0;205;40;5;1;174;77;16;9;379;117;21;10
2022.05_01-07-2022;Республика Хакасия;45_75_days;AllVaccines;7;1;0;0;3;1;0;0;10;2;0;0;205;40;5;1;174;77;16;9;379;117;21;10
2022.05_01-07-2022;Республика Хакасия;45_75_days;SputnikLite;1;0;0;0;0;0;0;0;1;0;0;0;205;40;5;1;174;77;16;9;379;117;21;10
2022.05_01-07-2022;Республика Хакасия;45_75_days;SputnikV;6;1;0;0;3;1;0;0;9;2;0;0;205;40;5;1;174;77;16;9;379;117;21;10
2022.05_01-07-2022;Республика Хакасия;75_90_days;AllVaccines;6;1;0;0;1;0;0;0;7;1;0;0;205;40;5;1;174;77;16;9;379;117;21;10
2022.05_01-07-2022;Республика Хакасия;75_90_days;SputnikLite;2;0;0;0;1;0;0;0;3;0;0;0;205;40;5;1;174;77;16;9;379;117;21;10
2022.05_01-07-2022;Республика Хакасия;75_90_days;SputnikV;4;1;0;0;0;0;0;0;4;1;0;0;205;40;5;1;174;77;16;9;379;117;21;10
2022.05_01-07-2022;Республика Хакасия;90_105_days;AllVaccines;5;1;0;0;2;1;0;0;7;2;0;0;205;40;5;1;174;77;16;9;379;117;21;10
2022.05_01-07-2022;Республика Хакасия;90_105_days;SputnikLite;4;0;0;0;1;0;0;0;5;0;0;0;205;40;5;1;174;77;16;9;379;117;21;10
2022.05_01-07-2022;Республика Хакасия;90_105_days;SputnikV;1;1;0;0;1;1;0;0;2;2;0;0;205;40;5;1;174;77;16;9;379;117;21;10
2022.05_01-07-2022;Ростовская область;105_165_days;AllVaccines;154;16;2;1;167;72;16;8;321;88;18;9;1614;219;44;15;1414;572;183;73;3028;791;227;88
2022.05_01-07-2022;Ростовская область;105_165_days;CoviVac;1;0;0;0;0;0;0;0;1;0;0;0;1614;219;44;15;1414;572;183;73;3028;791;227;88
2022.05_01-07-2022;Ростовская область;105_165_days;EpiVacCorona;2;1;0;0;1;1;1;1;3;2;1;1;1614;219;44;15;1414;572;183;73;3028;791;227;88
2022.05_01-07-2022;Ростовская область;105_165_days;SputnikLite;52;8;0;0;77;25;5;0;129;33;5;0;1614;219;44;15;1414;572;183;73;3028;791;227;88
2022.05_01-07-2022;Ростовская область;105_165_days;SputnikV;99;7;2;1;89;46;10;7;188;53;12;8;1614;219;44;15;1414;572;183;73;3028;791;227;88
2022.05_01-07-2022;Ростовская область;165_195_days;AllVaccines;111;11;1;1;94;35;8;3;205;46;9;4;1614;219;44;15;1414;572;183;73;3028;791;227;88
2022.05_01-07-2022;Ростовская область;165_195_days;CoviVac;1;0;0;0;0;0;0;0;1;0;0;0;1614;219;44;15;1414;572;183;73;3028;791;227;88
2022.05_01-07-2022;Ростовская область;165_195_days;SputnikLite;35;3;1;1;31;13;3;1;66;16;4;2;1614;219;44;15;1414;572;183;73;3028;791;227;88
2022.05_01-07-2022;Ростовская область;165_195_days;SputnikV;75;8;0;0;63;22;5;2;138;30;5;2;1614;219;44;15;1414;572;183;73;3028;791;227;88
2022.05_01-07-2022;Ростовская область;21_45_days;AllVaccines;17;0;0;0;18;8;3;0;35;8;3;0;1614;219;44;15;1414;572;183;73;3028;791;227;88
2022.05_01-07-2022;Ростовская область;21_45_days;CoviVac;1;0;0;0;0;0;0;0;1;0;0;0;1614;219;44;15;1414;572;183;73;3028;791;227;88
2022.05_01-07-2022;Ростовская область;21_45_days;EpiVacCorona;2;0;0;0;4;3;0;0;6;3;0;0;1614;219;44;15;1414;572;183;73;3028;791;227;88
2022.05_01-07-2022;Ростовская область;21_45_days;SputnikLite;2;0;0;0;0;0;0;0;2;0;0;0;1614;219;44;15;1414;572;183;73;3028;791;227;88
2022.05_01-07-2022;Ростовская область;21_45_days;SputnikV;12;0;0;0;14;5;3;0;26;5;3;0;1614;219;44;15;1414;572;183;73;3028;791;227;88
2022.05_01-07-2022;Ростовская область;45_75_days;AllVaccines;42;0;0;0;21;8;4;0;63;8;4;0;1614;219;44;15;1414;572;183;73;3028;791;227;88
2022.05_01-07-2022;Ростовская область;45_75_days;EpiVacCorona;1;0;0;0;1;0;0;0;2;0;0;0;1614;219;44;15;1414;572;183;73;3028;791;227;88
2022.05_01-07-2022;Ростовская область;45_75_days;SputnikLite;16;0;0;0;2;1;1;0;18;1;1;0;1614;219;44;15;1414;572;183;73;3028;791;227;88
2022.05_01-07-2022;Ростовская область;45_75_days;SputnikV;25;0;0;0;18;7;3;0;43;7;3;0;1614;219;44;15;1414;572;183;73;3028;791;227;88
2022.05_01-07-2022;Ростовская область;75_90_days;AllVaccines;40;3;0;0;22;11;3;0;62;14;3;0;1614;219;44;15;1414;572;183;73;3028;791;227;88
2022.05_01-07-2022;Ростовская область;75_90_days;CoviVac;1;0;0;0;0;0;0;0;1;0;0;0;1614;219;44;15;1414;572;183;73;3028;791;227;88
2022.05_01-07-2022;Ростовская область;75_90_days;EpiVacCorona;3;0;0;0;4;4;2;0;7;4;2;0;1614;219;44;15;1414;572;183;73;3028;791;227;88
2022.05_01-07-2022;Ростовская область;75_90_days;SputnikLite;15;0;0;0;8;4;0;0;23;4;0;0;1614;219;44;15;1414;572;183;73;3028;791;227;88
2022.05_01-07-2022;Ростовская область;75_90_days;SputnikV;21;3;0;0;10;3;1;0;31;6;1;0;1614;219;44;15;1414;572;183;73;3028;791;227;88
2022.05_01-07-2022;Ростовская область;90_105_days;AllVaccines;37;3;0;0;28;10;2;2;65;13;2;2;1614;219;44;15;1414;572;183;73;3028;791;227;88
2022.05_01-07-2022;Ростовская область;90_105_days;CoviVac;0;0;0;0;2;0;0;0;2;0;0;0;1614;219;44;15;1414;572;183;73;3028;791;227;88
2022.05_01-07-2022;Ростовская область;90_105_days;EpiVacCorona;3;0;0;0;0;0;0;0;3;0;0;0;1614;219;44;15;1414;572;183;73;3028;791;227;88
2022.05_01-07-2022;Ростовская область;90_105_days;SputnikLite;18;0;0;0;6;2;0;0;24;2;0;0;1614;219;44;15;1414;572;183;73;3028;791;227;88
2022.05_01-07-2022;Ростовская область;90_105_days;SputnikV;16;3;0;0;20;8;2;2;36;11;2;2;1614;219;44;15;1414;572;183;73;3028;791;227;88
2022.05_01-07-2022;Рязанская область;105_165_days;AllVaccines;201;15;1;0;158;32;8;6;359;47;9;6;1445;91;9;4;1096;249;58;29;2541;340;67;33
2022.05_01-07-2022;Рязанская область;105_165_days;CoviVac;4;0;0;0;2;1;0;0;6;1;0;0;1445;91;9;4;1096;249;58;29;2541;340;67;33
2022.05_01-07-2022;Рязанская область;105_165_days;EpiVacCorona;7;1;0;0;1;0;0;0;8;1;0;0;1445;91;9;4;1096;249;58;29;2541;340;67;33
2022.05_01-07-2022;Рязанская область;105_165_days;SputnikLite;61;4;0;0;86;17;4;3;147;21;4;3;1445;91;9;4;1096;249;58;29;2541;340;67;33
2022.05_01-07-2022;Рязанская область;105_165_days;SputnikV;129;10;1;0;69;14;4;3;198;24;5;3;1445;91;9;4;1096;249;58;29;2541;340;67;33
2022.05_01-07-2022;Рязанская область;165_195_days;AllVaccines;183;6;0;0;100;21;6;1;283;27;6;1;1445;91;9;4;1096;249;58;29;2541;340;67;33
2022.05_01-07-2022;Рязанская область;165_195_days;CoviVac;4;0;0;0;1;0;0;0;5;0;0;0;1445;91;9;4;1096;249;58;29;2541;340;67;33
2022.05_01-07-2022;Рязанская область;165_195_days;EpiVacCorona;11;0;0;0;7;2;1;0;18;2;1;0;1445;91;9;4;1096;249;58;29;2541;340;67;33
2022.05_01-07-2022;Рязанская область;165_195_days;SputnikLite;15;0;0;0;27;5;2;0;42;5;2;0;1445;91;9;4;1096;249;58;29;2541;340;67;33
2022.05_01-07-2022;Рязанская область;165_195_days;SputnikV;153;6;0;0;65;14;3;1;218;20;3;1;1445;91;9;4;1096;249;58;29;2541;340;67;33
2022.05_01-07-2022;Рязанская область;21_45_days;AllVaccines;5;0;0;0;6;3;0;0;11;3;0;0;1445;91;9;4;1096;249;58;29;2541;340;67;33
2022.05_01-07-2022;Рязанская область;21_45_days;CoviVac;1;0;0;0;0;0;0;0;1;0;0;0;1445;91;9;4;1096;249;58;29;2541;340;67;33
2022.05_01-07-2022;Рязанская область;21_45_days;EpiVacCorona;0;0;0;0;1;1;0;0;1;1;0;0;1445;91;9;4;1096;249;58;29;2541;340;67;33
2022.05_01-07-2022;Рязанская область;21_45_days;SputnikLite;1;0;0;0;4;2;0;0;5;2;0;0;1445;91;9;4;1096;249;58;29;2541;340;67;33
2022.05_01-07-2022;Рязанская область;21_45_days;SputnikV;3;0;0;0;1;0;0;0;4;0;0;0;1445;91;9;4;1096;249;58;29;2541;340;67;33
2022.05_01-07-2022;Рязанская область;45_75_days;AllVaccines;8;0;0;0;7;1;0;0;15;1;0;0;1445;91;9;4;1096;249;58;29;2541;340;67;33
2022.05_01-07-2022;Рязанская область;45_75_days;EpiVacCorona;0;0;0;0;1;0;0;0;1;0;0;0;1445;91;9;4;1096;249;58;29;2541;340;67;33
2022.05_01-07-2022;Рязанская область;45_75_days;SputnikLite;1;0;0;0;1;0;0;0;2;0;0;0;1445;91;9;4;1096;249;58;29;2541;340;67;33
2022.05_01-07-2022;Рязанская область;45_75_days;SputnikV;7;0;0;0;5;1;0;0;12;1;0;0;1445;91;9;4;1096;249;58;29;2541;340;67;33
2022.05_01-07-2022;Рязанская область;75_90_days;AllVaccines;17;0;0;0;11;0;0;0;28;0;0;0;1445;91;9;4;1096;249;58;29;2541;340;67;33
2022.05_01-07-2022;Рязанская область;75_90_days;EpiVacCorona;0;0;0;0;1;0;0;0;1;0;0;0;1445;91;9;4;1096;249;58;29;2541;340;67;33
2022.05_01-07-2022;Рязанская область;75_90_days;SputnikLite;11;0;0;0;6;0;0;0;17;0;0;0;1445;91;9;4;1096;249;58;29;2541;340;67;33
2022.05_01-07-2022;Рязанская область;75_90_days;SputnikV;6;0;0;0;4;0;0;0;10;0;0;0;1445;91;9;4;1096;249;58;29;2541;340;67;33
2022.05_01-07-2022;Рязанская область;90_105_days;AllVaccines;32;0;0;0;12;5;1;0;44;5;1;0;1445;91;9;4;1096;249;58;29;2541;340;67;33
2022.05_01-07-2022;Рязанская область;90_105_days;CoviVac;0;0;0;0;1;1;1;0;1;1;1;0;1445;91;9;4;1096;249;58;29;2541;340;67;33
2022.05_01-07-2022;Рязанская область;90_105_days;EpiVacCorona;1;0;0;0;0;0;0;0;1;0;0;0;1445;91;9;4;1096;249;58;29;2541;340;67;33
2022.05_01-07-2022;Рязанская область;90_105_days;SputnikLite;16;0;0;0;5;1;0;0;21;1;0;0;1445;91;9;4;1096;249;58;29;2541;340;67;33
2022.05_01-07-2022;Рязанская область;90_105_days;SputnikV;15;0;0;0;6;3;0;0;21;3;0;0;1445;91;9;4;1096;249;58;29;2541;340;67;33
2022.05_01-07-2022;Самарская область;105_165_days;AllVaccines;159;20;4;1;155;61;12;7;314;81;16;8;1110;216;33;13;1145;535;107;67;2255;751;140;80
2022.05_01-07-2022;Самарская область;105_165_days;CoviVac;3;0;0;0;1;0;0;0;4;0;0;0;1110;216;33;13;1145;535;107;67;2255;751;140;80
2022.05_01-07-2022;Самарская область;105_165_days;EpiVacCorona;6;1;0;0;5;2;1;0;11;3;1;0;1110;216;33;13;1145;535;107;67;2255;751;140;80
2022.05_01-07-2022;Самарская область;105_165_days;SputnikLite;59;7;1;1;62;21;7;5;121;28;8;6;1110;216;33;13;1145;535;107;67;2255;751;140;80
2022.05_01-07-2022;Самарская область;105_165_days;SputnikV;91;12;3;0;87;38;4;2;178;50;7;2;1110;216;33;13;1145;535;107;67;2255;751;140;80
2022.05_01-07-2022;Самарская область;165_195_days;AllVaccines;88;12;1;1;138;55;7;5;226;67;8;6;1110;216;33;13;1145;535;107;67;2255;751;140;80
2022.05_01-07-2022;Самарская область;165_195_days;CoviVac;2;0;0;0;1;0;0;0;3;0;0;0;1110;216;33;13;1145;535;107;67;2255;751;140;80
2022.05_01-07-2022;Самарская область;165_195_days;EpiVacCorona;0;0;0;0;4;2;0;0;4;2;0;0;1110;216;33;13;1145;535;107;67;2255;751;140;80
2022.05_01-07-2022;Самарская область;165_195_days;SputnikLite;11;0;0;0;39;18;3;1;50;18;3;1;1110;216;33;13;1145;535;107;67;2255;751;140;80
2022.05_01-07-2022;Самарская область;165_195_days;SputnikV;75;12;1;1;94;35;4;4;169;47;5;5;1110;216;33;13;1145;535;107;67;2255;751;140;80
2022.05_01-07-2022;Самарская область;21_45_days;AllVaccines;16;2;2;0;23;11;1;0;39;13;3;0;1110;216;33;13;1145;535;107;67;2255;751;140;80
2022.05_01-07-2022;Самарская область;21_45_days;CoviVac;1;1;1;0;0;0;0;0;1;1;1;0;1110;216;33;13;1145;535;107;67;2255;751;140;80
2022.05_01-07-2022;Самарская область;21_45_days;EpiVacCorona;1;0;0;0;1;0;0;0;2;0;0;0;1110;216;33;13;1145;535;107;67;2255;751;140;80
2022.05_01-07-2022;Самарская область;21_45_days;SputnikLite;3;0;0;0;6;3;0;0;9;3;0;0;1110;216;33;13;1145;535;107;67;2255;751;140;80
2022.05_01-07-2022;Самарская область;21_45_days;SputnikV;11;1;1;0;16;8;1;0;27;9;2;0;1110;216;33;13;1145;535;107;67;2255;751;140;80
2022.05_01-07-2022;Самарская область;45_75_days;AllVaccines;23;1;0;0;27;12;1;1;50;13;1;1;1110;216;33;13;1145;535;107;67;2255;751;140;80
2022.05_01-07-2022;Самарская область;45_75_days;EpiVacCorona;2;0;0;0;4;2;0;0;6;2;0;0;1110;216;33;13;1145;535;107;67;2255;751;140;80
2022.05_01-07-2022;Самарская область;45_75_days;SputnikLite;5;0;0;0;6;4;0;0;11;4;0;0;1110;216;33;13;1145;535;107;67;2255;751;140;80
2022.05_01-07-2022;Самарская область;45_75_days;SputnikV;16;1;0;0;17;6;1;1;33;7;1;1;1110;216;33;13;1145;535;107;67;2255;751;140;80
2022.05_01-07-2022;Самарская область;75_90_days;AllVaccines;17;2;1;1;23;10;4;4;40;12;5;5;1110;216;33;13;1145;535;107;67;2255;751;140;80
2022.05_01-07-2022;Самарская область;75_90_days;EpiVacCorona;2;0;0;0;1;1;0;0;3;1;0;0;1110;216;33;13;1145;535;107;67;2255;751;140;80
2022.05_01-07-2022;Самарская область;75_90_days;SputnikLite;6;1;1;1;6;3;1;1;12;4;2;2;1110;216;33;13;1145;535;107;67;2255;751;140;80
2022.05_01-07-2022;Самарская область;75_90_days;SputnikV;9;1;0;0;16;6;3;3;25;7;3;3;1110;216;33;13;1145;535;107;67;2255;751;140;80
2022.05_01-07-2022;Самарская область;90_105_days;AllVaccines;25;3;0;0;21;6;3;2;46;9;3;2;1110;216;33;13;1145;535;107;67;2255;751;140;80
2022.05_01-07-2022;Самарская область;90_105_days;CoviVac;1;0;0;0;0;0;0;0;1;0;0;0;1110;216;33;13;1145;535;107;67;2255;751;140;80
2022.05_01-07-2022;Самарская область;90_105_days;EpiVacCorona;3;1;0;0;0;0;0;0;3;1;0;0;1110;216;33;13;1145;535;107;67;2255;751;140;80
2022.05_01-07-2022;Самарская область;90_105_days;SputnikLite;10;1;0;0;9;2;1;0;19;3;1;0;1110;216;33;13;1145;535;107;67;2255;751;140;80
2022.05_01-07-2022;Самарская область;90_105_days;SputnikV;11;1;0;0;12;4;2;2;23;5;2;2;1110;216;33;13;1145;535;107;67;2255;751;140;80
2022.05_01-07-2022;Саратовская область;105_165_days;AllVaccines;198;21;5;0;143;44;10;2;341;65;15;2;1624;282;65;14;1348;565;196;87;2972;847;261;101
2022.05_01-07-2022;Саратовская область;105_165_days;CoviVac;2;0;0;0;0;0;0;0;2;0;0;0;1624;282;65;14;1348;565;196;87;2972;847;261;101
2022.05_01-07-2022;Саратовская область;105_165_days;EpiVacCorona;9;0;0;0;7;1;0;0;16;1;0;0;1624;282;65;14;1348;565;196;87;2972;847;261;101
2022.05_01-07-2022;Саратовская область;105_165_days;SputnikLite;79;7;2;0;68;22;4;1;147;29;6;1;1624;282;65;14;1348;565;196;87;2972;847;261;101
2022.05_01-07-2022;Саратовская область;105_165_days;SputnikV;108;14;3;0;68;21;6;1;176;35;9;1;1624;282;65;14;1348;565;196;87;2972;847;261;101
2022.05_01-07-2022;Саратовская область;165_195_days;AllVaccines;145;21;5;0;99;32;12;5;244;53;17;5;1624;282;65;14;1348;565;196;87;2972;847;261;101
2022.05_01-07-2022;Саратовская область;165_195_days;CoviVac;4;0;0;0;0;0;0;0;4;0;0;0;1624;282;65;14;1348;565;196;87;2972;847;261;101
2022.05_01-07-2022;Саратовская область;165_195_days;EpiVacCorona;6;1;1;0;4;2;1;0;10;3;2;0;1624;282;65;14;1348;565;196;87;2972;847;261;101
2022.05_01-07-2022;Саратовская область;165_195_days;SputnikLite;36;5;1;0;39;12;5;2;75;17;6;2;1624;282;65;14;1348;565;196;87;2972;847;261;101
2022.05_01-07-2022;Саратовская область;165_195_days;SputnikV;99;15;3;0;56;18;6;3;155;33;9;3;1624;282;65;14;1348;565;196;87;2972;847;261;101
2022.05_01-07-2022;Саратовская область;21_45_days;AllVaccines;16;1;1;0;28;6;3;2;44;7;4;2;1624;282;65;14;1348;565;196;87;2972;847;261;101
2022.05_01-07-2022;Саратовская область;21_45_days;EpiVacCorona;4;1;1;0;1;1;0;0;5;2;1;0;1624;282;65;14;1348;565;196;87;2972;847;261;101
2022.05_01-07-2022;Саратовская область;21_45_days;SputnikLite;1;0;0;0;6;2;1;1;7;2;1;1;1624;282;65;14;1348;565;196;87;2972;847;261;101
2022.05_01-07-2022;Саратовская область;21_45_days;SputnikV;11;0;0;0;21;3;2;1;32;3;2;1;1624;282;65;14;1348;565;196;87;2972;847;261;101
2022.05_01-07-2022;Саратовская область;45_75_days;AllVaccines;18;2;0;0;37;18;7;3;55;20;7;3;1624;282;65;14;1348;565;196;87;2972;847;261;101
2022.05_01-07-2022;Саратовская область;45_75_days;EpiVacCorona;5;2;0;0;6;3;2;2;11;5;2;2;1624;282;65;14;1348;565;196;87;2972;847;261;101
2022.05_01-07-2022;Саратовская область;45_75_days;SputnikLite;2;0;0;0;5;2;1;0;7;2;1;0;1624;282;65;14;1348;565;196;87;2972;847;261;101
2022.05_01-07-2022;Саратовская область;45_75_days;SputnikV;11;0;0;0;26;13;4;1;37;13;4;1;1624;282;65;14;1348;565;196;87;2972;847;261;101
2022.05_01-07-2022;Саратовская область;75_90_days;AllVaccines;31;2;0;0;10;3;1;0;41;5;1;0;1624;282;65;14;1348;565;196;87;2972;847;261;101
2022.05_01-07-2022;Саратовская область;75_90_days;EpiVacCorona;4;0;0;0;0;0;0;0;4;0;0;0;1624;282;65;14;1348;565;196;87;2972;847;261;101
2022.05_01-07-2022;Саратовская область;75_90_days;SputnikLite;8;0;0;0;8;2;1;0;16;2;1;0;1624;282;65;14;1348;565;196;87;2972;847;261;101
2022.05_01-07-2022;Саратовская область;75_90_days;SputnikV;19;2;0;0;2;1;0;0;21;3;0;0;1624;282;65;14;1348;565;196;87;2972;847;261;101
2022.05_01-07-2022;Саратовская область;90_105_days;AllVaccines;39;4;0;0;18;8;2;2;57;12;2;2;1624;282;65;14;1348;565;196;87;2972;847;261;101
2022.05_01-07-2022;Саратовская область;90_105_days;CoviVac;1;0;0;0;0;0;0;0;1;0;0;0;1624;282;65;14;1348;565;196;87;2972;847;261;101
2022.05_01-07-2022;Саратовская область;90_105_days;EpiVacCorona;1;0;0;0;4;2;0;0;5;2;0;0;1624;282;65;14;1348;565;196;87;2972;847;261;101
2022.05_01-07-2022;Саратовская область;90_105_days;SputnikLite;17;2;0;0;8;2;1;1;25;4;1;1;1624;282;65;14;1348;565;196;87;2972;847;261;101
2022.05_01-07-2022;Саратовская область;90_105_days;SputnikV;20;2;0;0;6;4;1;1;26;6;1;1;1624;282;65;14;1348;565;196;87;2972;847;261;101
2022.05_01-07-2022;Сахалинская область;105_165_days;AllVaccines;13;0;0;0;10;6;1;0;23;6;1;0;98;36;2;1;120;71;13;2;218;107;15;3
2022.05_01-07-2022;Сахалинская область;105_165_days;EpiVacCorona;1;0;0;0;0;0;0;0;1;0;0;0;98;36;2;1;120;71;13;2;218;107;15;3
2022.05_01-07-2022;Сахалинская область;105_165_days;SputnikLite;7;0;0;0;7;4;0;0;14;4;0;0;98;36;2;1;120;71;13;2;218;107;15;3
2022.05_01-07-2022;Сахалинская область;105_165_days;SputnikV;5;0;0;0;3;2;1;0;8;2;1;0;98;36;2;1;120;71;13;2;218;107;15;3
2022.05_01-07-2022;Сахалинская область;165_195_days;AllVaccines;5;2;0;0;9;4;1;0;14;6;1;0;98;36;2;1;120;71;13;2;218;107;15;3
2022.05_01-07-2022;Сахалинская область;165_195_days;EpiVacCorona;0;0;0;0;1;0;0;0;1;0;0;0;98;36;2;1;120;71;13;2;218;107;15;3
2022.05_01-07-2022;Сахалинская область;165_195_days;SputnikLite;3;0;0;0;8;4;1;0;11;4;1;0;98;36;2;1;120;71;13;2;218;107;15;3
2022.05_01-07-2022;Сахалинская область;165_195_days;SputnikV;2;2;0;0;0;0;0;0;2;2;0;0;98;36;2;1;120;71;13;2;218;107;15;3
2022.05_01-07-2022;Сахалинская область;21_45_days;AllVaccines;0;0;0;0;1;0;0;0;1;0;0;0;98;36;2;1;120;71;13;2;218;107;15;3
2022.05_01-07-2022;Сахалинская область;21_45_days;SputnikLite;0;0;0;0;1;0;0;0;1;0;0;0;98;36;2;1;120;71;13;2;218;107;15;3
2022.05_01-07-2022;Сахалинская область;45_75_days;AllVaccines;2;1;0;0;1;1;0;0;3;2;0;0;98;36;2;1;120;71;13;2;218;107;15;3
2022.05_01-07-2022;Сахалинская область;45_75_days;SputnikLite;1;0;0;0;0;0;0;0;1;0;0;0;98;36;2;1;120;71;13;2;218;107;15;3
2022.05_01-07-2022;Сахалинская область;45_75_days;SputnikV;1;1;0;0;1;1;0;0;2;2;0;0;98;36;2;1;120;71;13;2;218;107;15;3
2022.05_01-07-2022;Сахалинская область;75_90_days;AllVaccines;1;0;0;0;1;1;0;0;2;1;0;0;98;36;2;1;120;71;13;2;218;107;15;3
2022.05_01-07-2022;Сахалинская область;75_90_days;SputnikLite;0;0;0;0;1;1;0;0;1;1;0;0;98;36;2;1;120;71;13;2;218;107;15;3
2022.05_01-07-2022;Сахалинская область;75_90_days;SputnikV;1;0;0;0;0;0;0;0;1;0;0;0;98;36;2;1;120;71;13;2;218;107;15;3
2022.05_01-07-2022;Сахалинская область;90_105_days;AllVaccines;0;0;0;0;1;0;0;0;1;0;0;0;98;36;2;1;120;71;13;2;218;107;15;3
2022.05_01-07-2022;Сахалинская область;90_105_days;SputnikLite;0;0;0;0;1;0;0;0;1;0;0;0;98;36;2;1;120;71;13;2;218;107;15;3
2022.05_01-07-2022;Свердловская область;105_165_days;AllVaccines;355;26;1;1;261;72;9;2;616;98;10;3;2605;349;25;21;1564;585;88;62;4169;934;113;83
2022.05_01-07-2022;Свердловская область;105_165_days;CoviVac;2;0;0;0;3;0;0;0;5;0;0;0;2605;349;25;21;1564;585;88;62;4169;934;113;83
2022.05_01-07-2022;Свердловская область;105_165_days;EpiVacCorona;9;1;0;0;6;2;0;0;15;3;0;0;2605;349;25;21;1564;585;88;62;4169;934;113;83
2022.05_01-07-2022;Свердловская область;105_165_days;SputnikLite;138;10;1;0;106;30;4;0;244;40;5;0;2605;349;25;21;1564;585;88;62;4169;934;113;83
2022.05_01-07-2022;Свердловская область;105_165_days;SputnikV;206;15;0;1;146;40;5;2;352;55;5;3;2605;349;25;21;1564;585;88;62;4169;934;113;83
2022.05_01-07-2022;Свердловская область;165_195_days;AllVaccines;288;27;2;0;147;39;1;1;435;66;3;1;2605;349;25;21;1564;585;88;62;4169;934;113;83
2022.05_01-07-2022;Свердловская область;165_195_days;CoviVac;4;1;0;0;0;0;0;0;4;1;0;0;2605;349;25;21;1564;585;88;62;4169;934;113;83
2022.05_01-07-2022;Свердловская область;165_195_days;EpiVacCorona;11;1;0;0;4;0;0;0;15;1;0;0;2605;349;25;21;1564;585;88;62;4169;934;113;83
2022.05_01-07-2022;Свердловская область;165_195_days;SputnikLite;59;4;0;0;42;15;1;1;101;19;1;1;2605;349;25;21;1564;585;88;62;4169;934;113;83
2022.05_01-07-2022;Свердловская область;165_195_days;SputnikV;214;21;2;0;101;24;0;0;315;45;2;0;2605;349;25;21;1564;585;88;62;4169;934;113;83
2022.05_01-07-2022;Свердловская область;21_45_days;AllVaccines;19;2;0;0;27;6;0;0;46;8;0;0;2605;349;25;21;1564;585;88;62;4169;934;113;83
2022.05_01-07-2022;Свердловская область;21_45_days;EpiVacCorona;0;0;0;0;1;1;0;0;1;1;0;0;2605;349;25;21;1564;585;88;62;4169;934;113;83
2022.05_01-07-2022;Свердловская область;21_45_days;SputnikLite;5;1;0;0;4;1;0;0;9;2;0;0;2605;349;25;21;1564;585;88;62;4169;934;113;83
2022.05_01-07-2022;Свердловская область;21_45_days;SputnikV;14;1;0;0;22;4;0;0;36;5;0;0;2605;349;25;21;1564;585;88;62;4169;934;113;83
2022.05_01-07-2022;Свердловская область;45_75_days;AllVaccines;29;0;0;0;18;2;1;0;47;2;1;0;2605;349;25;21;1564;585;88;62;4169;934;113;83
2022.05_01-07-2022;Свердловская область;45_75_days;EpiVacCorona;1;0;0;0;1;0;0;0;2;0;0;0;2605;349;25;21;1564;585;88;62;4169;934;113;83
2022.05_01-07-2022;Свердловская область;45_75_days;SputnikLite;8;0;0;0;3;1;0;0;11;1;0;0;2605;349;25;21;1564;585;88;62;4169;934;113;83
2022.05_01-07-2022;Свердловская область;45_75_days;SputnikV;20;0;0;0;14;1;1;0;34;1;1;0;2605;349;25;21;1564;585;88;62;4169;934;113;83
2022.05_01-07-2022;Свердловская область;75_90_days;AllVaccines;35;5;0;0;16;4;1;0;51;9;1;0;2605;349;25;21;1564;585;88;62;4169;934;113;83
2022.05_01-07-2022;Свердловская область;75_90_days;EpiVacCorona;2;1;0;0;1;0;0;0;3;1;0;0;2605;349;25;21;1564;585;88;62;4169;934;113;83
2022.05_01-07-2022;Свердловская область;75_90_days;SputnikLite;12;2;0;0;4;1;1;0;16;3;1;0;2605;349;25;21;1564;585;88;62;4169;934;113;83
2022.05_01-07-2022;Свердловская область;75_90_days;SputnikV;21;2;0;0;11;3;0;0;32;5;0;0;2605;349;25;21;1564;585;88;62;4169;934;113;83
2022.05_01-07-2022;Свердловская область;90_105_days;AllVaccines;49;5;1;0;29;9;0;0;78;14;1;0;2605;349;25;21;1564;585;88;62;4169;934;113;83
2022.05_01-07-2022;Свердловская область;90_105_days;CoviVac;0;0;0;0;2;0;0;0;2;0;0;0;2605;349;25;21;1564;585;88;62;4169;934;113;83
2022.05_01-07-2022;Свердловская область;90_105_days;EpiVacCorona;3;1;1;0;3;2;0;0;6;3;1;0;2605;349;25;21;1564;585;88;62;4169;934;113;83
2022.05_01-07-2022;Свердловская область;90_105_days;SputnikLite;22;1;0;0;12;2;0;0;34;3;0;0;2605;349;25;21;1564;585;88;62;4169;934;113;83
2022.05_01-07-2022;Свердловская область;90_105_days;SputnikV;24;3;0;0;12;5;0;0;36;8;0;0;2605;349;25;21;1564;585;88;62;4169;934;113;83
2022.05_01-07-2022;Смоленская область;105_165_days;AllVaccines;64;7;0;0;79;18;3;3;143;25;3;3;571;57;6;3;565;187;36;39;1136;244;42;42
2022.05_01-07-2022;Смоленская область;105_165_days;CoviVac;1;0;0;0;0;0;0;0;1;0;0;0;571;57;6;3;565;187;36;39;1136;244;42;42
2022.05_01-07-2022;Смоленская область;105_165_days;EpiVacCorona;3;0;0;0;6;3;1;1;9;3;1;1;571;57;6;3;565;187;36;39;1136;244;42;42
2022.05_01-07-2022;Смоленская область;105_165_days;SputnikLite;24;2;0;0;33;8;2;1;57;10;2;1;571;57;6;3;565;187;36;39;1136;244;42;42
2022.05_01-07-2022;Смоленская область;105_165_days;SputnikV;36;5;0;0;40;7;0;1;76;12;0;1;571;57;6;3;565;187;36;39;1136;244;42;42
2022.05_01-07-2022;Смоленская область;165_195_days;AllVaccines;41;2;1;0;49;8;3;2;90;10;4;2;571;57;6;3;565;187;36;39;1136;244;42;42
2022.05_01-07-2022;Смоленская область;165_195_days;CoviVac;1;0;0;0;0;0;0;0;1;0;0;0;571;57;6;3;565;187;36;39;1136;244;42;42
2022.05_01-07-2022;Смоленская область;165_195_days;EpiVacCorona;1;0;0;0;1;0;0;1;2;0;0;1;571;57;6;3;565;187;36;39;1136;244;42;42
2022.05_01-07-2022;Смоленская область;165_195_days;SputnikLite;10;1;1;0;28;5;2;1;38;6;3;1;571;57;6;3;565;187;36;39;1136;244;42;42
2022.05_01-07-2022;Смоленская область;165_195_days;SputnikV;29;1;0;0;20;3;1;0;49;4;1;0;571;57;6;3;565;187;36;39;1136;244;42;42
2022.05_01-07-2022;Смоленская область;21_45_days;AllVaccines;6;0;0;0;9;1;0;0;15;1;0;0;571;57;6;3;565;187;36;39;1136;244;42;42
2022.05_01-07-2022;Смоленская область;21_45_days;CoviVac;0;0;0;0;1;0;0;0;1;0;0;0;571;57;6;3;565;187;36;39;1136;244;42;42
2022.05_01-07-2022;Смоленская область;21_45_days;SputnikLite;2;0;0;0;4;0;0;0;6;0;0;0;571;57;6;3;565;187;36;39;1136;244;42;42
2022.05_01-07-2022;Смоленская область;21_45_days;SputnikV;4;0;0;0;4;1;0;0;8;1;0;0;571;57;6;3;565;187;36;39;1136;244;42;42
2022.05_01-07-2022;Смоленская область;45_75_days;AllVaccines;6;0;0;0;8;4;0;0;14;4;0;0;571;57;6;3;565;187;36;39;1136;244;42;42
2022.05_01-07-2022;Смоленская область;45_75_days;SputnikLite;2;0;0;0;1;0;0;0;3;0;0;0;571;57;6;3;565;187;36;39;1136;244;42;42
2022.05_01-07-2022;Смоленская область;45_75_days;SputnikV;4;0;0;0;7;4;0;0;11;4;0;0;571;57;6;3;565;187;36;39;1136;244;42;42
2022.05_01-07-2022;Смоленская область;75_90_days;AllVaccines;5;1;0;0;4;1;0;0;9;2;0;0;571;57;6;3;565;187;36;39;1136;244;42;42
2022.05_01-07-2022;Смоленская область;75_90_days;SputnikLite;2;0;0;0;1;0;0;0;3;0;0;0;571;57;6;3;565;187;36;39;1136;244;42;42
2022.05_01-07-2022;Смоленская область;75_90_days;SputnikV;3;1;0;0;3;1;0;0;6;2;0;0;571;57;6;3;565;187;36;39;1136;244;42;42
2022.05_01-07-2022;Смоленская область;90_105_days;AllVaccines;10;1;0;0;10;5;0;0;20;6;0;0;571;57;6;3;565;187;36;39;1136;244;42;42
2022.05_01-07-2022;Смоленская область;90_105_days;EpiVacCorona;1;1;0;0;1;0;0;0;2;1;0;0;571;57;6;3;565;187;36;39;1136;244;42;42
2022.05_01-07-2022;Смоленская область;90_105_days;SputnikLite;7;0;0;0;6;4;0;0;13;4;0;0;571;57;6;3;565;187;36;39;1136;244;42;42
2022.05_01-07-2022;Смоленская область;90_105_days;SputnikV;2;0;0;0;3;1;0;0;5;1;0;0;571;57;6;3;565;187;36;39;1136;244;42;42
2022.05_01-07-2022;Ставропольский край;105_165_days;AllVaccines;107;19;2;1;105;30;3;0;212;49;5;1;822;211;24;12;837;383;64;36;1659;594;88;48
2022.05_01-07-2022;Ставропольский край;105_165_days;CoviVac;4;1;0;0;1;1;0;0;5;2;0;0;822;211;24;12;837;383;64;36;1659;594;88;48
2022.05_01-07-2022;Ставропольский край;105_165_days;EpiVacCorona;4;2;0;1;5;1;0;0;9;3;0;1;822;211;24;12;837;383;64;36;1659;594;88;48
2022.05_01-07-2022;Ставропольский край;105_165_days;SputnikLite;40;6;1;0;52;18;2;0;92;24;3;0;822;211;24;12;837;383;64;36;1659;594;88;48
2022.05_01-07-2022;Ставропольский край;105_165_days;SputnikV;59;10;1;0;47;10;1;0;106;20;2;0;822;211;24;12;837;383;64;36;1659;594;88;48
2022.05_01-07-2022;Ставропольский край;165_195_days;AllVaccines;75;14;0;0;73;27;3;2;148;41;3;2;822;211;24;12;837;383;64;36;1659;594;88;48
2022.05_01-07-2022;Ставропольский край;165_195_days;CoviVac;1;0;0;0;1;0;0;0;2;0;0;0;822;211;24;12;837;383;64;36;1659;594;88;48
2022.05_01-07-2022;Ставропольский край;165_195_days;EpiVacCorona;1;0;0;0;2;0;0;0;3;0;0;0;822;211;24;12;837;383;64;36;1659;594;88;48
2022.05_01-07-2022;Ставропольский край;165_195_days;SputnikLite;22;5;0;0;30;12;0;0;52;17;0;0;822;211;24;12;837;383;64;36;1659;594;88;48
2022.05_01-07-2022;Ставропольский край;165_195_days;SputnikV;51;9;0;0;40;15;3;2;91;24;3;2;822;211;24;12;837;383;64;36;1659;594;88;48
2022.05_01-07-2022;Ставропольский край;21_45_days;AllVaccines;4;1;0;0;7;3;0;0;11;4;0;0;822;211;24;12;837;383;64;36;1659;594;88;48
2022.05_01-07-2022;Ставропольский край;21_45_days;CoviVac;1;0;0;0;2;1;0;0;3;1;0;0;822;211;24;12;837;383;64;36;1659;594;88;48
2022.05_01-07-2022;Ставропольский край;21_45_days;EpiVacCorona;1;0;0;0;0;0;0;0;1;0;0;0;822;211;24;12;837;383;64;36;1659;594;88;48
2022.05_01-07-2022;Ставропольский край;21_45_days;SputnikLite;0;0;0;0;1;0;0;0;1;0;0;0;822;211;24;12;837;383;64;36;1659;594;88;48
2022.05_01-07-2022;Ставропольский край;21_45_days;SputnikV;2;1;0;0;4;2;0;0;6;3;0;0;822;211;24;12;837;383;64;36;1659;594;88;48
2022.05_01-07-2022;Ставропольский край;45_75_days;AllVaccines;13;3;0;0;19;8;1;0;32;11;1;0;822;211;24;12;837;383;64;36;1659;594;88;48
2022.05_01-07-2022;Ставропольский край;45_75_days;CoviVac;1;1;0;0;0;0;0;0;1;1;0;0;822;211;24;12;837;383;64;36;1659;594;88;48
2022.05_01-07-2022;Ставропольский край;45_75_days;EpiVacCorona;1;0;0;0;0;0;0;0;1;0;0;0;822;211;24;12;837;383;64;36;1659;594;88;48
2022.05_01-07-2022;Ставропольский край;45_75_days;SputnikLite;2;0;0;0;8;3;1;0;10;3;1;0;822;211;24;12;837;383;64;36;1659;594;88;48
2022.05_01-07-2022;Ставропольский край;45_75_days;SputnikV;9;2;0;0;11;5;0;0;20;7;0;0;822;211;24;12;837;383;64;36;1659;594;88;48
2022.05_01-07-2022;Ставропольский край;75_90_days;AllVaccines;8;3;1;0;6;1;0;0;14;4;1;0;822;211;24;12;837;383;64;36;1659;594;88;48
2022.05_01-07-2022;Ставропольский край;75_90_days;CoviVac;1;0;0;0;0;0;0;0;1;0;0;0;822;211;24;12;837;383;64;36;1659;594;88;48
2022.05_01-07-2022;Ставропольский край;75_90_days;EpiVacCorona;1;1;0;0;0;0;0;0;1;1;0;0;822;211;24;12;837;383;64;36;1659;594;88;48
2022.05_01-07-2022;Ставропольский край;75_90_days;SputnikLite;4;1;1;0;5;1;0;0;9;2;1;0;822;211;24;12;837;383;64;36;1659;594;88;48
2022.05_01-07-2022;Ставропольский край;75_90_days;SputnikV;2;1;0;0;1;0;0;0;3;1;0;0;822;211;24;12;837;383;64;36;1659;594;88;48
2022.05_01-07-2022;Ставропольский край;90_105_days;AllVaccines;22;3;1;1;15;7;1;1;37;10;2;2;822;211;24;12;837;383;64;36;1659;594;88;48
2022.05_01-07-2022;Ставропольский край;90_105_days;EpiVacCorona;4;0;0;0;4;2;0;1;8;2;0;1;822;211;24;12;837;383;64;36;1659;594;88;48
2022.05_01-07-2022;Ставропольский край;90_105_days;SputnikLite;16;3;1;1;7;3;1;0;23;6;2;1;822;211;24;12;837;383;64;36;1659;594;88;48
2022.05_01-07-2022;Ставропольский край;90_105_days;SputnikV;2;0;0;0;4;2;0;0;6;2;0;0;822;211;24;12;837;383;64;36;1659;594;88;48
2022.05_01-07-2022;Тамбовская область;105_165_days;AllVaccines;84;7;0;0;111;25;2;2;195;32;2;2;694;68;6;3;889;241;32;31;1583;309;38;34
2022.05_01-07-2022;Тамбовская область;105_165_days;CoviVac;4;1;0;0;0;0;0;0;4;1;0;0;694;68;6;3;889;241;32;31;1583;309;38;34
2022.05_01-07-2022;Тамбовская область;105_165_days;EpiVacCorona;2;0;0;0;4;2;0;0;6;2;0;0;694;68;6;3;889;241;32;31;1583;309;38;34
2022.05_01-07-2022;Тамбовская область;105_165_days;SputnikLite;51;4;0;0;47;14;2;2;98;18;2;2;694;68;6;3;889;241;32;31;1583;309;38;34
2022.05_01-07-2022;Тамбовская область;105_165_days;SputnikV;27;2;0;0;60;9;0;0;87;11;0;0;694;68;6;3;889;241;32;31;1583;309;38;34
2022.05_01-07-2022;Тамбовская область;165_195_days;AllVaccines;49;5;1;1;98;23;2;2;147;28;3;3;694;68;6;3;889;241;32;31;1583;309;38;34
2022.05_01-07-2022;Тамбовская область;165_195_days;CoviVac;4;0;0;0;0;0;0;0;4;0;0;0;694;68;6;3;889;241;32;31;1583;309;38;34
2022.05_01-07-2022;Тамбовская область;165_195_days;SputnikLite;30;4;0;0;48;9;1;1;78;13;1;1;694;68;6;3;889;241;32;31;1583;309;38;34
2022.05_01-07-2022;Тамбовская область;165_195_days;SputnikV;15;1;1;1;50;14;1;1;65;15;2;2;694;68;6;3;889;241;32;31;1583;309;38;34
2022.05_01-07-2022;Тамбовская область;21_45_days;AllVaccines;14;1;0;0;18;2;0;0;32;3;0;0;694;68;6;3;889;241;32;31;1583;309;38;34
2022.05_01-07-2022;Тамбовская область;21_45_days;CoviVac;5;0;0;0;2;0;0;0;7;0;0;0;694;68;6;3;889;241;32;31;1583;309;38;34
2022.05_01-07-2022;Тамбовская область;21_45_days;EpiVacCorona;3;0;0;0;2;0;0;0;5;0;0;0;694;68;6;3;889;241;32;31;1583;309;38;34
2022.05_01-07-2022;Тамбовская область;21_45_days;SputnikV;6;1;0;0;14;2;0;0;20;3;0;0;694;68;6;3;889;241;32;31;1583;309;38;34
2022.05_01-07-2022;Тамбовская область;45_75_days;AllVaccines;28;1;0;0;19;5;0;0;47;6;0;0;694;68;6;3;889;241;32;31;1583;309;38;34
2022.05_01-07-2022;Тамбовская область;45_75_days;CoviVac;1;0;0;0;0;0;0;0;1;0;0;0;694;68;6;3;889;241;32;31;1583;309;38;34
2022.05_01-07-2022;Тамбовская область;45_75_days;EpiVacCorona;1;0;0;0;1;1;0;0;2;1;0;0;694;68;6;3;889;241;32;31;1583;309;38;34
2022.05_01-07-2022;Тамбовская область;45_75_days;SputnikLite;6;0;0;0;2;0;0;0;8;0;0;0;694;68;6;3;889;241;32;31;1583;309;38;34
2022.05_01-07-2022;Тамбовская область;45_75_days;SputnikV;20;1;0;0;16;4;0;0;36;5;0;0;694;68;6;3;889;241;32;31;1583;309;38;34
2022.05_01-07-2022;Тамбовская область;75_90_days;AllVaccines;22;2;0;0;14;4;0;0;36;6;0;0;694;68;6;3;889;241;32;31;1583;309;38;34
2022.05_01-07-2022;Тамбовская область;75_90_days;CoviVac;1;0;0;0;0;0;0;0;1;0;0;0;694;68;6;3;889;241;32;31;1583;309;38;34
2022.05_01-07-2022;Тамбовская область;75_90_days;EpiVacCorona;1;1;0;0;1;0;0;0;2;1;0;0;694;68;6;3;889;241;32;31;1583;309;38;34
2022.05_01-07-2022;Тамбовская область;75_90_days;SputnikLite;9;1;0;0;7;3;0;0;16;4;0;0;694;68;6;3;889;241;32;31;1583;309;38;34
2022.05_01-07-2022;Тамбовская область;75_90_days;SputnikV;11;0;0;0;6;1;0;0;17;1;0;0;694;68;6;3;889;241;32;31;1583;309;38;34
2022.05_01-07-2022;Тамбовская область;90_105_days;AllVaccines;37;0;0;0;20;6;2;0;57;6;2;0;694;68;6;3;889;241;32;31;1583;309;38;34
2022.05_01-07-2022;Тамбовская область;90_105_days;CoviVac;1;0;0;0;0;0;0;0;1;0;0;0;694;68;6;3;889;241;32;31;1583;309;38;34
2022.05_01-07-2022;Тамбовская область;90_105_days;EpiVacCorona;14;0;0;0;5;1;0;0;19;1;0;0;694;68;6;3;889;241;32;31;1583;309;38;34
2022.05_01-07-2022;Тамбовская область;90_105_days;SputnikLite;10;0;0;0;3;1;0;0;13;1;0;0;694;68;6;3;889;241;32;31;1583;309;38;34
2022.05_01-07-2022;Тамбовская область;90_105_days;SputnikV;12;0;0;0;12;4;2;0;24;4;2;0;694;68;6;3;889;241;32;31;1583;309;38;34
2022.05_01-07-2022;Тверская область;105_165_days;AllVaccines;58;2;1;0;70;20;0;0;128;22;1;0;666;101;13;8;767;282;61;51;1433;383;74;59
2022.05_01-07-2022;Тверская область;105_165_days;CoviVac;3;0;0;0;2;1;0;0;5;1;0;0;666;101;13;8;767;282;61;51;1433;383;74;59
2022.05_01-07-2022;Тверская область;105_165_days;EpiVacCorona;2;0;0;0;7;1;0;0;9;1;0;0;666;101;13;8;767;282;61;51;1433;383;74;59
2022.05_01-07-2022;Тверская область;105_165_days;SputnikLite;31;1;1;0;34;4;0;0;65;5;1;0;666;101;13;8;767;282;61;51;1433;383;74;59
2022.05_01-07-2022;Тверская область;105_165_days;SputnikV;22;1;0;0;27;14;0;0;49;15;0;0;666;101;13;8;767;282;61;51;1433;383;74;59
2022.05_01-07-2022;Тверская область;165_195_days;AllVaccines;54;7;1;1;64;15;2;1;118;22;3;2;666;101;13;8;767;282;61;51;1433;383;74;59
2022.05_01-07-2022;Тверская область;165_195_days;CoviVac;0;0;0;0;1;0;0;0;1;0;0;0;666;101;13;8;767;282;61;51;1433;383;74;59
2022.05_01-07-2022;Тверская область;165_195_days;EpiVacCorona;3;0;0;0;1;0;0;0;4;0;0;0;666;101;13;8;767;282;61;51;1433;383;74;59
2022.05_01-07-2022;Тверская область;165_195_days;SputnikLite;15;4;0;0;32;6;1;0;47;10;1;0;666;101;13;8;767;282;61;51;1433;383;74;59
2022.05_01-07-2022;Тверская область;165_195_days;SputnikV;36;3;1;1;30;9;1;1;66;12;2;2;666;101;13;8;767;282;61;51;1433;383;74;59
2022.05_01-07-2022;Тверская область;21_45_days;AllVaccines;7;0;0;0;4;1;0;0;11;1;0;0;666;101;13;8;767;282;61;51;1433;383;74;59
2022.05_01-07-2022;Тверская область;21_45_days;EpiVacCorona;1;0;0;0;0;0;0;0;1;0;0;0;666;101;13;8;767;282;61;51;1433;383;74;59
2022.05_01-07-2022;Тверская область;21_45_days;SputnikLite;1;0;0;0;4;1;0;0;5;1;0;0;666;101;13;8;767;282;61;51;1433;383;74;59
2022.05_01-07-2022;Тверская область;21_45_days;SputnikV;5;0;0;0;0;0;0;0;5;0;0;0;666;101;13;8;767;282;61;51;1433;383;74;59
2022.05_01-07-2022;Тверская область;45_75_days;AllVaccines;1;0;0;0;14;4;0;0;15;4;0;0;666;101;13;8;767;282;61;51;1433;383;74;59
2022.05_01-07-2022;Тверская область;45_75_days;EpiVacCorona;0;0;0;0;1;0;0;0;1;0;0;0;666;101;13;8;767;282;61;51;1433;383;74;59
2022.05_01-07-2022;Тверская область;45_75_days;SputnikLite;1;0;0;0;4;0;0;0;5;0;0;0;666;101;13;8;767;282;61;51;1433;383;74;59
2022.05_01-07-2022;Тверская область;45_75_days;SputnikV;0;0;0;0;9;4;0;0;9;4;0;0;666;101;13;8;767;282;61;51;1433;383;74;59
2022.05_01-07-2022;Тверская область;75_90_days;AllVaccines;12;3;0;0;9;1;0;0;21;4;0;0;666;101;13;8;767;282;61;51;1433;383;74;59
2022.05_01-07-2022;Тверская область;75_90_days;CoviVac;2;1;0;0;0;0;0;0;2;1;0;0;666;101;13;8;767;282;61;51;1433;383;74;59
2022.05_01-07-2022;Тверская область;75_90_days;EpiVacCorona;0;0;0;0;2;0;0;0;2;0;0;0;666;101;13;8;767;282;61;51;1433;383;74;59
2022.05_01-07-2022;Тверская область;75_90_days;SputnikLite;3;0;0;0;3;0;0;0;6;0;0;0;666;101;13;8;767;282;61;51;1433;383;74;59
2022.05_01-07-2022;Тверская область;75_90_days;SputnikV;7;2;0;0;4;1;0;0;11;3;0;0;666;101;13;8;767;282;61;51;1433;383;74;59
2022.05_01-07-2022;Тверская область;90_105_days;AllVaccines;18;1;1;0;13;0;0;0;31;1;1;0;666;101;13;8;767;282;61;51;1433;383;74;59
2022.05_01-07-2022;Тверская область;90_105_days;CoviVac;0;0;0;0;2;0;0;0;2;0;0;0;666;101;13;8;767;282;61;51;1433;383;74;59
2022.05_01-07-2022;Тверская область;90_105_days;SputnikLite;11;1;1;0;7;0;0;0;18;1;1;0;666;101;13;8;767;282;61;51;1433;383;74;59
2022.05_01-07-2022;Тверская область;90_105_days;SputnikV;7;0;0;0;4;0;0;0;11;0;0;0;666;101;13;8;767;282;61;51;1433;383;74;59
2022.05_01-07-2022;Томская область;105_165_days;AllVaccines;117;19;3;0;56;35;7;1;173;54;10;1;773;194;37;12;510;299;78;39;1283;493;115;51
2022.05_01-07-2022;Томская область;105_165_days;CoviVac;2;0;0;0;0;0;0;0;2;0;0;0;773;194;37;12;510;299;78;39;1283;493;115;51
2022.05_01-07-2022;Томская область;105_165_days;EpiVacCorona;3;0;0;0;4;3;0;0;7;3;0;0;773;194;37;12;510;299;78;39;1283;493;115;51
2022.05_01-07-2022;Томская область;105_165_days;SputnikLite;38;5;2;0;33;18;1;0;71;23;3;0;773;194;37;12;510;299;78;39;1283;493;115;51
2022.05_01-07-2022;Томская область;105_165_days;SputnikV;74;14;1;0;19;14;6;1;93;28;7;1;773;194;37;12;510;299;78;39;1283;493;115;51
2022.05_01-07-2022;Томская область;165_195_days;AllVaccines;78;12;1;1;43;18;1;0;121;30;2;1;773;194;37;12;510;299;78;39;1283;493;115;51
2022.05_01-07-2022;Томская область;165_195_days;CoviVac;3;0;0;0;1;1;0;0;4;1;0;0;773;194;37;12;510;299;78;39;1283;493;115;51
2022.05_01-07-2022;Томская область;165_195_days;SputnikLite;22;5;1;1;25;8;0;0;47;13;1;1;773;194;37;12;510;299;78;39;1283;493;115;51
2022.05_01-07-2022;Томская область;165_195_days;SputnikV;53;7;0;0;17;9;1;0;70;16;1;0;773;194;37;12;510;299;78;39;1283;493;115;51
2022.05_01-07-2022;Томская область;21_45_days;AllVaccines;1;0;0;0;7;4;1;0;8;4;1;0;773;194;37;12;510;299;78;39;1283;493;115;51
2022.05_01-07-2022;Томская область;21_45_days;SputnikLite;0;0;0;0;2;1;0;0;2;1;0;0;773;194;37;12;510;299;78;39;1283;493;115;51
2022.05_01-07-2022;Томская область;21_45_days;SputnikV;1;0;0;0;5;3;1;0;6;3;1;0;773;194;37;12;510;299;78;39;1283;493;115;51
2022.05_01-07-2022;Томская область;45_75_days;AllVaccines;14;1;0;0;8;6;2;1;22;7;2;1;773;194;37;12;510;299;78;39;1283;493;115;51
2022.05_01-07-2022;Томская область;45_75_days;EpiVacCorona;1;0;0;0;1;0;0;0;2;0;0;0;773;194;37;12;510;299;78;39;1283;493;115;51
2022.05_01-07-2022;Томская область;45_75_days;SputnikLite;7;1;0;0;1;1;1;0;8;2;1;0;773;194;37;12;510;299;78;39;1283;493;115;51
2022.05_01-07-2022;Томская область;45_75_days;SputnikV;6;0;0;0;6;5;1;1;12;5;1;1;773;194;37;12;510;299;78;39;1283;493;115;51
2022.05_01-07-2022;Томская область;75_90_days;AllVaccines;9;0;0;0;11;5;2;1;20;5;2;1;773;194;37;12;510;299;78;39;1283;493;115;51
2022.05_01-07-2022;Томская область;75_90_days;EpiVacCorona;0;0;0;0;2;1;0;0;2;1;0;0;773;194;37;12;510;299;78;39;1283;493;115;51
2022.05_01-07-2022;Томская область;75_90_days;SputnikLite;3;0;0;0;4;1;1;1;7;1;1;1;773;194;37;12;510;299;78;39;1283;493;115;51
2022.05_01-07-2022;Томская область;75_90_days;SputnikV;6;0;0;0;5;3;1;0;11;3;1;0;773;194;37;12;510;299;78;39;1283;493;115;51
2022.05_01-07-2022;Томская область;90_105_days;AllVaccines;18;1;0;0;9;1;0;0;27;2;0;0;773;194;37;12;510;299;78;39;1283;493;115;51
2022.05_01-07-2022;Томская область;90_105_days;SputnikLite;13;1;0;0;6;1;0;0;19;2;0;0;773;194;37;12;510;299;78;39;1283;493;115;51
2022.05_01-07-2022;Томская область;90_105_days;SputnikV;5;0;0;0;3;0;0;0;8;0;0;0;773;194;37;12;510;299;78;39;1283;493;115;51
2022.05_01-07-2022;Тульская область;105_165_days;AllVaccines;145;12;3;1;100;31;12;7;245;43;15;8;1286;97;27;12;864;288;87;52;2150;385;114;64
2022.05_01-07-2022;Тульская область;105_165_days;CoviVac;4;0;0;0;0;0;0;0;4;0;0;0;1286;97;27;12;864;288;87;52;2150;385;114;64
2022.05_01-07-2022;Тульская область;105_165_days;EpiVacCorona;6;1;1;0;5;1;0;0;11;2;1;0;1286;97;27;12;864;288;87;52;2150;385;114;64
2022.05_01-07-2022;Тульская область;105_165_days;SputnikLite;71;6;2;1;51;16;5;3;122;22;7;4;1286;97;27;12;864;288;87;52;2150;385;114;64
2022.05_01-07-2022;Тульская область;105_165_days;SputnikV;64;5;0;0;44;14;7;4;108;19;7;4;1286;97;27;12;864;288;87;52;2150;385;114;64
2022.05_01-07-2022;Тульская область;165_195_days;AllVaccines;66;2;1;0;84;16;3;2;150;18;4;2;1286;97;27;12;864;288;87;52;2150;385;114;64
2022.05_01-07-2022;Тульская область;165_195_days;EpiVacCorona;4;0;0;0;3;0;0;0;7;0;0;0;1286;97;27;12;864;288;87;52;2150;385;114;64
2022.05_01-07-2022;Тульская область;165_195_days;SputnikLite;36;2;1;0;39;8;2;1;75;10;3;1;1286;97;27;12;864;288;87;52;2150;385;114;64
2022.05_01-07-2022;Тульская область;165_195_days;SputnikV;26;0;0;0;42;8;1;1;68;8;1;1;1286;97;27;12;864;288;87;52;2150;385;114;64
2022.05_01-07-2022;Тульская область;21_45_days;AllVaccines;11;1;1;0;4;1;0;0;15;2;1;0;1286;97;27;12;864;288;87;52;2150;385;114;64
2022.05_01-07-2022;Тульская область;21_45_days;SputnikLite;1;0;0;0;0;0;0;0;1;0;0;0;1286;97;27;12;864;288;87;52;2150;385;114;64
2022.05_01-07-2022;Тульская область;21_45_days;SputnikV;10;1;1;0;4;1;0;0;14;2;1;0;1286;97;27;12;864;288;87;52;2150;385;114;64
2022.05_01-07-2022;Тульская область;45_75_days;AllVaccines;28;3;0;0;11;4;0;0;39;7;0;0;1286;97;27;12;864;288;87;52;2150;385;114;64
2022.05_01-07-2022;Тульская область;45_75_days;EpiVacCorona;2;1;0;0;1;0;0;0;3;1;0;0;1286;97;27;12;864;288;87;52;2150;385;114;64
2022.05_01-07-2022;Тульская область;45_75_days;SputnikLite;3;0;0;0;1;1;0;0;4;1;0;0;1286;97;27;12;864;288;87;52;2150;385;114;64
2022.05_01-07-2022;Тульская область;45_75_days;SputnikV;23;2;0;0;9;3;0;0;32;5;0;0;1286;97;27;12;864;288;87;52;2150;385;114;64
2022.05_01-07-2022;Тульская область;75_90_days;AllVaccines;21;0;0;0;14;2;1;1;35;2;1;1;1286;97;27;12;864;288;87;52;2150;385;114;64
2022.05_01-07-2022;Тульская область;75_90_days;CoviVac;1;0;0;0;0;0;0;0;1;0;0;0;1286;97;27;12;864;288;87;52;2150;385;114;64
2022.05_01-07-2022;Тульская область;75_90_days;EpiVacCorona;1;0;0;0;1;0;0;0;2;0;0;0;1286;97;27;12;864;288;87;52;2150;385;114;64
2022.05_01-07-2022;Тульская область;75_90_days;SputnikLite;8;0;0;0;4;1;0;0;12;1;0;0;1286;97;27;12;864;288;87;52;2150;385;114;64
2022.05_01-07-2022;Тульская область;75_90_days;SputnikV;11;0;0;0;9;1;1;1;20;1;1;1;1286;97;27;12;864;288;87;52;2150;385;114;64
2022.05_01-07-2022;Тульская область;90_105_days;AllVaccines;26;2;0;0;19;2;1;1;45;4;1;1;1286;97;27;12;864;288;87;52;2150;385;114;64
2022.05_01-07-2022;Тульская область;90_105_days;CoviVac;1;0;0;0;0;0;0;0;1;0;0;0;1286;97;27;12;864;288;87;52;2150;385;114;64
2022.05_01-07-2022;Тульская область;90_105_days;EpiVacCorona;1;0;0;0;1;0;0;0;2;0;0;0;1286;97;27;12;864;288;87;52;2150;385;114;64
2022.05_01-07-2022;Тульская область;90_105_days;SputnikLite;14;2;0;0;12;2;1;1;26;4;1;1;1286;97;27;12;864;288;87;52;2150;385;114;64
2022.05_01-07-2022;Тульская область;90_105_days;SputnikV;10;0;0;0;6;0;0;0;16;0;0;0;1286;97;27;12;864;288;87;52;2150;385;114;64
2022.05_01-07-2022;Тюменская область;105_165_days;AllVaccines;86;7;0;0;84;26;5;2;170;33;5;2;494;75;17;3;479;201;72;23;973;276;89;26
2022.05_01-07-2022;Тюменская область;105_165_days;CoviVac;1;0;0;0;0;0;0;0;1;0;0;0;494;75;17;3;479;201;72;23;973;276;89;26
2022.05_01-07-2022;Тюменская область;105_165_days;EpiVacCorona;0;0;0;0;1;1;0;0;1;1;0;0;494;75;17;3;479;201;72;23;973;276;89;26
2022.05_01-07-2022;Тюменская область;105_165_days;SputnikLite;41;3;0;0;53;16;3;1;94;19;3;1;494;75;17;3;479;201;72;23;973;276;89;26
2022.05_01-07-2022;Тюменская область;105_165_days;SputnikV;44;4;0;0;30;9;2;1;74;13;2;1;494;75;17;3;479;201;72;23;973;276;89;26
2022.05_01-07-2022;Тюменская область;165_195_days;AllVaccines;40;4;1;0;48;17;3;2;88;21;4;2;494;75;17;3;479;201;72;23;973;276;89;26
2022.05_01-07-2022;Тюменская область;165_195_days;EpiVacCorona;1;0;0;0;2;2;0;0;3;2;0;0;494;75;17;3;479;201;72;23;973;276;89;26
2022.05_01-07-2022;Тюменская область;165_195_days;SputnikLite;18;3;1;0;28;10;3;2;46;13;4;2;494;75;17;3;479;201;72;23;973;276;89;26
2022.05_01-07-2022;Тюменская область;165_195_days;SputnikV;21;1;0;0;18;5;0;0;39;6;0;0;494;75;17;3;479;201;72;23;973;276;89;26
2022.05_01-07-2022;Тюменская область;21_45_days;AllVaccines;2;1;1;0;0;0;0;0;2;1;1;0;494;75;17;3;479;201;72;23;973;276;89;26
2022.05_01-07-2022;Тюменская область;21_45_days;SputnikV;2;1;1;0;0;0;0;0;2;1;1;0;494;75;17;3;479;201;72;23;973;276;89;26
2022.05_01-07-2022;Тюменская область;45_75_days;AllVaccines;9;0;0;0;5;2;1;0;14;2;1;0;494;75;17;3;479;201;72;23;973;276;89;26
2022.05_01-07-2022;Тюменская область;45_75_days;SputnikLite;3;0;0;0;3;2;1;0;6;2;1;0;494;75;17;3;479;201;72;23;973;276;89;26
2022.05_01-07-2022;Тюменская область;45_75_days;SputnikV;6;0;0;0;2;0;0;0;8;0;0;0;494;75;17;3;479;201;72;23;973;276;89;26
2022.05_01-07-2022;Тюменская область;75_90_days;AllVaccines;10;0;0;0;6;3;2;0;16;3;2;0;494;75;17;3;479;201;72;23;973;276;89;26
2022.05_01-07-2022;Тюменская область;75_90_days;SputnikLite;5;0;0;0;3;1;1;0;8;1;1;0;494;75;17;3;479;201;72;23;973;276;89;26
2022.05_01-07-2022;Тюменская область;75_90_days;SputnikV;5;0;0;0;3;2;1;0;8;2;1;0;494;75;17;3;479;201;72;23;973;276;89;26
2022.05_01-07-2022;Тюменская область;90_105_days;AllVaccines;10;0;0;0;10;5;2;0;20;5;2;0;494;75;17;3;479;201;72;23;973;276;89;26
2022.05_01-07-2022;Тюменская область;90_105_days;SputnikLite;7;0;0;0;8;5;2;0;15;5;2;0;494;75;17;3;479;201;72;23;973;276;89;26
2022.05_01-07-2022;Тюменская область;90_105_days;SputnikV;3;0;0;0;2;0;0;0;5;0;0;0;494;75;17;3;479;201;72;23;973;276;89;26
2022.05_01-07-2022;Удмуртская Республика;105_165_days;AllVaccines;67;11;1;0;54;29;4;1;121;40;5;1;471;118;9;5;469;248;45;18;940;366;54;23
2022.05_01-07-2022;Удмуртская Республика;105_165_days;CoviVac;1;0;0;0;1;1;0;0;2;1;0;0;471;118;9;5;469;248;45;18;940;366;54;23
2022.05_01-07-2022;Удмуртская Республика;105_165_days;EpiVacCorona;3;1;0;0;1;1;0;0;4;2;0;0;471;118;9;5;469;248;45;18;940;366;54;23
2022.05_01-07-2022;Удмуртская Республика;105_165_days;SputnikLite;24;6;0;0;19;15;1;0;43;21;1;0;471;118;9;5;469;248;45;18;940;366;54;23
2022.05_01-07-2022;Удмуртская Республика;105_165_days;SputnikV;39;4;1;0;33;12;3;1;72;16;4;1;471;118;9;5;469;248;45;18;940;366;54;23
2022.05_01-07-2022;Удмуртская Республика;165_195_days;AllVaccines;40;15;0;0;58;19;5;1;98;34;5;1;471;118;9;5;469;248;45;18;940;366;54;23
2022.05_01-07-2022;Удмуртская Республика;165_195_days;CoviVac;2;0;0;0;1;0;0;0;3;0;0;0;471;118;9;5;469;248;45;18;940;366;54;23
2022.05_01-07-2022;Удмуртская Республика;165_195_days;EpiVacCorona;4;3;0;0;6;4;0;0;10;7;0;0;471;118;9;5;469;248;45;18;940;366;54;23
2022.05_01-07-2022;Удмуртская Республика;165_195_days;SputnikLite;5;3;0;0;20;6;0;0;25;9;0;0;471;118;9;5;469;248;45;18;940;366;54;23
2022.05_01-07-2022;Удмуртская Республика;165_195_days;SputnikV;29;9;0;0;31;9;5;1;60;18;5;1;471;118;9;5;469;248;45;18;940;366;54;23
2022.05_01-07-2022;Удмуртская Республика;21_45_days;AllVaccines;2;0;0;0;2;0;0;0;4;0;0;0;471;118;9;5;469;248;45;18;940;366;54;23
2022.05_01-07-2022;Удмуртская Республика;21_45_days;SputnikLite;0;0;0;0;1;0;0;0;1;0;0;0;471;118;9;5;469;248;45;18;940;366;54;23
2022.05_01-07-2022;Удмуртская Республика;21_45_days;SputnikV;2;0;0;0;1;0;0;0;3;0;0;0;471;118;9;5;469;248;45;18;940;366;54;23
2022.05_01-07-2022;Удмуртская Республика;45_75_days;AllVaccines;5;0;0;0;4;1;1;0;9;1;1;0;471;118;9;5;469;248;45;18;940;366;54;23
2022.05_01-07-2022;Удмуртская Республика;45_75_days;EpiVacCorona;1;0;0;0;0;0;0;0;1;0;0;0;471;118;9;5;469;248;45;18;940;366;54;23
2022.05_01-07-2022;Удмуртская Республика;45_75_days;SputnikLite;1;0;0;0;1;0;0;0;2;0;0;0;471;118;9;5;469;248;45;18;940;366;54;23
2022.05_01-07-2022;Удмуртская Республика;45_75_days;SputnikV;3;0;0;0;3;1;1;0;6;1;1;0;471;118;9;5;469;248;45;18;940;366;54;23
2022.05_01-07-2022;Удмуртская Республика;75_90_days;AllVaccines;4;1;0;0;12;4;1;1;16;5;1;1;471;118;9;5;469;248;45;18;940;366;54;23
2022.05_01-07-2022;Удмуртская Республика;75_90_days;EpiVacCorona;0;0;0;0;1;0;0;0;1;0;0;0;471;118;9;5;469;248;45;18;940;366;54;23
2022.05_01-07-2022;Удмуртская Республика;75_90_days;SputnikLite;2;1;0;0;6;1;0;0;8;2;0;0;471;118;9;5;469;248;45;18;940;366;54;23
2022.05_01-07-2022;Удмуртская Республика;75_90_days;SputnikV;2;0;0;0;5;3;1;1;7;3;1;1;471;118;9;5;469;248;45;18;940;366;54;23
2022.05_01-07-2022;Удмуртская Республика;90_105_days;AllVaccines;11;2;0;0;10;4;0;0;21;6;0;0;471;118;9;5;469;248;45;18;940;366;54;23
2022.05_01-07-2022;Удмуртская Республика;90_105_days;SputnikLite;3;0;0;0;7;3;0;0;10;3;0;0;471;118;9;5;469;248;45;18;940;366;54;23
2022.05_01-07-2022;Удмуртская Республика;90_105_days;SputnikV;8;2;0;0;3;1;0;0;11;3;0;0;471;118;9;5;469;248;45;18;940;366;54;23
2022.05_01-07-2022;Ульяновская область;105_165_days;AllVaccines;78;13;1;1;88;26;4;3;166;39;5;4;678;163;22;11;744;283;61;42;1422;446;83;53
2022.05_01-07-2022;Ульяновская область;105_165_days;CoviVac;3;1;1;1;2;0;0;0;5;1;1;1;678;163;22;11;744;283;61;42;1422;446;83;53
2022.05_01-07-2022;Ульяновская область;105_165_days;EpiVacCorona;3;1;0;0;0;0;0;0;3;1;0;0;678;163;22;11;744;283;61;42;1422;446;83;53
2022.05_01-07-2022;Ульяновская область;105_165_days;SputnikLite;32;3;0;0;36;11;3;2;68;14;3;2;678;163;22;11;744;283;61;42;1422;446;83;53
2022.05_01-07-2022;Ульяновская область;105_165_days;SputnikV;40;8;0;0;50;15;1;1;90;23;1;1;678;163;22;11;744;283;61;42;1422;446;83;53
2022.05_01-07-2022;Ульяновская область;165_195_days;AllVaccines;65;8;0;0;56;20;4;4;121;28;4;4;678;163;22;11;744;283;61;42;1422;446;83;53
2022.05_01-07-2022;Ульяновская область;165_195_days;CoviVac;5;0;0;0;0;0;0;0;5;0;0;0;678;163;22;11;744;283;61;42;1422;446;83;53
2022.05_01-07-2022;Ульяновская область;165_195_days;EpiVacCorona;2;1;0;0;0;0;0;0;2;1;0;0;678;163;22;11;744;283;61;42;1422;446;83;53
2022.05_01-07-2022;Ульяновская область;165_195_days;SputnikLite;14;2;0;0;22;8;4;3;36;10;4;3;678;163;22;11;744;283;61;42;1422;446;83;53
2022.05_01-07-2022;Ульяновская область;165_195_days;SputnikV;44;5;0;0;34;12;0;1;78;17;0;1;678;163;22;11;744;283;61;42;1422;446;83;53
2022.05_01-07-2022;Ульяновская область;21_45_days;AllVaccines;6;0;0;0;2;0;0;0;8;0;0;0;678;163;22;11;744;283;61;42;1422;446;83;53
2022.05_01-07-2022;Ульяновская область;21_45_days;SputnikLite;1;0;0;0;1;0;0;0;2;0;0;0;678;163;22;11;744;283;61;42;1422;446;83;53
2022.05_01-07-2022;Ульяновская область;21_45_days;SputnikV;5;0;0;0;1;0;0;0;6;0;0;0;678;163;22;11;744;283;61;42;1422;446;83;53
2022.05_01-07-2022;Ульяновская область;45_75_days;AllVaccines;8;1;0;0;7;4;1;1;15;5;1;1;678;163;22;11;744;283;61;42;1422;446;83;53
2022.05_01-07-2022;Ульяновская область;45_75_days;CoviVac;1;0;0;0;0;0;0;0;1;0;0;0;678;163;22;11;744;283;61;42;1422;446;83;53
2022.05_01-07-2022;Ульяновская область;45_75_days;EpiVacCorona;0;0;0;0;1;0;0;0;1;0;0;0;678;163;22;11;744;283;61;42;1422;446;83;53
2022.05_01-07-2022;Ульяновская область;45_75_days;SputnikLite;1;0;0;0;2;1;0;0;3;1;0;0;678;163;22;11;744;283;61;42;1422;446;83;53
2022.05_01-07-2022;Ульяновская область;45_75_days;SputnikV;6;1;0;0;4;3;1;1;10;4;1;1;678;163;22;11;744;283;61;42;1422;446;83;53
2022.05_01-07-2022;Ульяновская область;75_90_days;AllVaccines;7;1;0;0;8;1;0;0;15;2;0;0;678;163;22;11;744;283;61;42;1422;446;83;53
2022.05_01-07-2022;Ульяновская область;75_90_days;CoviVac;0;0;0;0;1;0;0;0;1;0;0;0;678;163;22;11;744;283;61;42;1422;446;83;53
2022.05_01-07-2022;Ульяновская область;75_90_days;EpiVacCorona;0;0;0;0;2;0;0;0;2;0;0;0;678;163;22;11;744;283;61;42;1422;446;83;53
2022.05_01-07-2022;Ульяновская область;75_90_days;SputnikLite;1;0;0;0;2;1;0;0;3;1;0;0;678;163;22;11;744;283;61;42;1422;446;83;53
2022.05_01-07-2022;Ульяновская область;75_90_days;SputnikV;6;1;0;0;3;0;0;0;9;1;0;0;678;163;22;11;744;283;61;42;1422;446;83;53
2022.05_01-07-2022;Ульяновская область;90_105_days;AllVaccines;12;1;0;0;20;7;0;0;32;8;0;0;678;163;22;11;744;283;61;42;1422;446;83;53
2022.05_01-07-2022;Ульяновская область;90_105_days;CoviVac;1;0;0;0;0;0;0;0;1;0;0;0;678;163;22;11;744;283;61;42;1422;446;83;53
2022.05_01-07-2022;Ульяновская область;90_105_days;EpiVacCorona;1;0;0;0;2;2;0;0;3;2;0;0;678;163;22;11;744;283;61;42;1422;446;83;53
2022.05_01-07-2022;Ульяновская область;90_105_days;SputnikLite;8;0;0;0;6;0;0;0;14;0;0;0;678;163;22;11;744;283;61;42;1422;446;83;53
2022.05_01-07-2022;Ульяновская область;90_105_days;SputnikV;2;1;0;0;12;5;0;0;14;6;0;0;678;163;22;11;744;283;61;42;1422;446;83;53
2022.05_01-07-2022;Хабаровский край;105_165_days;AllVaccines;146;24;0;0;89;44;6;3;235;68;6;3;1131;264;17;4;673;346;35;15;1804;610;52;19
2022.05_01-07-2022;Хабаровский край;105_165_days;CoviVac;2;0;0;0;0;0;0;0;2;0;0;0;1131;264;17;4;673;346;35;15;1804;610;52;19
2022.05_01-07-2022;Хабаровский край;105_165_days;EpiVacCorona;7;2;0;0;3;1;0;0;10;3;0;0;1131;264;17;4;673;346;35;15;1804;610;52;19
2022.05_01-07-2022;Хабаровский край;105_165_days;SputnikLite;51;5;0;0;50;22;4;2;101;27;4;2;1131;264;17;4;673;346;35;15;1804;610;52;19
2022.05_01-07-2022;Хабаровский край;105_165_days;SputnikV;86;17;0;0;36;21;2;1;122;38;2;1;1131;264;17;4;673;346;35;15;1804;610;52;19
2022.05_01-07-2022;Хабаровский край;165_195_days;AllVaccines;56;14;0;0;47;18;4;0;103;32;4;0;1131;264;17;4;673;346;35;15;1804;610;52;19
2022.05_01-07-2022;Хабаровский край;165_195_days;CoviVac;0;0;0;0;1;0;0;0;1;0;0;0;1131;264;17;4;673;346;35;15;1804;610;52;19
2022.05_01-07-2022;Хабаровский край;165_195_days;EpiVacCorona;0;0;0;0;2;2;0;0;2;2;0;0;1131;264;17;4;673;346;35;15;1804;610;52;19
2022.05_01-07-2022;Хабаровский край;165_195_days;SputnikLite;32;6;0;0;21;7;2;0;53;13;2;0;1131;264;17;4;673;346;35;15;1804;610;52;19
2022.05_01-07-2022;Хабаровский край;165_195_days;SputnikV;24;8;0;0;23;9;2;0;47;17;2;0;1131;264;17;4;673;346;35;15;1804;610;52;19
2022.05_01-07-2022;Хабаровский край;21_45_days;AllVaccines;3;0;0;0;6;3;0;0;9;3;0;0;1131;264;17;4;673;346;35;15;1804;610;52;19
2022.05_01-07-2022;Хабаровский край;21_45_days;EpiVacCorona;0;0;0;0;1;1;0;0;1;1;0;0;1131;264;17;4;673;346;35;15;1804;610;52;19
2022.05_01-07-2022;Хабаровский край;21_45_days;SputnikV;3;0;0;0;5;2;0;0;8;2;0;0;1131;264;17;4;673;346;35;15;1804;610;52;19
2022.05_01-07-2022;Хабаровский край;45_75_days;AllVaccines;12;1;0;0;5;5;1;0;17;6;1;0;1131;264;17;4;673;346;35;15;1804;610;52;19
2022.05_01-07-2022;Хабаровский край;45_75_days;CoviVac;1;1;0;0;1;1;0;0;2;2;0;0;1131;264;17;4;673;346;35;15;1804;610;52;19
2022.05_01-07-2022;Хабаровский край;45_75_days;SputnikLite;2;0;0;0;0;0;0;0;2;0;0;0;1131;264;17;4;673;346;35;15;1804;610;52;19
2022.05_01-07-2022;Хабаровский край;45_75_days;SputnikV;9;0;0;0;4;4;1;0;13;4;1;0;1131;264;17;4;673;346;35;15;1804;610;52;19
2022.05_01-07-2022;Хабаровский край;75_90_days;AllVaccines;14;3;0;0;11;5;1;1;25;8;1;1;1131;264;17;4;673;346;35;15;1804;610;52;19
2022.05_01-07-2022;Хабаровский край;75_90_days;CoviVac;1;0;0;0;0;0;0;0;1;0;0;0;1131;264;17;4;673;346;35;15;1804;610;52;19
2022.05_01-07-2022;Хабаровский край;75_90_days;EpiVacCorona;2;1;0;0;3;0;0;0;5;1;0;0;1131;264;17;4;673;346;35;15;1804;610;52;19
2022.05_01-07-2022;Хабаровский край;75_90_days;SputnikLite;2;0;0;0;4;3;1;1;6;3;1;1;1131;264;17;4;673;346;35;15;1804;610;52;19
2022.05_01-07-2022;Хабаровский край;75_90_days;SputnikV;9;2;0;0;4;2;0;0;13;4;0;0;1131;264;17;4;673;346;35;15;1804;610;52;19
2022.05_01-07-2022;Хабаровский край;90_105_days;AllVaccines;21;5;1;1;15;6;0;0;36;11;1;1;1131;264;17;4;673;346;35;15;1804;610;52;19
2022.05_01-07-2022;Хабаровский край;90_105_days;CoviVac;3;1;0;0;0;0;0;0;3;1;0;0;1131;264;17;4;673;346;35;15;1804;610;52;19
2022.05_01-07-2022;Хабаровский край;90_105_days;EpiVacCorona;0;0;0;0;4;1;0;0;4;1;0;0;1131;264;17;4;673;346;35;15;1804;610;52;19
2022.05_01-07-2022;Хабаровский край;90_105_days;SputnikLite;7;2;1;1;8;2;0;0;15;4;1;1;1131;264;17;4;673;346;35;15;1804;610;52;19
2022.05_01-07-2022;Хабаровский край;90_105_days;SputnikV;11;2;0;0;3;3;0;0;14;5;0;0;1131;264;17;4;673;346;35;15;1804;610;52;19
2022.05_01-07-2022;Ханты-Мансийский автономный округ - Югра;105_165_days;AllVaccines;111;7;0;0;46;13;1;1;157;20;1;1;721;73;9;3;292;122;16;10;1013;195;25;13
2022.05_01-07-2022;Ханты-Мансийский автономный округ - Югра;105_165_days;EpiVacCorona;0;0;0;0;2;1;1;0;2;1;1;0;721;73;9;3;292;122;16;10;1013;195;25;13
2022.05_01-07-2022;Ханты-Мансийский автономный округ - Югра;105_165_days;SputnikLite;55;1;0;0;21;3;0;1;76;4;0;1;721;73;9;3;292;122;16;10;1013;195;25;13
2022.05_01-07-2022;Ханты-Мансийский автономный округ - Югра;105_165_days;SputnikV;56;6;0;0;23;9;0;0;79;15;0;0;721;73;9;3;292;122;16;10;1013;195;25;13
2022.05_01-07-2022;Ханты-Мансийский автономный округ - Югра;165_195_days;AllVaccines;88;5;0;0;29;13;1;0;117;18;1;0;721;73;9;3;292;122;16;10;1013;195;25;13
2022.05_01-07-2022;Ханты-Мансийский автономный округ - Югра;165_195_days;CoviVac;1;0;0;0;0;0;0;0;1;0;0;0;721;73;9;3;292;122;16;10;1013;195;25;13
2022.05_01-07-2022;Ханты-Мансийский автономный округ - Югра;165_195_days;SputnikLite;14;1;0;0;13;6;0;0;27;7;0;0;721;73;9;3;292;122;16;10;1013;195;25;13
2022.05_01-07-2022;Ханты-Мансийский автономный округ - Югра;165_195_days;SputnikV;73;4;0;0;16;7;1;0;89;11;1;0;721;73;9;3;292;122;16;10;1013;195;25;13
2022.05_01-07-2022;Ханты-Мансийский автономный округ - Югра;21_45_days;AllVaccines;7;1;0;0;3;1;1;0;10;2;1;0;721;73;9;3;292;122;16;10;1013;195;25;13
2022.05_01-07-2022;Ханты-Мансийский автономный округ - Югра;21_45_days;SputnikLite;2;0;0;0;1;0;0;0;3;0;0;0;721;73;9;3;292;122;16;10;1013;195;25;13
2022.05_01-07-2022;Ханты-Мансийский автономный округ - Югра;21_45_days;SputnikV;5;1;0;0;2;1;1;0;7;2;1;0;721;73;9;3;292;122;16;10;1013;195;25;13
2022.05_01-07-2022;Ханты-Мансийский автономный округ - Югра;45_75_days;AllVaccines;11;1;0;0;4;1;0;0;15;2;0;0;721;73;9;3;292;122;16;10;1013;195;25;13
2022.05_01-07-2022;Ханты-Мансийский автономный округ - Югра;45_75_days;SputnikLite;4;1;0;0;2;1;0;0;6;2;0;0;721;73;9;3;292;122;16;10;1013;195;25;13
2022.05_01-07-2022;Ханты-Мансийский автономный округ - Югра;45_75_days;SputnikV;7;0;0;0;2;0;0;0;9;0;0;0;721;73;9;3;292;122;16;10;1013;195;25;13
2022.05_01-07-2022;Ханты-Мансийский автономный округ - Югра;75_90_days;AllVaccines;14;1;0;0;2;0;0;0;16;1;0;0;721;73;9;3;292;122;16;10;1013;195;25;13
2022.05_01-07-2022;Ханты-Мансийский автономный округ - Югра;75_90_days;EpiVacCorona;1;0;0;0;0;0;0;0;1;0;0;0;721;73;9;3;292;122;16;10;1013;195;25;13
2022.05_01-07-2022;Ханты-Мансийский автономный округ - Югра;75_90_days;SputnikLite;8;1;0;0;2;0;0;0;10;1;0;0;721;73;9;3;292;122;16;10;1013;195;25;13
2022.05_01-07-2022;Ханты-Мансийский автономный округ - Югра;75_90_days;SputnikV;5;0;0;0;0;0;0;0;5;0;0;0;721;73;9;3;292;122;16;10;1013;195;25;13
2022.05_01-07-2022;Ханты-Мансийский автономный округ - Югра;90_105_days;AllVaccines;24;3;1;0;5;3;0;0;29;6;1;0;721;73;9;3;292;122;16;10;1013;195;25;13
2022.05_01-07-2022;Ханты-Мансийский автономный округ - Югра;90_105_days;SputnikLite;19;3;1;0;3;2;0;0;22;5;1;0;721;73;9;3;292;122;16;10;1013;195;25;13
2022.05_01-07-2022;Ханты-Мансийский автономный округ - Югра;90_105_days;SputnikV;5;0;0;0;2;1;0;0;7;1;0;0;721;73;9;3;292;122;16;10;1013;195;25;13
2022.05_01-07-2022;Челябинская область;105_165_days;AllVaccines;371;28;3;2;253;89;13;11;624;117;16;13;2767;367;47;31;1841;711;112;86;4608;1078;159;117
2022.05_01-07-2022;Челябинская область;105_165_days;CoviVac;2;1;0;0;2;0;0;0;4;1;0;0;2767;367;47;31;1841;711;112;86;4608;1078;159;117
2022.05_01-07-2022;Челябинская область;105_165_days;EpiVacCorona;9;2;1;1;14;4;0;0;23;6;1;1;2767;367;47;31;1841;711;112;86;4608;1078;159;117
2022.05_01-07-2022;Челябинская область;105_165_days;SputnikLite;138;5;0;0;132;47;8;8;270;52;8;8;2767;367;47;31;1841;711;112;86;4608;1078;159;117
2022.05_01-07-2022;Челябинская область;105_165_days;SputnikV;222;20;2;1;105;38;5;3;327;58;7;4;2767;367;47;31;1841;711;112;86;4608;1078;159;117
2022.05_01-07-2022;Челябинская область;165_195_days;AllVaccines;369;40;4;3;175;51;4;5;544;91;8;8;2767;367;47;31;1841;711;112;86;4608;1078;159;117
2022.05_01-07-2022;Челябинская область;165_195_days;CoviVac;3;1;0;0;2;0;0;0;5;1;0;0;2767;367;47;31;1841;711;112;86;4608;1078;159;117
2022.05_01-07-2022;Челябинская область;165_195_days;EpiVacCorona;17;2;0;0;6;1;0;0;23;3;0;0;2767;367;47;31;1841;711;112;86;4608;1078;159;117
2022.05_01-07-2022;Челябинская область;165_195_days;SputnikLite;56;3;0;0;49;17;1;2;105;20;1;2;2767;367;47;31;1841;711;112;86;4608;1078;159;117
2022.05_01-07-2022;Челябинская область;165_195_days;SputnikV;293;34;4;3;118;33;3;3;411;67;7;6;2767;367;47;31;1841;711;112;86;4608;1078;159;117
2022.05_01-07-2022;Челябинская область;21_45_days;AllVaccines;18;2;0;0;21;6;0;0;39;8;0;0;2767;367;47;31;1841;711;112;86;4608;1078;159;117
2022.05_01-07-2022;Челябинская область;21_45_days;EpiVacCorona;2;0;0;0;0;0;0;0;2;0;0;0;2767;367;47;31;1841;711;112;86;4608;1078;159;117
2022.05_01-07-2022;Челябинская область;21_45_days;SputnikLite;7;2;0;0;6;2;0;0;13;4;0;0;2767;367;47;31;1841;711;112;86;4608;1078;159;117
2022.05_01-07-2022;Челябинская область;21_45_days;SputnikV;9;0;0;0;15;4;0;0;24;4;0;0;2767;367;47;31;1841;711;112;86;4608;1078;159;117
2022.05_01-07-2022;Челябинская область;45_75_days;AllVaccines;44;1;0;0;42;13;0;0;86;14;0;0;2767;367;47;31;1841;711;112;86;4608;1078;159;117
2022.05_01-07-2022;Челябинская область;45_75_days;EpiVacCorona;0;0;0;0;2;0;0;0;2;0;0;0;2767;367;47;31;1841;711;112;86;4608;1078;159;117
2022.05_01-07-2022;Челябинская область;45_75_days;SputnikLite;17;0;0;0;23;7;0;0;40;7;0;0;2767;367;47;31;1841;711;112;86;4608;1078;159;117
2022.05_01-07-2022;Челябинская область;45_75_days;SputnikV;27;1;0;0;17;6;0;0;44;7;0;0;2767;367;47;31;1841;711;112;86;4608;1078;159;117
2022.05_01-07-2022;Челябинская область;75_90_days;AllVaccines;40;2;0;0;30;12;1;1;70;14;1;1;2767;367;47;31;1841;711;112;86;4608;1078;159;117
2022.05_01-07-2022;Челябинская область;75_90_days;CoviVac;1;0;0;0;0;0;0;0;1;0;0;0;2767;367;47;31;1841;711;112;86;4608;1078;159;117
2022.05_01-07-2022;Челябинская область;75_90_days;EpiVacCorona;1;0;0;0;5;2;0;0;6;2;0;0;2767;367;47;31;1841;711;112;86;4608;1078;159;117
2022.05_01-07-2022;Челябинская область;75_90_days;SputnikLite;20;1;0;0;10;5;1;1;30;6;1;1;2767;367;47;31;1841;711;112;86;4608;1078;159;117
2022.05_01-07-2022;Челябинская область;75_90_days;SputnikV;18;1;0;0;15;5;0;0;33;6;0;0;2767;367;47;31;1841;711;112;86;4608;1078;159;117
2022.05_01-07-2022;Челябинская область;90_105_days;AllVaccines;48;2;0;0;36;11;3;2;84;13;3;2;2767;367;47;31;1841;711;112;86;4608;1078;159;117
2022.05_01-07-2022;Челябинская область;90_105_days;CoviVac;0;0;0;0;1;1;0;0;1;1;0;0;2767;367;47;31;1841;711;112;86;4608;1078;159;117
2022.05_01-07-2022;Челябинская область;90_105_days;EpiVacCorona;5;0;0;0;3;2;1;0;8;2;1;0;2767;367;47;31;1841;711;112;86;4608;1078;159;117
2022.05_01-07-2022;Челябинская область;90_105_days;SputnikLite;26;1;0;0;14;4;1;1;40;5;1;1;2767;367;47;31;1841;711;112;86;4608;1078;159;117
2022.05_01-07-2022;Челябинская область;90_105_days;SputnikV;17;1;0;0;18;4;1;1;35;5;1;1;2767;367;47;31;1841;711;112;86;4608;1078;159;117
2022.05_01-07-2022;Чеченская Республика;105_165_days;AllVaccines;34;3;0;0;5;0;0;0;39;3;0;0;207;15;1;0;34;4;1;0;241;19;2;0
2022.05_01-07-2022;Чеченская Республика;105_165_days;EpiVacCorona;2;0;0;0;1;0;0;0;3;0;0;0;207;15;1;0;34;4;1;0;241;19;2;0
2022.05_01-07-2022;Чеченская Республика;105_165_days;SputnikLite;29;3;0;0;4;0;0;0;33;3;0;0;207;15;1;0;34;4;1;0;241;19;2;0
2022.05_01-07-2022;Чеченская Республика;105_165_days;SputnikV;3;0;0;0;0;0;0;0;3;0;0;0;207;15;1;0;34;4;1;0;241;19;2;0
2022.05_01-07-2022;Чеченская Республика;165_195_days;AllVaccines;9;1;0;0;1;0;0;0;10;1;0;0;207;15;1;0;34;4;1;0;241;19;2;0
2022.05_01-07-2022;Чеченская Республика;165_195_days;EpiVacCorona;2;1;0;0;0;0;0;0;2;1;0;0;207;15;1;0;34;4;1;0;241;19;2;0
2022.05_01-07-2022;Чеченская Республика;165_195_days;SputnikLite;1;0;0;0;0;0;0;0;1;0;0;0;207;15;1;0;34;4;1;0;241;19;2;0
2022.05_01-07-2022;Чеченская Республика;165_195_days;SputnikV;6;0;0;0;1;0;0;0;7;0;0;0;207;15;1;0;34;4;1;0;241;19;2;0
2022.05_01-07-2022;Чеченская Республика;21_45_days;AllVaccines;5;0;0;0;1;0;0;0;6;0;0;0;207;15;1;0;34;4;1;0;241;19;2;0
2022.05_01-07-2022;Чеченская Республика;21_45_days;SputnikLite;5;0;0;0;1;0;0;0;6;0;0;0;207;15;1;0;34;4;1;0;241;19;2;0
2022.05_01-07-2022;Чеченская Республика;45_75_days;AllVaccines;8;0;0;0;0;0;0;0;8;0;0;0;207;15;1;0;34;4;1;0;241;19;2;0
2022.05_01-07-2022;Чеченская Республика;45_75_days;CoviVac;1;0;0;0;0;0;0;0;1;0;0;0;207;15;1;0;34;4;1;0;241;19;2;0
2022.05_01-07-2022;Чеченская Республика;45_75_days;EpiVacCorona;1;0;0;0;0;0;0;0;1;0;0;0;207;15;1;0;34;4;1;0;241;19;2;0
2022.05_01-07-2022;Чеченская Республика;45_75_days;SputnikLite;3;0;0;0;0;0;0;0;3;0;0;0;207;15;1;0;34;4;1;0;241;19;2;0
2022.05_01-07-2022;Чеченская Республика;45_75_days;SputnikV;3;0;0;0;0;0;0;0;3;0;0;0;207;15;1;0;34;4;1;0;241;19;2;0
2022.05_01-07-2022;Чеченская Республика;75_90_days;AllVaccines;1;0;0;0;0;0;0;0;1;0;0;0;207;15;1;0;34;4;1;0;241;19;2;0
2022.05_01-07-2022;Чеченская Республика;75_90_days;SputnikV;1;0;0;0;0;0;0;0;1;0;0;0;207;15;1;0;34;4;1;0;241;19;2;0
2022.05_01-07-2022;Чеченская Республика;90_105_days;AllVaccines;17;0;0;0;3;0;0;0;20;0;0;0;207;15;1;0;34;4;1;0;241;19;2;0
2022.05_01-07-2022;Чеченская Республика;90_105_days;SputnikLite;14;0;0;0;3;0;0;0;17;0;0;0;207;15;1;0;34;4;1;0;241;19;2;0
2022.05_01-07-2022;Чеченская Республика;90_105_days;SputnikV;3;0;0;0;0;0;0;0;3;0;0;0;207;15;1;0;34;4;1;0;241;19;2;0
2022.05_01-07-2022;Чувашская Республика;105_165_days;AllVaccines;62;20;3;2;81;54;7;2;143;74;10;4;456;172;26;9;549;360;82;34;1005;532;108;43
2022.05_01-07-2022;Чувашская Республика;105_165_days;EpiVacCorona;2;0;0;0;0;0;0;0;2;0;0;0;456;172;26;9;549;360;82;34;1005;532;108;43
2022.05_01-07-2022;Чувашская Республика;105_165_days;SputnikLite;26;8;2;2;41;26;4;1;67;34;6;3;456;172;26;9;549;360;82;34;1005;532;108;43
2022.05_01-07-2022;Чувашская Республика;105_165_days;SputnikV;34;12;1;0;40;28;3;1;74;40;4;1;456;172;26;9;549;360;82;34;1005;532;108;43
2022.05_01-07-2022;Чувашская Республика;165_195_days;AllVaccines;37;10;1;0;57;34;8;1;94;44;9;1;456;172;26;9;549;360;82;34;1005;532;108;43
2022.05_01-07-2022;Чувашская Республика;165_195_days;CoviVac;1;1;0;0;0;0;0;0;1;1;0;0;456;172;26;9;549;360;82;34;1005;532;108;43
2022.05_01-07-2022;Чувашская Республика;165_195_days;EpiVacCorona;1;0;0;0;0;0;0;0;1;0;0;0;456;172;26;9;549;360;82;34;1005;532;108;43
2022.05_01-07-2022;Чувашская Республика;165_195_days;SputnikLite;9;1;0;0;22;13;3;0;31;14;3;0;456;172;26;9;549;360;82;34;1005;532;108;43
2022.05_01-07-2022;Чувашская Республика;165_195_days;SputnikV;26;8;1;0;35;21;5;1;61;29;6;1;456;172;26;9;549;360;82;34;1005;532;108;43
2022.05_01-07-2022;Чувашская Республика;21_45_days;AllVaccines;4;0;0;0;7;5;0;0;11;5;0;0;456;172;26;9;549;360;82;34;1005;532;108;43
2022.05_01-07-2022;Чувашская Республика;21_45_days;SputnikLite;2;0;0;0;2;2;0;0;4;2;0;0;456;172;26;9;549;360;82;34;1005;532;108;43
2022.05_01-07-2022;Чувашская Республика;21_45_days;SputnikV;2;0;0;0;5;3;0;0;7;3;0;0;456;172;26;9;549;360;82;34;1005;532;108;43
2022.05_01-07-2022;Чувашская Республика;45_75_days;AllVaccines;8;1;0;0;8;5;2;1;16;6;2;1;456;172;26;9;549;360;82;34;1005;532;108;43
2022.05_01-07-2022;Чувашская Республика;45_75_days;SputnikLite;1;0;0;0;2;2;1;0;3;2;1;0;456;172;26;9;549;360;82;34;1005;532;108;43
2022.05_01-07-2022;Чувашская Республика;45_75_days;SputnikV;7;1;0;0;6;3;1;1;13;4;1;1;456;172;26;9;549;360;82;34;1005;532;108;43
2022.05_01-07-2022;Чувашская Республика;75_90_days;AllVaccines;10;0;0;0;8;4;0;0;18;4;0;0;456;172;26;9;549;360;82;34;1005;532;108;43
2022.05_01-07-2022;Чувашская Республика;75_90_days;CoviVac;1;0;0;0;0;0;0;0;1;0;0;0;456;172;26;9;549;360;82;34;1005;532;108;43
2022.05_01-07-2022;Чувашская Республика;75_90_days;EpiVacCorona;1;0;0;0;1;0;0;0;2;0;0;0;456;172;26;9;549;360;82;34;1005;532;108;43
2022.05_01-07-2022;Чувашская Республика;75_90_days;SputnikLite;4;0;0;0;5;3;0;0;9;3;0;0;456;172;26;9;549;360;82;34;1005;532;108;43
2022.05_01-07-2022;Чувашская Республика;75_90_days;SputnikV;4;0;0;0;2;1;0;0;6;1;0;0;456;172;26;9;549;360;82;34;1005;532;108;43
2022.05_01-07-2022;Чувашская Республика;90_105_days;AllVaccines;23;6;1;1;15;10;2;1;38;16;3;2;456;172;26;9;549;360;82;34;1005;532;108;43
2022.05_01-07-2022;Чувашская Республика;90_105_days;EpiVacCorona;2;1;0;0;3;2;0;0;5;3;0;0;456;172;26;9;549;360;82;34;1005;532;108;43
2022.05_01-07-2022;Чувашская Республика;90_105_days;SputnikLite;8;1;0;0;5;3;2;1;13;4;2;1;456;172;26;9;549;360;82;34;1005;532;108;43
2022.05_01-07-2022;Чувашская Республика;90_105_days;SputnikV;13;4;1;1;7;5;0;0;20;9;1;1;456;172;26;9;549;360;82;34;1005;532;108;43
2022.05_01-07-2022;Чукотский автономный округ;105_165_days;AllVaccines;4;0;0;0;1;1;0;0;5;1;0;0;30;5;0;0;4;2;0;0;34;7;0;0
2022.05_01-07-2022;Чукотский автономный округ;105_165_days;EpiVacCorona;1;0;0;0;0;0;0;0;1;0;0;0;30;5;0;0;4;2;0;0;34;7;0;0
2022.05_01-07-2022;Чукотский автономный округ;105_165_days;SputnikLite;3;0;0;0;1;1;0;0;4;1;0;0;30;5;0;0;4;2;0;0;34;7;0;0
2022.05_01-07-2022;Чукотский автономный округ;165_195_days;AllVaccines;1;0;0;0;0;0;0;0;1;0;0;0;30;5;0;0;4;2;0;0;34;7;0;0
2022.05_01-07-2022;Чукотский автономный округ;165_195_days;CoviVac;1;0;0;0;0;0;0;0;1;0;0;0;30;5;0;0;4;2;0;0;34;7;0;0
2022.05_01-07-2022;Чукотский автономный округ;90_105_days;AllVaccines;1;0;0;0;0;0;0;0;1;0;0;0;30;5;0;0;4;2;0;0;34;7;0;0
2022.05_01-07-2022;Чукотский автономный округ;90_105_days;SputnikLite;1;0;0;0;0;0;0;0;1;0;0;0;30;5;0;0;4;2;0;0;34;7;0;0
2022.05_01-07-2022;Ямало-Ненецкий автономный округ;105_165_days;AllVaccines;15;3;0;0;6;3;0;0;21;6;0;0;222;49;4;0;39;19;3;0;261;68;7;0
2022.05_01-07-2022;Ямало-Ненецкий автономный округ;105_165_days;EpiVacCorona;1;1;0;0;0;0;0;0;1;1;0;0;222;49;4;0;39;19;3;0;261;68;7;0
2022.05_01-07-2022;Ямало-Ненецкий автономный округ;105_165_days;SputnikLite;8;1;0;0;4;3;0;0;12;4;0;0;222;49;4;0;39;19;3;0;261;68;7;0
2022.05_01-07-2022;Ямало-Ненецкий автономный округ;105_165_days;SputnikV;6;1;0;0;2;0;0;0;8;1;0;0;222;49;4;0;39;19;3;0;261;68;7;0
2022.05_01-07-2022;Ямало-Ненецкий автономный округ;165_195_days;AllVaccines;20;5;0;0;6;5;2;0;26;10;2;0;222;49;4;0;39;19;3;0;261;68;7;0
2022.05_01-07-2022;Ямало-Ненецкий автономный округ;165_195_days;SputnikLite;10;3;0;0;4;4;1;0;14;7;1;0;222;49;4;0;39;19;3;0;261;68;7;0
2022.05_01-07-2022;Ямало-Ненецкий автономный округ;165_195_days;SputnikV;10;2;0;0;2;1;1;0;12;3;1;0;222;49;4;0;39;19;3;0;261;68;7;0
2022.05_01-07-2022;Ямало-Ненецкий автономный округ;45_75_days;AllVaccines;2;0;0;0;1;1;0;0;3;1;0;0;222;49;4;0;39;19;3;0;261;68;7;0
2022.05_01-07-2022;Ямало-Ненецкий автономный округ;45_75_days;SputnikLite;2;0;0;0;0;0;0;0;2;0;0;0;222;49;4;0;39;19;3;0;261;68;7;0
2022.05_01-07-2022;Ямало-Ненецкий автономный округ;45_75_days;SputnikV;0;0;0;0;1;1;0;0;1;1;0;0;222;49;4;0;39;19;3;0;261;68;7;0
2022.05_01-07-2022;Ямало-Ненецкий автономный округ;75_90_days;AllVaccines;3;1;0;0;0;0;0;0;3;1;0;0;222;49;4;0;39;19;3;0;261;68;7;0
2022.05_01-07-2022;Ямало-Ненецкий автономный округ;75_90_days;SputnikLite;2;1;0;0;0;0;0;0;2;1;0;0;222;49;4;0;39;19;3;0;261;68;7;0
2022.05_01-07-2022;Ямало-Ненецкий автономный округ;75_90_days;SputnikV;1;0;0;0;0;0;0;0;1;0;0;0;222;49;4;0;39;19;3;0;261;68;7;0
2022.05_01-07-2022;Ямало-Ненецкий автономный округ;90_105_days;AllVaccines;2;0;0;0;0;0;0;0;2;0;0;0;222;49;4;0;39;19;3;0;261;68;7;0
2022.05_01-07-2022;Ямало-Ненецкий автономный округ;90_105_days;SputnikLite;2;0;0;0;0;0;0;0;2;0;0;0;222;49;4;0;39;19;3;0;261;68;7;0
2022.05_01-07-2022;Ярославская область;105_165_days;AllVaccines;96;6;0;0;98;23;1;3;194;29;1;3;906;96;11;8;779;289;67;45;1685;385;78;53
2022.05_01-07-2022;Ярославская область;105_165_days;CoviVac;2;0;0;0;2;0;0;0;4;0;0;0;906;96;11;8;779;289;67;45;1685;385;78;53
2022.05_01-07-2022;Ярославская область;105_165_days;EpiVacCorona;2;0;0;0;5;0;0;0;7;0;0;0;906;96;11;8;779;289;67;45;1685;385;78;53
2022.05_01-07-2022;Ярославская область;105_165_days;SputnikLite;49;3;0;0;51;12;0;1;100;15;0;1;906;96;11;8;779;289;67;45;1685;385;78;53
2022.05_01-07-2022;Ярославская область;105_165_days;SputnikV;43;3;0;0;40;11;1;2;83;14;1;2;906;96;11;8;779;289;67;45;1685;385;78;53
2022.05_01-07-2022;Ярославская область;165_195_days;AllVaccines;70;5;0;0;68;15;3;1;138;20;3;1;906;96;11;8;779;289;67;45;1685;385;78;53
2022.05_01-07-2022;Ярославская область;165_195_days;EpiVacCorona;1;0;0;0;0;0;0;0;1;0;0;0;906;96;11;8;779;289;67;45;1685;385;78;53
2022.05_01-07-2022;Ярославская область;165_195_days;SputnikLite;39;3;0;0;48;11;3;0;87;14;3;0;906;96;11;8;779;289;67;45;1685;385;78;53
2022.05_01-07-2022;Ярославская область;165_195_days;SputnikV;30;2;0;0;20;4;0;1;50;6;0;1;906;96;11;8;779;289;67;45;1685;385;78;53
2022.05_01-07-2022;Ярославская область;21_45_days;AllVaccines;4;0;0;0;4;1;0;0;8;1;0;0;906;96;11;8;779;289;67;45;1685;385;78;53
2022.05_01-07-2022;Ярославская область;21_45_days;SputnikLite;2;0;0;0;2;1;0;0;4;1;0;0;906;96;11;8;779;289;67;45;1685;385;78;53
2022.05_01-07-2022;Ярославская область;21_45_days;SputnikV;2;0;0;0;2;0;0;0;4;0;0;0;906;96;11;8;779;289;67;45;1685;385;78;53
2022.05_01-07-2022;Ярославская область;45_75_days;AllVaccines;5;1;0;0;4;2;0;0;9;3;0;0;906;96;11;8;779;289;67;45;1685;385;78;53
2022.05_01-07-2022;Ярославская область;45_75_days;SputnikLite;0;0;0;0;1;0;0;0;1;0;0;0;906;96;11;8;779;289;67;45;1685;385;78;53
2022.05_01-07-2022;Ярославская область;45_75_days;SputnikV;5;1;0;0;3;2;0;0;8;3;0;0;906;96;11;8;779;289;67;45;1685;385;78;53
2022.05_01-07-2022;Ярославская область;75_90_days;AllVaccines;9;1;0;0;6;2;2;0;15;3;2;0;906;96;11;8;779;289;67;45;1685;385;78;53
2022.05_01-07-2022;Ярославская область;75_90_days;EpiVacCorona;0;0;0;0;1;0;0;0;1;0;0;0;906;96;11;8;779;289;67;45;1685;385;78;53
2022.05_01-07-2022;Ярославская область;75_90_days;SputnikLite;4;1;0;0;1;0;0;0;5;1;0;0;906;96;11;8;779;289;67;45;1685;385;78;53
2022.05_01-07-2022;Ярославская область;75_90_days;SputnikV;5;0;0;0;4;2;2;0;9;2;2;0;906;96;11;8;779;289;67;45;1685;385;78;53
2022.05_01-07-2022;Ярославская область;90_105_days;AllVaccines;13;0;0;0;13;3;0;0;26;3;0;0;906;96;11;8;779;289;67;45;1685;385;78;53
2022.05_01-07-2022;Ярославская область;90_105_days;EpiVacCorona;2;0;0;0;1;0;0;0;3;0;0;0;906;96;11;8;779;289;67;45;1685;385;78;53
2022.05_01-07-2022;Ярославская область;90_105_days;SputnikLite;6;0;0;0;8;3;0;0;14;3;0;0;906;96;11;8;779;289;67;45;1685;385;78;53
2022.05_01-07-2022;Ярославская область;90_105_days;SputnikV;5;0;0;0;4;0;0;0;9;0;0;0;906;96;11;8;779;289;67;45;1685;385;78;53
2022.05_01-07-2022;г. Москва;105_165_days;AllVaccines;468;18;3;5;416;52;31;18;884;70;34;23;5400;288;137;59;3981;686;562;315;9381;974;699;374
2022.05_01-07-2022;г. Москва;105_165_days;CoviVac;19;1;0;0;2;0;0;0;21;1;0;0;5400;288;137;59;3981;686;562;315;9381;974;699;374
2022.05_01-07-2022;г. Москва;105_165_days;EpiVacCorona;2;0;0;0;1;0;0;0;3;0;0;0;5400;288;137;59;3981;686;562;315;9381;974;699;374
2022.05_01-07-2022;г. Москва;105_165_days;SputnikLite;216;9;0;4;247;30;15;11;463;39;15;15;5400;288;137;59;3981;686;562;315;9381;974;699;374
2022.05_01-07-2022;г. Москва;105_165_days;SputnikV;231;8;3;1;166;22;16;7;397;30;19;8;5400;288;137;59;3981;686;562;315;9381;974;699;374
2022.05_01-07-2022;г. Москва;165_195_days;AllVaccines;259;11;9;0;410;48;24;19;669;59;33;19;5400;288;137;59;3981;686;562;315;9381;974;699;374
2022.05_01-07-2022;г. Москва;165_195_days;CoviVac;14;0;0;0;3;1;0;1;17;1;0;1;5400;288;137;59;3981;686;562;315;9381;974;699;374
2022.05_01-07-2022;г. Москва;165_195_days;EpiVacCorona;2;0;0;0;1;0;0;0;3;0;0;0;5400;288;137;59;3981;686;562;315;9381;974;699;374
2022.05_01-07-2022;г. Москва;165_195_days;SputnikLite;95;5;3;0;209;28;9;9;304;33;12;9;5400;288;137;59;3981;686;562;315;9381;974;699;374
2022.05_01-07-2022;г. Москва;165_195_days;SputnikV;148;6;6;0;197;19;15;9;345;25;21;9;5400;288;137;59;3981;686;562;315;9381;974;699;374
2022.05_01-07-2022;г. Москва;21_45_days;AllVaccines;17;0;0;0;10;0;1;0;27;0;1;0;5400;288;137;59;3981;686;562;315;9381;974;699;374
2022.05_01-07-2022;г. Москва;21_45_days;CoviVac;1;0;0;0;0;0;0;0;1;0;0;0;5400;288;137;59;3981;686;562;315;9381;974;699;374
2022.05_01-07-2022;г. Москва;21_45_days;SputnikLite;2;0;0;0;2;0;0;0;4;0;0;0;5400;288;137;59;3981;686;562;315;9381;974;699;374
2022.05_01-07-2022;г. Москва;21_45_days;SputnikV;14;0;0;0;8;0;1;0;22;0;1;0;5400;288;137;59;3981;686;562;315;9381;974;699;374
2022.05_01-07-2022;г. Москва;45_75_days;AllVaccines;28;1;0;1;36;7;2;4;64;8;2;5;5400;288;137;59;3981;686;562;315;9381;974;699;374
2022.05_01-07-2022;г. Москва;45_75_days;CoviVac;4;0;0;0;0;0;0;0;4;0;0;0;5400;288;137;59;3981;686;562;315;9381;974;699;374
2022.05_01-07-2022;г. Москва;45_75_days;SputnikLite;5;0;0;0;10;3;0;1;15;3;0;1;5400;288;137;59;3981;686;562;315;9381;974;699;374
2022.05_01-07-2022;г. Москва;45_75_days;SputnikV;19;1;0;1;26;4;2;3;45;5;2;4;5400;288;137;59;3981;686;562;315;9381;974;699;374
2022.05_01-07-2022;г. Москва;75_90_days;AllVaccines;49;3;1;1;49;9;6;2;98;12;7;3;5400;288;137;59;3981;686;562;315;9381;974;699;374
2022.05_01-07-2022;г. Москва;75_90_days;CoviVac;3;1;1;1;1;0;0;0;4;1;1;1;5400;288;137;59;3981;686;562;315;9381;974;699;374
2022.05_01-07-2022;г. Москва;75_90_days;SputnikLite;16;2;0;0;21;4;3;0;37;6;3;0;5400;288;137;59;3981;686;562;315;9381;974;699;374
2022.05_01-07-2022;г. Москва;75_90_days;SputnikV;30;0;0;0;27;5;3;2;57;5;3;2;5400;288;137;59;3981;686;562;315;9381;974;699;374
2022.05_01-07-2022;г. Москва;90_105_days;AllVaccines;100;6;1;1;43;5;0;5;143;11;1;6;5400;288;137;59;3981;686;562;315;9381;974;699;374
2022.05_01-07-2022;г. Москва;90_105_days;CoviVac;2;0;0;0;0;0;0;0;2;0;0;0;5400;288;137;59;3981;686;562;315;9381;974;699;374
2022.05_01-07-2022;г. Москва;90_105_days;SputnikLite;53;3;1;0;28;4;0;5;81;7;1;5;5400;288;137;59;3981;686;562;315;9381;974;699;374
2022.05_01-07-2022;г. Москва;90_105_days;SputnikV;45;3;0;1;15;1;0;0;60;4;0;1;5400;288;137;59;3981;686;562;315;9381;974;699;374
2022.05_01-07-2022;г. Санкт-Петербург;105_165_days;AllVaccines;507;62;8;4;448;155;31;14;955;217;39;18;3910;728;123;44;3287;1454;434;278;7197;2182;557;322
2022.05_01-07-2022;г. Санкт-Петербург;105_165_days;CoviVac;3;0;0;0;1;0;0;0;4;0;0;0;3910;728;123;44;3287;1454;434;278;7197;2182;557;322
2022.05_01-07-2022;г. Санкт-Петербург;105_165_days;EpiVacCorona;9;0;0;0;9;5;0;0;18;5;0;0;3910;728;123;44;3287;1454;434;278;7197;2182;557;322
2022.05_01-07-2022;г. Санкт-Петербург;105_165_days;SputnikLite;205;22;2;2;252;79;14;9;457;101;16;11;3910;728;123;44;3287;1454;434;278;7197;2182;557;322
2022.05_01-07-2022;г. Санкт-Петербург;105_165_days;SputnikV;290;40;6;2;186;71;17;5;476;111;23;7;3910;728;123;44;3287;1454;434;278;7197;2182;557;322
2022.05_01-07-2022;г. Санкт-Петербург;165_195_days;AllVaccines;240;32;8;2;305;104;24;20;545;136;32;22;3910;728;123;44;3287;1454;434;278;7197;2182;557;322
2022.05_01-07-2022;г. Санкт-Петербург;165_195_days;CoviVac;5;1;0;0;2;0;0;0;7;1;0;0;3910;728;123;44;3287;1454;434;278;7197;2182;557;322
2022.05_01-07-2022;г. Санкт-Петербург;165_195_days;EpiVacCorona;4;0;0;0;5;2;2;1;9;2;2;1;3910;728;123;44;3287;1454;434;278;7197;2182;557;322
2022.05_01-07-2022;г. Санкт-Петербург;165_195_days;SputnikLite;99;19;5;2;165;54;13;13;264;73;18;15;3910;728;123;44;3287;1454;434;278;7197;2182;557;322
2022.05_01-07-2022;г. Санкт-Петербург;165_195_days;SputnikV;132;12;3;0;133;48;9;6;265;60;12;6;3910;728;123;44;3287;1454;434;278;7197;2182;557;322
2022.05_01-07-2022;г. Санкт-Петербург;21_45_days;AllVaccines;14;2;1;0;15;5;2;0;29;7;3;0;3910;728;123;44;3287;1454;434;278;7197;2182;557;322
2022.05_01-07-2022;г. Санкт-Петербург;21_45_days;CoviVac;2;0;0;0;0;0;0;0;2;0;0;0;3910;728;123;44;3287;1454;434;278;7197;2182;557;322
2022.05_01-07-2022;г. Санкт-Петербург;21_45_days;SputnikLite;7;1;1;0;5;1;1;0;12;2;2;0;3910;728;123;44;3287;1454;434;278;7197;2182;557;322
2022.05_01-07-2022;г. Санкт-Петербург;21_45_days;SputnikV;5;1;0;0;10;4;1;0;15;5;1;0;3910;728;123;44;3287;1454;434;278;7197;2182;557;322
2022.05_01-07-2022;г. Санкт-Петербург;45_75_days;AllVaccines;50;2;0;0;41;14;1;1;91;16;1;1;3910;728;123;44;3287;1454;434;278;7197;2182;557;322
2022.05_01-07-2022;г. Санкт-Петербург;45_75_days;CoviVac;1;0;0;0;0;0;0;0;1;0;0;0;3910;728;123;44;3287;1454;434;278;7197;2182;557;322
2022.05_01-07-2022;г. Санкт-Петербург;45_75_days;EpiVacCorona;2;0;0;0;1;1;0;0;3;1;0;0;3910;728;123;44;3287;1454;434;278;7197;2182;557;322
2022.05_01-07-2022;г. Санкт-Петербург;45_75_days;SputnikLite;19;2;0;0;12;3;0;0;31;5;0;0;3910;728;123;44;3287;1454;434;278;7197;2182;557;322
2022.05_01-07-2022;г. Санкт-Петербург;45_75_days;SputnikV;28;0;0;0;28;10;1;1;56;10;1;1;3910;728;123;44;3287;1454;434;278;7197;2182;557;322
2022.05_01-07-2022;г. Санкт-Петербург;75_90_days;AllVaccines;35;6;0;0;24;10;4;2;59;16;4;2;3910;728;123;44;3287;1454;434;278;7197;2182;557;322
2022.05_01-07-2022;г. Санкт-Петербург;75_90_days;CoviVac;1;0;0;0;0;0;0;0;1;0;0;0;3910;728;123;44;3287;1454;434;278;7197;2182;557;322
2022.05_01-07-2022;г. Санкт-Петербург;75_90_days;EpiVacCorona;1;0;0;0;0;0;0;0;1;0;0;0;3910;728;123;44;3287;1454;434;278;7197;2182;557;322
2022.05_01-07-2022;г. Санкт-Петербург;75_90_days;SputnikLite;10;1;0;0;10;4;2;1;20;5;2;1;3910;728;123;44;3287;1454;434;278;7197;2182;557;322
2022.05_01-07-2022;г. Санкт-Петербург;75_90_days;SputnikV;23;5;0;0;14;6;2;1;37;11;2;1;3910;728;123;44;3287;1454;434;278;7197;2182;557;322
2022.05_01-07-2022;г. Санкт-Петербург;90_105_days;AllVaccines;50;6;2;1;51;22;7;2;101;28;9;3;3910;728;123;44;3287;1454;434;278;7197;2182;557;322
2022.05_01-07-2022;г. Санкт-Петербург;90_105_days;CoviVac;4;1;0;0;0;0;0;0;4;1;0;0;3910;728;123;44;3287;1454;434;278;7197;2182;557;322
2022.05_01-07-2022;г. Санкт-Петербург;90_105_days;EpiVacCorona;1;0;0;0;1;1;0;0;2;1;0;0;3910;728;123;44;3287;1454;434;278;7197;2182;557;322
2022.05_01-07-2022;г. Санкт-Петербург;90_105_days;SputnikLite;16;1;0;0;26;11;5;2;42;12;5;2;3910;728;123;44;3287;1454;434;278;7197;2182;557;322
2022.05_01-07-2022;г. Санкт-Петербург;90_105_days;SputnikV;29;4;2;1;24;10;2;0;53;14;4;1;3910;728;123;44;3287;1454;434;278;7197;2182;557;322
2022.05_01-07-2022;г. Севастополь;105_165_days;AllVaccines;28;5;0;0;42;19;4;2;70;24;4;2;247;62;7;3;325;147;45;25;572;209;52;28
2022.05_01-07-2022;г. Севастополь;105_165_days;EpiVacCorona;0;0;0;0;1;0;0;0;1;0;0;0;247;62;7;3;325;147;45;25;572;209;52;28
2022.05_01-07-2022;г. Севастополь;105_165_days;SputnikLite;16;3;0;0;30;11;2;2;46;14;2;2;247;62;7;3;325;147;45;25;572;209;52;28
2022.05_01-07-2022;г. Севастополь;105_165_days;SputnikV;12;2;0;0;11;8;2;0;23;10;2;0;247;62;7;3;325;147;45;25;572;209;52;28
2022.05_01-07-2022;г. Севастополь;165_195_days;AllVaccines;34;6;0;0;25;10;2;0;59;16;2;0;247;62;7;3;325;147;45;25;572;209;52;28
2022.05_01-07-2022;г. Севастополь;165_195_days;EpiVacCorona;2;1;0;0;1;1;0;0;3;2;0;0;247;62;7;3;325;147;45;25;572;209;52;28
2022.05_01-07-2022;г. Севастополь;165_195_days;SputnikLite;7;1;0;0;17;6;2;0;24;7;2;0;247;62;7;3;325;147;45;25;572;209;52;28
2022.05_01-07-2022;г. Севастополь;165_195_days;SputnikV;25;4;0;0;7;3;0;0;32;7;0;0;247;62;7;3;325;147;45;25;572;209;52;28
2022.05_01-07-2022;г. Севастополь;21_45_days;AllVaccines;5;0;0;0;4;0;0;0;9;0;0;0;247;62;7;3;325;147;45;25;572;209;52;28
2022.05_01-07-2022;г. Севастополь;21_45_days;SputnikLite;4;0;0;0;4;0;0;0;8;0;0;0;247;62;7;3;325;147;45;25;572;209;52;28
2022.05_01-07-2022;г. Севастополь;21_45_days;SputnikV;1;0;0;0;0;0;0;0;1;0;0;0;247;62;7;3;325;147;45;25;572;209;52;28
2022.05_01-07-2022;г. Севастополь;45_75_days;AllVaccines;1;0;0;0;3;0;0;0;4;0;0;0;247;62;7;3;325;147;45;25;572;209;52;28
2022.05_01-07-2022;г. Севастополь;45_75_days;SputnikLite;1;0;0;0;2;0;0;0;3;0;0;0;247;62;7;3;325;147;45;25;572;209;52;28
2022.05_01-07-2022;г. Севастополь;45_75_days;SputnikV;0;0;0;0;1;0;0;0;1;0;0;0;247;62;7;3;325;147;45;25;572;209;52;28
2022.05_01-07-2022;г. Севастополь;75_90_days;AllVaccines;3;0;0;0;3;1;0;0;6;1;0;0;247;62;7;3;325;147;45;25;572;209;52;28
2022.05_01-07-2022;г. Севастополь;75_90_days;SputnikLite;0;0;0;0;2;1;0;0;2;1;0;0;247;62;7;3;325;147;45;25;572;209;52;28
2022.05_01-07-2022;г. Севастополь;75_90_days;SputnikV;3;0;0;0;1;0;0;0;4;0;0;0;247;62;7;3;325;147;45;25;572;209;52;28
2022.05_01-07-2022;г. Севастополь;90_105_days;AllVaccines;10;3;0;0;4;1;0;0;14;4;0;0;247;62;7;3;325;147;45;25;572;209;52;28
2022.05_01-07-2022;г. Севастополь;90_105_days;SputnikLite;9;3;0;0;3;1;0;0;12;4;0;0;247;62;7;3;325;147;45;25;572;209;52;28
2022.05_01-07-2022;г. Севастополь;90_105_days;SputnikV;1;0;0;0;1;0;0;0;2;0;0;0;247;62;7;3;325;147;45;25;572;209;52;28
2022.06_18-07-2022;Алтайский край;105_165_days;AllVaccines;91;12;3;1;78;24;5;2;169;36;8;3;1058;159;41;14;871;365;110;49;1929;524;151;63
2022.06_18-07-2022;Алтайский край;105_165_days;CoviVac;0;0;0;0;1;0;0;0;1;0;0;0;1058;159;41;14;871;365;110;49;1929;524;151;63
2022.06_18-07-2022;Алтайский край;105_165_days;EpiVacCorona;1;0;0;0;1;1;0;0;2;1;0;0;1058;159;41;14;871;365;110;49;1929;524;151;63
2022.06_18-07-2022;Алтайский край;105_165_days;SputnikLite;64;7;1;0;46;15;3;1;110;22;4;1;1058;159;41;14;871;365;110;49;1929;524;151;63
2022.06_18-07-2022;Алтайский край;105_165_days;SputnikV;26;5;2;1;30;8;2;1;56;13;4;2;1058;159;41;14;871;365;110;49;1929;524;151;63
2022.06_18-07-2022;Алтайский край;165_195_days;AllVaccines;86;6;1;0;96;33;10;4;182;39;11;4;1058;159;41;14;871;365;110;49;1929;524;151;63
2022.06_18-07-2022;Алтайский край;165_195_days;CoviVac;6;0;0;0;0;0;0;0;6;0;0;0;1058;159;41;14;871;365;110;49;1929;524;151;63
2022.06_18-07-2022;Алтайский край;165_195_days;EpiVacCorona;6;1;0;0;4;3;2;0;10;4;2;0;1058;159;41;14;871;365;110;49;1929;524;151;63
2022.06_18-07-2022;Алтайский край;165_195_days;SputnikLite;29;3;0;0;47;17;5;1;76;20;5;1;1058;159;41;14;871;365;110;49;1929;524;151;63
2022.06_18-07-2022;Алтайский край;165_195_days;SputnikV;45;2;1;0;45;13;3;3;90;15;4;3;1058;159;41;14;871;365;110;49;1929;524;151;63
2022.06_18-07-2022;Алтайский край;21_45_days;AllVaccines;7;0;0;0;8;2;1;1;15;2;1;1;1058;159;41;14;871;365;110;49;1929;524;151;63
2022.06_18-07-2022;Алтайский край;21_45_days;EpiVacCorona;1;0;0;0;2;0;0;0;3;0;0;0;1058;159;41;14;871;365;110;49;1929;524;151;63
2022.06_18-07-2022;Алтайский край;21_45_days;SputnikLite;0;0;0;0;2;1;1;1;2;1;1;1;1058;159;41;14;871;365;110;49;1929;524;151;63
2022.06_18-07-2022;Алтайский край;21_45_days;SputnikV;6;0;0;0;4;1;0;0;10;1;0;0;1058;159;41;14;871;365;110;49;1929;524;151;63
2022.06_18-07-2022;Алтайский край;45_75_days;AllVaccines;12;1;0;0;10;4;1;0;22;5;1;0;1058;159;41;14;871;365;110;49;1929;524;151;63
2022.06_18-07-2022;Алтайский край;45_75_days;CoviVac;2;0;0;0;0;0;0;0;2;0;0;0;1058;159;41;14;871;365;110;49;1929;524;151;63
2022.06_18-07-2022;Алтайский край;45_75_days;EpiVacCorona;3;0;0;0;3;2;0;0;6;2;0;0;1058;159;41;14;871;365;110;49;1929;524;151;63
2022.06_18-07-2022;Алтайский край;45_75_days;SputnikV;7;1;0;0;7;2;1;0;14;3;1;0;1058;159;41;14;871;365;110;49;1929;524;151;63
2022.06_18-07-2022;Алтайский край;75_90_days;AllVaccines;7;1;0;0;5;3;1;0;12;4;1;0;1058;159;41;14;871;365;110;49;1929;524;151;63
2022.06_18-07-2022;Алтайский край;75_90_days;EpiVacCorona;0;0;0;0;2;1;0;0;2;1;0;0;1058;159;41;14;871;365;110;49;1929;524;151;63
2022.06_18-07-2022;Алтайский край;75_90_days;SputnikLite;1;0;0;0;0;0;0;0;1;0;0;0;1058;159;41;14;871;365;110;49;1929;524;151;63
2022.06_18-07-2022;Алтайский край;75_90_days;SputnikV;6;1;0;0;3;2;1;0;9;3;1;0;1058;159;41;14;871;365;110;49;1929;524;151;63
2022.06_18-07-2022;Алтайский край;90_105_days;AllVaccines;11;1;0;0;6;3;0;0;17;4;0;0;1058;159;41;14;871;365;110;49;1929;524;151;63
2022.06_18-07-2022;Алтайский край;90_105_days;EpiVacCorona;3;0;0;0;1;0;0;0;4;0;0;0;1058;159;41;14;871;365;110;49;1929;524;151;63
2022.06_18-07-2022;Алтайский край;90_105_days;SputnikLite;4;1;0;0;3;1;0;0;7;2;0;0;1058;159;41;14;871;365;110;49;1929;524;151;63
2022.06_18-07-2022;Алтайский край;90_105_days;SputnikV;4;0;0;0;2;2;0;0;6;2;0;0;1058;159;41;14;871;365;110;49;1929;524;151;63
2022.06_18-07-2022;Амурская область;105_165_days;AllVaccines;25;9;2;0;16;3;0;0;41;12;2;0;340;67;12;1;196;104;40;10;536;171;52;11
2022.06_18-07-2022;Амурская область;105_165_days;EpiVacCorona;2;1;0;0;1;0;0;0;3;1;0;0;340;67;12;1;196;104;40;10;536;171;52;11
2022.06_18-07-2022;Амурская область;105_165_days;SputnikLite;12;3;0;0;7;2;0;0;19;5;0;0;340;67;12;1;196;104;40;10;536;171;52;11
2022.06_18-07-2022;Амурская область;105_165_days;SputnikV;11;5;2;0;8;1;0;0;19;6;2;0;340;67;12;1;196;104;40;10;536;171;52;11
2022.06_18-07-2022;Амурская область;165_195_days;AllVaccines;24;5;1;0;16;10;1;1;40;15;2;1;340;67;12;1;196;104;40;10;536;171;52;11
2022.06_18-07-2022;Амурская область;165_195_days;EpiVacCorona;5;1;1;0;0;0;0;0;5;1;1;0;340;67;12;1;196;104;40;10;536;171;52;11
2022.06_18-07-2022;Амурская область;165_195_days;SputnikLite;5;1;0;0;8;5;1;1;13;6;1;1;340;67;12;1;196;104;40;10;536;171;52;11
2022.06_18-07-2022;Амурская область;165_195_days;SputnikV;14;3;0;0;8;5;0;0;22;8;0;0;340;67;12;1;196;104;40;10;536;171;52;11
2022.06_18-07-2022;Амурская область;21_45_days;AllVaccines;4;0;0;0;2;1;1;1;6;1;1;1;340;67;12;1;196;104;40;10;536;171;52;11
2022.06_18-07-2022;Амурская область;21_45_days;SputnikV;4;0;0;0;2;1;1;1;6;1;1;1;340;67;12;1;196;104;40;10;536;171;52;11
2022.06_18-07-2022;Амурская область;45_75_days;AllVaccines;2;0;0;0;2;0;0;0;4;0;0;0;340;67;12;1;196;104;40;10;536;171;52;11
2022.06_18-07-2022;Амурская область;45_75_days;SputnikLite;1;0;0;0;0;0;0;0;1;0;0;0;340;67;12;1;196;104;40;10;536;171;52;11
2022.06_18-07-2022;Амурская область;45_75_days;SputnikV;1;0;0;0;2;0;0;0;3;0;0;0;340;67;12;1;196;104;40;10;536;171;52;11
2022.06_18-07-2022;Амурская область;75_90_days;AllVaccines;1;0;0;0;5;1;0;0;6;1;0;0;340;67;12;1;196;104;40;10;536;171;52;11
2022.06_18-07-2022;Амурская область;75_90_days;EpiVacCorona;0;0;0;0;1;0;0;0;1;0;0;0;340;67;12;1;196;104;40;10;536;171;52;11
2022.06_18-07-2022;Амурская область;75_90_days;SputnikLite;0;0;0;0;2;1;0;0;2;1;0;0;340;67;12;1;196;104;40;10;536;171;52;11
2022.06_18-07-2022;Амурская область;75_90_days;SputnikV;1;0;0;0;2;0;0;0;3;0;0;0;340;67;12;1;196;104;40;10;536;171;52;11
2022.06_18-07-2022;Амурская область;90_105_days;AllVaccines;4;3;0;0;0;0;0;0;4;3;0;0;340;67;12;1;196;104;40;10;536;171;52;11
2022.06_18-07-2022;Амурская область;90_105_days;EpiVacCorona;1;1;0;0;0;0;0;0;1;1;0;0;340;67;12;1;196;104;40;10;536;171;52;11
2022.06_18-07-2022;Амурская область;90_105_days;SputnikLite;1;1;0;0;0;0;0;0;1;1;0;0;340;67;12;1;196;104;40;10;536;171;52;11
2022.06_18-07-2022;Амурская область;90_105_days;SputnikV;2;1;0;0;0;0;0;0;2;1;0;0;340;67;12;1;196;104;40;10;536;171;52;11
2022.06_18-07-2022;Архангельская область;105_165_days;AllVaccines;47;6;1;0;39;19;5;4;86;25;6;4;908;203;42;14;624;328;94;38;1532;531;136;52
2022.06_18-07-2022;Архангельская область;105_165_days;CoviVac;2;0;0;0;0;0;0;0;2;0;0;0;908;203;42;14;624;328;94;38;1532;531;136;52
2022.06_18-07-2022;Архангельская область;105_165_days;EpiVacCorona;1;1;0;0;0;0;0;0;1;1;0;0;908;203;42;14;624;328;94;38;1532;531;136;52
2022.06_18-07-2022;Архангельская область;105_165_days;SputnikLite;25;3;0;0;26;11;2;1;51;14;2;1;908;203;42;14;624;328;94;38;1532;531;136;52
2022.06_18-07-2022;Архангельская область;105_165_days;SputnikV;19;2;1;0;13;8;3;3;32;10;4;3;908;203;42;14;624;328;94;38;1532;531;136;52
2022.06_18-07-2022;Архангельская область;165_195_days;AllVaccines;71;10;1;0;72;37;8;3;143;47;9;3;908;203;42;14;624;328;94;38;1532;531;136;52
2022.06_18-07-2022;Архангельская область;165_195_days;CoviVac;1;0;0;0;1;1;1;0;2;1;1;0;908;203;42;14;624;328;94;38;1532;531;136;52
2022.06_18-07-2022;Архангельская область;165_195_days;EpiVacCorona;6;1;0;0;3;1;0;0;9;2;0;0;908;203;42;14;624;328;94;38;1532;531;136;52
2022.06_18-07-2022;Архангельская область;165_195_days;SputnikLite;21;4;0;0;32;13;1;1;53;17;1;1;908;203;42;14;624;328;94;38;1532;531;136;52
2022.06_18-07-2022;Архангельская область;165_195_days;SputnikV;43;5;1;0;36;22;6;2;79;27;7;2;908;203;42;14;624;328;94;38;1532;531;136;52
2022.06_18-07-2022;Архангельская область;21_45_days;AllVaccines;3;1;1;0;5;5;1;0;8;6;2;0;908;203;42;14;624;328;94;38;1532;531;136;52
2022.06_18-07-2022;Архангельская область;21_45_days;CoviVac;1;0;0;0;0;0;0;0;1;0;0;0;908;203;42;14;624;328;94;38;1532;531;136;52
2022.06_18-07-2022;Архангельская область;21_45_days;SputnikLite;0;0;0;0;1;1;0;0;1;1;0;0;908;203;42;14;624;328;94;38;1532;531;136;52
2022.06_18-07-2022;Архангельская область;21_45_days;SputnikV;2;1;1;0;4;4;1;0;6;5;2;0;908;203;42;14;624;328;94;38;1532;531;136;52
2022.06_18-07-2022;Архангельская область;45_75_days;AllVaccines;7;2;1;0;8;2;0;0;15;4;1;0;908;203;42;14;624;328;94;38;1532;531;136;52
2022.06_18-07-2022;Архангельская область;45_75_days;EpiVacCorona;0;0;0;0;1;0;0;0;1;0;0;0;908;203;42;14;624;328;94;38;1532;531;136;52
2022.06_18-07-2022;Архангельская область;45_75_days;SputnikLite;1;0;0;0;3;1;0;0;4;1;0;0;908;203;42;14;624;328;94;38;1532;531;136;52
2022.06_18-07-2022;Архангельская область;45_75_days;SputnikV;6;2;1;0;4;1;0;0;10;3;1;0;908;203;42;14;624;328;94;38;1532;531;136;52
2022.06_18-07-2022;Архангельская область;75_90_days;AllVaccines;2;2;0;0;5;2;0;0;7;4;0;0;908;203;42;14;624;328;94;38;1532;531;136;52
2022.06_18-07-2022;Архангельская область;75_90_days;EpiVacCorona;1;1;0;0;0;0;0;0;1;1;0;0;908;203;42;14;624;328;94;38;1532;531;136;52
2022.06_18-07-2022;Архангельская область;75_90_days;SputnikV;1;1;0;0;5;2;0;0;6;3;0;0;908;203;42;14;624;328;94;38;1532;531;136;52
2022.06_18-07-2022;Архангельская область;90_105_days;AllVaccines;3;0;0;0;3;1;0;0;6;1;0;0;908;203;42;14;624;328;94;38;1532;531;136;52
2022.06_18-07-2022;Архангельская область;90_105_days;EpiVacCorona;0;0;0;0;1;1;0;0;1;1;0;0;908;203;42;14;624;328;94;38;1532;531;136;52
2022.06_18-07-2022;Архангельская область;90_105_days;SputnikLite;1;0;0;0;1;0;0;0;2;0;0;0;908;203;42;14;624;328;94;38;1532;531;136;52
2022.06_18-07-2022;Архангельская область;90_105_days;SputnikV;2;0;0;0;1;0;0;0;3;0;0;0;908;203;42;14;624;328;94;38;1532;531;136;52
2022.06_18-07-2022;Астраханская область;105_165_days;AllVaccines;48;4;0;0;35;13;0;0;83;17;0;0;739;127;13;6;447;149;27;19;1186;276;40;25
2022.06_18-07-2022;Астраханская область;105_165_days;EpiVacCorona;3;0;0;0;3;2;0;0;6;2;0;0;739;127;13;6;447;149;27;19;1186;276;40;25
2022.06_18-07-2022;Астраханская область;105_165_days;SputnikLite;30;2;0;0;18;5;0;0;48;7;0;0;739;127;13;6;447;149;27;19;1186;276;40;25
2022.06_18-07-2022;Астраханская область;105_165_days;SputnikV;15;2;0;0;14;6;0;0;29;8;0;0;739;127;13;6;447;149;27;19;1186;276;40;25
2022.06_18-07-2022;Астраханская область;165_195_days;AllVaccines;62;10;2;0;33;6;0;0;95;16;2;0;739;127;13;6;447;149;27;19;1186;276;40;25
2022.06_18-07-2022;Астраханская область;165_195_days;EpiVacCorona;4;2;1;0;1;0;0;0;5;2;1;0;739;127;13;6;447;149;27;19;1186;276;40;25
2022.06_18-07-2022;Астраханская область;165_195_days;SputnikLite;18;1;0;0;19;3;0;0;37;4;0;0;739;127;13;6;447;149;27;19;1186;276;40;25
2022.06_18-07-2022;Астраханская область;165_195_days;SputnikV;40;7;1;0;13;3;0;0;53;10;1;0;739;127;13;6;447;149;27;19;1186;276;40;25
2022.06_18-07-2022;Астраханская область;21_45_days;AllVaccines;4;0;0;0;0;0;0;0;4;0;0;0;739;127;13;6;447;149;27;19;1186;276;40;25
2022.06_18-07-2022;Астраханская область;21_45_days;SputnikLite;1;0;0;0;0;0;0;0;1;0;0;0;739;127;13;6;447;149;27;19;1186;276;40;25
2022.06_18-07-2022;Астраханская область;21_45_days;SputnikV;3;0;0;0;0;0;0;0;3;0;0;0;739;127;13;6;447;149;27;19;1186;276;40;25
2022.06_18-07-2022;Астраханская область;45_75_days;AllVaccines;8;0;0;0;5;2;0;0;13;2;0;0;739;127;13;6;447;149;27;19;1186;276;40;25
2022.06_18-07-2022;Астраханская область;45_75_days;SputnikLite;5;0;0;0;4;2;0;0;9;2;0;0;739;127;13;6;447;149;27;19;1186;276;40;25
2022.06_18-07-2022;Астраханская область;45_75_days;SputnikV;3;0;0;0;1;0;0;0;4;0;0;0;739;127;13;6;447;149;27;19;1186;276;40;25
2022.06_18-07-2022;Астраханская область;75_90_days;AllVaccines;7;2;0;0;7;1;0;0;14;3;0;0;739;127;13;6;447;149;27;19;1186;276;40;25
2022.06_18-07-2022;Астраханская область;75_90_days;SputnikLite;2;0;0;0;5;0;0;0;7;0;0;0;739;127;13;6;447;149;27;19;1186;276;40;25
2022.06_18-07-2022;Астраханская область;75_90_days;SputnikV;5;2;0;0;2;1;0;0;7;3;0;0;739;127;13;6;447;149;27;19;1186;276;40;25
2022.06_18-07-2022;Астраханская область;90_105_days;AllVaccines;4;0;0;0;4;0;0;0;8;0;0;0;739;127;13;6;447;149;27;19;1186;276;40;25
2022.06_18-07-2022;Астраханская область;90_105_days;SputnikLite;2;0;0;0;3;0;0;0;5;0;0;0;739;127;13;6;447;149;27;19;1186;276;40;25
2022.06_18-07-2022;Астраханская область;90_105_days;SputnikV;2;0;0;0;1;0;0;0;3;0;0;0;739;127;13;6;447;149;27;19;1186;276;40;25
2022.06_18-07-2022;Белгородская область;105_165_days;AllVaccines;43;3;0;0;21;4;0;1;64;7;0;1;340;37;3;2;362;107;34;15;702;144;37;17
2022.06_18-07-2022;Белгородская область;105_165_days;CoviVac;2;0;0;0;0;0;0;0;2;0;0;0;340;37;3;2;362;107;34;15;702;144;37;17
2022.06_18-07-2022;Белгородская область;105_165_days;SputnikLite;32;2;0;0;17;3;0;1;49;5;0;1;340;37;3;2;362;107;34;15;702;144;37;17
2022.06_18-07-2022;Белгородская область;105_165_days;SputnikV;9;1;0;0;4;1;0;0;13;2;0;0;340;37;3;2;362;107;34;15;702;144;37;17
2022.06_18-07-2022;Белгородская область;165_195_days;AllVaccines;35;9;1;1;22;2;1;1;57;11;2;2;340;37;3;2;362;107;34;15;702;144;37;17
2022.06_18-07-2022;Белгородская область;165_195_days;EpiVacCorona;2;1;0;0;0;0;0;0;2;1;0;0;340;37;3;2;362;107;34;15;702;144;37;17
2022.06_18-07-2022;Белгородская область;165_195_days;SputnikLite;13;1;0;0;12;1;0;0;25;2;0;0;340;37;3;2;362;107;34;15;702;144;37;17
2022.06_18-07-2022;Белгородская область;165_195_days;SputnikV;20;7;1;1;10;1;1;1;30;8;2;2;340;37;3;2;362;107;34;15;702;144;37;17
2022.06_18-07-2022;Белгородская область;21_45_days;AllVaccines;1;1;0;0;1;0;0;0;2;1;0;0;340;37;3;2;362;107;34;15;702;144;37;17
2022.06_18-07-2022;Белгородская область;21_45_days;SputnikV;1;1;0;0;1;0;0;0;2;1;0;0;340;37;3;2;362;107;34;15;702;144;37;17
2022.06_18-07-2022;Белгородская область;45_75_days;AllVaccines;2;0;0;0;4;0;0;0;6;0;0;0;340;37;3;2;362;107;34;15;702;144;37;17
2022.06_18-07-2022;Белгородская область;45_75_days;CoviVac;0;0;0;0;2;0;0;0;2;0;0;0;340;37;3;2;362;107;34;15;702;144;37;17
2022.06_18-07-2022;Белгородская область;45_75_days;SputnikV;2;0;0;0;2;0;0;0;4;0;0;0;340;37;3;2;362;107;34;15;702;144;37;17
2022.06_18-07-2022;Белгородская область;75_90_days;AllVaccines;1;0;0;0;5;3;1;0;6;3;1;0;340;37;3;2;362;107;34;15;702;144;37;17
2022.06_18-07-2022;Белгородская область;75_90_days;EpiVacCorona;0;0;0;0;2;1;0;0;2;1;0;0;340;37;3;2;362;107;34;15;702;144;37;17
2022.06_18-07-2022;Белгородская область;75_90_days;SputnikLite;0;0;0;0;1;1;0;0;1;1;0;0;340;37;3;2;362;107;34;15;702;144;37;17
2022.06_18-07-2022;Белгородская область;75_90_days;SputnikV;1;0;0;0;2;1;1;0;3;1;1;0;340;37;3;2;362;107;34;15;702;144;37;17
2022.06_18-07-2022;Белгородская область;90_105_days;AllVaccines;6;0;0;0;2;1;0;0;8;1;0;0;340;37;3;2;362;107;34;15;702;144;37;17
2022.06_18-07-2022;Белгородская область;90_105_days;CoviVac;1;0;0;0;0;0;0;0;1;0;0;0;340;37;3;2;362;107;34;15;702;144;37;17
2022.06_18-07-2022;Белгородская область;90_105_days;SputnikLite;2;0;0;0;2;1;0;0;4;1;0;0;340;37;3;2;362;107;34;15;702;144;37;17
2022.06_18-07-2022;Белгородская область;90_105_days;SputnikV;3;0;0;0;0;0;0;0;3;0;0;0;340;37;3;2;362;107;34;15;702;144;37;17
2022.06_18-07-2022;Брянская область;105_165_days;AllVaccines;19;2;0;0;19;5;2;1;38;7;2;1;189;20;2;2;212;56;12;7;401;76;14;9
2022.06_18-07-2022;Брянская область;105_165_days;EpiVacCorona;1;0;0;0;1;0;0;0;2;0;0;0;189;20;2;2;212;56;12;7;401;76;14;9
2022.06_18-07-2022;Брянская область;105_165_days;SputnikLite;12;2;0;0;11;3;1;0;23;5;1;0;189;20;2;2;212;56;12;7;401;76;14;9
2022.06_18-07-2022;Брянская область;105_165_days;SputnikV;6;0;0;0;7;2;1;1;13;2;1;1;189;20;2;2;212;56;12;7;401;76;14;9
2022.06_18-07-2022;Брянская область;165_195_days;AllVaccines;16;6;0;0;13;0;0;0;29;6;0;0;189;20;2;2;212;56;12;7;401;76;14;9
2022.06_18-07-2022;Брянская область;165_195_days;CoviVac;1;0;0;0;1;0;0;0;2;0;0;0;189;20;2;2;212;56;12;7;401;76;14;9
2022.06_18-07-2022;Брянская область;165_195_days;EpiVacCorona;2;1;0;0;0;0;0;0;2;1;0;0;189;20;2;2;212;56;12;7;401;76;14;9
2022.06_18-07-2022;Брянская область;165_195_days;SputnikLite;1;0;0;0;4;0;0;0;5;0;0;0;189;20;2;2;212;56;12;7;401;76;14;9
2022.06_18-07-2022;Брянская область;165_195_days;SputnikV;12;5;0;0;8;0;0;0;20;5;0;0;189;20;2;2;212;56;12;7;401;76;14;9
2022.06_18-07-2022;Брянская область;21_45_days;AllVaccines;0;0;0;0;1;0;0;0;1;0;0;0;189;20;2;2;212;56;12;7;401;76;14;9
2022.06_18-07-2022;Брянская область;21_45_days;SputnikLite;0;0;0;0;1;0;0;0;1;0;0;0;189;20;2;2;212;56;12;7;401;76;14;9
2022.06_18-07-2022;Брянская область;45_75_days;AllVaccines;1;0;0;0;2;0;0;0;3;0;0;0;189;20;2;2;212;56;12;7;401;76;14;9
2022.06_18-07-2022;Брянская область;45_75_days;SputnikLite;1;0;0;0;0;0;0;0;1;0;0;0;189;20;2;2;212;56;12;7;401;76;14;9
2022.06_18-07-2022;Брянская область;45_75_days;SputnikV;0;0;0;0;2;0;0;0;2;0;0;0;189;20;2;2;212;56;12;7;401;76;14;9
2022.06_18-07-2022;Брянская область;75_90_days;AllVaccines;1;0;0;0;0;0;0;0;1;0;0;0;189;20;2;2;212;56;12;7;401;76;14;9
2022.06_18-07-2022;Брянская область;75_90_days;SputnikV;1;0;0;0;0;0;0;0;1;0;0;0;189;20;2;2;212;56;12;7;401;76;14;9
2022.06_18-07-2022;Брянская область;90_105_days;AllVaccines;0;0;0;0;1;1;0;0;1;1;0;0;189;20;2;2;212;56;12;7;401;76;14;9
2022.06_18-07-2022;Брянская область;90_105_days;SputnikV;0;0;0;0;1;1;0;0;1;1;0;0;189;20;2;2;212;56;12;7;401;76;14;9
2022.06_18-07-2022;Владимирская область;105_165_days;AllVaccines;7;0;0;0;12;4;0;0;19;4;0;0;243;32;3;3;302;120;16;17;545;152;19;20
2022.06_18-07-2022;Владимирская область;105_165_days;SputnikLite;4;0;0;0;6;3;0;0;10;3;0;0;243;32;3;3;302;120;16;17;545;152;19;20
2022.06_18-07-2022;Владимирская область;105_165_days;SputnikV;3;0;0;0;6;1;0;0;9;1;0;0;243;32;3;3;302;120;16;17;545;152;19;20
2022.06_18-07-2022;Владимирская область;165_195_days;AllVaccines;14;1;0;0;19;6;0;0;33;7;0;0;243;32;3;3;302;120;16;17;545;152;19;20
2022.06_18-07-2022;Владимирская область;165_195_days;EpiVacCorona;1;0;0;0;3;3;0;0;4;3;0;0;243;32;3;3;302;120;16;17;545;152;19;20
2022.06_18-07-2022;Владимирская область;165_195_days;SputnikLite;5;1;0;0;7;2;0;0;12;3;0;0;243;32;3;3;302;120;16;17;545;152;19;20
2022.06_18-07-2022;Владимирская область;165_195_days;SputnikV;8;0;0;0;9;1;0;0;17;1;0;0;243;32;3;3;302;120;16;17;545;152;19;20
2022.06_18-07-2022;Владимирская область;21_45_days;AllVaccines;1;1;1;1;1;0;0;0;2;1;1;1;243;32;3;3;302;120;16;17;545;152;19;20
2022.06_18-07-2022;Владимирская область;21_45_days;EpiVacCorona;0;0;0;0;1;0;0;0;1;0;0;0;243;32;3;3;302;120;16;17;545;152;19;20
2022.06_18-07-2022;Владимирская область;21_45_days;SputnikLite;1;1;1;1;0;0;0;0;1;1;1;1;243;32;3;3;302;120;16;17;545;152;19;20
2022.06_18-07-2022;Владимирская область;45_75_days;AllVaccines;1;0;0;0;4;3;1;1;5;3;1;1;243;32;3;3;302;120;16;17;545;152;19;20
2022.06_18-07-2022;Владимирская область;45_75_days;SputnikV;1;0;0;0;4;3;1;1;5;3;1;1;243;32;3;3;302;120;16;17;545;152;19;20
2022.06_18-07-2022;Владимирская область;75_90_days;AllVaccines;1;1;0;0;3;0;0;0;4;1;0;0;243;32;3;3;302;120;16;17;545;152;19;20
2022.06_18-07-2022;Владимирская область;75_90_days;SputnikLite;1;1;0;0;0;0;0;0;1;1;0;0;243;32;3;3;302;120;16;17;545;152;19;20
2022.06_18-07-2022;Владимирская область;75_90_days;SputnikV;0;0;0;0;3;0;0;0;3;0;0;0;243;32;3;3;302;120;16;17;545;152;19;20
2022.06_18-07-2022;Волгоградская область;105_165_days;AllVaccines;253;15;4;0;148;38;14;3;401;53;18;3;2533;227;47;10;1540;502;183;51;4073;729;230;61
2022.06_18-07-2022;Волгоградская область;105_165_days;CoviVac;4;0;0;0;2;0;0;0;6;0;0;0;2533;227;47;10;1540;502;183;51;4073;729;230;61
2022.06_18-07-2022;Волгоградская область;105_165_days;EpiVacCorona;3;0;0;0;8;5;2;0;11;5;2;0;2533;227;47;10;1540;502;183;51;4073;729;230;61
2022.06_18-07-2022;Волгоградская область;105_165_days;SputnikLite;161;8;2;0;74;18;5;1;235;26;7;1;2533;227;47;10;1540;502;183;51;4073;729;230;61
2022.06_18-07-2022;Волгоградская область;105_165_days;SputnikV;85;7;2;0;64;15;7;2;149;22;9;2;2533;227;47;10;1540;502;183;51;4073;729;230;61
2022.06_18-07-2022;Волгоградская область;165_195_days;AllVaccines;243;16;4;1;182;62;23;4;425;78;27;5;2533;227;47;10;1540;502;183;51;4073;729;230;61
2022.06_18-07-2022;Волгоградская область;165_195_days;CoviVac;1;0;0;0;1;0;0;0;2;0;0;0;2533;227;47;10;1540;502;183;51;4073;729;230;61
2022.06_18-07-2022;Волгоградская область;165_195_days;EpiVacCorona;8;0;0;0;4;1;1;0;12;1;1;0;2533;227;47;10;1540;502;183;51;4073;729;230;61
2022.06_18-07-2022;Волгоградская область;165_195_days;SputnikLite;80;4;1;1;83;25;12;2;163;29;13;3;2533;227;47;10;1540;502;183;51;4073;729;230;61
2022.06_18-07-2022;Волгоградская область;165_195_days;SputnikV;154;12;3;0;94;36;10;2;248;48;13;2;2533;227;47;10;1540;502;183;51;4073;729;230;61
2022.06_18-07-2022;Волгоградская область;21_45_days;AllVaccines;11;2;0;0;8;1;0;0;19;3;0;0;2533;227;47;10;1540;502;183;51;4073;729;230;61
2022.06_18-07-2022;Волгоградская область;21_45_days;EpiVacCorona;1;0;0;0;0;0;0;0;1;0;0;0;2533;227;47;10;1540;502;183;51;4073;729;230;61
2022.06_18-07-2022;Волгоградская область;21_45_days;SputnikLite;2;1;0;0;1;0;0;0;3;1;0;0;2533;227;47;10;1540;502;183;51;4073;729;230;61
2022.06_18-07-2022;Волгоградская область;21_45_days;SputnikV;8;1;0;0;7;1;0;0;15;2;0;0;2533;227;47;10;1540;502;183;51;4073;729;230;61
2022.06_18-07-2022;Волгоградская область;45_75_days;AllVaccines;27;3;0;0;22;8;0;0;49;11;0;0;2533;227;47;10;1540;502;183;51;4073;729;230;61
2022.06_18-07-2022;Волгоградская область;45_75_days;CoviVac;4;0;0;0;0;0;0;0;4;0;0;0;2533;227;47;10;1540;502;183;51;4073;729;230;61
2022.06_18-07-2022;Волгоградская область;45_75_days;EpiVacCorona;0;0;0;0;4;2;0;0;4;2;0;0;2533;227;47;10;1540;502;183;51;4073;729;230;61
2022.06_18-07-2022;Волгоградская область;45_75_days;SputnikLite;6;1;0;0;3;1;0;0;9;2;0;0;2533;227;47;10;1540;502;183;51;4073;729;230;61
2022.06_18-07-2022;Волгоградская область;45_75_days;SputnikV;17;2;0;0;15;5;0;0;32;7;0;0;2533;227;47;10;1540;502;183;51;4073;729;230;61
2022.06_18-07-2022;Волгоградская область;75_90_days;AllVaccines;18;0;0;0;19;8;2;0;37;8;2;0;2533;227;47;10;1540;502;183;51;4073;729;230;61
2022.06_18-07-2022;Волгоградская область;75_90_days;CoviVac;0;0;0;0;2;0;0;0;2;0;0;0;2533;227;47;10;1540;502;183;51;4073;729;230;61
2022.06_18-07-2022;Волгоградская область;75_90_days;EpiVacCorona;0;0;0;0;2;1;0;0;2;1;0;0;2533;227;47;10;1540;502;183;51;4073;729;230;61
2022.06_18-07-2022;Волгоградская область;75_90_days;SputnikLite;0;0;0;0;2;1;1;0;2;1;1;0;2533;227;47;10;1540;502;183;51;4073;729;230;61
2022.06_18-07-2022;Волгоградская область;75_90_days;SputnikV;18;0;0;0;13;6;1;0;31;6;1;0;2533;227;47;10;1540;502;183;51;4073;729;230;61
2022.06_18-07-2022;Волгоградская область;90_105_days;AllVaccines;23;1;0;0;15;2;1;0;38;3;1;0;2533;227;47;10;1540;502;183;51;4073;729;230;61
2022.06_18-07-2022;Волгоградская область;90_105_days;CoviVac;2;0;0;0;0;0;0;0;2;0;0;0;2533;227;47;10;1540;502;183;51;4073;729;230;61
2022.06_18-07-2022;Волгоградская область;90_105_days;EpiVacCorona;2;0;0;0;1;0;0;0;3;0;0;0;2533;227;47;10;1540;502;183;51;4073;729;230;61
2022.06_18-07-2022;Волгоградская область;90_105_days;SputnikLite;6;0;0;0;4;1;0;0;10;1;0;0;2533;227;47;10;1540;502;183;51;4073;729;230;61
2022.06_18-07-2022;Волгоградская область;90_105_days;SputnikV;13;1;0;0;10;1;1;0;23;2;1;0;2533;227;47;10;1540;502;183;51;4073;729;230;61
2022.06_18-07-2022;Вологодская область;105_165_days;AllVaccines;60;4;1;0;35;9;2;0;95;13;3;0;996;86;15;7;500;151;34;21;1496;237;49;28
2022.06_18-07-2022;Вологодская область;105_165_days;CoviVac;2;0;0;0;1;0;0;0;3;0;0;0;996;86;15;7;500;151;34;21;1496;237;49;28
2022.06_18-07-2022;Вологодская область;105_165_days;EpiVacCorona;2;0;0;0;2;0;0;0;4;0;0;0;996;86;15;7;500;151;34;21;1496;237;49;28
2022.06_18-07-2022;Вологодская область;105_165_days;SputnikLite;20;1;1;0;15;2;0;0;35;3;1;0;996;86;15;7;500;151;34;21;1496;237;49;28
2022.06_18-07-2022;Вологодская область;105_165_days;SputnikV;36;3;0;0;17;7;2;0;53;10;2;0;996;86;15;7;500;151;34;21;1496;237;49;28
2022.06_18-07-2022;Вологодская область;165_195_days;AllVaccines;105;9;2;0;50;14;5;2;155;23;7;2;996;86;15;7;500;151;34;21;1496;237;49;28
2022.06_18-07-2022;Вологодская область;165_195_days;CoviVac;4;0;0;0;0;0;0;0;4;0;0;0;996;86;15;7;500;151;34;21;1496;237;49;28
2022.06_18-07-2022;Вологодская область;165_195_days;EpiVacCorona;3;1;1;0;4;1;1;0;7;2;2;0;996;86;15;7;500;151;34;21;1496;237;49;28
2022.06_18-07-2022;Вологодская область;165_195_days;SputnikLite;13;0;0;0;17;3;1;1;30;3;1;1;996;86;15;7;500;151;34;21;1496;237;49;28
2022.06_18-07-2022;Вологодская область;165_195_days;SputnikV;85;8;1;0;29;10;3;1;114;18;4;1;996;86;15;7;500;151;34;21;1496;237;49;28
2022.06_18-07-2022;Вологодская область;21_45_days;AllVaccines;5;0;0;0;1;0;0;0;6;0;0;0;996;86;15;7;500;151;34;21;1496;237;49;28
2022.06_18-07-2022;Вологодская область;21_45_days;EpiVacCorona;1;0;0;0;0;0;0;0;1;0;0;0;996;86;15;7;500;151;34;21;1496;237;49;28
2022.06_18-07-2022;Вологодская область;21_45_days;SputnikV;4;0;0;0;1;0;0;0;5;0;0;0;996;86;15;7;500;151;34;21;1496;237;49;28
2022.06_18-07-2022;Вологодская область;45_75_days;AllVaccines;4;0;0;0;5;1;0;0;9;1;0;0;996;86;15;7;500;151;34;21;1496;237;49;28
2022.06_18-07-2022;Вологодская область;45_75_days;EpiVacCorona;0;0;0;0;1;0;0;0;1;0;0;0;996;86;15;7;500;151;34;21;1496;237;49;28
2022.06_18-07-2022;Вологодская область;45_75_days;SputnikLite;1;0;0;0;0;0;0;0;1;0;0;0;996;86;15;7;500;151;34;21;1496;237;49;28
2022.06_18-07-2022;Вологодская область;45_75_days;SputnikV;3;0;0;0;4;1;0;0;7;1;0;0;996;86;15;7;500;151;34;21;1496;237;49;28
2022.06_18-07-2022;Вологодская область;75_90_days;AllVaccines;6;0;0;0;2;0;0;0;8;0;0;0;996;86;15;7;500;151;34;21;1496;237;49;28
2022.06_18-07-2022;Вологодская область;75_90_days;EpiVacCorona;2;0;0;0;0;0;0;0;2;0;0;0;996;86;15;7;500;151;34;21;1496;237;49;28
2022.06_18-07-2022;Вологодская область;75_90_days;SputnikLite;1;0;0;0;0;0;0;0;1;0;0;0;996;86;15;7;500;151;34;21;1496;237;49;28
2022.06_18-07-2022;Вологодская область;75_90_days;SputnikV;3;0;0;0;2;0;0;0;5;0;0;0;996;86;15;7;500;151;34;21;1496;237;49;28
2022.06_18-07-2022;Вологодская область;90_105_days;AllVaccines;6;0;0;0;7;3;0;0;13;3;0;0;996;86;15;7;500;151;34;21;1496;237;49;28
2022.06_18-07-2022;Вологодская область;90_105_days;EpiVacCorona;0;0;0;0;1;1;0;0;1;1;0;0;996;86;15;7;500;151;34;21;1496;237;49;28
2022.06_18-07-2022;Вологодская область;90_105_days;SputnikLite;1;0;0;0;0;0;0;0;1;0;0;0;996;86;15;7;500;151;34;21;1496;237;49;28
2022.06_18-07-2022;Вологодская область;90_105_days;SputnikV;5;0;0;0;6;2;0;0;11;2;0;0;996;86;15;7;500;151;34;21;1496;237;49;28
2022.06_18-07-2022;Воронежская область;105_165_days;AllVaccines;120;6;0;0;90;22;2;1;210;28;2;1;1862;136;17;5;1182;301;63;36;3044;437;80;41
2022.06_18-07-2022;Воронежская область;105_165_days;CoviVac;1;0;0;0;1;0;0;0;2;0;0;0;1862;136;17;5;1182;301;63;36;3044;437;80;41
2022.06_18-07-2022;Воронежская область;105_165_days;EpiVacCorona;4;0;0;0;3;0;0;1;7;0;0;1;1862;136;17;5;1182;301;63;36;3044;437;80;41
2022.06_18-07-2022;Воронежская область;105_165_days;SputnikLite;81;3;0;0;51;8;0;0;132;11;0;0;1862;136;17;5;1182;301;63;36;3044;437;80;41
2022.06_18-07-2022;Воронежская область;105_165_days;SputnikV;34;3;0;0;35;14;2;0;69;17;2;0;1862;136;17;5;1182;301;63;36;3044;437;80;41
2022.06_18-07-2022;Воронежская область;165_195_days;AllVaccines;124;9;2;0;89;20;6;3;213;29;8;3;1862;136;17;5;1182;301;63;36;3044;437;80;41
2022.06_18-07-2022;Воронежская область;165_195_days;CoviVac;1;0;0;0;1;0;0;0;2;0;0;0;1862;136;17;5;1182;301;63;36;3044;437;80;41
2022.06_18-07-2022;Воронежская область;165_195_days;EpiVacCorona;7;0;0;0;8;2;1;1;15;2;1;1;1862;136;17;5;1182;301;63;36;3044;437;80;41
2022.06_18-07-2022;Воронежская область;165_195_days;SputnikLite;31;3;0;0;34;8;2;0;65;11;2;0;1862;136;17;5;1182;301;63;36;3044;437;80;41
2022.06_18-07-2022;Воронежская область;165_195_days;SputnikV;85;6;2;0;46;10;3;2;131;16;5;2;1862;136;17;5;1182;301;63;36;3044;437;80;41
2022.06_18-07-2022;Воронежская область;21_45_days;AllVaccines;15;0;0;0;13;2;0;1;28;2;0;1;1862;136;17;5;1182;301;63;36;3044;437;80;41
2022.06_18-07-2022;Воронежская область;21_45_days;EpiVacCorona;0;0;0;0;1;0;0;0;1;0;0;0;1862;136;17;5;1182;301;63;36;3044;437;80;41
2022.06_18-07-2022;Воронежская область;21_45_days;SputnikLite;2;0;0;0;3;1;0;0;5;1;0;0;1862;136;17;5;1182;301;63;36;3044;437;80;41
2022.06_18-07-2022;Воронежская область;21_45_days;SputnikV;13;0;0;0;9;1;0;1;22;1;0;1;1862;136;17;5;1182;301;63;36;3044;437;80;41
2022.06_18-07-2022;Воронежская область;45_75_days;AllVaccines;25;3;1;0;16;0;0;0;41;3;1;0;1862;136;17;5;1182;301;63;36;3044;437;80;41
2022.06_18-07-2022;Воронежская область;45_75_days;CoviVac;3;0;0;0;1;0;0;0;4;0;0;0;1862;136;17;5;1182;301;63;36;3044;437;80;41
2022.06_18-07-2022;Воронежская область;45_75_days;EpiVacCorona;1;0;0;0;2;0;0;0;3;0;0;0;1862;136;17;5;1182;301;63;36;3044;437;80;41
2022.06_18-07-2022;Воронежская область;45_75_days;SputnikLite;1;1;0;0;4;0;0;0;5;1;0;0;1862;136;17;5;1182;301;63;36;3044;437;80;41
2022.06_18-07-2022;Воронежская область;45_75_days;SputnikV;20;2;1;0;9;0;0;0;29;2;1;0;1862;136;17;5;1182;301;63;36;3044;437;80;41
2022.06_18-07-2022;Воронежская область;75_90_days;AllVaccines;18;2;1;0;18;6;3;2;36;8;4;2;1862;136;17;5;1182;301;63;36;3044;437;80;41
2022.06_18-07-2022;Воронежская область;75_90_days;CoviVac;0;0;0;0;1;1;0;0;1;1;0;0;1862;136;17;5;1182;301;63;36;3044;437;80;41
2022.06_18-07-2022;Воронежская область;75_90_days;EpiVacCorona;2;0;0;0;1;0;0;0;3;0;0;0;1862;136;17;5;1182;301;63;36;3044;437;80;41
2022.06_18-07-2022;Воронежская область;75_90_days;SputnikLite;3;0;0;0;0;0;0;0;3;0;0;0;1862;136;17;5;1182;301;63;36;3044;437;80;41
2022.06_18-07-2022;Воронежская область;75_90_days;SputnikV;13;2;1;0;16;5;3;2;29;7;4;2;1862;136;17;5;1182;301;63;36;3044;437;80;41
2022.06_18-07-2022;Воронежская область;90_105_days;AllVaccines;19;1;0;0;5;0;0;0;24;1;0;0;1862;136;17;5;1182;301;63;36;3044;437;80;41
2022.06_18-07-2022;Воронежская область;90_105_days;EpiVacCorona;2;0;0;0;0;0;0;0;2;0;0;0;1862;136;17;5;1182;301;63;36;3044;437;80;41
2022.06_18-07-2022;Воронежская область;90_105_days;SputnikLite;4;0;0;0;4;0;0;0;8;0;0;0;1862;136;17;5;1182;301;63;36;3044;437;80;41
2022.06_18-07-2022;Воронежская область;90_105_days;SputnikV;13;1;0;0;1;0;0;0;14;1;0;0;1862;136;17;5;1182;301;63;36;3044;437;80;41
2022.06_18-07-2022;Еврейская автономная область;105_165_days;AllVaccines;15;4;0;0;8;3;0;0;23;7;0;0;103;30;0;2;80;52;0;11;183;82;0;13
2022.06_18-07-2022;Еврейская автономная область;105_165_days;EpiVacCorona;1;0;0;0;0;0;0;0;1;0;0;0;103;30;0;2;80;52;0;11;183;82;0;13
2022.06_18-07-2022;Еврейская автономная область;105_165_days;SputnikLite;12;3;0;0;7;2;0;0;19;5;0;0;103;30;0;2;80;52;0;11;183;82;0;13
2022.06_18-07-2022;Еврейская автономная область;105_165_days;SputnikV;2;1;0;0;1;1;0;0;3;2;0;0;103;30;0;2;80;52;0;11;183;82;0;13
2022.06_18-07-2022;Еврейская автономная область;165_195_days;AllVaccines;12;1;0;0;3;3;0;1;15;4;0;1;103;30;0;2;80;52;0;11;183;82;0;13
2022.06_18-07-2022;Еврейская автономная область;165_195_days;CoviVac;1;0;0;0;0;0;0;0;1;0;0;0;103;30;0;2;80;52;0;11;183;82;0;13
2022.06_18-07-2022;Еврейская автономная область;165_195_days;EpiVacCorona;1;0;0;0;0;0;0;0;1;0;0;0;103;30;0;2;80;52;0;11;183;82;0;13
2022.06_18-07-2022;Еврейская автономная область;165_195_days;SputnikLite;4;0;0;0;1;1;0;0;5;1;0;0;103;30;0;2;80;52;0;11;183;82;0;13
2022.06_18-07-2022;Еврейская автономная область;165_195_days;SputnikV;6;1;0;0;2;2;0;1;8;3;0;1;103;30;0;2;80;52;0;11;183;82;0;13
2022.06_18-07-2022;Еврейская автономная область;45_75_days;AllVaccines;3;0;0;0;0;0;0;0;3;0;0;0;103;30;0;2;80;52;0;11;183;82;0;13
2022.06_18-07-2022;Еврейская автономная область;45_75_days;EpiVacCorona;2;0;0;0;0;0;0;0;2;0;0;0;103;30;0;2;80;52;0;11;183;82;0;13
2022.06_18-07-2022;Еврейская автономная область;45_75_days;SputnikV;1;0;0;0;0;0;0;0;1;0;0;0;103;30;0;2;80;52;0;11;183;82;0;13
2022.06_18-07-2022;Еврейская автономная область;75_90_days;AllVaccines;1;1;0;0;0;0;0;0;1;1;0;0;103;30;0;2;80;52;0;11;183;82;0;13
2022.06_18-07-2022;Еврейская автономная область;75_90_days;EpiVacCorona;1;1;0;0;0;0;0;0;1;1;0;0;103;30;0;2;80;52;0;11;183;82;0;13
2022.06_18-07-2022;Забайкальский край;105_165_days;AllVaccines;37;13;0;0;11;7;1;0;48;20;1;0;382;157;8;2;191;110;19;9;573;267;27;11
2022.06_18-07-2022;Забайкальский край;105_165_days;EpiVacCorona;5;3;0;0;1;1;0;0;6;4;0;0;382;157;8;2;191;110;19;9;573;267;27;11
2022.06_18-07-2022;Забайкальский край;105_165_days;SputnikLite;14;4;0;0;7;4;1;0;21;8;1;0;382;157;8;2;191;110;19;9;573;267;27;11
2022.06_18-07-2022;Забайкальский край;105_165_days;SputnikV;18;6;0;0;3;2;0;0;21;8;0;0;382;157;8;2;191;110;19;9;573;267;27;11
2022.06_18-07-2022;Забайкальский край;165_195_days;AllVaccines;36;9;0;0;22;10;3;1;58;19;3;1;382;157;8;2;191;110;19;9;573;267;27;11
2022.06_18-07-2022;Забайкальский край;165_195_days;CoviVac;1;0;0;0;0;0;0;0;1;0;0;0;382;157;8;2;191;110;19;9;573;267;27;11
2022.06_18-07-2022;Забайкальский край;165_195_days;EpiVacCorona;3;2;0;0;3;2;0;0;6;4;0;0;382;157;8;2;191;110;19;9;573;267;27;11
2022.06_18-07-2022;Забайкальский край;165_195_days;SputnikLite;14;3;0;0;6;4;2;0;20;7;2;0;382;157;8;2;191;110;19;9;573;267;27;11
2022.06_18-07-2022;Забайкальский край;165_195_days;SputnikV;18;4;0;0;13;4;1;1;31;8;1;1;382;157;8;2;191;110;19;9;573;267;27;11
2022.06_18-07-2022;Забайкальский край;21_45_days;AllVaccines;4;2;0;0;3;1;0;0;7;3;0;0;382;157;8;2;191;110;19;9;573;267;27;11
2022.06_18-07-2022;Забайкальский край;21_45_days;CoviVac;2;1;0;0;1;1;0;0;3;2;0;0;382;157;8;2;191;110;19;9;573;267;27;11
2022.06_18-07-2022;Забайкальский край;21_45_days;SputnikLite;1;0;0;0;1;0;0;0;2;0;0;0;382;157;8;2;191;110;19;9;573;267;27;11
2022.06_18-07-2022;Забайкальский край;21_45_days;SputnikV;1;1;0;0;1;0;0;0;2;1;0;0;382;157;8;2;191;110;19;9;573;267;27;11
2022.06_18-07-2022;Забайкальский край;45_75_days;AllVaccines;7;3;0;0;6;2;1;0;13;5;1;0;382;157;8;2;191;110;19;9;573;267;27;11
2022.06_18-07-2022;Забайкальский край;45_75_days;CoviVac;0;0;0;0;1;0;0;0;1;0;0;0;382;157;8;2;191;110;19;9;573;267;27;11
2022.06_18-07-2022;Забайкальский край;45_75_days;SputnikLite;2;0;0;0;1;0;0;0;3;0;0;0;382;157;8;2;191;110;19;9;573;267;27;11
2022.06_18-07-2022;Забайкальский край;45_75_days;SputnikV;5;3;0;0;4;2;1;0;9;5;1;0;382;157;8;2;191;110;19;9;573;267;27;11
2022.06_18-07-2022;Забайкальский край;75_90_days;AllVaccines;4;1;0;0;1;0;0;0;5;1;0;0;382;157;8;2;191;110;19;9;573;267;27;11
2022.06_18-07-2022;Забайкальский край;75_90_days;CoviVac;1;0;0;0;0;0;0;0;1;0;0;0;382;157;8;2;191;110;19;9;573;267;27;11
2022.06_18-07-2022;Забайкальский край;75_90_days;SputnikLite;1;1;0;0;0;0;0;0;1;1;0;0;382;157;8;2;191;110;19;9;573;267;27;11
2022.06_18-07-2022;Забайкальский край;75_90_days;SputnikV;2;0;0;0;1;0;0;0;3;0;0;0;382;157;8;2;191;110;19;9;573;267;27;11
2022.06_18-07-2022;Забайкальский край;90_105_days;AllVaccines;2;0;0;0;2;1;0;1;4;1;0;1;382;157;8;2;191;110;19;9;573;267;27;11
2022.06_18-07-2022;Забайкальский край;90_105_days;SputnikV;2;0;0;0;2;1;0;1;4;1;0;1;382;157;8;2;191;110;19;9;573;267;27;11
2022.06_18-07-2022;Ивановская область;105_165_days;AllVaccines;54;3;0;0;36;11;0;0;90;14;0;0;928;48;3;3;659;168;10;14;1587;216;13;17
2022.06_18-07-2022;Ивановская область;105_165_days;SputnikLite;35;1;0;0;24;7;0;0;59;8;0;0;928;48;3;3;659;168;10;14;1587;216;13;17
2022.06_18-07-2022;Ивановская область;105_165_days;SputnikV;19;2;0;0;12;4;0;0;31;6;0;0;928;48;3;3;659;168;10;14;1587;216;13;17
2022.06_18-07-2022;Ивановская область;165_195_days;AllVaccines;25;0;0;0;41;6;1;1;66;6;1;1;928;48;3;3;659;168;10;14;1587;216;13;17
2022.06_18-07-2022;Ивановская область;165_195_days;CoviVac;2;0;0;0;0;0;0;0;2;0;0;0;928;48;3;3;659;168;10;14;1587;216;13;17
2022.06_18-07-2022;Ивановская область;165_195_days;EpiVacCorona;0;0;0;0;4;0;0;0;4;0;0;0;928;48;3;3;659;168;10;14;1587;216;13;17
2022.06_18-07-2022;Ивановская область;165_195_days;SputnikLite;5;0;0;0;13;1;0;0;18;1;0;0;928;48;3;3;659;168;10;14;1587;216;13;17
2022.06_18-07-2022;Ивановская область;165_195_days;SputnikV;18;0;0;0;24;5;1;1;42;5;1;1;928;48;3;3;659;168;10;14;1587;216;13;17
2022.06_18-07-2022;Ивановская область;21_45_days;AllVaccines;1;0;0;0;4;0;0;0;5;0;0;0;928;48;3;3;659;168;10;14;1587;216;13;17
2022.06_18-07-2022;Ивановская область;21_45_days;SputnikLite;0;0;0;0;1;0;0;0;1;0;0;0;928;48;3;3;659;168;10;14;1587;216;13;17
2022.06_18-07-2022;Ивановская область;21_45_days;SputnikV;1;0;0;0;3;0;0;0;4;0;0;0;928;48;3;3;659;168;10;14;1587;216;13;17
2022.06_18-07-2022;Ивановская область;45_75_days;AllVaccines;1;0;0;0;10;1;0;0;11;1;0;0;928;48;3;3;659;168;10;14;1587;216;13;17
2022.06_18-07-2022;Ивановская область;45_75_days;EpiVacCorona;0;0;0;0;3;0;0;0;3;0;0;0;928;48;3;3;659;168;10;14;1587;216;13;17
2022.06_18-07-2022;Ивановская область;45_75_days;SputnikLite;0;0;0;0;1;0;0;0;1;0;0;0;928;48;3;3;659;168;10;14;1587;216;13;17
2022.06_18-07-2022;Ивановская область;45_75_days;SputnikV;1;0;0;0;6;1;0;0;7;1;0;0;928;48;3;3;659;168;10;14;1587;216;13;17
2022.06_18-07-2022;Ивановская область;75_90_days;AllVaccines;4;0;0;0;3;1;0;0;7;1;0;0;928;48;3;3;659;168;10;14;1587;216;13;17
2022.06_18-07-2022;Ивановская область;75_90_days;CoviVac;1;0;0;0;0;0;0;0;1;0;0;0;928;48;3;3;659;168;10;14;1587;216;13;17
2022.06_18-07-2022;Ивановская область;75_90_days;SputnikLite;1;0;0;0;1;1;0;0;2;1;0;0;928;48;3;3;659;168;10;14;1587;216;13;17
2022.06_18-07-2022;Ивановская область;75_90_days;SputnikV;2;0;0;0;2;0;0;0;4;0;0;0;928;48;3;3;659;168;10;14;1587;216;13;17
2022.06_18-07-2022;Ивановская область;90_105_days;AllVaccines;4;0;0;0;4;1;1;1;8;1;1;1;928;48;3;3;659;168;10;14;1587;216;13;17
2022.06_18-07-2022;Ивановская область;90_105_days;EpiVacCorona;1;0;0;0;0;0;0;0;1;0;0;0;928;48;3;3;659;168;10;14;1587;216;13;17
2022.06_18-07-2022;Ивановская область;90_105_days;SputnikLite;2;0;0;0;4;1;1;1;6;1;1;1;928;48;3;3;659;168;10;14;1587;216;13;17
2022.06_18-07-2022;Ивановская область;90_105_days;SputnikV;1;0;0;0;0;0;0;0;1;0;0;0;928;48;3;3;659;168;10;14;1587;216;13;17
2022.06_18-07-2022;Иркутская область;105_165_days;AllVaccines;83;13;4;2;51;24;5;3;134;37;9;5;1113;238;35;8;682;401;95;25;1795;639;130;33
2022.06_18-07-2022;Иркутская область;105_165_days;EpiVacCorona;1;0;0;0;3;2;0;0;4;2;0;0;1113;238;35;8;682;401;95;25;1795;639;130;33
2022.06_18-07-2022;Иркутская область;105_165_days;SputnikLite;39;5;0;0;35;14;1;1;74;19;1;1;1113;238;35;8;682;401;95;25;1795;639;130;33
2022.06_18-07-2022;Иркутская область;105_165_days;SputnikV;43;8;4;2;13;8;4;2;56;16;8;4;1113;238;35;8;682;401;95;25;1795;639;130;33
2022.06_18-07-2022;Иркутская область;165_195_days;AllVaccines;123;21;3;0;67;35;7;0;190;56;10;0;1113;238;35;8;682;401;95;25;1795;639;130;33
2022.06_18-07-2022;Иркутская область;165_195_days;CoviVac;1;0;0;0;1;0;0;0;2;0;0;0;1113;238;35;8;682;401;95;25;1795;639;130;33
2022.06_18-07-2022;Иркутская область;165_195_days;EpiVacCorona;0;0;0;0;3;0;0;0;3;0;0;0;1113;238;35;8;682;401;95;25;1795;639;130;33
2022.06_18-07-2022;Иркутская область;165_195_days;SputnikLite;24;4;1;0;39;20;2;0;63;24;3;0;1113;238;35;8;682;401;95;25;1795;639;130;33
2022.06_18-07-2022;Иркутская область;165_195_days;SputnikV;98;17;2;0;24;15;5;0;122;32;7;0;1113;238;35;8;682;401;95;25;1795;639;130;33
2022.06_18-07-2022;Иркутская область;21_45_days;AllVaccines;2;0;0;0;3;1;0;0;5;1;0;0;1113;238;35;8;682;401;95;25;1795;639;130;33
2022.06_18-07-2022;Иркутская область;21_45_days;SputnikV;2;0;0;0;3;1;0;0;5;1;0;0;1113;238;35;8;682;401;95;25;1795;639;130;33
2022.06_18-07-2022;Иркутская область;45_75_days;AllVaccines;8;1;1;0;1;1;0;0;9;2;1;0;1113;238;35;8;682;401;95;25;1795;639;130;33
2022.06_18-07-2022;Иркутская область;45_75_days;CoviVac;0;0;0;0;1;1;0;0;1;1;0;0;1113;238;35;8;682;401;95;25;1795;639;130;33
2022.06_18-07-2022;Иркутская область;45_75_days;SputnikV;8;1;1;0;0;0;0;0;8;1;1;0;1113;238;35;8;682;401;95;25;1795;639;130;33
2022.06_18-07-2022;Иркутская область;75_90_days;AllVaccines;6;0;0;0;4;4;1;0;10;4;1;0;1113;238;35;8;682;401;95;25;1795;639;130;33
2022.06_18-07-2022;Иркутская область;75_90_days;EpiVacCorona;0;0;0;0;1;1;0;0;1;1;0;0;1113;238;35;8;682;401;95;25;1795;639;130;33
2022.06_18-07-2022;Иркутская область;75_90_days;SputnikLite;0;0;0;0;1;1;0;0;1;1;0;0;1113;238;35;8;682;401;95;25;1795;639;130;33
2022.06_18-07-2022;Иркутская область;75_90_days;SputnikV;6;0;0;0;2;2;1;0;8;2;1;0;1113;238;35;8;682;401;95;25;1795;639;130;33
2022.06_18-07-2022;Иркутская область;90_105_days;AllVaccines;8;2;0;0;3;2;0;0;11;4;0;0;1113;238;35;8;682;401;95;25;1795;639;130;33
2022.06_18-07-2022;Иркутская область;90_105_days;EpiVacCorona;1;0;0;0;0;0;0;0;1;0;0;0;1113;238;35;8;682;401;95;25;1795;639;130;33
2022.06_18-07-2022;Иркутская область;90_105_days;SputnikV;7;2;0;0;3;2;0;0;10;4;0;0;1113;238;35;8;682;401;95;25;1795;639;130;33
2022.06_18-07-2022;Кабардино-Балкарская Республика;105_165_days;AllVaccines;35;1;0;0;19;0;0;0;54;1;0;0;426;38;15;1;253;20;12;2;679;58;27;3
2022.06_18-07-2022;Кабардино-Балкарская Республика;105_165_days;CoviVac;1;0;0;0;0;0;0;0;1;0;0;0;426;38;15;1;253;20;12;2;679;58;27;3
2022.06_18-07-2022;Кабардино-Балкарская Республика;105_165_days;EpiVacCorona;3;0;0;0;2;0;0;0;5;0;0;0;426;38;15;1;253;20;12;2;679;58;27;3
2022.06_18-07-2022;Кабардино-Балкарская Республика;105_165_days;SputnikLite;19;1;0;0;9;0;0;0;28;1;0;0;426;38;15;1;253;20;12;2;679;58;27;3
2022.06_18-07-2022;Кабардино-Балкарская Республика;105_165_days;SputnikV;12;0;0;0;8;0;0;0;20;0;0;0;426;38;15;1;253;20;12;2;679;58;27;3
2022.06_18-07-2022;Кабардино-Балкарская Республика;165_195_days;AllVaccines;17;0;0;0;13;2;1;0;30;2;1;0;426;38;15;1;253;20;12;2;679;58;27;3
2022.06_18-07-2022;Кабардино-Балкарская Республика;165_195_days;EpiVacCorona;3;0;0;0;0;0;0;0;3;0;0;0;426;38;15;1;253;20;12;2;679;58;27;3
2022.06_18-07-2022;Кабардино-Балкарская Республика;165_195_days;SputnikLite;6;0;0;0;6;1;0;0;12;1;0;0;426;38;15;1;253;20;12;2;679;58;27;3
2022.06_18-07-2022;Кабардино-Балкарская Республика;165_195_days;SputnikV;8;0;0;0;7;1;1;0;15;1;1;0;426;38;15;1;253;20;12;2;679;58;27;3
2022.06_18-07-2022;Кабардино-Балкарская Республика;21_45_days;AllVaccines;0;0;0;0;2;0;0;0;2;0;0;0;426;38;15;1;253;20;12;2;679;58;27;3
2022.06_18-07-2022;Кабардино-Балкарская Республика;21_45_days;SputnikV;0;0;0;0;2;0;0;0;2;0;0;0;426;38;15;1;253;20;12;2;679;58;27;3
2022.06_18-07-2022;Кабардино-Балкарская Республика;45_75_days;AllVaccines;5;1;0;0;1;0;0;0;6;1;0;0;426;38;15;1;253;20;12;2;679;58;27;3
2022.06_18-07-2022;Кабардино-Балкарская Республика;45_75_days;EpiVacCorona;1;1;0;0;0;0;0;0;1;1;0;0;426;38;15;1;253;20;12;2;679;58;27;3
2022.06_18-07-2022;Кабардино-Балкарская Республика;45_75_days;SputnikLite;3;0;0;0;0;0;0;0;3;0;0;0;426;38;15;1;253;20;12;2;679;58;27;3
2022.06_18-07-2022;Кабардино-Балкарская Республика;45_75_days;SputnikV;1;0;0;0;1;0;0;0;2;0;0;0;426;38;15;1;253;20;12;2;679;58;27;3
2022.06_18-07-2022;Кабардино-Балкарская Республика;75_90_days;AllVaccines;5;0;0;0;2;0;0;0;7;0;0;0;426;38;15;1;253;20;12;2;679;58;27;3
2022.06_18-07-2022;Кабардино-Балкарская Республика;75_90_days;EpiVacCorona;2;0;0;0;0;0;0;0;2;0;0;0;426;38;15;1;253;20;12;2;679;58;27;3
2022.06_18-07-2022;Кабардино-Балкарская Республика;75_90_days;SputnikLite;1;0;0;0;0;0;0;0;1;0;0;0;426;38;15;1;253;20;12;2;679;58;27;3
2022.06_18-07-2022;Кабардино-Балкарская Республика;75_90_days;SputnikV;2;0;0;0;2;0;0;0;4;0;0;0;426;38;15;1;253;20;12;2;679;58;27;3
2022.06_18-07-2022;Кабардино-Балкарская Республика;90_105_days;AllVaccines;2;0;0;0;1;0;0;0;3;0;0;0;426;38;15;1;253;20;12;2;679;58;27;3
2022.06_18-07-2022;Кабардино-Балкарская Республика;90_105_days;EpiVacCorona;1;0;0;0;0;0;0;0;1;0;0;0;426;38;15;1;253;20;12;2;679;58;27;3
2022.06_18-07-2022;Кабардино-Балкарская Республика;90_105_days;SputnikLite;0;0;0;0;1;0;0;0;1;0;0;0;426;38;15;1;253;20;12;2;679;58;27;3
2022.06_18-07-2022;Кабардино-Балкарская Республика;90_105_days;SputnikV;1;0;0;0;0;0;0;0;1;0;0;0;426;38;15;1;253;20;12;2;679;58;27;3
2022.06_18-07-2022;Калининградская область;105_165_days;AllVaccines;17;4;0;0;11;4;0;0;28;8;0;0;337;37;1;1;174;82;14;6;511;119;15;7
2022.06_18-07-2022;Калининградская область;105_165_days;SputnikLite;5;1;0;0;6;3;0;0;11;4;0;0;337;37;1;1;174;82;14;6;511;119;15;7
2022.06_18-07-2022;Калининградская область;105_165_days;SputnikV;12;3;0;0;5;1;0;0;17;4;0;0;337;37;1;1;174;82;14;6;511;119;15;7
2022.06_18-07-2022;Калининградская область;165_195_days;AllVaccines;28;4;0;0;19;5;1;1;47;9;1;1;337;37;1;1;174;82;14;6;511;119;15;7
2022.06_18-07-2022;Калининградская область;165_195_days;CoviVac;1;0;0;0;0;0;0;0;1;0;0;0;337;37;1;1;174;82;14;6;511;119;15;7
2022.06_18-07-2022;Калининградская область;165_195_days;EpiVacCorona;0;0;0;0;1;0;0;0;1;0;0;0;337;37;1;1;174;82;14;6;511;119;15;7
2022.06_18-07-2022;Калининградская область;165_195_days;SputnikLite;8;0;0;0;7;1;0;0;15;1;0;0;337;37;1;1;174;82;14;6;511;119;15;7
2022.06_18-07-2022;Калининградская область;165_195_days;SputnikV;19;4;0;0;11;4;1;1;30;8;1;1;337;37;1;1;174;82;14;6;511;119;15;7
2022.06_18-07-2022;Калининградская область;21_45_days;AllVaccines;3;0;0;0;3;2;1;1;6;2;1;1;337;37;1;1;174;82;14;6;511;119;15;7
2022.06_18-07-2022;Калининградская область;21_45_days;SputnikLite;2;0;0;0;2;1;1;1;4;1;1;1;337;37;1;1;174;82;14;6;511;119;15;7
2022.06_18-07-2022;Калининградская область;21_45_days;SputnikV;1;0;0;0;1;1;0;0;2;1;0;0;337;37;1;1;174;82;14;6;511;119;15;7
2022.06_18-07-2022;Калининградская область;45_75_days;AllVaccines;3;1;0;0;1;1;0;0;4;2;0;0;337;37;1;1;174;82;14;6;511;119;15;7
2022.06_18-07-2022;Калининградская область;45_75_days;SputnikLite;2;0;0;0;0;0;0;0;2;0;0;0;337;37;1;1;174;82;14;6;511;119;15;7
2022.06_18-07-2022;Калининградская область;45_75_days;SputnikV;1;1;0;0;1;1;0;0;2;2;0;0;337;37;1;1;174;82;14;6;511;119;15;7
2022.06_18-07-2022;Калининградская область;75_90_days;AllVaccines;3;2;0;0;2;1;0;0;5;3;0;0;337;37;1;1;174;82;14;6;511;119;15;7
2022.06_18-07-2022;Калининградская область;75_90_days;SputnikLite;1;0;0;0;0;0;0;0;1;0;0;0;337;37;1;1;174;82;14;6;511;119;15;7
2022.06_18-07-2022;Калининградская область;75_90_days;SputnikV;2;2;0;0;2;1;0;0;4;3;0;0;337;37;1;1;174;82;14;6;511;119;15;7
2022.06_18-07-2022;Калининградская область;90_105_days;AllVaccines;2;0;0;0;0;0;0;0;2;0;0;0;337;37;1;1;174;82;14;6;511;119;15;7
2022.06_18-07-2022;Калининградская область;90_105_days;SputnikV;2;0;0;0;0;0;0;0;2;0;0;0;337;37;1;1;174;82;14;6;511;119;15;7
2022.06_18-07-2022;Калужская область;105_165_days;AllVaccines;24;6;0;0;33;5;0;0;57;11;0;0;452;94;9;7;360;145;30;21;812;239;39;28
2022.06_18-07-2022;Калужская область;105_165_days;CoviVac;0;0;0;0;1;0;0;0;1;0;0;0;452;94;9;7;360;145;30;21;812;239;39;28
2022.06_18-07-2022;Калужская область;105_165_days;SputnikLite;14;5;0;0;21;2;0;0;35;7;0;0;452;94;9;7;360;145;30;21;812;239;39;28
2022.06_18-07-2022;Калужская область;105_165_days;SputnikV;10;1;0;0;11;3;0;0;21;4;0;0;452;94;9;7;360;145;30;21;812;239;39;28
2022.06_18-07-2022;Калужская область;165_195_days;AllVaccines;52;7;0;0;30;10;2;3;82;17;2;3;452;94;9;7;360;145;30;21;812;239;39;28
2022.06_18-07-2022;Калужская область;165_195_days;CoviVac;0;0;0;0;1;1;0;0;1;1;0;0;452;94;9;7;360;145;30;21;812;239;39;28
2022.06_18-07-2022;Калужская область;165_195_days;EpiVacCorona;1;0;0;0;1;0;0;0;2;0;0;0;452;94;9;7;360;145;30;21;812;239;39;28
2022.06_18-07-2022;Калужская область;165_195_days;SputnikLite;11;1;0;0;11;4;1;2;22;5;1;2;452;94;9;7;360;145;30;21;812;239;39;28
2022.06_18-07-2022;Калужская область;165_195_days;SputnikV;40;6;0;0;17;5;1;1;57;11;1;1;452;94;9;7;360;145;30;21;812;239;39;28
2022.06_18-07-2022;Калужская область;21_45_days;AllVaccines;1;0;0;0;2;1;1;0;3;1;1;0;452;94;9;7;360;145;30;21;812;239;39;28
2022.06_18-07-2022;Калужская область;21_45_days;SputnikV;1;0;0;0;2;1;1;0;3;1;1;0;452;94;9;7;360;145;30;21;812;239;39;28
2022.06_18-07-2022;Калужская область;45_75_days;AllVaccines;3;0;0;0;1;0;0;0;4;0;0;0;452;94;9;7;360;145;30;21;812;239;39;28
2022.06_18-07-2022;Калужская область;45_75_days;SputnikV;3;0;0;0;1;0;0;0;4;0;0;0;452;94;9;7;360;145;30;21;812;239;39;28
2022.06_18-07-2022;Калужская область;75_90_days;AllVaccines;2;0;0;0;0;0;0;0;2;0;0;0;452;94;9;7;360;145;30;21;812;239;39;28
2022.06_18-07-2022;Калужская область;75_90_days;SputnikV;2;0;0;0;0;0;0;0;2;0;0;0;452;94;9;7;360;145;30;21;812;239;39;28
2022.06_18-07-2022;Калужская область;90_105_days;AllVaccines;2;0;0;0;6;1;0;0;8;1;0;0;452;94;9;7;360;145;30;21;812;239;39;28
2022.06_18-07-2022;Калужская область;90_105_days;CoviVac;1;0;0;0;0;0;0;0;1;0;0;0;452;94;9;7;360;145;30;21;812;239;39;28
2022.06_18-07-2022;Калужская область;90_105_days;SputnikLite;0;0;0;0;2;0;0;0;2;0;0;0;452;94;9;7;360;145;30;21;812;239;39;28
2022.06_18-07-2022;Калужская область;90_105_days;SputnikV;1;0;0;0;4;1;0;0;5;1;0;0;452;94;9;7;360;145;30;21;812;239;39;28
2022.06_18-07-2022;Камчатский край;105_165_days;AllVaccines;8;2;0;0;4;1;0;0;12;3;0;0;153;24;2;1;118;60;7;3;271;84;9;4
2022.06_18-07-2022;Камчатский край;105_165_days;EpiVacCorona;2;1;0;0;1;0;0;0;3;1;0;0;153;24;2;1;118;60;7;3;271;84;9;4
2022.06_18-07-2022;Камчатский край;105_165_days;SputnikLite;4;0;0;0;1;1;0;0;5;1;0;0;153;24;2;1;118;60;7;3;271;84;9;4
2022.06_18-07-2022;Камчатский край;105_165_days;SputnikV;2;1;0;0;2;0;0;0;4;1;0;0;153;24;2;1;118;60;7;3;271;84;9;4
2022.06_18-07-2022;Камчатский край;165_195_days;AllVaccines;12;2;0;0;2;2;1;1;14;4;1;1;153;24;2;1;118;60;7;3;271;84;9;4
2022.06_18-07-2022;Камчатский край;165_195_days;SputnikLite;4;1;0;0;1;1;0;0;5;2;0;0;153;24;2;1;118;60;7;3;271;84;9;4
2022.06_18-07-2022;Камчатский край;165_195_days;SputnikV;8;1;0;0;1;1;1;1;9;2;1;1;153;24;2;1;118;60;7;3;271;84;9;4
2022.06_18-07-2022;Камчатский край;21_45_days;AllVaccines;0;0;0;0;1;1;1;0;1;1;1;0;153;24;2;1;118;60;7;3;271;84;9;4
2022.06_18-07-2022;Камчатский край;21_45_days;SputnikV;0;0;0;0;1;1;1;0;1;1;1;0;153;24;2;1;118;60;7;3;271;84;9;4
2022.06_18-07-2022;Камчатский край;45_75_days;AllVaccines;2;0;0;0;0;0;0;0;2;0;0;0;153;24;2;1;118;60;7;3;271;84;9;4
2022.06_18-07-2022;Камчатский край;45_75_days;SputnikV;2;0;0;0;0;0;0;0;2;0;0;0;153;24;2;1;118;60;7;3;271;84;9;4
2022.06_18-07-2022;Карачаево-Черкесская Республика;105_165_days;AllVaccines;11;1;0;0;6;1;0;0;17;2;0;0;86;2;0;0;46;7;1;0;132;9;1;0
2022.06_18-07-2022;Карачаево-Черкесская Республика;105_165_days;SputnikLite;7;0;0;0;1;1;0;0;8;1;0;0;86;2;0;0;46;7;1;0;132;9;1;0
2022.06_18-07-2022;Карачаево-Черкесская Республика;105_165_days;SputnikV;4;1;0;0;5;0;0;0;9;1;0;0;86;2;0;0;46;7;1;0;132;9;1;0
2022.06_18-07-2022;Карачаево-Черкесская Республика;165_195_days;AllVaccines;5;0;0;0;4;1;0;0;9;1;0;0;86;2;0;0;46;7;1;0;132;9;1;0
2022.06_18-07-2022;Карачаево-Черкесская Республика;165_195_days;SputnikLite;5;0;0;0;2;1;0;0;7;1;0;0;86;2;0;0;46;7;1;0;132;9;1;0
2022.06_18-07-2022;Карачаево-Черкесская Республика;165_195_days;SputnikV;0;0;0;0;2;0;0;0;2;0;0;0;86;2;0;0;46;7;1;0;132;9;1;0
2022.06_18-07-2022;Карачаево-Черкесская Республика;21_45_days;AllVaccines;0;0;0;0;1;0;0;0;1;0;0;0;86;2;0;0;46;7;1;0;132;9;1;0
2022.06_18-07-2022;Карачаево-Черкесская Республика;21_45_days;SputnikV;0;0;0;0;1;0;0;0;1;0;0;0;86;2;0;0;46;7;1;0;132;9;1;0
2022.06_18-07-2022;Карачаево-Черкесская Республика;45_75_days;AllVaccines;3;0;0;0;0;0;0;0;3;0;0;0;86;2;0;0;46;7;1;0;132;9;1;0
2022.06_18-07-2022;Карачаево-Черкесская Республика;45_75_days;EpiVacCorona;1;0;0;0;0;0;0;0;1;0;0;0;86;2;0;0;46;7;1;0;132;9;1;0
2022.06_18-07-2022;Карачаево-Черкесская Республика;45_75_days;SputnikLite;1;0;0;0;0;0;0;0;1;0;0;0;86;2;0;0;46;7;1;0;132;9;1;0
2022.06_18-07-2022;Карачаево-Черкесская Республика;45_75_days;SputnikV;1;0;0;0;0;0;0;0;1;0;0;0;86;2;0;0;46;7;1;0;132;9;1;0
2022.06_18-07-2022;Карачаево-Черкесская Республика;75_90_days;AllVaccines;1;0;0;0;0;0;0;0;1;0;0;0;86;2;0;0;46;7;1;0;132;9;1;0
2022.06_18-07-2022;Карачаево-Черкесская Республика;75_90_days;SputnikV;1;0;0;0;0;0;0;0;1;0;0;0;86;2;0;0;46;7;1;0;132;9;1;0
2022.06_18-07-2022;Карачаево-Черкесская Республика;90_105_days;AllVaccines;2;1;0;0;0;0;0;0;2;1;0;0;86;2;0;0;46;7;1;0;132;9;1;0
2022.06_18-07-2022;Карачаево-Черкесская Республика;90_105_days;SputnikLite;2;1;0;0;0;0;0;0;2;1;0;0;86;2;0;0;46;7;1;0;132;9;1;0
2022.06_18-07-2022;Кемеровская область;105_165_days;AllVaccines;93;14;2;3;56;30;4;0;149;44;6;3;999;277;39;21;676;413;59;59;1675;690;98;80
2022.06_18-07-2022;Кемеровская область;105_165_days;EpiVacCorona;6;1;0;0;5;5;0;0;11;6;0;0;999;277;39;21;676;413;59;59;1675;690;98;80
2022.06_18-07-2022;Кемеровская область;105_165_days;SputnikLite;55;9;1;2;30;13;3;0;85;22;4;2;999;277;39;21;676;413;59;59;1675;690;98;80
2022.06_18-07-2022;Кемеровская область;105_165_days;SputnikV;32;4;1;1;21;12;1;0;53;16;2;1;999;277;39;21;676;413;59;59;1675;690;98;80
2022.06_18-07-2022;Кемеровская область;165_195_days;AllVaccines;91;14;2;1;62;36;3;3;153;50;5;4;999;277;39;21;676;413;59;59;1675;690;98;80
2022.06_18-07-2022;Кемеровская область;165_195_days;CoviVac;1;0;0;0;1;0;0;0;2;0;0;0;999;277;39;21;676;413;59;59;1675;690;98;80
2022.06_18-07-2022;Кемеровская область;165_195_days;EpiVacCorona;5;0;0;0;3;2;0;1;8;2;0;1;999;277;39;21;676;413;59;59;1675;690;98;80
2022.06_18-07-2022;Кемеровская область;165_195_days;SputnikLite;15;0;0;0;25;13;2;0;40;13;2;0;999;277;39;21;676;413;59;59;1675;690;98;80
2022.06_18-07-2022;Кемеровская область;165_195_days;SputnikV;70;14;2;1;33;21;1;2;103;35;3;3;999;277;39;21;676;413;59;59;1675;690;98;80
2022.06_18-07-2022;Кемеровская область;21_45_days;AllVaccines;6;0;0;0;4;3;1;0;10;3;1;0;999;277;39;21;676;413;59;59;1675;690;98;80
2022.06_18-07-2022;Кемеровская область;21_45_days;EpiVacCorona;1;0;0;0;0;0;0;0;1;0;0;0;999;277;39;21;676;413;59;59;1675;690;98;80
2022.06_18-07-2022;Кемеровская область;21_45_days;SputnikV;5;0;0;0;4;3;1;0;9;3;1;0;999;277;39;21;676;413;59;59;1675;690;98;80
2022.06_18-07-2022;Кемеровская область;45_75_days;AllVaccines;6;1;0;0;4;1;0;0;10;2;0;0;999;277;39;21;676;413;59;59;1675;690;98;80
2022.06_18-07-2022;Кемеровская область;45_75_days;EpiVacCorona;1;0;0;0;0;0;0;0;1;0;0;0;999;277;39;21;676;413;59;59;1675;690;98;80
2022.06_18-07-2022;Кемеровская область;45_75_days;SputnikV;5;1;0;0;4;1;0;0;9;2;0;0;999;277;39;21;676;413;59;59;1675;690;98;80
2022.06_18-07-2022;Кемеровская область;75_90_days;AllVaccines;7;0;0;0;3;2;0;0;10;2;0;0;999;277;39;21;676;413;59;59;1675;690;98;80
2022.06_18-07-2022;Кемеровская область;75_90_days;CoviVac;0;0;0;0;1;0;0;0;1;0;0;0;999;277;39;21;676;413;59;59;1675;690;98;80
2022.06_18-07-2022;Кемеровская область;75_90_days;SputnikV;7;0;0;0;2;2;0;0;9;2;0;0;999;277;39;21;676;413;59;59;1675;690;98;80
2022.06_18-07-2022;Кемеровская область;90_105_days;AllVaccines;11;4;0;0;6;5;0;0;17;9;0;0;999;277;39;21;676;413;59;59;1675;690;98;80
2022.06_18-07-2022;Кемеровская область;90_105_days;CoviVac;0;0;0;0;1;1;0;0;1;1;0;0;999;277;39;21;676;413;59;59;1675;690;98;80
2022.06_18-07-2022;Кемеровская область;90_105_days;SputnikLite;4;1;0;0;2;2;0;0;6;3;0;0;999;277;39;21;676;413;59;59;1675;690;98;80
2022.06_18-07-2022;Кемеровская область;90_105_days;SputnikV;7;3;0;0;3;2;0;0;10;5;0;0;999;277;39;21;676;413;59;59;1675;690;98;80
2022.06_18-07-2022;Кировская область;105_165_days;AllVaccines;54;6;0;0;42;18;1;0;96;24;1;0;750;109;15;9;535;266;55;36;1285;375;70;45
2022.06_18-07-2022;Кировская область;105_165_days;CoviVac;1;0;0;0;0;0;0;0;1;0;0;0;750;109;15;9;535;266;55;36;1285;375;70;45
2022.06_18-07-2022;Кировская область;105_165_days;SputnikLite;38;5;0;0;25;9;1;0;63;14;1;0;750;109;15;9;535;266;55;36;1285;375;70;45
2022.06_18-07-2022;Кировская область;105_165_days;SputnikV;15;1;0;0;17;9;0;0;32;10;0;0;750;109;15;9;535;266;55;36;1285;375;70;45
2022.06_18-07-2022;Кировская область;165_195_days;AllVaccines;70;11;1;0;52;16;5;3;122;27;6;3;750;109;15;9;535;266;55;36;1285;375;70;45
2022.06_18-07-2022;Кировская область;165_195_days;CoviVac;3;0;0;0;0;0;0;0;3;0;0;0;750;109;15;9;535;266;55;36;1285;375;70;45
2022.06_18-07-2022;Кировская область;165_195_days;EpiVacCorona;2;0;0;0;4;2;1;1;6;2;1;1;750;109;15;9;535;266;55;36;1285;375;70;45
2022.06_18-07-2022;Кировская область;165_195_days;SputnikLite;27;7;1;0;14;7;2;1;41;14;3;1;750;109;15;9;535;266;55;36;1285;375;70;45
2022.06_18-07-2022;Кировская область;165_195_days;SputnikV;38;4;0;0;34;7;2;1;72;11;2;1;750;109;15;9;535;266;55;36;1285;375;70;45
2022.06_18-07-2022;Кировская область;21_45_days;AllVaccines;3;1;1;0;5;3;1;0;8;4;2;0;750;109;15;9;535;266;55;36;1285;375;70;45
2022.06_18-07-2022;Кировская область;21_45_days;SputnikV;3;1;1;0;5;3;1;0;8;4;2;0;750;109;15;9;535;266;55;36;1285;375;70;45
2022.06_18-07-2022;Кировская область;45_75_days;AllVaccines;6;0;0;0;2;1;0;0;8;1;0;0;750;109;15;9;535;266;55;36;1285;375;70;45
2022.06_18-07-2022;Кировская область;45_75_days;SputnikLite;1;0;0;0;0;0;0;0;1;0;0;0;750;109;15;9;535;266;55;36;1285;375;70;45
2022.06_18-07-2022;Кировская область;45_75_days;SputnikV;5;0;0;0;2;1;0;0;7;1;0;0;750;109;15;9;535;266;55;36;1285;375;70;45
2022.06_18-07-2022;Кировская область;75_90_days;AllVaccines;6;0;0;0;2;2;0;0;8;2;0;0;750;109;15;9;535;266;55;36;1285;375;70;45
2022.06_18-07-2022;Кировская область;75_90_days;EpiVacCorona;1;0;0;0;0;0;0;0;1;0;0;0;750;109;15;9;535;266;55;36;1285;375;70;45
2022.06_18-07-2022;Кировская область;75_90_days;SputnikLite;2;0;0;0;0;0;0;0;2;0;0;0;750;109;15;9;535;266;55;36;1285;375;70;45
2022.06_18-07-2022;Кировская область;75_90_days;SputnikV;3;0;0;0;2;2;0;0;5;2;0;0;750;109;15;9;535;266;55;36;1285;375;70;45
2022.06_18-07-2022;Кировская область;90_105_days;AllVaccines;6;2;0;0;9;4;0;0;15;6;0;0;750;109;15;9;535;266;55;36;1285;375;70;45
2022.06_18-07-2022;Кировская область;90_105_days;SputnikLite;5;2;0;0;6;3;0;0;11;5;0;0;750;109;15;9;535;266;55;36;1285;375;70;45
2022.06_18-07-2022;Кировская область;90_105_days;SputnikV;1;0;0;0;3;1;0;0;4;1;0;0;750;109;15;9;535;266;55;36;1285;375;70;45
2022.06_18-07-2022;Костромская область;105_165_days;AllVaccines;10;1;0;0;13;8;1;0;23;9;1;0;126;23;5;5;160;76;15;13;286;99;20;18
2022.06_18-07-2022;Костромская область;105_165_days;CoviVac;1;0;0;0;0;0;0;0;1;0;0;0;126;23;5;5;160;76;15;13;286;99;20;18
2022.06_18-07-2022;Костромская область;105_165_days;EpiVacCorona;1;0;0;0;2;1;0;0;3;1;0;0;126;23;5;5;160;76;15;13;286;99;20;18
2022.06_18-07-2022;Костромская область;105_165_days;SputnikLite;5;0;0;0;5;4;0;0;10;4;0;0;126;23;5;5;160;76;15;13;286;99;20;18
2022.06_18-07-2022;Костромская область;105_165_days;SputnikV;3;1;0;0;6;3;1;0;9;4;1;0;126;23;5;5;160;76;15;13;286;99;20;18
2022.06_18-07-2022;Костромская область;165_195_days;AllVaccines;10;3;1;1;17;7;1;1;27;10;2;2;126;23;5;5;160;76;15;13;286;99;20;18
2022.06_18-07-2022;Костромская область;165_195_days;CoviVac;0;0;0;0;1;1;0;0;1;1;0;0;126;23;5;5;160;76;15;13;286;99;20;18
2022.06_18-07-2022;Костромская область;165_195_days;EpiVacCorona;1;1;1;1;0;0;0;0;1;1;1;1;126;23;5;5;160;76;15;13;286;99;20;18
2022.06_18-07-2022;Костромская область;165_195_days;SputnikLite;7;1;0;0;7;4;0;0;14;5;0;0;126;23;5;5;160;76;15;13;286;99;20;18
2022.06_18-07-2022;Костромская область;165_195_days;SputnikV;2;1;0;0;9;2;1;1;11;3;1;1;126;23;5;5;160;76;15;13;286;99;20;18
2022.06_18-07-2022;Костромская область;75_90_days;AllVaccines;0;0;0;0;1;1;0;0;1;1;0;0;126;23;5;5;160;76;15;13;286;99;20;18
2022.06_18-07-2022;Костромская область;75_90_days;SputnikV;0;0;0;0;1;1;0;0;1;1;0;0;126;23;5;5;160;76;15;13;286;99;20;18
2022.06_18-07-2022;Костромская область;90_105_days;AllVaccines;1;0;0;0;1;1;0;0;2;1;0;0;126;23;5;5;160;76;15;13;286;99;20;18
2022.06_18-07-2022;Костромская область;90_105_days;EpiVacCorona;1;0;0;0;0;0;0;0;1;0;0;0;126;23;5;5;160;76;15;13;286;99;20;18
2022.06_18-07-2022;Костромская область;90_105_days;SputnikV;0;0;0;0;1;1;0;0;1;1;0;0;126;23;5;5;160;76;15;13;286;99;20;18
2022.06_18-07-2022;Краснодарский край;105_165_days;AllVaccines;63;12;2;1;40;10;3;2;103;22;5;3;871;158;22;9;646;216;41;26;1517;374;63;35
2022.06_18-07-2022;Краснодарский край;105_165_days;EpiVacCorona;2;2;0;0;1;0;0;0;3;2;0;0;871;158;22;9;646;216;41;26;1517;374;63;35
2022.06_18-07-2022;Краснодарский край;105_165_days;SputnikLite;21;4;0;0;21;3;0;0;42;7;0;0;871;158;22;9;646;216;41;26;1517;374;63;35
2022.06_18-07-2022;Краснодарский край;105_165_days;SputnikV;40;6;2;1;18;7;3;2;58;13;5;3;871;158;22;9;646;216;41;26;1517;374;63;35
2022.06_18-07-2022;Краснодарский край;165_195_days;AllVaccines;115;21;0;0;66;16;4;1;181;37;4;1;871;158;22;9;646;216;41;26;1517;374;63;35
2022.06_18-07-2022;Краснодарский край;165_195_days;CoviVac;2;1;0;0;1;0;0;0;3;1;0;0;871;158;22;9;646;216;41;26;1517;374;63;35
2022.06_18-07-2022;Краснодарский край;165_195_days;EpiVacCorona;2;0;0;0;2;0;0;0;4;0;0;0;871;158;22;9;646;216;41;26;1517;374;63;35
2022.06_18-07-2022;Краснодарский край;165_195_days;SputnikLite;20;3;0;0;15;1;0;0;35;4;0;0;871;158;22;9;646;216;41;26;1517;374;63;35
2022.06_18-07-2022;Краснодарский край;165_195_days;SputnikV;91;17;0;0;48;15;4;1;139;32;4;1;871;158;22;9;646;216;41;26;1517;374;63;35
2022.06_18-07-2022;Краснодарский край;21_45_days;AllVaccines;1;0;0;0;4;1;0;0;5;1;0;0;871;158;22;9;646;216;41;26;1517;374;63;35
2022.06_18-07-2022;Краснодарский край;21_45_days;CoviVac;0;0;0;0;1;0;0;0;1;0;0;0;871;158;22;9;646;216;41;26;1517;374;63;35
2022.06_18-07-2022;Краснодарский край;21_45_days;SputnikV;1;0;0;0;3;1;0;0;4;1;0;0;871;158;22;9;646;216;41;26;1517;374;63;35
2022.06_18-07-2022;Краснодарский край;45_75_days;AllVaccines;10;0;0;0;8;2;1;1;18;2;1;1;871;158;22;9;646;216;41;26;1517;374;63;35
2022.06_18-07-2022;Краснодарский край;45_75_days;EpiVacCorona;1;0;0;0;2;0;0;0;3;0;0;0;871;158;22;9;646;216;41;26;1517;374;63;35
2022.06_18-07-2022;Краснодарский край;45_75_days;SputnikV;9;0;0;0;6;2;1;1;15;2;1;1;871;158;22;9;646;216;41;26;1517;374;63;35
2022.06_18-07-2022;Краснодарский край;75_90_days;AllVaccines;7;1;0;0;8;2;1;1;15;3;1;1;871;158;22;9;646;216;41;26;1517;374;63;35
2022.06_18-07-2022;Краснодарский край;75_90_days;EpiVacCorona;0;0;0;0;1;1;0;0;1;1;0;0;871;158;22;9;646;216;41;26;1517;374;63;35
2022.06_18-07-2022;Краснодарский край;75_90_days;SputnikLite;0;0;0;0;1;0;0;0;1;0;0;0;871;158;22;9;646;216;41;26;1517;374;63;35
2022.06_18-07-2022;Краснодарский край;75_90_days;SputnikV;7;1;0;0;6;1;1;1;13;2;1;1;871;158;22;9;646;216;41;26;1517;374;63;35
2022.06_18-07-2022;Краснодарский край;90_105_days;AllVaccines;9;0;0;0;8;3;0;0;17;3;0;0;871;158;22;9;646;216;41;26;1517;374;63;35
2022.06_18-07-2022;Краснодарский край;90_105_days;EpiVacCorona;0;0;0;0;1;0;0;0;1;0;0;0;871;158;22;9;646;216;41;26;1517;374;63;35
2022.06_18-07-2022;Краснодарский край;90_105_days;SputnikLite;3;0;0;0;1;1;0;0;4;1;0;0;871;158;22;9;646;216;41;26;1517;374;63;35
2022.06_18-07-2022;Краснодарский край;90_105_days;SputnikV;6;0;0;0;6;2;0;0;12;2;0;0;871;158;22;9;646;216;41;26;1517;374;63;35
2022.06_18-07-2022;Красноярский край;105_165_days;AllVaccines;88;22;3;0;74;46;6;3;162;68;9;3;1044;266;45;16;717;464;96;52;1761;730;141;68
2022.06_18-07-2022;Красноярский край;105_165_days;CoviVac;4;0;0;0;1;1;0;0;5;1;0;0;1044;266;45;16;717;464;96;52;1761;730;141;68
2022.06_18-07-2022;Красноярский край;105_165_days;EpiVacCorona;3;1;0;0;3;1;0;0;6;2;0;0;1044;266;45;16;717;464;96;52;1761;730;141;68
2022.06_18-07-2022;Красноярский край;105_165_days;SputnikLite;46;9;1;0;43;31;5;2;89;40;6;2;1044;266;45;16;717;464;96;52;1761;730;141;68
2022.06_18-07-2022;Красноярский край;105_165_days;SputnikV;35;12;2;0;27;13;1;1;62;25;3;1;1044;266;45;16;717;464;96;52;1761;730;141;68
2022.06_18-07-2022;Красноярский край;165_195_days;AllVaccines;105;24;5;1;66;38;6;2;171;62;11;3;1044;266;45;16;717;464;96;52;1761;730;141;68
2022.06_18-07-2022;Красноярский край;165_195_days;CoviVac;0;0;0;0;2;2;0;0;2;2;0;0;1044;266;45;16;717;464;96;52;1761;730;141;68
2022.06_18-07-2022;Красноярский край;165_195_days;EpiVacCorona;4;0;0;0;7;3;0;0;11;3;0;0;1044;266;45;16;717;464;96;52;1761;730;141;68
2022.06_18-07-2022;Красноярский край;165_195_days;SputnikLite;22;7;1;0;25;14;3;0;47;21;4;0;1044;266;45;16;717;464;96;52;1761;730;141;68
2022.06_18-07-2022;Красноярский край;165_195_days;SputnikV;79;17;4;1;32;19;3;2;111;36;7;3;1044;266;45;16;717;464;96;52;1761;730;141;68
2022.06_18-07-2022;Красноярский край;21_45_days;AllVaccines;7;0;0;0;5;1;0;0;12;1;0;0;1044;266;45;16;717;464;96;52;1761;730;141;68
2022.06_18-07-2022;Красноярский край;21_45_days;EpiVacCorona;1;0;0;0;0;0;0;0;1;0;0;0;1044;266;45;16;717;464;96;52;1761;730;141;68
2022.06_18-07-2022;Красноярский край;21_45_days;SputnikLite;2;0;0;0;0;0;0;0;2;0;0;0;1044;266;45;16;717;464;96;52;1761;730;141;68
2022.06_18-07-2022;Красноярский край;21_45_days;SputnikV;4;0;0;0;5;1;0;0;9;1;0;0;1044;266;45;16;717;464;96;52;1761;730;141;68
2022.06_18-07-2022;Красноярский край;45_75_days;AllVaccines;11;1;0;0;6;3;0;0;17;4;0;0;1044;266;45;16;717;464;96;52;1761;730;141;68
2022.06_18-07-2022;Красноярский край;45_75_days;EpiVacCorona;0;0;0;0;1;0;0;0;1;0;0;0;1044;266;45;16;717;464;96;52;1761;730;141;68
2022.06_18-07-2022;Красноярский край;45_75_days;SputnikLite;3;1;0;0;0;0;0;0;3;1;0;0;1044;266;45;16;717;464;96;52;1761;730;141;68
2022.06_18-07-2022;Красноярский край;45_75_days;SputnikV;8;0;0;0;5;3;0;0;13;3;0;0;1044;266;45;16;717;464;96;52;1761;730;141;68
2022.06_18-07-2022;Красноярский край;75_90_days;AllVaccines;8;2;0;0;3;2;0;0;11;4;0;0;1044;266;45;16;717;464;96;52;1761;730;141;68
2022.06_18-07-2022;Красноярский край;75_90_days;CoviVac;2;0;0;0;0;0;0;0;2;0;0;0;1044;266;45;16;717;464;96;52;1761;730;141;68
2022.06_18-07-2022;Красноярский край;75_90_days;SputnikLite;2;2;0;0;0;0;0;0;2;2;0;0;1044;266;45;16;717;464;96;52;1761;730;141;68
2022.06_18-07-2022;Красноярский край;75_90_days;SputnikV;4;0;0;0;3;2;0;0;7;2;0;0;1044;266;45;16;717;464;96;52;1761;730;141;68
2022.06_18-07-2022;Красноярский край;90_105_days;AllVaccines;7;0;0;0;7;2;1;0;14;2;1;0;1044;266;45;16;717;464;96;52;1761;730;141;68
2022.06_18-07-2022;Красноярский край;90_105_days;EpiVacCorona;1;0;0;0;1;0;0;0;2;0;0;0;1044;266;45;16;717;464;96;52;1761;730;141;68
2022.06_18-07-2022;Красноярский край;90_105_days;SputnikLite;2;0;0;0;0;0;0;0;2;0;0;0;1044;266;45;16;717;464;96;52;1761;730;141;68
2022.06_18-07-2022;Красноярский край;90_105_days;SputnikV;4;0;0;0;6;2;1;0;10;2;1;0;1044;266;45;16;717;464;96;52;1761;730;141;68
2022.06_18-07-2022;Курганская область;105_165_days;AllVaccines;82;3;0;0;42;12;1;1;124;15;1;1;848;31;2;1;399;122;17;7;1247;153;19;8
2022.06_18-07-2022;Курганская область;105_165_days;CoviVac;1;0;0;0;0;0;0;0;1;0;0;0;848;31;2;1;399;122;17;7;1247;153;19;8
2022.06_18-07-2022;Курганская область;105_165_days;EpiVacCorona;6;0;0;0;2;1;1;1;8;1;1;1;848;31;2;1;399;122;17;7;1247;153;19;8
2022.06_18-07-2022;Курганская область;105_165_days;SputnikLite;60;3;0;0;28;8;0;0;88;11;0;0;848;31;2;1;399;122;17;7;1247;153;19;8
2022.06_18-07-2022;Курганская область;105_165_days;SputnikV;15;0;0;0;12;3;0;0;27;3;0;0;848;31;2;1;399;122;17;7;1247;153;19;8
2022.06_18-07-2022;Курганская область;165_195_days;AllVaccines;66;2;0;0;35;8;1;0;101;10;1;0;848;31;2;1;399;122;17;7;1247;153;19;8
2022.06_18-07-2022;Курганская область;165_195_days;CoviVac;2;0;0;0;0;0;0;0;2;0;0;0;848;31;2;1;399;122;17;7;1247;153;19;8
2022.06_18-07-2022;Курганская область;165_195_days;SputnikLite;20;2;0;0;14;3;1;0;34;5;1;0;848;31;2;1;399;122;17;7;1247;153;19;8
2022.06_18-07-2022;Курганская область;165_195_days;SputnikV;44;0;0;0;21;5;0;0;65;5;0;0;848;31;2;1;399;122;17;7;1247;153;19;8
2022.06_18-07-2022;Курганская область;21_45_days;AllVaccines;8;0;0;0;1;0;0;0;9;0;0;0;848;31;2;1;399;122;17;7;1247;153;19;8
2022.06_18-07-2022;Курганская область;21_45_days;EpiVacCorona;2;0;0;0;0;0;0;0;2;0;0;0;848;31;2;1;399;122;17;7;1247;153;19;8
2022.06_18-07-2022;Курганская область;21_45_days;SputnikLite;1;0;0;0;0;0;0;0;1;0;0;0;848;31;2;1;399;122;17;7;1247;153;19;8
2022.06_18-07-2022;Курганская область;21_45_days;SputnikV;5;0;0;0;1;0;0;0;6;0;0;0;848;31;2;1;399;122;17;7;1247;153;19;8
2022.06_18-07-2022;Курганская область;45_75_days;AllVaccines;5;0;0;0;6;2;1;0;11;2;1;0;848;31;2;1;399;122;17;7;1247;153;19;8
2022.06_18-07-2022;Курганская область;45_75_days;EpiVacCorona;1;0;0;0;1;1;0;0;2;1;0;0;848;31;2;1;399;122;17;7;1247;153;19;8
2022.06_18-07-2022;Курганская область;45_75_days;SputnikV;4;0;0;0;5;1;1;0;9;1;1;0;848;31;2;1;399;122;17;7;1247;153;19;8
2022.06_18-07-2022;Курганская область;75_90_days;AllVaccines;4;0;0;0;5;3;0;0;9;3;0;0;848;31;2;1;399;122;17;7;1247;153;19;8
2022.06_18-07-2022;Курганская область;75_90_days;CoviVac;1;0;0;0;0;0;0;0;1;0;0;0;848;31;2;1;399;122;17;7;1247;153;19;8
2022.06_18-07-2022;Курганская область;75_90_days;EpiVacCorona;1;0;0;0;3;2;0;0;4;2;0;0;848;31;2;1;399;122;17;7;1247;153;19;8
2022.06_18-07-2022;Курганская область;75_90_days;SputnikLite;2;0;0;0;2;1;0;0;4;1;0;0;848;31;2;1;399;122;17;7;1247;153;19;8
2022.06_18-07-2022;Курганская область;90_105_days;AllVaccines;7;0;0;0;2;2;0;0;9;2;0;0;848;31;2;1;399;122;17;7;1247;153;19;8
2022.06_18-07-2022;Курганская область;90_105_days;SputnikLite;3;0;0;0;0;0;0;0;3;0;0;0;848;31;2;1;399;122;17;7;1247;153;19;8
2022.06_18-07-2022;Курганская область;90_105_days;SputnikV;4;0;0;0;2;2;0;0;6;2;0;0;848;31;2;1;399;122;17;7;1247;153;19;8
2022.06_18-07-2022;Курская область;105_165_days;AllVaccines;44;4;0;0;36;15;4;0;80;19;4;0;595;130;13;3;497;221;61;23;1092;351;74;26
2022.06_18-07-2022;Курская область;105_165_days;CoviVac;0;0;0;0;1;1;0;0;1;1;0;0;595;130;13;3;497;221;61;23;1092;351;74;26
2022.06_18-07-2022;Курская область;105_165_days;EpiVacCorona;3;0;0;0;4;2;0;0;7;2;0;0;595;130;13;3;497;221;61;23;1092;351;74;26
2022.06_18-07-2022;Курская область;105_165_days;SputnikLite;34;3;0;0;22;6;1;0;56;9;1;0;595;130;13;3;497;221;61;23;1092;351;74;26
2022.06_18-07-2022;Курская область;105_165_days;SputnikV;7;1;0;0;9;6;3;0;16;7;3;0;595;130;13;3;497;221;61;23;1092;351;74;26
2022.06_18-07-2022;Курская область;165_195_days;AllVaccines;38;7;1;0;49;27;4;1;87;34;5;1;595;130;13;3;497;221;61;23;1092;351;74;26
2022.06_18-07-2022;Курская область;165_195_days;CoviVac;3;1;0;0;0;0;0;0;3;1;0;0;595;130;13;3;497;221;61;23;1092;351;74;26
2022.06_18-07-2022;Курская область;165_195_days;EpiVacCorona;4;0;0;0;7;4;0;0;11;4;0;0;595;130;13;3;497;221;61;23;1092;351;74;26
2022.06_18-07-2022;Курская область;165_195_days;SputnikLite;12;2;0;0;20;12;3;1;32;14;3;1;595;130;13;3;497;221;61;23;1092;351;74;26
2022.06_18-07-2022;Курская область;165_195_days;SputnikV;19;4;1;0;22;11;1;0;41;15;2;0;595;130;13;3;497;221;61;23;1092;351;74;26
2022.06_18-07-2022;Курская область;21_45_days;AllVaccines;4;0;0;0;1;1;0;0;5;1;0;0;595;130;13;3;497;221;61;23;1092;351;74;26
2022.06_18-07-2022;Курская область;21_45_days;SputnikLite;1;0;0;0;0;0;0;0;1;0;0;0;595;130;13;3;497;221;61;23;1092;351;74;26
2022.06_18-07-2022;Курская область;21_45_days;SputnikV;3;0;0;0;1;1;0;0;4;1;0;0;595;130;13;3;497;221;61;23;1092;351;74;26
2022.06_18-07-2022;Курская область;45_75_days;AllVaccines;6;1;0;0;3;0;0;0;9;1;0;0;595;130;13;3;497;221;61;23;1092;351;74;26
2022.06_18-07-2022;Курская область;45_75_days;EpiVacCorona;0;0;0;0;1;0;0;0;1;0;0;0;595;130;13;3;497;221;61;23;1092;351;74;26
2022.06_18-07-2022;Курская область;45_75_days;SputnikV;6;1;0;0;2;0;0;0;8;1;0;0;595;130;13;3;497;221;61;23;1092;351;74;26
2022.06_18-07-2022;Курская область;75_90_days;AllVaccines;4;0;0;0;1;1;0;0;5;1;0;0;595;130;13;3;497;221;61;23;1092;351;74;26
2022.06_18-07-2022;Курская область;75_90_days;CoviVac;1;0;0;0;0;0;0;0;1;0;0;0;595;130;13;3;497;221;61;23;1092;351;74;26
2022.06_18-07-2022;Курская область;75_90_days;EpiVacCorona;1;0;0;0;0;0;0;0;1;0;0;0;595;130;13;3;497;221;61;23;1092;351;74;26
2022.06_18-07-2022;Курская область;75_90_days;SputnikLite;1;0;0;0;0;0;0;0;1;0;0;0;595;130;13;3;497;221;61;23;1092;351;74;26
2022.06_18-07-2022;Курская область;75_90_days;SputnikV;1;0;0;0;1;1;0;0;2;1;0;0;595;130;13;3;497;221;61;23;1092;351;74;26
2022.06_18-07-2022;Курская область;90_105_days;AllVaccines;2;1;0;0;2;1;0;0;4;2;0;0;595;130;13;3;497;221;61;23;1092;351;74;26
2022.06_18-07-2022;Курская область;90_105_days;SputnikLite;1;1;0;0;0;0;0;0;1;1;0;0;595;130;13;3;497;221;61;23;1092;351;74;26
2022.06_18-07-2022;Курская область;90_105_days;SputnikV;1;0;0;0;2;1;0;0;3;1;0;0;595;130;13;3;497;221;61;23;1092;351;74;26
2022.06_18-07-2022;Ленинградская область;105_165_days;AllVaccines;38;6;0;0;42;17;5;3;80;23;5;3;764;98;13;9;607;196;41;33;1371;294;54;42
2022.06_18-07-2022;Ленинградская область;105_165_days;CoviVac;2;0;0;0;0;0;0;0;2;0;0;0;764;98;13;9;607;196;41;33;1371;294;54;42
2022.06_18-07-2022;Ленинградская область;105_165_days;EpiVacCorona;3;0;0;0;2;2;2;1;5;2;2;1;764;98;13;9;607;196;41;33;1371;294;54;42
2022.06_18-07-2022;Ленинградская область;105_165_days;SputnikLite;15;2;0;0;26;9;2;1;41;11;2;1;764;98;13;9;607;196;41;33;1371;294;54;42
2022.06_18-07-2022;Ленинградская область;105_165_days;SputnikV;18;4;0;0;14;6;1;1;32;10;1;1;764;98;13;9;607;196;41;33;1371;294;54;42
2022.06_18-07-2022;Ленинградская область;165_195_days;AllVaccines;64;9;1;1;47;9;1;0;111;18;2;1;764;98;13;9;607;196;41;33;1371;294;54;42
2022.06_18-07-2022;Ленинградская область;165_195_days;CoviVac;1;0;0;0;0;0;0;0;1;0;0;0;764;98;13;9;607;196;41;33;1371;294;54;42
2022.06_18-07-2022;Ленинградская область;165_195_days;EpiVacCorona;3;1;0;0;0;0;0;0;3;1;0;0;764;98;13;9;607;196;41;33;1371;294;54;42
2022.06_18-07-2022;Ленинградская область;165_195_days;SputnikLite;13;1;0;0;23;2;1;0;36;3;1;0;764;98;13;9;607;196;41;33;1371;294;54;42
2022.06_18-07-2022;Ленинградская область;165_195_days;SputnikV;47;7;1;1;24;7;0;0;71;14;1;1;764;98;13;9;607;196;41;33;1371;294;54;42
2022.06_18-07-2022;Ленинградская область;21_45_days;AllVaccines;1;0;0;0;2;2;0;0;3;2;0;0;764;98;13;9;607;196;41;33;1371;294;54;42
2022.06_18-07-2022;Ленинградская область;21_45_days;SputnikLite;1;0;0;0;0;0;0;0;1;0;0;0;764;98;13;9;607;196;41;33;1371;294;54;42
2022.06_18-07-2022;Ленинградская область;21_45_days;SputnikV;0;0;0;0;2;2;0;0;2;2;0;0;764;98;13;9;607;196;41;33;1371;294;54;42
2022.06_18-07-2022;Ленинградская область;45_75_days;AllVaccines;3;1;0;0;6;3;0;0;9;4;0;0;764;98;13;9;607;196;41;33;1371;294;54;42
2022.06_18-07-2022;Ленинградская область;45_75_days;SputnikLite;1;1;0;0;1;0;0;0;2;1;0;0;764;98;13;9;607;196;41;33;1371;294;54;42
2022.06_18-07-2022;Ленинградская область;45_75_days;SputnikV;2;0;0;0;5;3;0;0;7;3;0;0;764;98;13;9;607;196;41;33;1371;294;54;42
2022.06_18-07-2022;Ленинградская область;75_90_days;AllVaccines;7;2;1;1;5;1;0;0;12;3;1;1;764;98;13;9;607;196;41;33;1371;294;54;42
2022.06_18-07-2022;Ленинградская область;75_90_days;EpiVacCorona;1;0;0;0;0;0;0;0;1;0;0;0;764;98;13;9;607;196;41;33;1371;294;54;42
2022.06_18-07-2022;Ленинградская область;75_90_days;SputnikLite;1;1;1;1;1;0;0;0;2;1;1;1;764;98;13;9;607;196;41;33;1371;294;54;42
2022.06_18-07-2022;Ленинградская область;75_90_days;SputnikV;5;1;0;0;4;1;0;0;9;2;0;0;764;98;13;9;607;196;41;33;1371;294;54;42
2022.06_18-07-2022;Ленинградская область;90_105_days;AllVaccines;8;0;0;0;3;0;0;0;11;0;0;0;764;98;13;9;607;196;41;33;1371;294;54;42
2022.06_18-07-2022;Ленинградская область;90_105_days;SputnikLite;1;0;0;0;0;0;0;0;1;0;0;0;764;98;13;9;607;196;41;33;1371;294;54;42
2022.06_18-07-2022;Ленинградская область;90_105_days;SputnikV;7;0;0;0;3;0;0;0;10;0;0;0;764;98;13;9;607;196;41;33;1371;294;54;42
2022.06_18-07-2022;Липецкая область;105_165_days;AllVaccines;46;8;1;1;27;8;2;1;73;16;3;2;684;88;4;4;463;141;24;15;1147;229;28;19
2022.06_18-07-2022;Липецкая область;105_165_days;EpiVacCorona;6;1;1;1;3;1;0;0;9;2;1;1;684;88;4;4;463;141;24;15;1147;229;28;19
2022.06_18-07-2022;Липецкая область;105_165_days;SputnikLite;25;4;0;0;14;5;2;1;39;9;2;1;684;88;4;4;463;141;24;15;1147;229;28;19
2022.06_18-07-2022;Липецкая область;105_165_days;SputnikV;15;3;0;0;10;2;0;0;25;5;0;0;684;88;4;4;463;141;24;15;1147;229;28;19
2022.06_18-07-2022;Липецкая область;165_195_days;AllVaccines;69;9;0;0;25;6;0;0;94;15;0;0;684;88;4;4;463;141;24;15;1147;229;28;19
2022.06_18-07-2022;Липецкая область;165_195_days;CoviVac;2;0;0;0;0;0;0;0;2;0;0;0;684;88;4;4;463;141;24;15;1147;229;28;19
2022.06_18-07-2022;Липецкая область;165_195_days;EpiVacCorona;4;1;0;0;3;0;0;0;7;1;0;0;684;88;4;4;463;141;24;15;1147;229;28;19
2022.06_18-07-2022;Липецкая область;165_195_days;SputnikLite;16;2;0;0;9;1;0;0;25;3;0;0;684;88;4;4;463;141;24;15;1147;229;28;19
2022.06_18-07-2022;Липецкая область;165_195_days;SputnikV;47;6;0;0;13;5;0;0;60;11;0;0;684;88;4;4;463;141;24;15;1147;229;28;19
2022.06_18-07-2022;Липецкая область;21_45_days;AllVaccines;7;1;0;0;8;1;0;0;15;2;0;0;684;88;4;4;463;141;24;15;1147;229;28;19
2022.06_18-07-2022;Липецкая область;21_45_days;EpiVacCorona;0;0;0;0;2;1;0;0;2;1;0;0;684;88;4;4;463;141;24;15;1147;229;28;19
2022.06_18-07-2022;Липецкая область;21_45_days;SputnikV;7;1;0;0;6;0;0;0;13;1;0;0;684;88;4;4;463;141;24;15;1147;229;28;19
2022.06_18-07-2022;Липецкая область;45_75_days;AllVaccines;9;1;0;0;17;3;1;0;26;4;1;0;684;88;4;4;463;141;24;15;1147;229;28;19
2022.06_18-07-2022;Липецкая область;45_75_days;CoviVac;1;1;0;0;0;0;0;0;1;1;0;0;684;88;4;4;463;141;24;15;1147;229;28;19
2022.06_18-07-2022;Липецкая область;45_75_days;EpiVacCorona;1;0;0;0;1;1;0;0;2;1;0;0;684;88;4;4;463;141;24;15;1147;229;28;19
2022.06_18-07-2022;Липецкая область;45_75_days;SputnikLite;0;0;0;0;1;0;0;0;1;0;0;0;684;88;4;4;463;141;24;15;1147;229;28;19
2022.06_18-07-2022;Липецкая область;45_75_days;SputnikV;7;0;0;0;15;2;1;0;22;2;1;0;684;88;4;4;463;141;24;15;1147;229;28;19
2022.06_18-07-2022;Липецкая область;75_90_days;AllVaccines;4;0;0;0;6;0;0;0;10;0;0;0;684;88;4;4;463;141;24;15;1147;229;28;19
2022.06_18-07-2022;Липецкая область;75_90_days;EpiVacCorona;0;0;0;0;1;0;0;0;1;0;0;0;684;88;4;4;463;141;24;15;1147;229;28;19
2022.06_18-07-2022;Липецкая область;75_90_days;SputnikLite;1;0;0;0;1;0;0;0;2;0;0;0;684;88;4;4;463;141;24;15;1147;229;28;19
2022.06_18-07-2022;Липецкая область;75_90_days;SputnikV;3;0;0;0;4;0;0;0;7;0;0;0;684;88;4;4;463;141;24;15;1147;229;28;19
2022.06_18-07-2022;Липецкая область;90_105_days;AllVaccines;5;1;0;0;5;3;0;0;10;4;0;0;684;88;4;4;463;141;24;15;1147;229;28;19
2022.06_18-07-2022;Липецкая область;90_105_days;CoviVac;1;0;0;0;0;0;0;0;1;0;0;0;684;88;4;4;463;141;24;15;1147;229;28;19
2022.06_18-07-2022;Липецкая область;90_105_days;EpiVacCorona;0;0;0;0;3;1;0;0;3;1;0;0;684;88;4;4;463;141;24;15;1147;229;28;19
2022.06_18-07-2022;Липецкая область;90_105_days;SputnikLite;1;0;0;0;1;1;0;0;2;1;0;0;684;88;4;4;463;141;24;15;1147;229;28;19
2022.06_18-07-2022;Липецкая область;90_105_days;SputnikV;3;1;0;0;1;1;0;0;4;2;0;0;684;88;4;4;463;141;24;15;1147;229;28;19
2022.06_18-07-2022;Магаданская область;105_165_days;AllVaccines;1;0;0;0;1;0;0;0;2;0;0;0;12;0;0;0;9;4;0;0;21;4;0;0
2022.06_18-07-2022;Магаданская область;105_165_days;SputnikLite;0;0;0;0;1;0;0;0;1;0;0;0;12;0;0;0;9;4;0;0;21;4;0;0
2022.06_18-07-2022;Магаданская область;105_165_days;SputnikV;1;0;0;0;0;0;0;0;1;0;0;0;12;0;0;0;9;4;0;0;21;4;0;0
2022.06_18-07-2022;Магаданская область;165_195_days;AllVaccines;1;0;0;0;0;0;0;0;1;0;0;0;12;0;0;0;9;4;0;0;21;4;0;0
2022.06_18-07-2022;Магаданская область;165_195_days;SputnikV;1;0;0;0;0;0;0;0;1;0;0;0;12;0;0;0;9;4;0;0;21;4;0;0
2022.06_18-07-2022;Магаданская область;21_45_days;AllVaccines;0;0;0;0;1;0;0;0;1;0;0;0;12;0;0;0;9;4;0;0;21;4;0;0
2022.06_18-07-2022;Магаданская область;21_45_days;SputnikLite;0;0;0;0;1;0;0;0;1;0;0;0;12;0;0;0;9;4;0;0;21;4;0;0
2022.06_18-07-2022;Московская область;105_165_days;AllVaccines;339;15;1;1;174;32;1;3;513;47;2;4;5334;423;46;26;2578;716;113;130;7912;1139;159;156
2022.06_18-07-2022;Московская область;105_165_days;CoviVac;8;0;0;0;2;1;0;0;10;1;0;0;5334;423;46;26;2578;716;113;130;7912;1139;159;156
2022.06_18-07-2022;Московская область;105_165_days;EpiVacCorona;8;0;0;0;1;0;0;0;9;0;0;0;5334;423;46;26;2578;716;113;130;7912;1139;159;156
2022.06_18-07-2022;Московская область;105_165_days;SputnikLite;173;8;1;1;112;17;1;1;285;25;2;2;5334;423;46;26;2578;716;113;130;7912;1139;159;156
2022.06_18-07-2022;Московская область;105_165_days;SputnikV;150;7;0;0;59;14;0;2;209;21;0;2;5334;423;46;26;2578;716;113;130;7912;1139;159;156
2022.06_18-07-2022;Московская область;165_195_days;AllVaccines;217;12;2;0;142;34;5;4;359;46;7;4;5334;423;46;26;2578;716;113;130;7912;1139;159;156
2022.06_18-07-2022;Московская область;165_195_days;CoviVac;2;1;0;0;2;0;0;0;4;1;0;0;5334;423;46;26;2578;716;113;130;7912;1139;159;156
2022.06_18-07-2022;Московская область;165_195_days;EpiVacCorona;6;1;0;0;4;1;0;0;10;2;0;0;5334;423;46;26;2578;716;113;130;7912;1139;159;156
2022.06_18-07-2022;Московская область;165_195_days;SputnikLite;44;2;0;0;48;11;0;2;92;13;0;2;5334;423;46;26;2578;716;113;130;7912;1139;159;156
2022.06_18-07-2022;Московская область;165_195_days;SputnikV;165;8;2;0;88;22;5;2;253;30;7;2;5334;423;46;26;2578;716;113;130;7912;1139;159;156
2022.06_18-07-2022;Московская область;21_45_days;AllVaccines;27;1;0;0;20;5;0;0;47;6;0;0;5334;423;46;26;2578;716;113;130;7912;1139;159;156
2022.06_18-07-2022;Московская область;21_45_days;CoviVac;1;0;0;0;0;0;0;0;1;0;0;0;5334;423;46;26;2578;716;113;130;7912;1139;159;156
2022.06_18-07-2022;Московская область;21_45_days;EpiVacCorona;2;1;0;0;0;0;0;0;2;1;0;0;5334;423;46;26;2578;716;113;130;7912;1139;159;156
2022.06_18-07-2022;Московская область;21_45_days;SputnikLite;11;0;0;0;7;3;0;0;18;3;0;0;5334;423;46;26;2578;716;113;130;7912;1139;159;156
2022.06_18-07-2022;Московская область;21_45_days;SputnikV;13;0;0;0;13;2;0;0;26;2;0;0;5334;423;46;26;2578;716;113;130;7912;1139;159;156
2022.06_18-07-2022;Московская область;45_75_days;AllVaccines;35;0;0;0;24;2;1;0;59;2;1;0;5334;423;46;26;2578;716;113;130;7912;1139;159;156
2022.06_18-07-2022;Московская область;45_75_days;EpiVacCorona;2;0;0;0;0;0;0;0;2;0;0;0;5334;423;46;26;2578;716;113;130;7912;1139;159;156
2022.06_18-07-2022;Московская область;45_75_days;SputnikLite;11;0;0;0;15;1;0;0;26;1;0;0;5334;423;46;26;2578;716;113;130;7912;1139;159;156
2022.06_18-07-2022;Московская область;45_75_days;SputnikV;22;0;0;0;9;1;1;0;31;1;1;0;5334;423;46;26;2578;716;113;130;7912;1139;159;156
2022.06_18-07-2022;Московская область;75_90_days;AllVaccines;34;1;0;0;12;4;1;1;46;5;1;1;5334;423;46;26;2578;716;113;130;7912;1139;159;156
2022.06_18-07-2022;Московская область;75_90_days;CoviVac;1;0;0;0;0;0;0;0;1;0;0;0;5334;423;46;26;2578;716;113;130;7912;1139;159;156
2022.06_18-07-2022;Московская область;75_90_days;SputnikLite;16;1;0;0;8;3;1;0;24;4;1;0;5334;423;46;26;2578;716;113;130;7912;1139;159;156
2022.06_18-07-2022;Московская область;75_90_days;SputnikV;17;0;0;0;4;1;0;1;21;1;0;1;5334;423;46;26;2578;716;113;130;7912;1139;159;156
2022.06_18-07-2022;Московская область;90_105_days;AllVaccines;48;0;0;0;14;3;0;0;62;3;0;0;5334;423;46;26;2578;716;113;130;7912;1139;159;156
2022.06_18-07-2022;Московская область;90_105_days;EpiVacCorona;0;0;0;0;1;1;0;0;1;1;0;0;5334;423;46;26;2578;716;113;130;7912;1139;159;156
2022.06_18-07-2022;Московская область;90_105_days;SputnikLite;17;0;0;0;8;1;0;0;25;1;0;0;5334;423;46;26;2578;716;113;130;7912;1139;159;156
2022.06_18-07-2022;Московская область;90_105_days;SputnikV;31;0;0;0;5;1;0;0;36;1;0;0;5334;423;46;26;2578;716;113;130;7912;1139;159;156
2022.06_18-07-2022;Мурманская область;105_165_days;AllVaccines;15;3;0;0;9;0;0;0;24;3;0;0;213;48;13;4;116;52;11;5;329;100;24;9
2022.06_18-07-2022;Мурманская область;105_165_days;EpiVacCorona;1;1;0;0;0;0;0;0;1;1;0;0;213;48;13;4;116;52;11;5;329;100;24;9
2022.06_18-07-2022;Мурманская область;105_165_days;SputnikLite;9;2;0;0;6;0;0;0;15;2;0;0;213;48;13;4;116;52;11;5;329;100;24;9
2022.06_18-07-2022;Мурманская область;105_165_days;SputnikV;5;0;0;0;3;0;0;0;8;0;0;0;213;48;13;4;116;52;11;5;329;100;24;9
2022.06_18-07-2022;Мурманская область;165_195_days;AllVaccines;22;3;0;0;8;5;2;1;30;8;2;1;213;48;13;4;116;52;11;5;329;100;24;9
2022.06_18-07-2022;Мурманская область;165_195_days;EpiVacCorona;0;0;0;0;1;0;0;0;1;0;0;0;213;48;13;4;116;52;11;5;329;100;24;9
2022.06_18-07-2022;Мурманская область;165_195_days;SputnikLite;9;1;0;0;3;2;1;1;12;3;1;1;213;48;13;4;116;52;11;5;329;100;24;9
2022.06_18-07-2022;Мурманская область;165_195_days;SputnikV;13;2;0;0;4;3;1;0;17;5;1;0;213;48;13;4;116;52;11;5;329;100;24;9
2022.06_18-07-2022;Мурманская область;21_45_days;AllVaccines;4;1;1;0;0;0;0;0;4;1;1;0;213;48;13;4;116;52;11;5;329;100;24;9
2022.06_18-07-2022;Мурманская область;21_45_days;SputnikLite;1;0;0;0;0;0;0;0;1;0;0;0;213;48;13;4;116;52;11;5;329;100;24;9
2022.06_18-07-2022;Мурманская область;21_45_days;SputnikV;3;1;1;0;0;0;0;0;3;1;1;0;213;48;13;4;116;52;11;5;329;100;24;9
2022.06_18-07-2022;Мурманская область;45_75_days;AllVaccines;5;0;0;0;5;3;0;0;10;3;0;0;213;48;13;4;116;52;11;5;329;100;24;9
2022.06_18-07-2022;Мурманская область;45_75_days;SputnikLite;1;0;0;0;5;3;0;0;6;3;0;0;213;48;13;4;116;52;11;5;329;100;24;9
2022.06_18-07-2022;Мурманская область;45_75_days;SputnikV;4;0;0;0;0;0;0;0;4;0;0;0;213;48;13;4;116;52;11;5;329;100;24;9
2022.06_18-07-2022;Мурманская область;75_90_days;AllVaccines;3;0;0;0;0;0;0;0;3;0;0;0;213;48;13;4;116;52;11;5;329;100;24;9
2022.06_18-07-2022;Мурманская область;75_90_days;SputnikLite;1;0;0;0;0;0;0;0;1;0;0;0;213;48;13;4;116;52;11;5;329;100;24;9
2022.06_18-07-2022;Мурманская область;75_90_days;SputnikV;2;0;0;0;0;0;0;0;2;0;0;0;213;48;13;4;116;52;11;5;329;100;24;9
2022.06_18-07-2022;Мурманская область;90_105_days;AllVaccines;1;0;0;0;0;0;0;0;1;0;0;0;213;48;13;4;116;52;11;5;329;100;24;9
2022.06_18-07-2022;Мурманская область;90_105_days;SputnikLite;1;0;0;0;0;0;0;0;1;0;0;0;213;48;13;4;116;52;11;5;329;100;24;9
2022.06_18-07-2022;Ненецкий автономный округ;105_165_days;AllVaccines;3;1;0;0;5;1;1;0;8;2;1;0;27;8;0;0;19;5;1;0;46;13;1;0
2022.06_18-07-2022;Ненецкий автономный округ;105_165_days;SputnikLite;3;1;0;0;4;1;1;0;7;2;1;0;27;8;0;0;19;5;1;0;46;13;1;0
2022.06_18-07-2022;Ненецкий автономный округ;105_165_days;SputnikV;0;0;0;0;1;0;0;0;1;0;0;0;27;8;0;0;19;5;1;0;46;13;1;0
2022.06_18-07-2022;Ненецкий автономный округ;165_195_days;AllVaccines;3;2;0;0;0;0;0;0;3;2;0;0;27;8;0;0;19;5;1;0;46;13;1;0
2022.06_18-07-2022;Ненецкий автономный округ;165_195_days;SputnikLite;2;2;0;0;0;0;0;0;2;2;0;0;27;8;0;0;19;5;1;0;46;13;1;0
2022.06_18-07-2022;Ненецкий автономный округ;165_195_days;SputnikV;1;0;0;0;0;0;0;0;1;0;0;0;27;8;0;0;19;5;1;0;46;13;1;0
2022.06_18-07-2022;Ненецкий автономный округ;90_105_days;AllVaccines;2;0;0;0;0;0;0;0;2;0;0;0;27;8;0;0;19;5;1;0;46;13;1;0
2022.06_18-07-2022;Ненецкий автономный округ;90_105_days;SputnikV;2;0;0;0;0;0;0;0;2;0;0;0;27;8;0;0;19;5;1;0;46;13;1;0
2022.06_18-07-2022;Нижегородская область;105_165_days;AllVaccines;69;14;0;0;77;34;6;2;146;48;6;2;1160;265;20;14;1189;583;82;52;2349;848;102;66
2022.06_18-07-2022;Нижегородская область;105_165_days;CoviVac;1;0;0;0;3;1;0;0;4;1;0;0;1160;265;20;14;1189;583;82;52;2349;848;102;66
2022.06_18-07-2022;Нижегородская область;105_165_days;EpiVacCorona;1;1;0;0;5;3;0;0;6;4;0;0;1160;265;20;14;1189;583;82;52;2349;848;102;66
2022.06_18-07-2022;Нижегородская область;105_165_days;SputnikLite;40;6;0;0;45;19;4;1;85;25;4;1;1160;265;20;14;1189;583;82;52;2349;848;102;66
2022.06_18-07-2022;Нижегородская область;105_165_days;SputnikV;27;7;0;0;24;11;2;1;51;18;2;1;1160;265;20;14;1189;583;82;52;2349;848;102;66
2022.06_18-07-2022;Нижегородская область;165_195_days;AllVaccines;76;15;0;0;120;58;3;1;196;73;3;1;1160;265;20;14;1189;583;82;52;2349;848;102;66
2022.06_18-07-2022;Нижегородская область;165_195_days;CoviVac;1;0;0;0;0;0;0;0;1;0;0;0;1160;265;20;14;1189;583;82;52;2349;848;102;66
2022.06_18-07-2022;Нижегородская область;165_195_days;EpiVacCorona;3;1;0;0;6;4;0;0;9;5;0;0;1160;265;20;14;1189;583;82;52;2349;848;102;66
2022.06_18-07-2022;Нижегородская область;165_195_days;SputnikLite;27;7;0;0;50;25;1;0;77;32;1;0;1160;265;20;14;1189;583;82;52;2349;848;102;66
2022.06_18-07-2022;Нижегородская область;165_195_days;SputnikV;45;7;0;0;64;29;2;1;109;36;2;1;1160;265;20;14;1189;583;82;52;2349;848;102;66
2022.06_18-07-2022;Нижегородская область;21_45_days;AllVaccines;1;1;0;0;8;4;0;0;9;5;0;0;1160;265;20;14;1189;583;82;52;2349;848;102;66
2022.06_18-07-2022;Нижегородская область;21_45_days;SputnikLite;0;0;0;0;1;0;0;0;1;0;0;0;1160;265;20;14;1189;583;82;52;2349;848;102;66
2022.06_18-07-2022;Нижегородская область;21_45_days;SputnikV;1;1;0;0;7;4;0;0;8;5;0;0;1160;265;20;14;1189;583;82;52;2349;848;102;66
2022.06_18-07-2022;Нижегородская область;45_75_days;AllVaccines;10;1;0;1;13;6;0;0;23;7;0;1;1160;265;20;14;1189;583;82;52;2349;848;102;66
2022.06_18-07-2022;Нижегородская область;45_75_days;EpiVacCorona;0;0;0;0;2;0;0;0;2;0;0;0;1160;265;20;14;1189;583;82;52;2349;848;102;66
2022.06_18-07-2022;Нижегородская область;45_75_days;SputnikLite;2;0;0;0;0;0;0;0;2;0;0;0;1160;265;20;14;1189;583;82;52;2349;848;102;66
2022.06_18-07-2022;Нижегородская область;45_75_days;SputnikV;8;1;0;1;11;6;0;0;19;7;0;1;1160;265;20;14;1189;583;82;52;2349;848;102;66
2022.06_18-07-2022;Нижегородская область;75_90_days;AllVaccines;6;1;0;0;1;0;0;0;7;1;0;0;1160;265;20;14;1189;583;82;52;2349;848;102;66
2022.06_18-07-2022;Нижегородская область;75_90_days;EpiVacCorona;1;1;0;0;0;0;0;0;1;1;0;0;1160;265;20;14;1189;583;82;52;2349;848;102;66
2022.06_18-07-2022;Нижегородская область;75_90_days;SputnikV;5;0;0;0;1;0;0;0;6;0;0;0;1160;265;20;14;1189;583;82;52;2349;848;102;66
2022.06_18-07-2022;Нижегородская область;90_105_days;AllVaccines;7;0;0;0;3;0;0;0;10;0;0;0;1160;265;20;14;1189;583;82;52;2349;848;102;66
2022.06_18-07-2022;Нижегородская область;90_105_days;EpiVacCorona;0;0;0;0;2;0;0;0;2;0;0;0;1160;265;20;14;1189;583;82;52;2349;848;102;66
2022.06_18-07-2022;Нижегородская область;90_105_days;SputnikLite;4;0;0;0;0;0;0;0;4;0;0;0;1160;265;20;14;1189;583;82;52;2349;848;102;66
2022.06_18-07-2022;Нижегородская область;90_105_days;SputnikV;3;0;0;0;1;0;0;0;4;0;0;0;1160;265;20;14;1189;583;82;52;2349;848;102;66
2022.06_18-07-2022;Новгородская область;105_165_days;AllVaccines;22;3;0;0;25;6;0;0;47;9;0;0;487;50;5;2;328;98;17;12;815;148;22;14
2022.06_18-07-2022;Новгородская область;105_165_days;CoviVac;0;0;0;0;1;0;0;0;1;0;0;0;487;50;5;2;328;98;17;12;815;148;22;14
2022.06_18-07-2022;Новгородская область;105_165_days;EpiVacCorona;1;0;0;0;1;1;0;0;2;1;0;0;487;50;5;2;328;98;17;12;815;148;22;14
2022.06_18-07-2022;Новгородская область;105_165_days;SputnikLite;12;1;0;0;17;2;0;0;29;3;0;0;487;50;5;2;328;98;17;12;815;148;22;14
2022.06_18-07-2022;Новгородская область;105_165_days;SputnikV;9;2;0;0;6;3;0;0;15;5;0;0;487;50;5;2;328;98;17;12;815;148;22;14
2022.06_18-07-2022;Новгородская область;165_195_days;AllVaccines;20;1;0;0;30;8;1;1;50;9;1;1;487;50;5;2;328;98;17;12;815;148;22;14
2022.06_18-07-2022;Новгородская область;165_195_days;CoviVac;3;0;0;0;0;0;0;0;3;0;0;0;487;50;5;2;328;98;17;12;815;148;22;14
2022.06_18-07-2022;Новгородская область;165_195_days;EpiVacCorona;0;0;0;0;2;1;0;0;2;1;0;0;487;50;5;2;328;98;17;12;815;148;22;14
2022.06_18-07-2022;Новгородская область;165_195_days;SputnikLite;3;0;0;0;12;3;0;0;15;3;0;0;487;50;5;2;328;98;17;12;815;148;22;14
2022.06_18-07-2022;Новгородская область;165_195_days;SputnikV;14;1;0;0;16;4;1;1;30;5;1;1;487;50;5;2;328;98;17;12;815;148;22;14
2022.06_18-07-2022;Новгородская область;21_45_days;AllVaccines;2;0;0;0;2;0;0;0;4;0;0;0;487;50;5;2;328;98;17;12;815;148;22;14
2022.06_18-07-2022;Новгородская область;21_45_days;EpiVacCorona;0;0;0;0;1;0;0;0;1;0;0;0;487;50;5;2;328;98;17;12;815;148;22;14
2022.06_18-07-2022;Новгородская область;21_45_days;SputnikV;2;0;0;0;1;0;0;0;3;0;0;0;487;50;5;2;328;98;17;12;815;148;22;14
2022.06_18-07-2022;Новгородская область;45_75_days;AllVaccines;4;0;0;0;4;1;0;0;8;1;0;0;487;50;5;2;328;98;17;12;815;148;22;14
2022.06_18-07-2022;Новгородская область;45_75_days;SputnikLite;1;0;0;0;0;0;0;0;1;0;0;0;487;50;5;2;328;98;17;12;815;148;22;14
2022.06_18-07-2022;Новгородская область;45_75_days;SputnikV;3;0;0;0;4;1;0;0;7;1;0;0;487;50;5;2;328;98;17;12;815;148;22;14
2022.06_18-07-2022;Новгородская область;90_105_days;AllVaccines;2;0;0;0;3;0;0;0;5;0;0;0;487;50;5;2;328;98;17;12;815;148;22;14
2022.06_18-07-2022;Новгородская область;90_105_days;CoviVac;0;0;0;0;3;0;0;0;3;0;0;0;487;50;5;2;328;98;17;12;815;148;22;14
2022.06_18-07-2022;Новгородская область;90_105_days;SputnikLite;1;0;0;0;0;0;0;0;1;0;0;0;487;50;5;2;328;98;17;12;815;148;22;14
2022.06_18-07-2022;Новгородская область;90_105_days;SputnikV;1;0;0;0;0;0;0;0;1;0;0;0;487;50;5;2;328;98;17;12;815;148;22;14
2022.06_18-07-2022;Новосибирская область;105_165_days;AllVaccines;66;11;1;0;57;27;6;1;123;38;7;1;877;192;31;14;626;361;79;38;1503;553;110;52
2022.06_18-07-2022;Новосибирская область;105_165_days;CoviVac;1;0;0;0;0;0;0;0;1;0;0;0;877;192;31;14;626;361;79;38;1503;553;110;52
2022.06_18-07-2022;Новосибирская область;105_165_days;EpiVacCorona;0;0;0;0;1;0;0;0;1;0;0;0;877;192;31;14;626;361;79;38;1503;553;110;52
2022.06_18-07-2022;Новосибирская область;105_165_days;SputnikLite;36;6;1;0;33;15;4;1;69;21;5;1;877;192;31;14;626;361;79;38;1503;553;110;52
2022.06_18-07-2022;Новосибирская область;105_165_days;SputnikV;29;5;0;0;23;12;2;0;52;17;2;0;877;192;31;14;626;361;79;38;1503;553;110;52
2022.06_18-07-2022;Новосибирская область;165_195_days;AllVaccines;81;17;1;0;76;41;5;2;157;58;6;2;877;192;31;14;626;361;79;38;1503;553;110;52
2022.06_18-07-2022;Новосибирская область;165_195_days;EpiVacCorona;5;2;1;0;2;0;0;0;7;2;1;0;877;192;31;14;626;361;79;38;1503;553;110;52
2022.06_18-07-2022;Новосибирская область;165_195_days;SputnikLite;13;2;0;0;34;17;1;0;47;19;1;0;877;192;31;14;626;361;79;38;1503;553;110;52
2022.06_18-07-2022;Новосибирская область;165_195_days;SputnikV;63;13;0;0;40;24;4;2;103;37;4;2;877;192;31;14;626;361;79;38;1503;553;110;52
2022.06_18-07-2022;Новосибирская область;21_45_days;AllVaccines;5;0;0;0;5;2;1;0;10;2;1;0;877;192;31;14;626;361;79;38;1503;553;110;52
2022.06_18-07-2022;Новосибирская область;21_45_days;CoviVac;1;0;0;0;0;0;0;0;1;0;0;0;877;192;31;14;626;361;79;38;1503;553;110;52
2022.06_18-07-2022;Новосибирская область;21_45_days;EpiVacCorona;0;0;0;0;1;1;1;0;1;1;1;0;877;192;31;14;626;361;79;38;1503;553;110;52
2022.06_18-07-2022;Новосибирская область;21_45_days;SputnikV;4;0;0;0;4;1;0;0;8;1;0;0;877;192;31;14;626;361;79;38;1503;553;110;52
2022.06_18-07-2022;Новосибирская область;45_75_days;AllVaccines;5;1;0;0;6;1;0;0;11;2;0;0;877;192;31;14;626;361;79;38;1503;553;110;52
2022.06_18-07-2022;Новосибирская область;45_75_days;EpiVacCorona;1;1;0;0;1;0;0;0;2;1;0;0;877;192;31;14;626;361;79;38;1503;553;110;52
2022.06_18-07-2022;Новосибирская область;45_75_days;SputnikLite;0;0;0;0;1;1;0;0;1;1;0;0;877;192;31;14;626;361;79;38;1503;553;110;52
2022.06_18-07-2022;Новосибирская область;45_75_days;SputnikV;4;0;0;0;4;0;0;0;8;0;0;0;877;192;31;14;626;361;79;38;1503;553;110;52
2022.06_18-07-2022;Новосибирская область;75_90_days;AllVaccines;0;0;0;0;1;0;0;0;1;0;0;0;877;192;31;14;626;361;79;38;1503;553;110;52
2022.06_18-07-2022;Новосибирская область;75_90_days;SputnikV;0;0;0;0;1;0;0;0;1;0;0;0;877;192;31;14;626;361;79;38;1503;553;110;52
2022.06_18-07-2022;Новосибирская область;90_105_days;AllVaccines;3;0;0;0;3;0;0;0;6;0;0;0;877;192;31;14;626;361;79;38;1503;553;110;52
2022.06_18-07-2022;Новосибирская область;90_105_days;SputnikV;3;0;0;0;3;0;0;0;6;0;0;0;877;192;31;14;626;361;79;38;1503;553;110;52
2022.06_18-07-2022;Омская область;105_165_days;AllVaccines;70;23;4;0;78;38;8;3;148;61;12;3;817;369;67;25;991;655;175;89;1808;1024;242;114
2022.06_18-07-2022;Омская область;105_165_days;EpiVacCorona;3;0;0;0;1;0;0;0;4;0;0;0;817;369;67;25;991;655;175;89;1808;1024;242;114
2022.06_18-07-2022;Омская область;105_165_days;SputnikLite;34;14;1;0;41;20;6;2;75;34;7;2;817;369;67;25;991;655;175;89;1808;1024;242;114
2022.06_18-07-2022;Омская область;105_165_days;SputnikV;33;9;3;0;36;18;2;1;69;27;5;1;817;369;67;25;991;655;175;89;1808;1024;242;114
2022.06_18-07-2022;Омская область;165_195_days;AllVaccines;77;31;5;2;93;57;14;6;170;88;19;8;817;369;67;25;991;655;175;89;1808;1024;242;114
2022.06_18-07-2022;Омская область;165_195_days;CoviVac;4;1;0;0;0;0;0;0;4;1;0;0;817;369;67;25;991;655;175;89;1808;1024;242;114
2022.06_18-07-2022;Омская область;165_195_days;EpiVacCorona;2;0;0;0;5;5;0;1;7;5;0;1;817;369;67;25;991;655;175;89;1808;1024;242;114
2022.06_18-07-2022;Омская область;165_195_days;SputnikLite;20;4;0;0;31;21;6;2;51;25;6;2;817;369;67;25;991;655;175;89;1808;1024;242;114
2022.06_18-07-2022;Омская область;165_195_days;SputnikV;51;26;5;2;57;31;8;3;108;57;13;5;817;369;67;25;991;655;175;89;1808;1024;242;114
2022.06_18-07-2022;Омская область;21_45_days;AllVaccines;2;0;0;0;5;5;2;1;7;5;2;1;817;369;67;25;991;655;175;89;1808;1024;242;114
2022.06_18-07-2022;Омская область;21_45_days;SputnikLite;0;0;0;0;1;1;0;0;1;1;0;0;817;369;67;25;991;655;175;89;1808;1024;242;114
2022.06_18-07-2022;Омская область;21_45_days;SputnikV;2;0;0;0;4;4;2;1;6;4;2;1;817;369;67;25;991;655;175;89;1808;1024;242;114
2022.06_18-07-2022;Омская область;45_75_days;AllVaccines;9;2;1;0;5;4;0;0;14;6;1;0;817;369;67;25;991;655;175;89;1808;1024;242;114
2022.06_18-07-2022;Омская область;45_75_days;CoviVac;0;0;0;0;1;1;0;0;1;1;0;0;817;369;67;25;991;655;175;89;1808;1024;242;114
2022.06_18-07-2022;Омская область;45_75_days;EpiVacCorona;1;0;0;0;0;0;0;0;1;0;0;0;817;369;67;25;991;655;175;89;1808;1024;242;114
2022.06_18-07-2022;Омская область;45_75_days;SputnikLite;1;0;0;0;0;0;0;0;1;0;0;0;817;369;67;25;991;655;175;89;1808;1024;242;114
2022.06_18-07-2022;Омская область;45_75_days;SputnikV;7;2;1;0;4;3;0;0;11;5;1;0;817;369;67;25;991;655;175;89;1808;1024;242;114
2022.06_18-07-2022;Омская область;75_90_days;AllVaccines;7;4;1;1;7;4;1;1;14;8;2;2;817;369;67;25;991;655;175;89;1808;1024;242;114
2022.06_18-07-2022;Омская область;75_90_days;EpiVacCorona;0;0;0;0;1;0;0;0;1;0;0;0;817;369;67;25;991;655;175;89;1808;1024;242;114
2022.06_18-07-2022;Омская область;75_90_days;SputnikLite;2;1;0;0;3;2;1;1;5;3;1;1;817;369;67;25;991;655;175;89;1808;1024;242;114
2022.06_18-07-2022;Омская область;75_90_days;SputnikV;5;3;1;1;3;2;0;0;8;5;1;1;817;369;67;25;991;655;175;89;1808;1024;242;114
2022.06_18-07-2022;Омская область;90_105_days;AllVaccines;6;1;0;0;7;5;2;1;13;6;2;1;817;369;67;25;991;655;175;89;1808;1024;242;114
2022.06_18-07-2022;Омская область;90_105_days;EpiVacCorona;0;0;0;0;1;0;0;0;1;0;0;0;817;369;67;25;991;655;175;89;1808;1024;242;114
2022.06_18-07-2022;Омская область;90_105_days;SputnikLite;1;0;0;0;2;2;1;0;3;2;1;0;817;369;67;25;991;655;175;89;1808;1024;242;114
2022.06_18-07-2022;Омская область;90_105_days;SputnikV;5;1;0;0;4;3;1;1;9;4;1;1;817;369;67;25;991;655;175;89;1808;1024;242;114
2022.06_18-07-2022;Оренбургская область;105_165_days;AllVaccines;49;5;0;0;20;6;1;0;69;11;1;0;412;94;24;11;327;160;43;8;739;254;67;19
2022.06_18-07-2022;Оренбургская область;105_165_days;CoviVac;1;0;0;0;0;0;0;0;1;0;0;0;412;94;24;11;327;160;43;8;739;254;67;19
2022.06_18-07-2022;Оренбургская область;105_165_days;EpiVacCorona;1;0;0;0;1;0;0;0;2;0;0;0;412;94;24;11;327;160;43;8;739;254;67;19
2022.06_18-07-2022;Оренбургская область;105_165_days;SputnikLite;36;4;0;0;14;4;1;0;50;8;1;0;412;94;24;11;327;160;43;8;739;254;67;19
2022.06_18-07-2022;Оренбургская область;105_165_days;SputnikV;11;1;0;0;5;2;0;0;16;3;0;0;412;94;24;11;327;160;43;8;739;254;67;19
2022.06_18-07-2022;Оренбургская область;165_195_days;AllVaccines;31;5;1;0;23;14;6;0;54;19;7;0;412;94;24;11;327;160;43;8;739;254;67;19
2022.06_18-07-2022;Оренбургская область;165_195_days;EpiVacCorona;2;1;1;0;0;0;0;0;2;1;1;0;412;94;24;11;327;160;43;8;739;254;67;19
2022.06_18-07-2022;Оренбургская область;165_195_days;SputnikLite;11;2;0;0;10;7;3;0;21;9;3;0;412;94;24;11;327;160;43;8;739;254;67;19
2022.06_18-07-2022;Оренбургская область;165_195_days;SputnikV;18;2;0;0;13;7;3;0;31;9;3;0;412;94;24;11;327;160;43;8;739;254;67;19
2022.06_18-07-2022;Оренбургская область;21_45_days;AllVaccines;2;1;1;0;3;1;0;0;5;2;1;0;412;94;24;11;327;160;43;8;739;254;67;19
2022.06_18-07-2022;Оренбургская область;21_45_days;SputnikV;2;1;1;0;3;1;0;0;5;2;1;0;412;94;24;11;327;160;43;8;739;254;67;19
2022.06_18-07-2022;Оренбургская область;45_75_days;AllVaccines;4;1;0;0;5;0;0;0;9;1;0;0;412;94;24;11;327;160;43;8;739;254;67;19
2022.06_18-07-2022;Оренбургская область;45_75_days;EpiVacCorona;0;0;0;0;1;0;0;0;1;0;0;0;412;94;24;11;327;160;43;8;739;254;67;19
2022.06_18-07-2022;Оренбургская область;45_75_days;SputnikLite;1;0;0;0;0;0;0;0;1;0;0;0;412;94;24;11;327;160;43;8;739;254;67;19
2022.06_18-07-2022;Оренбургская область;45_75_days;SputnikV;3;1;0;0;4;0;0;0;7;1;0;0;412;94;24;11;327;160;43;8;739;254;67;19
2022.06_18-07-2022;Оренбургская область;75_90_days;AllVaccines;1;0;0;0;1;0;0;0;2;0;0;0;412;94;24;11;327;160;43;8;739;254;67;19
2022.06_18-07-2022;Оренбургская область;75_90_days;SputnikV;1;0;0;0;1;0;0;0;2;0;0;0;412;94;24;11;327;160;43;8;739;254;67;19
2022.06_18-07-2022;Оренбургская область;90_105_days;AllVaccines;3;2;1;1;1;0;0;0;4;2;1;1;412;94;24;11;327;160;43;8;739;254;67;19
2022.06_18-07-2022;Оренбургская область;90_105_days;SputnikV;3;2;1;1;1;0;0;0;4;2;1;1;412;94;24;11;327;160;43;8;739;254;67;19
2022.06_18-07-2022;Орловская область;105_165_days;AllVaccines;27;4;0;0;28;14;8;2;55;18;8;2;528;78;19;6;489;241;86;37;1017;319;105;43
2022.06_18-07-2022;Орловская область;105_165_days;CoviVac;1;0;0;0;0;0;0;0;1;0;0;0;528;78;19;6;489;241;86;37;1017;319;105;43
2022.06_18-07-2022;Орловская область;105_165_days;EpiVacCorona;1;0;0;0;0;0;0;0;1;0;0;0;528;78;19;6;489;241;86;37;1017;319;105;43
2022.06_18-07-2022;Орловская область;105_165_days;SputnikLite;15;1;0;0;17;8;5;1;32;9;5;1;528;78;19;6;489;241;86;37;1017;319;105;43
2022.06_18-07-2022;Орловская область;105_165_days;SputnikV;10;3;0;0;11;6;3;1;21;9;3;1;528;78;19;6;489;241;86;37;1017;319;105;43
2022.06_18-07-2022;Орловская область;165_195_days;AllVaccines;53;11;3;0;35;18;4;0;88;29;7;0;528;78;19;6;489;241;86;37;1017;319;105;43
2022.06_18-07-2022;Орловская область;165_195_days;CoviVac;1;0;0;0;2;1;0;0;3;1;0;0;528;78;19;6;489;241;86;37;1017;319;105;43
2022.06_18-07-2022;Орловская область;165_195_days;EpiVacCorona;2;0;0;0;2;2;2;0;4;2;2;0;528;78;19;6;489;241;86;37;1017;319;105;43
2022.06_18-07-2022;Орловская область;165_195_days;SputnikLite;10;3;0;0;18;8;2;0;28;11;2;0;528;78;19;6;489;241;86;37;1017;319;105;43
2022.06_18-07-2022;Орловская область;165_195_days;SputnikV;40;8;3;0;13;7;0;0;53;15;3;0;528;78;19;6;489;241;86;37;1017;319;105;43
2022.06_18-07-2022;Орловская область;21_45_days;AllVaccines;2;1;0;0;1;1;1;0;3;2;1;0;528;78;19;6;489;241;86;37;1017;319;105;43
2022.06_18-07-2022;Орловская область;21_45_days;SputnikV;2;1;0;0;1;1;1;0;3;2;1;0;528;78;19;6;489;241;86;37;1017;319;105;43
2022.06_18-07-2022;Орловская область;45_75_days;AllVaccines;3;0;0;0;1;0;0;0;4;0;0;0;528;78;19;6;489;241;86;37;1017;319;105;43
2022.06_18-07-2022;Орловская область;45_75_days;SputnikLite;1;0;0;0;0;0;0;0;1;0;0;0;528;78;19;6;489;241;86;37;1017;319;105;43
2022.06_18-07-2022;Орловская область;45_75_days;SputnikV;2;0;0;0;1;0;0;0;3;0;0;0;528;78;19;6;489;241;86;37;1017;319;105;43
2022.06_18-07-2022;Орловская область;75_90_days;AllVaccines;2;0;0;0;2;0;0;0;4;0;0;0;528;78;19;6;489;241;86;37;1017;319;105;43
2022.06_18-07-2022;Орловская область;75_90_days;EpiVacCorona;1;0;0;0;1;0;0;0;2;0;0;0;528;78;19;6;489;241;86;37;1017;319;105;43
2022.06_18-07-2022;Орловская область;75_90_days;SputnikV;1;0;0;0;1;0;0;0;2;0;0;0;528;78;19;6;489;241;86;37;1017;319;105;43
2022.06_18-07-2022;Орловская область;90_105_days;AllVaccines;1;0;0;0;2;1;0;0;3;1;0;0;528;78;19;6;489;241;86;37;1017;319;105;43
2022.06_18-07-2022;Орловская область;90_105_days;CoviVac;0;0;0;0;1;0;0;0;1;0;0;0;528;78;19;6;489;241;86;37;1017;319;105;43
2022.06_18-07-2022;Орловская область;90_105_days;EpiVacCorona;1;0;0;0;1;1;0;0;2;1;0;0;528;78;19;6;489;241;86;37;1017;319;105;43
2022.06_18-07-2022;Пензенская область;105_165_days;AllVaccines;49;5;1;0;121;71;16;10;170;76;17;10;527;95;20;3;661;356;76;43;1188;451;96;46
2022.06_18-07-2022;Пензенская область;105_165_days;CoviVac;1;0;0;0;0;0;0;0;1;0;0;0;527;95;20;3;661;356;76;43;1188;451;96;46
2022.06_18-07-2022;Пензенская область;105_165_days;EpiVacCorona;0;0;0;0;16;10;3;3;16;10;3;3;527;95;20;3;661;356;76;43;1188;451;96;46
2022.06_18-07-2022;Пензенская область;105_165_days;SputnikLite;33;2;1;0;46;29;8;4;79;31;9;4;527;95;20;3;661;356;76;43;1188;451;96;46
2022.06_18-07-2022;Пензенская область;105_165_days;SputnikV;15;3;0;0;59;32;5;3;74;35;5;3;527;95;20;3;661;356;76;43;1188;451;96;46
2022.06_18-07-2022;Пензенская область;165_195_days;AllVaccines;49;6;2;0;69;30;6;3;118;36;8;3;527;95;20;3;661;356;76;43;1188;451;96;46
2022.06_18-07-2022;Пензенская область;165_195_days;CoviVac;2;0;0;0;1;0;0;0;3;0;0;0;527;95;20;3;661;356;76;43;1188;451;96;46
2022.06_18-07-2022;Пензенская область;165_195_days;EpiVacCorona;3;0;0;0;4;0;0;0;7;0;0;0;527;95;20;3;661;356;76;43;1188;451;96;46
2022.06_18-07-2022;Пензенская область;165_195_days;SputnikLite;11;1;1;0;25;14;3;1;36;15;4;1;527;95;20;3;661;356;76;43;1188;451;96;46
2022.06_18-07-2022;Пензенская область;165_195_days;SputnikV;33;5;1;0;39;16;3;2;72;21;4;2;527;95;20;3;661;356;76;43;1188;451;96;46
2022.06_18-07-2022;Пензенская область;21_45_days;AllVaccines;14;0;0;0;22;15;4;1;36;15;4;1;527;95;20;3;661;356;76;43;1188;451;96;46
2022.06_18-07-2022;Пензенская область;21_45_days;EpiVacCorona;4;0;0;0;0;0;0;0;4;0;0;0;527;95;20;3;661;356;76;43;1188;451;96;46
2022.06_18-07-2022;Пензенская область;21_45_days;SputnikLite;0;0;0;0;1;1;0;0;1;1;0;0;527;95;20;3;661;356;76;43;1188;451;96;46
2022.06_18-07-2022;Пензенская область;21_45_days;SputnikV;10;0;0;0;21;14;4;1;31;14;4;1;527;95;20;3;661;356;76;43;1188;451;96;46
2022.06_18-07-2022;Пензенская область;45_75_days;AllVaccines;15;2;0;0;77;46;9;5;92;48;9;5;527;95;20;3;661;356;76;43;1188;451;96;46
2022.06_18-07-2022;Пензенская область;45_75_days;CoviVac;0;0;0;0;1;1;0;0;1;1;0;0;527;95;20;3;661;356;76;43;1188;451;96;46
2022.06_18-07-2022;Пензенская область;45_75_days;EpiVacCorona;0;0;0;0;3;2;0;0;3;2;0;0;527;95;20;3;661;356;76;43;1188;451;96;46
2022.06_18-07-2022;Пензенская область;45_75_days;SputnikV;15;2;0;0;73;43;9;5;88;45;9;5;527;95;20;3;661;356;76;43;1188;451;96;46
2022.06_18-07-2022;Пензенская область;75_90_days;AllVaccines;6;2;0;0;48;30;7;5;54;32;7;5;527;95;20;3;661;356;76;43;1188;451;96;46
2022.06_18-07-2022;Пензенская область;75_90_days;EpiVacCorona;0;0;0;0;10;6;2;2;10;6;2;2;527;95;20;3;661;356;76;43;1188;451;96;46
2022.06_18-07-2022;Пензенская область;75_90_days;SputnikLite;1;0;0;0;3;2;0;0;4;2;0;0;527;95;20;3;661;356;76;43;1188;451;96;46
2022.06_18-07-2022;Пензенская область;75_90_days;SputnikV;5;2;0;0;35;22;5;3;40;24;5;3;527;95;20;3;661;356;76;43;1188;451;96;46
2022.06_18-07-2022;Пензенская область;90_105_days;AllVaccines;7;0;0;0;21;14;3;2;28;14;3;2;527;95;20;3;661;356;76;43;1188;451;96;46
2022.06_18-07-2022;Пензенская область;90_105_days;EpiVacCorona;2;0;0;0;5;4;0;0;7;4;0;0;527;95;20;3;661;356;76;43;1188;451;96;46
2022.06_18-07-2022;Пензенская область;90_105_days;SputnikLite;4;0;0;0;3;1;0;0;7;1;0;0;527;95;20;3;661;356;76;43;1188;451;96;46
2022.06_18-07-2022;Пензенская область;90_105_days;SputnikV;1;0;0;0;13;9;3;2;14;9;3;2;527;95;20;3;661;356;76;43;1188;451;96;46
2022.06_18-07-2022;Пермский край;105_165_days;AllVaccines;31;2;0;0;30;11;0;0;61;13;0;0;469;67;8;1;408;184;28;15;877;251;36;16
2022.06_18-07-2022;Пермский край;105_165_days;CoviVac;1;0;0;0;1;0;0;0;2;0;0;0;469;67;8;1;408;184;28;15;877;251;36;16
2022.06_18-07-2022;Пермский край;105_165_days;EpiVacCorona;1;0;0;0;0;0;0;0;1;0;0;0;469;67;8;1;408;184;28;15;877;251;36;16
2022.06_18-07-2022;Пермский край;105_165_days;SputnikLite;19;2;0;0;14;4;0;0;33;6;0;0;469;67;8;1;408;184;28;15;877;251;36;16
2022.06_18-07-2022;Пермский край;105_165_days;SputnikV;10;0;0;0;15;7;0;0;25;7;0;0;469;67;8;1;408;184;28;15;877;251;36;16
2022.06_18-07-2022;Пермский край;165_195_days;AllVaccines;32;3;0;0;43;13;1;0;75;16;1;0;469;67;8;1;408;184;28;15;877;251;36;16
2022.06_18-07-2022;Пермский край;165_195_days;SputnikLite;6;0;0;0;22;7;0;0;28;7;0;0;469;67;8;1;408;184;28;15;877;251;36;16
2022.06_18-07-2022;Пермский край;165_195_days;SputnikV;26;3;0;0;21;6;1;0;47;9;1;0;469;67;8;1;408;184;28;15;877;251;36;16
2022.06_18-07-2022;Пермский край;21_45_days;AllVaccines;1;0;0;0;1;0;0;0;2;0;0;0;469;67;8;1;408;184;28;15;877;251;36;16
2022.06_18-07-2022;Пермский край;21_45_days;SputnikV;1;0;0;0;1;0;0;0;2;0;0;0;469;67;8;1;408;184;28;15;877;251;36;16
2022.06_18-07-2022;Пермский край;45_75_days;AllVaccines;1;0;0;0;2;2;0;0;3;2;0;0;469;67;8;1;408;184;28;15;877;251;36;16
2022.06_18-07-2022;Пермский край;45_75_days;EpiVacCorona;0;0;0;0;1;1;0;0;1;1;0;0;469;67;8;1;408;184;28;15;877;251;36;16
2022.06_18-07-2022;Пермский край;45_75_days;SputnikLite;1;0;0;0;0;0;0;0;1;0;0;0;469;67;8;1;408;184;28;15;877;251;36;16
2022.06_18-07-2022;Пермский край;45_75_days;SputnikV;0;0;0;0;1;1;0;0;1;1;0;0;469;67;8;1;408;184;28;15;877;251;36;16
2022.06_18-07-2022;Пермский край;75_90_days;AllVaccines;2;0;0;0;0;0;0;0;2;0;0;0;469;67;8;1;408;184;28;15;877;251;36;16
2022.06_18-07-2022;Пермский край;75_90_days;CoviVac;1;0;0;0;0;0;0;0;1;0;0;0;469;67;8;1;408;184;28;15;877;251;36;16
2022.06_18-07-2022;Пермский край;75_90_days;SputnikV;1;0;0;0;0;0;0;0;1;0;0;0;469;67;8;1;408;184;28;15;877;251;36;16
2022.06_18-07-2022;Пермский край;90_105_days;AllVaccines;2;0;0;0;2;0;0;0;4;0;0;0;469;67;8;1;408;184;28;15;877;251;36;16
2022.06_18-07-2022;Пермский край;90_105_days;SputnikLite;2;0;0;0;2;0;0;0;4;0;0;0;469;67;8;1;408;184;28;15;877;251;36;16
2022.06_18-07-2022;Приморский край;105_165_days;AllVaccines;29;5;2;0;28;17;5;3;57;22;7;3;435;89;28;6;291;170;52;15;726;259;80;21
2022.06_18-07-2022;Приморский край;105_165_days;CoviVac;1;0;0;0;0;0;0;0;1;0;0;0;435;89;28;6;291;170;52;15;726;259;80;21
2022.06_18-07-2022;Приморский край;105_165_days;EpiVacCorona;0;0;0;0;2;2;0;0;2;2;0;0;435;89;28;6;291;170;52;15;726;259;80;21
2022.06_18-07-2022;Приморский край;105_165_days;SputnikLite;13;1;0;0;17;9;2;2;30;10;2;2;435;89;28;6;291;170;52;15;726;259;80;21
2022.06_18-07-2022;Приморский край;105_165_days;SputnikV;15;4;2;0;9;6;3;1;24;10;5;1;435;89;28;6;291;170;52;15;726;259;80;21
2022.06_18-07-2022;Приморский край;165_195_days;AllVaccines;77;12;4;0;31;17;6;2;108;29;10;2;435;89;28;6;291;170;52;15;726;259;80;21
2022.06_18-07-2022;Приморский край;165_195_days;CoviVac;1;0;0;0;0;0;0;0;1;0;0;0;435;89;28;6;291;170;52;15;726;259;80;21
2022.06_18-07-2022;Приморский край;165_195_days;EpiVacCorona;1;0;0;0;0;0;0;0;1;0;0;0;435;89;28;6;291;170;52;15;726;259;80;21
2022.06_18-07-2022;Приморский край;165_195_days;SputnikLite;11;2;1;0;15;7;2;1;26;9;3;1;435;89;28;6;291;170;52;15;726;259;80;21
2022.06_18-07-2022;Приморский край;165_195_days;SputnikV;64;10;3;0;16;10;4;1;80;20;7;1;435;89;28;6;291;170;52;15;726;259;80;21
2022.06_18-07-2022;Приморский край;21_45_days;AllVaccines;2;1;0;0;2;0;0;0;4;1;0;0;435;89;28;6;291;170;52;15;726;259;80;21
2022.06_18-07-2022;Приморский край;21_45_days;EpiVacCorona;1;0;0;0;0;0;0;0;1;0;0;0;435;89;28;6;291;170;52;15;726;259;80;21
2022.06_18-07-2022;Приморский край;21_45_days;SputnikLite;1;1;0;0;2;0;0;0;3;1;0;0;435;89;28;6;291;170;52;15;726;259;80;21
2022.06_18-07-2022;Приморский край;45_75_days;AllVaccines;2;0;0;0;5;3;0;0;7;3;0;0;435;89;28;6;291;170;52;15;726;259;80;21
2022.06_18-07-2022;Приморский край;45_75_days;SputnikLite;0;0;0;0;4;2;0;0;4;2;0;0;435;89;28;6;291;170;52;15;726;259;80;21
2022.06_18-07-2022;Приморский край;45_75_days;SputnikV;2;0;0;0;1;1;0;0;3;1;0;0;435;89;28;6;291;170;52;15;726;259;80;21
2022.06_18-07-2022;Приморский край;75_90_days;AllVaccines;1;0;0;0;3;2;1;0;4;2;1;0;435;89;28;6;291;170;52;15;726;259;80;21
2022.06_18-07-2022;Приморский край;75_90_days;SputnikLite;1;0;0;0;2;2;1;0;3;2;1;0;435;89;28;6;291;170;52;15;726;259;80;21
2022.06_18-07-2022;Приморский край;75_90_days;SputnikV;0;0;0;0;1;0;0;0;1;0;0;0;435;89;28;6;291;170;52;15;726;259;80;21
2022.06_18-07-2022;Приморский край;90_105_days;AllVaccines;5;2;0;0;1;1;0;0;6;3;0;0;435;89;28;6;291;170;52;15;726;259;80;21
2022.06_18-07-2022;Приморский край;90_105_days;EpiVacCorona;1;0;0;0;1;1;0;0;2;1;0;0;435;89;28;6;291;170;52;15;726;259;80;21
2022.06_18-07-2022;Приморский край;90_105_days;SputnikLite;2;0;0;0;0;0;0;0;2;0;0;0;435;89;28;6;291;170;52;15;726;259;80;21
2022.06_18-07-2022;Приморский край;90_105_days;SputnikV;2;2;0;0;0;0;0;0;2;2;0;0;435;89;28;6;291;170;52;15;726;259;80;21
2022.06_18-07-2022;Псковская область;105_165_days;AllVaccines;15;2;0;0;18;9;3;2;33;11;3;2;189;44;5;5;250;142;31;22;439;186;36;27
2022.06_18-07-2022;Псковская область;105_165_days;EpiVacCorona;0;0;0;0;3;2;1;1;3;2;1;1;189;44;5;5;250;142;31;22;439;186;36;27
2022.06_18-07-2022;Псковская область;105_165_days;SputnikLite;7;0;0;0;11;5;1;1;18;5;1;1;189;44;5;5;250;142;31;22;439;186;36;27
2022.06_18-07-2022;Псковская область;105_165_days;SputnikV;8;2;0;0;4;2;1;0;12;4;1;0;189;44;5;5;250;142;31;22;439;186;36;27
2022.06_18-07-2022;Псковская область;165_195_days;AllVaccines;15;3;0;2;17;10;1;1;32;13;1;3;189;44;5;5;250;142;31;22;439;186;36;27
2022.06_18-07-2022;Псковская область;165_195_days;CoviVac;1;0;0;0;0;0;0;0;1;0;0;0;189;44;5;5;250;142;31;22;439;186;36;27
2022.06_18-07-2022;Псковская область;165_195_days;EpiVacCorona;1;0;0;0;0;0;0;0;1;0;0;0;189;44;5;5;250;142;31;22;439;186;36;27
2022.06_18-07-2022;Псковская область;165_195_days;SputnikLite;5;2;0;1;10;6;1;1;15;8;1;2;189;44;5;5;250;142;31;22;439;186;36;27
2022.06_18-07-2022;Псковская область;165_195_days;SputnikV;8;1;0;1;7;4;0;0;15;5;0;1;189;44;5;5;250;142;31;22;439;186;36;27
2022.06_18-07-2022;Псковская область;21_45_days;AllVaccines;1;0;0;0;3;3;1;1;4;3;1;1;189;44;5;5;250;142;31;22;439;186;36;27
2022.06_18-07-2022;Псковская область;21_45_days;EpiVacCorona;1;0;0;0;0;0;0;0;1;0;0;0;189;44;5;5;250;142;31;22;439;186;36;27
2022.06_18-07-2022;Псковская область;21_45_days;SputnikV;0;0;0;0;3;3;1;1;3;3;1;1;189;44;5;5;250;142;31;22;439;186;36;27
2022.06_18-07-2022;Псковская область;45_75_days;AllVaccines;0;0;0;0;2;1;0;0;2;1;0;0;189;44;5;5;250;142;31;22;439;186;36;27
2022.06_18-07-2022;Псковская область;45_75_days;SputnikV;0;0;0;0;2;1;0;0;2;1;0;0;189;44;5;5;250;142;31;22;439;186;36;27
2022.06_18-07-2022;РФ;105_165_days;AllVaccines;4591;539;65;22;3104;1063;204;90;7695;1602;269;112;61137;9137;1418;550;41485;16763;4243;2298;102622;25900;5661;2848
2022.06_18-07-2022;РФ;105_165_days;CoviVac;64;6;1;1;26;6;0;0;90;12;1;1;61137;9137;1418;550;41485;16763;4243;2298;102622;25900;5661;2848
2022.06_18-07-2022;РФ;105_165_days;EpiVacCorona;156;21;1;1;144;67;15;11;300;88;16;12;61137;9137;1418;550;41485;16763;4243;2298;102622;25900;5661;2848
2022.06_18-07-2022;РФ;105_165_days;SputnikLite;2610;266;30;12;1738;563;103;41;4348;829;133;53;61137;9137;1418;550;41485;16763;4243;2298;102622;25900;5661;2848
2022.06_18-07-2022;РФ;105_165_days;SputnikV;1761;246;33;8;1196;427;86;38;2957;673;119;46;61137;9137;1418;550;41485;16763;4243;2298;102622;25900;5661;2848
2022.06_18-07-2022;РФ;165_195_days;AllVaccines;4895;660;81;23;3550;1316;273;112;8445;1976;354;135;61137;9137;1418;550;41485;16763;4243;2298;102622;25900;5661;2848
2022.06_18-07-2022;РФ;165_195_days;CoviVac;96;7;1;1;30;7;1;0;126;14;2;1;61137;9137;1418;550;41485;16763;4243;2298;102622;25900;5661;2848
2022.06_18-07-2022;РФ;165_195_days;EpiVacCorona;167;25;7;2;136;55;10;6;303;80;17;8;61137;9137;1418;550;41485;16763;4243;2298;102622;25900;5661;2848
2022.06_18-07-2022;РФ;165_195_days;SputnikLite;1311;177;15;5;1462;535;116;43;2773;712;131;48;61137;9137;1418;550;41485;16763;4243;2298;102622;25900;5661;2848
2022.06_18-07-2022;РФ;165_195_days;SputnikV;3321;451;58;15;1922;719;146;63;5243;1170;204;78;61137;9137;1418;550;41485;16763;4243;2298;102622;25900;5661;2848
2022.06_18-07-2022;РФ;21_45_days;AllVaccines;305;32;8;1;294;118;32;16;599;150;40;17;61137;9137;1418;550;41485;16763;4243;2298;102622;25900;5661;2848
2022.06_18-07-2022;РФ;21_45_days;CoviVac;15;1;0;0;5;2;1;1;20;3;1;1;61137;9137;1418;550;41485;16763;4243;2298;102622;25900;5661;2848
2022.06_18-07-2022;РФ;21_45_days;EpiVacCorona;27;4;1;0;13;5;1;0;40;9;2;0;61137;9137;1418;550;41485;16763;4243;2298;102622;25900;5661;2848
2022.06_18-07-2022;РФ;21_45_days;SputnikLite;59;6;1;1;47;18;3;3;106;24;4;4;61137;9137;1418;550;41485;16763;4243;2298;102622;25900;5661;2848
2022.06_18-07-2022;РФ;21_45_days;SputnikV;204;21;6;0;229;93;27;12;433;114;33;12;61137;9137;1418;550;41485;16763;4243;2298;102622;25900;5661;2848
2022.06_18-07-2022;РФ;45_75_days;AllVaccines;555;52;9;3;543;189;33;15;1098;241;42;18;61137;9137;1418;550;41485;16763;4243;2298;102622;25900;5661;2848
2022.06_18-07-2022;РФ;45_75_days;CoviVac;22;2;0;0;12;4;1;1;34;6;1;1;61137;9137;1418;550;41485;16763;4243;2298;102622;25900;5661;2848
2022.06_18-07-2022;РФ;45_75_days;EpiVacCorona;44;5;1;0;42;11;0;0;86;16;1;0;61137;9137;1418;550;41485;16763;4243;2298;102622;25900;5661;2848
2022.06_18-07-2022;РФ;45_75_days;SputnikLite;109;6;0;0;95;28;1;0;204;34;1;0;61137;9137;1418;550;41485;16763;4243;2298;102622;25900;5661;2848
2022.06_18-07-2022;РФ;45_75_days;SputnikV;380;39;8;3;394;146;31;14;774;185;39;17;61137;9137;1418;550;41485;16763;4243;2298;102622;25900;5661;2848
2022.06_18-07-2022;РФ;75_90_days;AllVaccines;389;41;5;2;340;149;31;17;729;190;36;19;61137;9137;1418;550;41485;16763;4243;2298;102622;25900;5661;2848
2022.06_18-07-2022;РФ;75_90_days;CoviVac;11;0;0;0;5;2;0;0;16;2;0;0;61137;9137;1418;550;41485;16763;4243;2298;102622;25900;5661;2848
2022.06_18-07-2022;РФ;75_90_days;EpiVacCorona;32;6;1;0;38;17;2;2;70;23;3;2;61137;9137;1418;550;41485;16763;4243;2298;102622;25900;5661;2848
2022.06_18-07-2022;РФ;75_90_days;SputnikLite;91;11;2;1;69;27;6;1;160;38;8;2;61137;9137;1418;550;41485;16763;4243;2298;102622;25900;5661;2848
2022.06_18-07-2022;РФ;75_90_days;SputnikV;255;24;2;1;228;103;23;14;483;127;25;15;61137;9137;1418;550;41485;16763;4243;2298;102622;25900;5661;2848
2022.06_18-07-2022;РФ;90_105_days;AllVaccines;458;41;6;2;311;116;22;14;769;157;28;16;61137;9137;1418;550;41485;16763;4243;2298;102622;25900;5661;2848
2022.06_18-07-2022;РФ;90_105_days;CoviVac;11;0;0;0;7;3;0;0;18;3;0;0;61137;9137;1418;550;41485;16763;4243;2298;102622;25900;5661;2848
2022.06_18-07-2022;РФ;90_105_days;EpiVacCorona;29;3;0;0;32;16;1;1;61;19;1;1;61137;9137;1418;550;41485;16763;4243;2298;102622;25900;5661;2848
2022.06_18-07-2022;РФ;90_105_days;SputnikLite;132;10;1;0;108;34;6;3;240;44;7;3;61137;9137;1418;550;41485;16763;4243;2298;102622;25900;5661;2848
2022.06_18-07-2022;РФ;90_105_days;SputnikV;286;28;5;2;164;63;15;10;450;91;20;12;61137;9137;1418;550;41485;16763;4243;2298;102622;25900;5661;2848
2022.06_18-07-2022;Республика Адыгея;105_165_days;AllVaccines;5;1;0;0;0;0;0;0;5;1;0;0;53;12;2;0;39;21;2;0;92;33;4;0
2022.06_18-07-2022;Республика Адыгея;105_165_days;SputnikLite;2;0;0;0;0;0;0;0;2;0;0;0;53;12;2;0;39;21;2;0;92;33;4;0
2022.06_18-07-2022;Республика Адыгея;105_165_days;SputnikV;3;1;0;0;0;0;0;0;3;1;0;0;53;12;2;0;39;21;2;0;92;33;4;0
2022.06_18-07-2022;Республика Адыгея;165_195_days;AllVaccines;4;2;0;0;8;5;1;0;12;7;1;0;53;12;2;0;39;21;2;0;92;33;4;0
2022.06_18-07-2022;Республика Адыгея;165_195_days;SputnikLite;2;1;0;0;1;0;0;0;3;1;0;0;53;12;2;0;39;21;2;0;92;33;4;0
2022.06_18-07-2022;Республика Адыгея;165_195_days;SputnikV;2;1;0;0;7;5;1;0;9;6;1;0;53;12;2;0;39;21;2;0;92;33;4;0
2022.06_18-07-2022;Республика Алтай;105_165_days;AllVaccines;15;1;0;0;6;1;0;0;21;2;0;0;96;21;6;2;80;46;6;2;176;67;12;4
2022.06_18-07-2022;Республика Алтай;105_165_days;EpiVacCorona;1;0;0;0;0;0;0;0;1;0;0;0;96;21;6;2;80;46;6;2;176;67;12;4
2022.06_18-07-2022;Республика Алтай;105_165_days;SputnikLite;11;1;0;0;3;1;0;0;14;2;0;0;96;21;6;2;80;46;6;2;176;67;12;4
2022.06_18-07-2022;Республика Алтай;105_165_days;SputnikV;3;0;0;0;3;0;0;0;6;0;0;0;96;21;6;2;80;46;6;2;176;67;12;4
2022.06_18-07-2022;Республика Алтай;165_195_days;AllVaccines;7;2;0;0;6;4;2;0;13;6;2;0;96;21;6;2;80;46;6;2;176;67;12;4
2022.06_18-07-2022;Республика Алтай;165_195_days;SputnikLite;7;2;0;0;3;1;1;0;10;3;1;0;96;21;6;2;80;46;6;2;176;67;12;4
2022.06_18-07-2022;Республика Алтай;165_195_days;SputnikV;0;0;0;0;3;3;1;0;3;3;1;0;96;21;6;2;80;46;6;2;176;67;12;4
2022.06_18-07-2022;Республика Алтай;21_45_days;AllVaccines;2;0;0;0;0;0;0;0;2;0;0;0;96;21;6;2;80;46;6;2;176;67;12;4
2022.06_18-07-2022;Республика Алтай;21_45_days;EpiVacCorona;1;0;0;0;0;0;0;0;1;0;0;0;96;21;6;2;80;46;6;2;176;67;12;4
2022.06_18-07-2022;Республика Алтай;21_45_days;SputnikV;1;0;0;0;0;0;0;0;1;0;0;0;96;21;6;2;80;46;6;2;176;67;12;4
2022.06_18-07-2022;Республика Алтай;45_75_days;AllVaccines;1;0;0;0;6;3;0;0;7;3;0;0;96;21;6;2;80;46;6;2;176;67;12;4
2022.06_18-07-2022;Республика Алтай;45_75_days;SputnikLite;0;0;0;0;3;0;0;0;3;0;0;0;96;21;6;2;80;46;6;2;176;67;12;4
2022.06_18-07-2022;Республика Алтай;45_75_days;SputnikV;1;0;0;0;3;3;0;0;4;3;0;0;96;21;6;2;80;46;6;2;176;67;12;4
2022.06_18-07-2022;Республика Алтай;75_90_days;AllVaccines;0;0;0;0;1;1;0;0;1;1;0;0;96;21;6;2;80;46;6;2;176;67;12;4
2022.06_18-07-2022;Республика Алтай;75_90_days;SputnikV;0;0;0;0;1;1;0;0;1;1;0;0;96;21;6;2;80;46;6;2;176;67;12;4
2022.06_18-07-2022;Республика Башкортостан;105_165_days;AllVaccines;72;13;3;0;31;12;7;1;103;25;10;1;852;209;54;10;513;249;93;36;1365;458;147;46
2022.06_18-07-2022;Республика Башкортостан;105_165_days;CoviVac;1;1;0;0;0;0;0;0;1;1;0;0;852;209;54;10;513;249;93;36;1365;458;147;46
2022.06_18-07-2022;Республика Башкортостан;105_165_days;EpiVacCorona;2;1;0;0;5;3;2;0;7;4;2;0;852;209;54;10;513;249;93;36;1365;458;147;46
2022.06_18-07-2022;Республика Башкортостан;105_165_days;SputnikLite;34;5;2;0;14;4;2;0;48;9;4;0;852;209;54;10;513;249;93;36;1365;458;147;46
2022.06_18-07-2022;Республика Башкортостан;105_165_days;SputnikV;35;6;1;0;12;5;3;1;47;11;4;1;852;209;54;10;513;249;93;36;1365;458;147;46
2022.06_18-07-2022;Республика Башкортостан;165_195_days;AllVaccines;89;15;1;0;43;20;8;1;132;35;9;1;852;209;54;10;513;249;93;36;1365;458;147;46
2022.06_18-07-2022;Республика Башкортостан;165_195_days;CoviVac;6;1;0;0;1;0;0;0;7;1;0;0;852;209;54;10;513;249;93;36;1365;458;147;46
2022.06_18-07-2022;Республика Башкортостан;165_195_days;EpiVacCorona;1;0;0;0;1;0;0;0;2;0;0;0;852;209;54;10;513;249;93;36;1365;458;147;46
2022.06_18-07-2022;Республика Башкортостан;165_195_days;SputnikLite;23;7;0;0;14;9;4;1;37;16;4;1;852;209;54;10;513;249;93;36;1365;458;147;46
2022.06_18-07-2022;Республика Башкортостан;165_195_days;SputnikV;59;7;1;0;27;11;4;0;86;18;5;0;852;209;54;10;513;249;93;36;1365;458;147;46
2022.06_18-07-2022;Республика Башкортостан;21_45_days;AllVaccines;14;4;1;0;12;9;2;1;26;13;3;1;852;209;54;10;513;249;93;36;1365;458;147;46
2022.06_18-07-2022;Республика Башкортостан;21_45_days;CoviVac;2;0;0;0;0;0;0;0;2;0;0;0;852;209;54;10;513;249;93;36;1365;458;147;46
2022.06_18-07-2022;Республика Башкортостан;21_45_days;EpiVacCorona;3;2;1;0;0;0;0;0;3;2;1;0;852;209;54;10;513;249;93;36;1365;458;147;46
2022.06_18-07-2022;Республика Башкортостан;21_45_days;SputnikLite;4;1;0;0;2;1;0;0;6;2;0;0;852;209;54;10;513;249;93;36;1365;458;147;46
2022.06_18-07-2022;Республика Башкортостан;21_45_days;SputnikV;5;1;0;0;10;8;2;1;15;9;2;1;852;209;54;10;513;249;93;36;1365;458;147;46
2022.06_18-07-2022;Республика Башкортостан;45_75_days;AllVaccines;16;4;0;0;14;8;4;3;30;12;4;3;852;209;54;10;513;249;93;36;1365;458;147;46
2022.06_18-07-2022;Республика Башкортостан;45_75_days;CoviVac;1;1;0;0;1;1;1;1;2;2;1;1;852;209;54;10;513;249;93;36;1365;458;147;46
2022.06_18-07-2022;Республика Башкортостан;45_75_days;EpiVacCorona;4;0;0;0;4;1;0;0;8;1;0;0;852;209;54;10;513;249;93;36;1365;458;147;46
2022.06_18-07-2022;Республика Башкортостан;45_75_days;SputnikLite;2;1;0;0;1;0;0;0;3;1;0;0;852;209;54;10;513;249;93;36;1365;458;147;46
2022.06_18-07-2022;Республика Башкортостан;45_75_days;SputnikV;9;2;0;0;8;6;3;2;17;8;3;2;852;209;54;10;513;249;93;36;1365;458;147;46
2022.06_18-07-2022;Республика Башкортостан;75_90_days;AllVaccines;18;1;1;0;6;2;1;0;24;3;2;0;852;209;54;10;513;249;93;36;1365;458;147;46
2022.06_18-07-2022;Республика Башкортостан;75_90_days;EpiVacCorona;6;1;1;0;1;0;0;0;7;1;1;0;852;209;54;10;513;249;93;36;1365;458;147;46
2022.06_18-07-2022;Республика Башкортостан;75_90_days;SputnikLite;5;0;0;0;1;0;0;0;6;0;0;0;852;209;54;10;513;249;93;36;1365;458;147;46
2022.06_18-07-2022;Республика Башкортостан;75_90_days;SputnikV;7;0;0;0;4;2;1;0;11;2;1;0;852;209;54;10;513;249;93;36;1365;458;147;46
2022.06_18-07-2022;Республика Башкортостан;90_105_days;AllVaccines;14;3;1;0;6;3;2;1;20;6;3;1;852;209;54;10;513;249;93;36;1365;458;147;46
2022.06_18-07-2022;Республика Башкортостан;90_105_days;EpiVacCorona;3;1;0;0;0;0;0;0;3;1;0;0;852;209;54;10;513;249;93;36;1365;458;147;46
2022.06_18-07-2022;Республика Башкортостан;90_105_days;SputnikLite;2;0;0;0;2;1;0;0;4;1;0;0;852;209;54;10;513;249;93;36;1365;458;147;46
2022.06_18-07-2022;Республика Башкортостан;90_105_days;SputnikV;9;2;1;0;4;2;2;1;13;4;3;1;852;209;54;10;513;249;93;36;1365;458;147;46
2022.06_18-07-2022;Республика Бурятия;105_165_days;AllVaccines;29;4;1;0;20;7;0;0;49;11;1;0;282;37;8;0;179;76;26;2;461;113;34;2
2022.06_18-07-2022;Республика Бурятия;105_165_days;EpiVacCorona;0;0;0;0;2;1;0;0;2;1;0;0;282;37;8;0;179;76;26;2;461;113;34;2
2022.06_18-07-2022;Республика Бурятия;105_165_days;SputnikLite;21;3;1;0;14;5;0;0;35;8;1;0;282;37;8;0;179;76;26;2;461;113;34;2
2022.06_18-07-2022;Республика Бурятия;105_165_days;SputnikV;8;1;0;0;4;1;0;0;12;2;0;0;282;37;8;0;179;76;26;2;461;113;34;2
2022.06_18-07-2022;Республика Бурятия;165_195_days;AllVaccines;22;3;0;0;18;7;3;0;40;10;3;0;282;37;8;0;179;76;26;2;461;113;34;2
2022.06_18-07-2022;Республика Бурятия;165_195_days;EpiVacCorona;2;0;0;0;1;0;0;0;3;0;0;0;282;37;8;0;179;76;26;2;461;113;34;2
2022.06_18-07-2022;Республика Бурятия;165_195_days;SputnikLite;5;2;0;0;7;4;2;0;12;6;2;0;282;37;8;0;179;76;26;2;461;113;34;2
2022.06_18-07-2022;Республика Бурятия;165_195_days;SputnikV;15;1;0;0;10;3;1;0;25;4;1;0;282;37;8;0;179;76;26;2;461;113;34;2
2022.06_18-07-2022;Республика Бурятия;21_45_days;AllVaccines;2;0;0;0;0;0;0;0;2;0;0;0;282;37;8;0;179;76;26;2;461;113;34;2
2022.06_18-07-2022;Республика Бурятия;21_45_days;CoviVac;1;0;0;0;0;0;0;0;1;0;0;0;282;37;8;0;179;76;26;2;461;113;34;2
2022.06_18-07-2022;Республика Бурятия;21_45_days;SputnikV;1;0;0;0;0;0;0;0;1;0;0;0;282;37;8;0;179;76;26;2;461;113;34;2
2022.06_18-07-2022;Республика Бурятия;45_75_days;AllVaccines;2;0;0;0;1;0;0;0;3;0;0;0;282;37;8;0;179;76;26;2;461;113;34;2
2022.06_18-07-2022;Республика Бурятия;45_75_days;CoviVac;1;0;0;0;0;0;0;0;1;0;0;0;282;37;8;0;179;76;26;2;461;113;34;2
2022.06_18-07-2022;Республика Бурятия;45_75_days;EpiVacCorona;1;0;0;0;0;0;0;0;1;0;0;0;282;37;8;0;179;76;26;2;461;113;34;2
2022.06_18-07-2022;Республика Бурятия;45_75_days;SputnikV;0;0;0;0;1;0;0;0;1;0;0;0;282;37;8;0;179;76;26;2;461;113;34;2
2022.06_18-07-2022;Республика Бурятия;75_90_days;AllVaccines;3;0;0;0;3;1;0;0;6;1;0;0;282;37;8;0;179;76;26;2;461;113;34;2
2022.06_18-07-2022;Республика Бурятия;75_90_days;SputnikLite;0;0;0;0;1;0;0;0;1;0;0;0;282;37;8;0;179;76;26;2;461;113;34;2
2022.06_18-07-2022;Республика Бурятия;75_90_days;SputnikV;3;0;0;0;2;1;0;0;5;1;0;0;282;37;8;0;179;76;26;2;461;113;34;2
2022.06_18-07-2022;Республика Бурятия;90_105_days;AllVaccines;2;0;0;0;0;0;0;0;2;0;0;0;282;37;8;0;179;76;26;2;461;113;34;2
2022.06_18-07-2022;Республика Бурятия;90_105_days;SputnikV;2;0;0;0;0;0;0;0;2;0;0;0;282;37;8;0;179;76;26;2;461;113;34;2
2022.06_18-07-2022;Республика Дагестан;105_165_days;AllVaccines;27;6;2;1;7;2;0;0;34;8;2;1;85;8;0;0;31;9;0;0;116;17;0;0
2022.06_18-07-2022;Республика Дагестан;105_165_days;EpiVacCorona;1;0;0;0;1;0;0;0;2;0;0;0;85;8;0;0;31;9;0;0;116;17;0;0
2022.06_18-07-2022;Республика Дагестан;105_165_days;SputnikLite;5;0;0;0;1;1;0;0;6;1;0;0;85;8;0;0;31;9;0;0;116;17;0;0
2022.06_18-07-2022;Республика Дагестан;105_165_days;SputnikV;21;6;2;1;5;1;0;0;26;7;2;1;85;8;0;0;31;9;0;0;116;17;0;0
2022.06_18-07-2022;Республика Дагестан;165_195_days;AllVaccines;12;2;0;0;4;1;0;0;16;3;0;0;85;8;0;0;31;9;0;0;116;17;0;0
2022.06_18-07-2022;Республика Дагестан;165_195_days;EpiVacCorona;2;0;0;0;0;0;0;0;2;0;0;0;85;8;0;0;31;9;0;0;116;17;0;0
2022.06_18-07-2022;Республика Дагестан;165_195_days;SputnikLite;5;0;0;0;1;1;0;0;6;1;0;0;85;8;0;0;31;9;0;0;116;17;0;0
2022.06_18-07-2022;Республика Дагестан;165_195_days;SputnikV;5;2;0;0;3;0;0;0;8;2;0;0;85;8;0;0;31;9;0;0;116;17;0;0
2022.06_18-07-2022;Республика Дагестан;21_45_days;AllVaccines;11;0;0;0;1;0;0;0;12;0;0;0;85;8;0;0;31;9;0;0;116;17;0;0
2022.06_18-07-2022;Республика Дагестан;21_45_days;SputnikV;11;0;0;0;1;0;0;0;12;0;0;0;85;8;0;0;31;9;0;0;116;17;0;0
2022.06_18-07-2022;Республика Дагестан;45_75_days;AllVaccines;11;1;1;1;2;0;0;0;13;1;1;1;85;8;0;0;31;9;0;0;116;17;0;0
2022.06_18-07-2022;Республика Дагестан;45_75_days;EpiVacCorona;0;0;0;0;1;0;0;0;1;0;0;0;85;8;0;0;31;9;0;0;116;17;0;0
2022.06_18-07-2022;Республика Дагестан;45_75_days;SputnikV;11;1;1;1;1;0;0;0;12;1;1;1;85;8;0;0;31;9;0;0;116;17;0;0
2022.06_18-07-2022;Республика Дагестан;75_90_days;AllVaccines;9;0;0;0;4;2;0;0;13;2;0;0;85;8;0;0;31;9;0;0;116;17;0;0
2022.06_18-07-2022;Республика Дагестан;75_90_days;EpiVacCorona;0;0;0;0;1;0;0;0;1;0;0;0;85;8;0;0;31;9;0;0;116;17;0;0
2022.06_18-07-2022;Республика Дагестан;75_90_days;SputnikV;9;0;0;0;3;2;0;0;12;2;0;0;85;8;0;0;31;9;0;0;116;17;0;0
2022.06_18-07-2022;Республика Дагестан;90_105_days;AllVaccines;4;0;0;0;2;0;0;0;6;0;0;0;85;8;0;0;31;9;0;0;116;17;0;0
2022.06_18-07-2022;Республика Дагестан;90_105_days;EpiVacCorona;0;0;0;0;1;0;0;0;1;0;0;0;85;8;0;0;31;9;0;0;116;17;0;0
2022.06_18-07-2022;Республика Дагестан;90_105_days;SputnikLite;1;0;0;0;0;0;0;0;1;0;0;0;85;8;0;0;31;9;0;0;116;17;0;0
2022.06_18-07-2022;Республика Дагестан;90_105_days;SputnikV;3;0;0;0;1;0;0;0;4;0;0;0;85;8;0;0;31;9;0;0;116;17;0;0
2022.06_18-07-2022;Республика Ингушетия;105_165_days;AllVaccines;18;1;0;0;5;0;0;0;23;1;0;0;93;6;0;0;27;5;2;0;120;11;2;0
2022.06_18-07-2022;Республика Ингушетия;105_165_days;EpiVacCorona;0;0;0;0;1;0;0;0;1;0;0;0;93;6;0;0;27;5;2;0;120;11;2;0
2022.06_18-07-2022;Республика Ингушетия;105_165_days;SputnikLite;14;1;0;0;2;0;0;0;16;1;0;0;93;6;0;0;27;5;2;0;120;11;2;0
2022.06_18-07-2022;Республика Ингушетия;105_165_days;SputnikV;4;0;0;0;2;0;0;0;6;0;0;0;93;6;0;0;27;5;2;0;120;11;2;0
2022.06_18-07-2022;Республика Ингушетия;165_195_days;AllVaccines;23;1;0;0;6;0;0;0;29;1;0;0;93;6;0;0;27;5;2;0;120;11;2;0
2022.06_18-07-2022;Республика Ингушетия;165_195_days;SputnikLite;14;0;0;0;1;0;0;0;15;0;0;0;93;6;0;0;27;5;2;0;120;11;2;0
2022.06_18-07-2022;Республика Ингушетия;165_195_days;SputnikV;9;1;0;0;5;0;0;0;14;1;0;0;93;6;0;0;27;5;2;0;120;11;2;0
2022.06_18-07-2022;Республика Ингушетия;21_45_days;AllVaccines;1;0;0;0;0;0;0;0;1;0;0;0;93;6;0;0;27;5;2;0;120;11;2;0
2022.06_18-07-2022;Республика Ингушетия;21_45_days;SputnikV;1;0;0;0;0;0;0;0;1;0;0;0;93;6;0;0;27;5;2;0;120;11;2;0
2022.06_18-07-2022;Республика Ингушетия;45_75_days;AllVaccines;2;0;0;0;2;1;1;0;4;1;1;0;93;6;0;0;27;5;2;0;120;11;2;0
2022.06_18-07-2022;Республика Ингушетия;45_75_days;EpiVacCorona;1;0;0;0;1;0;0;0;2;0;0;0;93;6;0;0;27;5;2;0;120;11;2;0
2022.06_18-07-2022;Республика Ингушетия;45_75_days;SputnikV;1;0;0;0;1;1;1;0;2;1;1;0;93;6;0;0;27;5;2;0;120;11;2;0
2022.06_18-07-2022;Республика Ингушетия;75_90_days;AllVaccines;1;0;0;0;1;0;0;0;2;0;0;0;93;6;0;0;27;5;2;0;120;11;2;0
2022.06_18-07-2022;Республика Ингушетия;75_90_days;EpiVacCorona;1;0;0;0;1;0;0;0;2;0;0;0;93;6;0;0;27;5;2;0;120;11;2;0
2022.06_18-07-2022;Республика Ингушетия;90_105_days;AllVaccines;2;1;0;0;0;0;0;0;2;1;0;0;93;6;0;0;27;5;2;0;120;11;2;0
2022.06_18-07-2022;Республика Ингушетия;90_105_days;SputnikV;2;1;0;0;0;0;0;0;2;1;0;0;93;6;0;0;27;5;2;0;120;11;2;0
2022.06_18-07-2022;Республика Калмыкия;105_165_days;AllVaccines;10;2;0;0;5;0;0;0;15;2;0;0;135;6;0;0;80;11;1;1;215;17;1;1
2022.06_18-07-2022;Республика Калмыкия;105_165_days;SputnikLite;10;2;0;0;5;0;0;0;15;2;0;0;135;6;0;0;80;11;1;1;215;17;1;1
2022.06_18-07-2022;Республика Калмыкия;165_195_days;AllVaccines;9;1;0;0;6;0;0;0;15;1;0;0;135;6;0;0;80;11;1;1;215;17;1;1
2022.06_18-07-2022;Республика Калмыкия;165_195_days;CoviVac;1;0;0;0;1;0;0;0;2;0;0;0;135;6;0;0;80;11;1;1;215;17;1;1
2022.06_18-07-2022;Республика Калмыкия;165_195_days;SputnikLite;8;1;0;0;5;0;0;0;13;1;0;0;135;6;0;0;80;11;1;1;215;17;1;1
2022.06_18-07-2022;Республика Калмыкия;21_45_days;AllVaccines;0;0;0;0;2;0;0;0;2;0;0;0;135;6;0;0;80;11;1;1;215;17;1;1
2022.06_18-07-2022;Республика Калмыкия;21_45_days;CoviVac;0;0;0;0;1;0;0;0;1;0;0;0;135;6;0;0;80;11;1;1;215;17;1;1
2022.06_18-07-2022;Республика Калмыкия;21_45_days;SputnikV;0;0;0;0;1;0;0;0;1;0;0;0;135;6;0;0;80;11;1;1;215;17;1;1
2022.06_18-07-2022;Республика Калмыкия;45_75_days;AllVaccines;6;0;0;0;5;1;0;0;11;1;0;0;135;6;0;0;80;11;1;1;215;17;1;1
2022.06_18-07-2022;Республика Калмыкия;45_75_days;SputnikLite;6;0;0;0;3;0;0;0;9;0;0;0;135;6;0;0;80;11;1;1;215;17;1;1
2022.06_18-07-2022;Республика Калмыкия;45_75_days;SputnikV;0;0;0;0;2;1;0;0;2;1;0;0;135;6;0;0;80;11;1;1;215;17;1;1
2022.06_18-07-2022;Республика Калмыкия;75_90_days;AllVaccines;2;1;0;0;0;0;0;0;2;1;0;0;135;6;0;0;80;11;1;1;215;17;1;1
2022.06_18-07-2022;Республика Калмыкия;75_90_days;SputnikLite;2;1;0;0;0;0;0;0;2;1;0;0;135;6;0;0;80;11;1;1;215;17;1;1
2022.06_18-07-2022;Республика Калмыкия;90_105_days;AllVaccines;1;0;0;0;0;0;0;0;1;0;0;0;135;6;0;0;80;11;1;1;215;17;1;1
2022.06_18-07-2022;Республика Калмыкия;90_105_days;SputnikLite;1;0;0;0;0;0;0;0;1;0;0;0;135;6;0;0;80;11;1;1;215;17;1;1
2022.06_18-07-2022;Республика Карелия;105_165_days;AllVaccines;43;9;0;0;34;16;6;3;77;25;6;3;816;150;8;7;530;289;59;33;1346;439;67;40
2022.06_18-07-2022;Республика Карелия;105_165_days;CoviVac;1;0;0;0;0;0;0;0;1;0;0;0;816;150;8;7;530;289;59;33;1346;439;67;40
2022.06_18-07-2022;Республика Карелия;105_165_days;EpiVacCorona;2;1;0;0;1;0;0;0;3;1;0;0;816;150;8;7;530;289;59;33;1346;439;67;40
2022.06_18-07-2022;Республика Карелия;105_165_days;SputnikLite;23;2;0;0;19;11;4;2;42;13;4;2;816;150;8;7;530;289;59;33;1346;439;67;40
2022.06_18-07-2022;Республика Карелия;105_165_days;SputnikV;17;6;0;0;14;5;2;1;31;11;2;1;816;150;8;7;530;289;59;33;1346;439;67;40
2022.06_18-07-2022;Республика Карелия;165_195_days;AllVaccines;48;7;0;0;50;25;5;2;98;32;5;2;816;150;8;7;530;289;59;33;1346;439;67;40
2022.06_18-07-2022;Республика Карелия;165_195_days;EpiVacCorona;2;0;0;0;5;1;0;0;7;1;0;0;816;150;8;7;530;289;59;33;1346;439;67;40
2022.06_18-07-2022;Республика Карелия;165_195_days;SputnikLite;18;4;0;0;18;9;3;2;36;13;3;2;816;150;8;7;530;289;59;33;1346;439;67;40
2022.06_18-07-2022;Республика Карелия;165_195_days;SputnikV;28;3;0;0;27;15;2;0;55;18;2;0;816;150;8;7;530;289;59;33;1346;439;67;40
2022.06_18-07-2022;Республика Карелия;21_45_days;AllVaccines;3;1;0;0;5;3;1;0;8;4;1;0;816;150;8;7;530;289;59;33;1346;439;67;40
2022.06_18-07-2022;Республика Карелия;21_45_days;SputnikLite;1;1;0;0;3;1;0;0;4;2;0;0;816;150;8;7;530;289;59;33;1346;439;67;40
2022.06_18-07-2022;Республика Карелия;21_45_days;SputnikV;2;0;0;0;2;2;1;0;4;2;1;0;816;150;8;7;530;289;59;33;1346;439;67;40
2022.06_18-07-2022;Республика Карелия;45_75_days;AllVaccines;6;0;0;0;3;1;0;0;9;1;0;0;816;150;8;7;530;289;59;33;1346;439;67;40
2022.06_18-07-2022;Республика Карелия;45_75_days;SputnikLite;2;0;0;0;3;1;0;0;5;1;0;0;816;150;8;7;530;289;59;33;1346;439;67;40
2022.06_18-07-2022;Республика Карелия;45_75_days;SputnikV;4;0;0;0;0;0;0;0;4;0;0;0;816;150;8;7;530;289;59;33;1346;439;67;40
2022.06_18-07-2022;Республика Карелия;75_90_days;AllVaccines;9;1;0;0;4;1;0;0;13;2;0;0;816;150;8;7;530;289;59;33;1346;439;67;40
2022.06_18-07-2022;Республика Карелия;75_90_days;SputnikLite;6;0;0;0;1;0;0;0;7;0;0;0;816;150;8;7;530;289;59;33;1346;439;67;40
2022.06_18-07-2022;Республика Карелия;75_90_days;SputnikV;3;1;0;0;3;1;0;0;6;2;0;0;816;150;8;7;530;289;59;33;1346;439;67;40
2022.06_18-07-2022;Республика Карелия;90_105_days;AllVaccines;4;0;0;0;9;5;1;1;13;5;1;1;816;150;8;7;530;289;59;33;1346;439;67;40
2022.06_18-07-2022;Республика Карелия;90_105_days;SputnikLite;1;0;0;0;7;4;1;1;8;4;1;1;816;150;8;7;530;289;59;33;1346;439;67;40
2022.06_18-07-2022;Республика Карелия;90_105_days;SputnikV;3;0;0;0;2;1;0;0;5;1;0;0;816;150;8;7;530;289;59;33;1346;439;67;40
2022.06_18-07-2022;Республика Коми;105_165_days;AllVaccines;28;6;1;0;13;4;0;0;41;10;1;0;410;146;26;6;217;145;36;14;627;291;62;20
2022.06_18-07-2022;Республика Коми;105_165_days;EpiVacCorona;1;0;0;0;0;0;0;0;1;0;0;0;410;146;26;6;217;145;36;14;627;291;62;20
2022.06_18-07-2022;Республика Коми;105_165_days;SputnikLite;15;2;0;0;6;2;0;0;21;4;0;0;410;146;26;6;217;145;36;14;627;291;62;20
2022.06_18-07-2022;Республика Коми;105_165_days;SputnikV;12;4;1;0;7;2;0;0;19;6;1;0;410;146;26;6;217;145;36;14;627;291;62;20
2022.06_18-07-2022;Республика Коми;165_195_days;AllVaccines;26;9;1;0;11;6;1;0;37;15;2;0;410;146;26;6;217;145;36;14;627;291;62;20
2022.06_18-07-2022;Республика Коми;165_195_days;CoviVac;1;0;0;0;0;0;0;0;1;0;0;0;410;146;26;6;217;145;36;14;627;291;62;20
2022.06_18-07-2022;Республика Коми;165_195_days;SputnikLite;9;3;1;0;6;4;0;0;15;7;1;0;410;146;26;6;217;145;36;14;627;291;62;20
2022.06_18-07-2022;Республика Коми;165_195_days;SputnikV;16;6;0;0;5;2;1;0;21;8;1;0;410;146;26;6;217;145;36;14;627;291;62;20
2022.06_18-07-2022;Республика Коми;21_45_days;AllVaccines;3;0;0;0;0;0;0;0;3;0;0;0;410;146;26;6;217;145;36;14;627;291;62;20
2022.06_18-07-2022;Республика Коми;21_45_days;EpiVacCorona;1;0;0;0;0;0;0;0;1;0;0;0;410;146;26;6;217;145;36;14;627;291;62;20
2022.06_18-07-2022;Республика Коми;21_45_days;SputnikLite;1;0;0;0;0;0;0;0;1;0;0;0;410;146;26;6;217;145;36;14;627;291;62;20
2022.06_18-07-2022;Республика Коми;21_45_days;SputnikV;1;0;0;0;0;0;0;0;1;0;0;0;410;146;26;6;217;145;36;14;627;291;62;20
2022.06_18-07-2022;Республика Коми;45_75_days;AllVaccines;1;1;0;0;1;0;0;0;2;1;0;0;410;146;26;6;217;145;36;14;627;291;62;20
2022.06_18-07-2022;Республика Коми;45_75_days;SputnikLite;0;0;0;0;1;0;0;0;1;0;0;0;410;146;26;6;217;145;36;14;627;291;62;20
2022.06_18-07-2022;Республика Коми;45_75_days;SputnikV;1;1;0;0;0;0;0;0;1;1;0;0;410;146;26;6;217;145;36;14;627;291;62;20
2022.06_18-07-2022;Республика Коми;75_90_days;AllVaccines;1;0;0;0;5;4;0;0;6;4;0;0;410;146;26;6;217;145;36;14;627;291;62;20
2022.06_18-07-2022;Республика Коми;75_90_days;SputnikLite;1;0;0;0;2;2;0;0;3;2;0;0;410;146;26;6;217;145;36;14;627;291;62;20
2022.06_18-07-2022;Республика Коми;75_90_days;SputnikV;0;0;0;0;3;2;0;0;3;2;0;0;410;146;26;6;217;145;36;14;627;291;62;20
2022.06_18-07-2022;Республика Коми;90_105_days;AllVaccines;5;0;0;0;2;1;0;0;7;1;0;0;410;146;26;6;217;145;36;14;627;291;62;20
2022.06_18-07-2022;Республика Коми;90_105_days;SputnikLite;1;0;0;0;1;0;0;0;2;0;0;0;410;146;26;6;217;145;36;14;627;291;62;20
2022.06_18-07-2022;Республика Коми;90_105_days;SputnikV;4;0;0;0;1;1;0;0;5;1;0;0;410;146;26;6;217;145;36;14;627;291;62;20
2022.06_18-07-2022;Республика Крым;105_165_days;AllVaccines;35;4;0;0;18;7;0;0;53;11;0;0;413;104;16;5;252;130;22;9;665;234;38;14
2022.06_18-07-2022;Республика Крым;105_165_days;EpiVacCorona;2;1;0;0;0;0;0;0;2;1;0;0;413;104;16;5;252;130;22;9;665;234;38;14
2022.06_18-07-2022;Республика Крым;105_165_days;SputnikLite;18;1;0;0;15;7;0;0;33;8;0;0;413;104;16;5;252;130;22;9;665;234;38;14
2022.06_18-07-2022;Республика Крым;105_165_days;SputnikV;15;2;0;0;3;0;0;0;18;2;0;0;413;104;16;5;252;130;22;9;665;234;38;14
2022.06_18-07-2022;Республика Крым;165_195_days;AllVaccines;41;14;2;0;39;16;2;1;80;30;4;1;413;104;16;5;252;130;22;9;665;234;38;14
2022.06_18-07-2022;Республика Крым;165_195_days;CoviVac;0;0;0;0;1;0;0;0;1;0;0;0;413;104;16;5;252;130;22;9;665;234;38;14
2022.06_18-07-2022;Республика Крым;165_195_days;EpiVacCorona;1;0;0;0;3;1;0;0;4;1;0;0;413;104;16;5;252;130;22;9;665;234;38;14
2022.06_18-07-2022;Республика Крым;165_195_days;SputnikLite;13;1;1;0;22;10;1;0;35;11;2;0;413;104;16;5;252;130;22;9;665;234;38;14
2022.06_18-07-2022;Республика Крым;165_195_days;SputnikV;27;13;1;0;13;5;1;1;40;18;2;1;413;104;16;5;252;130;22;9;665;234;38;14
2022.06_18-07-2022;Республика Крым;21_45_days;AllVaccines;2;0;0;0;1;1;0;0;3;1;0;0;413;104;16;5;252;130;22;9;665;234;38;14
2022.06_18-07-2022;Республика Крым;21_45_days;EpiVacCorona;0;0;0;0;1;1;0;0;1;1;0;0;413;104;16;5;252;130;22;9;665;234;38;14
2022.06_18-07-2022;Республика Крым;21_45_days;SputnikV;2;0;0;0;0;0;0;0;2;0;0;0;413;104;16;5;252;130;22;9;665;234;38;14
2022.06_18-07-2022;Республика Крым;45_75_days;AllVaccines;4;2;1;0;5;1;0;0;9;3;1;0;413;104;16;5;252;130;22;9;665;234;38;14
2022.06_18-07-2022;Республика Крым;45_75_days;SputnikV;4;2;1;0;5;1;0;0;9;3;1;0;413;104;16;5;252;130;22;9;665;234;38;14
2022.06_18-07-2022;Республика Крым;75_90_days;AllVaccines;2;0;0;0;2;0;0;0;4;0;0;0;413;104;16;5;252;130;22;9;665;234;38;14
2022.06_18-07-2022;Республика Крым;75_90_days;EpiVacCorona;0;0;0;0;2;0;0;0;2;0;0;0;413;104;16;5;252;130;22;9;665;234;38;14
2022.06_18-07-2022;Республика Крым;75_90_days;SputnikV;2;0;0;0;0;0;0;0;2;0;0;0;413;104;16;5;252;130;22;9;665;234;38;14
2022.06_18-07-2022;Республика Крым;90_105_days;AllVaccines;3;0;0;0;0;0;0;0;3;0;0;0;413;104;16;5;252;130;22;9;665;234;38;14
2022.06_18-07-2022;Республика Крым;90_105_days;SputnikV;3;0;0;0;0;0;0;0;3;0;0;0;413;104;16;5;252;130;22;9;665;234;38;14
2022.06_18-07-2022;Республика Марий Эл;105_165_days;AllVaccines;6;1;0;0;1;0;0;0;7;1;0;0;57;11;3;0;33;11;1;0;90;22;4;0
2022.06_18-07-2022;Республика Марий Эл;105_165_days;EpiVacCorona;2;0;0;0;0;0;0;0;2;0;0;0;57;11;3;0;33;11;1;0;90;22;4;0
2022.06_18-07-2022;Республика Марий Эл;105_165_days;SputnikLite;1;0;0;0;0;0;0;0;1;0;0;0;57;11;3;0;33;11;1;0;90;22;4;0
2022.06_18-07-2022;Республика Марий Эл;105_165_days;SputnikV;3;1;0;0;1;0;0;0;4;1;0;0;57;11;3;0;33;11;1;0;90;22;4;0
2022.06_18-07-2022;Республика Марий Эл;165_195_days;AllVaccines;6;2;1;0;1;0;0;0;7;2;1;0;57;11;3;0;33;11;1;0;90;22;4;0
2022.06_18-07-2022;Республика Марий Эл;165_195_days;SputnikLite;3;1;1;0;0;0;0;0;3;1;1;0;57;11;3;0;33;11;1;0;90;22;4;0
2022.06_18-07-2022;Республика Марий Эл;165_195_days;SputnikV;3;1;0;0;1;0;0;0;4;1;0;0;57;11;3;0;33;11;1;0;90;22;4;0
2022.06_18-07-2022;Республика Мордовия;105_165_days;AllVaccines;21;2;0;0;25;8;2;1;46;10;2;1;125;17;2;0;209;73;18;9;334;90;20;9
2022.06_18-07-2022;Республика Мордовия;105_165_days;EpiVacCorona;3;0;0;0;3;1;0;0;6;1;0;0;125;17;2;0;209;73;18;9;334;90;20;9
2022.06_18-07-2022;Республика Мордовия;105_165_days;SputnikLite;14;1;0;0;14;5;0;0;28;6;0;0;125;17;2;0;209;73;18;9;334;90;20;9
2022.06_18-07-2022;Республика Мордовия;105_165_days;SputnikV;4;1;0;0;8;2;2;1;12;3;2;1;125;17;2;0;209;73;18;9;334;90;20;9
2022.06_18-07-2022;Республика Мордовия;165_195_days;AllVaccines;11;2;0;0;12;2;0;0;23;4;0;0;125;17;2;0;209;73;18;9;334;90;20;9
2022.06_18-07-2022;Республика Мордовия;165_195_days;SputnikLite;5;1;0;0;10;2;0;0;15;3;0;0;125;17;2;0;209;73;18;9;334;90;20;9
2022.06_18-07-2022;Республика Мордовия;165_195_days;SputnikV;6;1;0;0;2;0;0;0;8;1;0;0;125;17;2;0;209;73;18;9;334;90;20;9
2022.06_18-07-2022;Республика Мордовия;21_45_days;AllVaccines;3;0;0;0;8;2;0;0;11;2;0;0;125;17;2;0;209;73;18;9;334;90;20;9
2022.06_18-07-2022;Республика Мордовия;21_45_days;EpiVacCorona;0;0;0;0;1;1;0;0;1;1;0;0;125;17;2;0;209;73;18;9;334;90;20;9
2022.06_18-07-2022;Республика Мордовия;21_45_days;SputnikLite;1;0;0;0;1;0;0;0;2;0;0;0;125;17;2;0;209;73;18;9;334;90;20;9
2022.06_18-07-2022;Республика Мордовия;21_45_days;SputnikV;2;0;0;0;6;1;0;0;8;1;0;0;125;17;2;0;209;73;18;9;334;90;20;9
2022.06_18-07-2022;Республика Мордовия;45_75_days;AllVaccines;6;0;0;0;7;3;1;1;13;3;1;1;125;17;2;0;209;73;18;9;334;90;20;9
2022.06_18-07-2022;Республика Мордовия;45_75_days;CoviVac;0;0;0;0;1;0;0;0;1;0;0;0;125;17;2;0;209;73;18;9;334;90;20;9
2022.06_18-07-2022;Республика Мордовия;45_75_days;SputnikLite;1;0;0;0;2;1;0;0;3;1;0;0;125;17;2;0;209;73;18;9;334;90;20;9
2022.06_18-07-2022;Республика Мордовия;45_75_days;SputnikV;5;0;0;0;4;2;1;1;9;2;1;1;125;17;2;0;209;73;18;9;334;90;20;9
2022.06_18-07-2022;Республика Мордовия;75_90_days;AllVaccines;7;0;0;0;13;3;0;0;20;3;0;0;125;17;2;0;209;73;18;9;334;90;20;9
2022.06_18-07-2022;Республика Мордовия;75_90_days;EpiVacCorona;0;0;0;0;2;2;0;0;2;2;0;0;125;17;2;0;209;73;18;9;334;90;20;9
2022.06_18-07-2022;Республика Мордовия;75_90_days;SputnikLite;3;0;0;0;4;0;0;0;7;0;0;0;125;17;2;0;209;73;18;9;334;90;20;9
2022.06_18-07-2022;Республика Мордовия;75_90_days;SputnikV;4;0;0;0;7;1;0;0;11;1;0;0;125;17;2;0;209;73;18;9;334;90;20;9
2022.06_18-07-2022;Республика Мордовия;90_105_days;AllVaccines;0;0;0;0;6;5;1;0;6;5;1;0;125;17;2;0;209;73;18;9;334;90;20;9
2022.06_18-07-2022;Республика Мордовия;90_105_days;CoviVac;0;0;0;0;2;2;0;0;2;2;0;0;125;17;2;0;209;73;18;9;334;90;20;9
2022.06_18-07-2022;Республика Мордовия;90_105_days;SputnikLite;0;0;0;0;3;2;1;0;3;2;1;0;125;17;2;0;209;73;18;9;334;90;20;9
2022.06_18-07-2022;Республика Мордовия;90_105_days;SputnikV;0;0;0;0;1;1;0;0;1;1;0;0;125;17;2;0;209;73;18;9;334;90;20;9
2022.06_18-07-2022;Республика Саха (Якутия);105_165_days;AllVaccines;59;7;1;1;29;13;0;0;88;20;1;1;751;178;18;6;412;196;26;8;1163;374;44;14
2022.06_18-07-2022;Республика Саха (Якутия);105_165_days;EpiVacCorona;1;0;0;0;1;0;0;0;2;0;0;0;751;178;18;6;412;196;26;8;1163;374;44;14
2022.06_18-07-2022;Республика Саха (Якутия);105_165_days;SputnikLite;39;4;1;1;15;8;0;0;54;12;1;1;751;178;18;6;412;196;26;8;1163;374;44;14
2022.06_18-07-2022;Республика Саха (Якутия);105_165_days;SputnikV;19;3;0;0;13;5;0;0;32;8;0;0;751;178;18;6;412;196;26;8;1163;374;44;14
2022.06_18-07-2022;Республика Саха (Якутия);165_195_days;AllVaccines;52;12;0;0;31;9;3;1;83;21;3;1;751;178;18;6;412;196;26;8;1163;374;44;14
2022.06_18-07-2022;Республика Саха (Якутия);165_195_days;CoviVac;1;0;0;0;0;0;0;0;1;0;0;0;751;178;18;6;412;196;26;8;1163;374;44;14
2022.06_18-07-2022;Республика Саха (Якутия);165_195_days;EpiVacCorona;2;1;0;0;1;0;0;0;3;1;0;0;751;178;18;6;412;196;26;8;1163;374;44;14
2022.06_18-07-2022;Республика Саха (Якутия);165_195_days;SputnikLite;29;6;0;0;17;6;3;1;46;12;3;1;751;178;18;6;412;196;26;8;1163;374;44;14
2022.06_18-07-2022;Республика Саха (Якутия);165_195_days;SputnikV;20;5;0;0;13;3;0;0;33;8;0;0;751;178;18;6;412;196;26;8;1163;374;44;14
2022.06_18-07-2022;Республика Саха (Якутия);21_45_days;AllVaccines;3;2;0;0;2;1;0;0;5;3;0;0;751;178;18;6;412;196;26;8;1163;374;44;14
2022.06_18-07-2022;Республика Саха (Якутия);21_45_days;EpiVacCorona;1;1;0;0;0;0;0;0;1;1;0;0;751;178;18;6;412;196;26;8;1163;374;44;14
2022.06_18-07-2022;Республика Саха (Якутия);21_45_days;SputnikV;2;1;0;0;2;1;0;0;4;2;0;0;751;178;18;6;412;196;26;8;1163;374;44;14
2022.06_18-07-2022;Республика Саха (Якутия);45_75_days;AllVaccines;10;2;0;0;2;1;0;0;12;3;0;0;751;178;18;6;412;196;26;8;1163;374;44;14
2022.06_18-07-2022;Республика Саха (Якутия);45_75_days;EpiVacCorona;1;1;0;0;0;0;0;0;1;1;0;0;751;178;18;6;412;196;26;8;1163;374;44;14
2022.06_18-07-2022;Республика Саха (Якутия);45_75_days;SputnikLite;3;0;0;0;1;0;0;0;4;0;0;0;751;178;18;6;412;196;26;8;1163;374;44;14
2022.06_18-07-2022;Республика Саха (Якутия);45_75_days;SputnikV;6;1;0;0;1;1;0;0;7;2;0;0;751;178;18;6;412;196;26;8;1163;374;44;14
2022.06_18-07-2022;Республика Саха (Якутия);75_90_days;AllVaccines;5;0;0;0;2;1;0;0;7;1;0;0;751;178;18;6;412;196;26;8;1163;374;44;14
2022.06_18-07-2022;Республика Саха (Якутия);75_90_days;EpiVacCorona;2;0;0;0;0;0;0;0;2;0;0;0;751;178;18;6;412;196;26;8;1163;374;44;14
2022.06_18-07-2022;Республика Саха (Якутия);75_90_days;SputnikLite;1;0;0;0;0;0;0;0;1;0;0;0;751;178;18;6;412;196;26;8;1163;374;44;14
2022.06_18-07-2022;Республика Саха (Якутия);75_90_days;SputnikV;2;0;0;0;2;1;0;0;4;1;0;0;751;178;18;6;412;196;26;8;1163;374;44;14
2022.06_18-07-2022;Республика Саха (Якутия);90_105_days;AllVaccines;5;2;0;0;0;0;0;0;5;2;0;0;751;178;18;6;412;196;26;8;1163;374;44;14
2022.06_18-07-2022;Республика Саха (Якутия);90_105_days;SputnikV;5;2;0;0;0;0;0;0;5;2;0;0;751;178;18;6;412;196;26;8;1163;374;44;14
2022.06_18-07-2022;Республика Северная Осетия - Алания;105_165_days;AllVaccines;18;0;0;0;9;0;0;0;27;0;0;0;233;13;1;1;94;9;0;0;327;22;1;1
2022.06_18-07-2022;Республика Северная Осетия - Алания;105_165_days;CoviVac;1;0;0;0;0;0;0;0;1;0;0;0;233;13;1;1;94;9;0;0;327;22;1;1
2022.06_18-07-2022;Республика Северная Осетия - Алания;105_165_days;EpiVacCorona;4;0;0;0;2;0;0;0;6;0;0;0;233;13;1;1;94;9;0;0;327;22;1;1
2022.06_18-07-2022;Республика Северная Осетия - Алания;105_165_days;SputnikLite;8;0;0;0;4;0;0;0;12;0;0;0;233;13;1;1;94;9;0;0;327;22;1;1
2022.06_18-07-2022;Республика Северная Осетия - Алания;105_165_days;SputnikV;5;0;0;0;3;0;0;0;8;0;0;0;233;13;1;1;94;9;0;0;327;22;1;1
2022.06_18-07-2022;Республика Северная Осетия - Алания;165_195_days;AllVaccines;21;1;0;0;2;0;0;0;23;1;0;0;233;13;1;1;94;9;0;0;327;22;1;1
2022.06_18-07-2022;Республика Северная Осетия - Алания;165_195_days;CoviVac;1;0;0;0;0;0;0;0;1;0;0;0;233;13;1;1;94;9;0;0;327;22;1;1
2022.06_18-07-2022;Республика Северная Осетия - Алания;165_195_days;EpiVacCorona;2;0;0;0;0;0;0;0;2;0;0;0;233;13;1;1;94;9;0;0;327;22;1;1
2022.06_18-07-2022;Республика Северная Осетия - Алания;165_195_days;SputnikLite;10;0;0;0;2;0;0;0;12;0;0;0;233;13;1;1;94;9;0;0;327;22;1;1
2022.06_18-07-2022;Республика Северная Осетия - Алания;165_195_days;SputnikV;8;1;0;0;0;0;0;0;8;1;0;0;233;13;1;1;94;9;0;0;327;22;1;1
2022.06_18-07-2022;Республика Северная Осетия - Алания;21_45_days;AllVaccines;1;0;0;0;3;0;0;0;4;0;0;0;233;13;1;1;94;9;0;0;327;22;1;1
2022.06_18-07-2022;Республика Северная Осетия - Алания;21_45_days;SputnikLite;1;0;0;0;0;0;0;0;1;0;0;0;233;13;1;1;94;9;0;0;327;22;1;1
2022.06_18-07-2022;Республика Северная Осетия - Алания;21_45_days;SputnikV;0;0;0;0;3;0;0;0;3;0;0;0;233;13;1;1;94;9;0;0;327;22;1;1
2022.06_18-07-2022;Республика Северная Осетия - Алания;45_75_days;AllVaccines;1;0;0;0;0;0;0;0;1;0;0;0;233;13;1;1;94;9;0;0;327;22;1;1
2022.06_18-07-2022;Республика Северная Осетия - Алания;45_75_days;SputnikV;1;0;0;0;0;0;0;0;1;0;0;0;233;13;1;1;94;9;0;0;327;22;1;1
2022.06_18-07-2022;Республика Северная Осетия - Алания;75_90_days;AllVaccines;1;0;0;0;0;0;0;0;1;0;0;0;233;13;1;1;94;9;0;0;327;22;1;1
2022.06_18-07-2022;Республика Северная Осетия - Алания;75_90_days;SputnikV;1;0;0;0;0;0;0;0;1;0;0;0;233;13;1;1;94;9;0;0;327;22;1;1
2022.06_18-07-2022;Республика Северная Осетия - Алания;90_105_days;AllVaccines;1;0;0;0;0;0;0;0;1;0;0;0;233;13;1;1;94;9;0;0;327;22;1;1
2022.06_18-07-2022;Республика Северная Осетия - Алания;90_105_days;SputnikV;1;0;0;0;0;0;0;0;1;0;0;0;233;13;1;1;94;9;0;0;327;22;1;1
2022.06_18-07-2022;Республика Татарстан;105_165_days;AllVaccines;145;9;0;0;68;23;1;0;213;32;1;0;2774;244;17;4;1078;333;56;25;3852;577;73;29
2022.06_18-07-2022;Республика Татарстан;105_165_days;EpiVacCorona;5;2;0;0;1;0;0;0;6;2;0;0;2774;244;17;4;1078;333;56;25;3852;577;73;29
2022.06_18-07-2022;Республика Татарстан;105_165_days;SputnikLite;64;4;0;0;31;11;0;0;95;15;0;0;2774;244;17;4;1078;333;56;25;3852;577;73;29
2022.06_18-07-2022;Республика Татарстан;105_165_days;SputnikV;76;3;0;0;36;12;1;0;112;15;1;0;2774;244;17;4;1078;333;56;25;3852;577;73;29
2022.06_18-07-2022;Республика Татарстан;165_195_days;AllVaccines;232;18;1;0;90;23;2;1;322;41;3;1;2774;244;17;4;1078;333;56;25;3852;577;73;29
2022.06_18-07-2022;Республика Татарстан;165_195_days;CoviVac;0;0;0;0;1;0;0;0;1;0;0;0;2774;244;17;4;1078;333;56;25;3852;577;73;29
2022.06_18-07-2022;Республика Татарстан;165_195_days;EpiVacCorona;7;0;0;0;3;0;0;0;10;0;0;0;2774;244;17;4;1078;333;56;25;3852;577;73;29
2022.06_18-07-2022;Республика Татарстан;165_195_days;SputnikLite;32;3;0;0;25;6;1;0;57;9;1;0;2774;244;17;4;1078;333;56;25;3852;577;73;29
2022.06_18-07-2022;Республика Татарстан;165_195_days;SputnikV;193;15;1;0;61;17;1;1;254;32;2;1;2774;244;17;4;1078;333;56;25;3852;577;73;29
2022.06_18-07-2022;Республика Татарстан;21_45_days;AllVaccines;8;1;0;0;3;1;0;0;11;2;0;0;2774;244;17;4;1078;333;56;25;3852;577;73;29
2022.06_18-07-2022;Республика Татарстан;21_45_days;SputnikLite;2;1;0;0;3;1;0;0;5;2;0;0;2774;244;17;4;1078;333;56;25;3852;577;73;29
2022.06_18-07-2022;Республика Татарстан;21_45_days;SputnikV;6;0;0;0;0;0;0;0;6;0;0;0;2774;244;17;4;1078;333;56;25;3852;577;73;29
2022.06_18-07-2022;Республика Татарстан;45_75_days;AllVaccines;25;3;1;0;12;4;0;0;37;7;1;0;2774;244;17;4;1078;333;56;25;3852;577;73;29
2022.06_18-07-2022;Республика Татарстан;45_75_days;EpiVacCorona;3;0;0;0;1;0;0;0;4;0;0;0;2774;244;17;4;1078;333;56;25;3852;577;73;29
2022.06_18-07-2022;Республика Татарстан;45_75_days;SputnikLite;6;1;0;0;5;1;0;0;11;2;0;0;2774;244;17;4;1078;333;56;25;3852;577;73;29
2022.06_18-07-2022;Республика Татарстан;45_75_days;SputnikV;16;2;1;0;6;3;0;0;22;5;1;0;2774;244;17;4;1078;333;56;25;3852;577;73;29
2022.06_18-07-2022;Республика Татарстан;75_90_days;AllVaccines;29;3;0;0;6;4;0;0;35;7;0;0;2774;244;17;4;1078;333;56;25;3852;577;73;29
2022.06_18-07-2022;Республика Татарстан;75_90_days;CoviVac;1;0;0;0;0;0;0;0;1;0;0;0;2774;244;17;4;1078;333;56;25;3852;577;73;29
2022.06_18-07-2022;Республика Татарстан;75_90_days;EpiVacCorona;4;0;0;0;0;0;0;0;4;0;0;0;2774;244;17;4;1078;333;56;25;3852;577;73;29
2022.06_18-07-2022;Республика Татарстан;75_90_days;SputnikLite;11;0;0;0;0;0;0;0;11;0;0;0;2774;244;17;4;1078;333;56;25;3852;577;73;29
2022.06_18-07-2022;Республика Татарстан;75_90_days;SputnikV;13;3;0;0;6;4;0;0;19;7;0;0;2774;244;17;4;1078;333;56;25;3852;577;73;29
2022.06_18-07-2022;Республика Татарстан;90_105_days;AllVaccines;19;3;1;0;10;3;1;1;29;6;2;1;2774;244;17;4;1078;333;56;25;3852;577;73;29
2022.06_18-07-2022;Республика Татарстан;90_105_days;CoviVac;1;0;0;0;0;0;0;0;1;0;0;0;2774;244;17;4;1078;333;56;25;3852;577;73;29
2022.06_18-07-2022;Республика Татарстан;90_105_days;EpiVacCorona;2;0;0;0;0;0;0;0;2;0;0;0;2774;244;17;4;1078;333;56;25;3852;577;73;29
2022.06_18-07-2022;Республика Татарстан;90_105_days;SputnikLite;4;2;1;0;5;2;1;1;9;4;2;1;2774;244;17;4;1078;333;56;25;3852;577;73;29
2022.06_18-07-2022;Республика Татарстан;90_105_days;SputnikV;12;1;0;0;5;1;0;0;17;2;0;0;2774;244;17;4;1078;333;56;25;3852;577;73;29
2022.06_18-07-2022;Республика Тыва;105_165_days;AllVaccines;0;0;0;0;1;0;0;0;1;0;0;0;5;2;1;0;4;1;0;0;9;3;1;0
2022.06_18-07-2022;Республика Тыва;105_165_days;SputnikLite;0;0;0;0;1;0;0;0;1;0;0;0;5;2;1;0;4;1;0;0;9;3;1;0
2022.06_18-07-2022;Республика Тыва;45_75_days;AllVaccines;1;0;0;0;0;0;0;0;1;0;0;0;5;2;1;0;4;1;0;0;9;3;1;0
2022.06_18-07-2022;Республика Тыва;45_75_days;SputnikV;1;0;0;0;0;0;0;0;1;0;0;0;5;2;1;0;4;1;0;0;9;3;1;0
2022.06_18-07-2022;Республика Хакасия;105_165_days;AllVaccines;11;2;0;0;8;4;2;1;19;6;2;1;138;19;1;0;68;35;14;6;206;54;15;6
2022.06_18-07-2022;Республика Хакасия;105_165_days;CoviVac;0;0;0;0;1;1;0;0;1;1;0;0;138;19;1;0;68;35;14;6;206;54;15;6
2022.06_18-07-2022;Республика Хакасия;105_165_days;EpiVacCorona;1;0;0;0;0;0;0;0;1;0;0;0;138;19;1;0;68;35;14;6;206;54;15;6
2022.06_18-07-2022;Республика Хакасия;105_165_days;SputnikLite;10;2;0;0;5;1;0;0;15;3;0;0;138;19;1;0;68;35;14;6;206;54;15;6
2022.06_18-07-2022;Республика Хакасия;105_165_days;SputnikV;0;0;0;0;2;2;2;1;2;2;2;1;138;19;1;0;68;35;14;6;206;54;15;6
2022.06_18-07-2022;Республика Хакасия;165_195_days;AllVaccines;6;0;0;0;2;1;0;0;8;1;0;0;138;19;1;0;68;35;14;6;206;54;15;6
2022.06_18-07-2022;Республика Хакасия;165_195_days;EpiVacCorona;1;0;0;0;0;0;0;0;1;0;0;0;138;19;1;0;68;35;14;6;206;54;15;6
2022.06_18-07-2022;Республика Хакасия;165_195_days;SputnikLite;4;0;0;0;1;0;0;0;5;0;0;0;138;19;1;0;68;35;14;6;206;54;15;6
2022.06_18-07-2022;Республика Хакасия;165_195_days;SputnikV;1;0;0;0;1;1;0;0;2;1;0;0;138;19;1;0;68;35;14;6;206;54;15;6
2022.06_18-07-2022;Республика Хакасия;21_45_days;AllVaccines;1;1;0;0;1;1;0;0;2;2;0;0;138;19;1;0;68;35;14;6;206;54;15;6
2022.06_18-07-2022;Республика Хакасия;21_45_days;SputnikV;1;1;0;0;1;1;0;0;2;2;0;0;138;19;1;0;68;35;14;6;206;54;15;6
2022.06_18-07-2022;Республика Хакасия;45_75_days;AllVaccines;1;0;0;0;0;0;0;0;1;0;0;0;138;19;1;0;68;35;14;6;206;54;15;6
2022.06_18-07-2022;Республика Хакасия;45_75_days;SputnikV;1;0;0;0;0;0;0;0;1;0;0;0;138;19;1;0;68;35;14;6;206;54;15;6
2022.06_18-07-2022;Республика Хакасия;90_105_days;AllVaccines;0;0;0;0;1;0;0;0;1;0;0;0;138;19;1;0;68;35;14;6;206;54;15;6
2022.06_18-07-2022;Республика Хакасия;90_105_days;SputnikV;0;0;0;0;1;0;0;0;1;0;0;0;138;19;1;0;68;35;14;6;206;54;15;6
2022.06_18-07-2022;Ростовская область;105_165_days;AllVaccines;96;8;2;0;77;22;6;1;173;30;8;1;1211;174;29;10;1001;369;117;27;2212;543;146;37
2022.06_18-07-2022;Ростовская область;105_165_days;CoviVac;1;0;0;0;0;0;0;0;1;0;0;0;1211;174;29;10;1001;369;117;27;2212;543;146;37
2022.06_18-07-2022;Ростовская область;105_165_days;EpiVacCorona;3;0;0;0;2;1;0;0;5;1;0;0;1211;174;29;10;1001;369;117;27;2212;543;146;37
2022.06_18-07-2022;Ростовская область;105_165_days;SputnikLite;41;2;0;0;39;5;1;0;80;7;1;0;1211;174;29;10;1001;369;117;27;2212;543;146;37
2022.06_18-07-2022;Ростовская область;105_165_days;SputnikV;51;6;2;0;36;16;5;1;87;22;7;1;1211;174;29;10;1001;369;117;27;2212;543;146;37
2022.06_18-07-2022;Ростовская область;165_195_days;AllVaccines;77;11;3;0;87;26;5;1;164;37;8;1;1211;174;29;10;1001;369;117;27;2212;543;146;37
2022.06_18-07-2022;Ростовская область;165_195_days;EpiVacCorona;1;0;0;0;1;1;1;1;2;1;1;1;1211;174;29;10;1001;369;117;27;2212;543;146;37
2022.06_18-07-2022;Ростовская область;165_195_days;SputnikLite;24;2;0;0;28;7;2;0;52;9;2;0;1211;174;29;10;1001;369;117;27;2212;543;146;37
2022.06_18-07-2022;Ростовская область;165_195_days;SputnikV;52;9;3;0;58;18;2;0;110;27;5;0;1211;174;29;10;1001;369;117;27;2212;543;146;37
2022.06_18-07-2022;Ростовская область;21_45_days;AllVaccines;9;0;0;0;11;6;2;0;20;6;2;0;1211;174;29;10;1001;369;117;27;2212;543;146;37
2022.06_18-07-2022;Ростовская область;21_45_days;CoviVac;0;0;0;0;1;0;0;0;1;0;0;0;1211;174;29;10;1001;369;117;27;2212;543;146;37
2022.06_18-07-2022;Ростовская область;21_45_days;SputnikLite;3;0;0;0;0;0;0;0;3;0;0;0;1211;174;29;10;1001;369;117;27;2212;543;146;37
2022.06_18-07-2022;Ростовская область;21_45_days;SputnikV;6;0;0;0;10;6;2;0;16;6;2;0;1211;174;29;10;1001;369;117;27;2212;543;146;37
2022.06_18-07-2022;Ростовская область;45_75_days;AllVaccines;13;1;0;0;19;9;4;2;32;10;4;2;1211;174;29;10;1001;369;117;27;2212;543;146;37
2022.06_18-07-2022;Ростовская область;45_75_days;CoviVac;1;0;0;0;0;0;0;0;1;0;0;0;1211;174;29;10;1001;369;117;27;2212;543;146;37
2022.06_18-07-2022;Ростовская область;45_75_days;EpiVacCorona;2;0;0;0;2;0;0;0;4;0;0;0;1211;174;29;10;1001;369;117;27;2212;543;146;37
2022.06_18-07-2022;Ростовская область;45_75_days;SputnikLite;1;0;0;0;4;4;0;0;5;4;0;0;1211;174;29;10;1001;369;117;27;2212;543;146;37
2022.06_18-07-2022;Ростовская область;45_75_days;SputnikV;9;1;0;0;13;5;4;2;22;6;4;2;1211;174;29;10;1001;369;117;27;2212;543;146;37
2022.06_18-07-2022;Ростовская область;75_90_days;AllVaccines;5;0;0;0;5;4;2;1;10;4;2;1;1211;174;29;10;1001;369;117;27;2212;543;146;37
2022.06_18-07-2022;Ростовская область;75_90_days;SputnikLite;3;0;0;0;2;2;1;0;5;2;1;0;1211;174;29;10;1001;369;117;27;2212;543;146;37
2022.06_18-07-2022;Ростовская область;75_90_days;SputnikV;2;0;0;0;3;2;1;1;5;2;1;1;1211;174;29;10;1001;369;117;27;2212;543;146;37
2022.06_18-07-2022;Ростовская область;90_105_days;AllVaccines;8;2;1;1;7;2;0;0;15;4;1;1;1211;174;29;10;1001;369;117;27;2212;543;146;37
2022.06_18-07-2022;Ростовская область;90_105_days;EpiVacCorona;1;0;0;0;0;0;0;0;1;0;0;0;1211;174;29;10;1001;369;117;27;2212;543;146;37
2022.06_18-07-2022;Ростовская область;90_105_days;SputnikLite;1;0;0;0;1;0;0;0;2;0;0;0;1211;174;29;10;1001;369;117;27;2212;543;146;37
2022.06_18-07-2022;Ростовская область;90_105_days;SputnikV;6;2;1;1;6;2;0;0;12;4;1;1;1211;174;29;10;1001;369;117;27;2212;543;146;37
2022.06_18-07-2022;Рязанская область;105_165_days;AllVaccines;76;3;0;0;38;4;0;0;114;7;0;0;840;48;7;3;613;132;23;12;1453;180;30;15
2022.06_18-07-2022;Рязанская область;105_165_days;CoviVac;1;0;0;0;0;0;0;0;1;0;0;0;840;48;7;3;613;132;23;12;1453;180;30;15
2022.06_18-07-2022;Рязанская область;105_165_days;EpiVacCorona;6;0;0;0;1;0;0;0;7;0;0;0;840;48;7;3;613;132;23;12;1453;180;30;15
2022.06_18-07-2022;Рязанская область;105_165_days;SputnikLite;40;2;0;0;23;3;0;0;63;5;0;0;840;48;7;3;613;132;23;12;1453;180;30;15
2022.06_18-07-2022;Рязанская область;105_165_days;SputnikV;29;1;0;0;14;1;0;0;43;2;0;0;840;48;7;3;613;132;23;12;1453;180;30;15
2022.06_18-07-2022;Рязанская область;165_195_days;AllVaccines;82;3;0;1;54;8;1;0;136;11;1;1;840;48;7;3;613;132;23;12;1453;180;30;15
2022.06_18-07-2022;Рязанская область;165_195_days;CoviVac;1;0;0;0;2;1;0;0;3;1;0;0;840;48;7;3;613;132;23;12;1453;180;30;15
2022.06_18-07-2022;Рязанская область;165_195_days;EpiVacCorona;3;0;0;0;0;0;0;0;3;0;0;0;840;48;7;3;613;132;23;12;1453;180;30;15
2022.06_18-07-2022;Рязанская область;165_195_days;SputnikLite;22;2;0;1;20;3;0;0;42;5;0;1;840;48;7;3;613;132;23;12;1453;180;30;15
2022.06_18-07-2022;Рязанская область;165_195_days;SputnikV;56;1;0;0;32;4;1;0;88;5;1;0;840;48;7;3;613;132;23;12;1453;180;30;15
2022.06_18-07-2022;Рязанская область;21_45_days;AllVaccines;1;0;0;0;4;1;0;0;5;1;0;0;840;48;7;3;613;132;23;12;1453;180;30;15
2022.06_18-07-2022;Рязанская область;21_45_days;CoviVac;1;0;0;0;0;0;0;0;1;0;0;0;840;48;7;3;613;132;23;12;1453;180;30;15
2022.06_18-07-2022;Рязанская область;21_45_days;SputnikLite;0;0;0;0;1;0;0;0;1;0;0;0;840;48;7;3;613;132;23;12;1453;180;30;15
2022.06_18-07-2022;Рязанская область;21_45_days;SputnikV;0;0;0;0;3;1;0;0;3;1;0;0;840;48;7;3;613;132;23;12;1453;180;30;15
2022.06_18-07-2022;Рязанская область;45_75_days;AllVaccines;5;0;0;0;9;2;0;0;14;2;0;0;840;48;7;3;613;132;23;12;1453;180;30;15
2022.06_18-07-2022;Рязанская область;45_75_days;SputnikLite;1;0;0;0;5;1;0;0;6;1;0;0;840;48;7;3;613;132;23;12;1453;180;30;15
2022.06_18-07-2022;Рязанская область;45_75_days;SputnikV;4;0;0;0;4;1;0;0;8;1;0;0;840;48;7;3;613;132;23;12;1453;180;30;15
2022.06_18-07-2022;Рязанская область;75_90_days;AllVaccines;3;0;0;0;2;1;0;0;5;1;0;0;840;48;7;3;613;132;23;12;1453;180;30;15
2022.06_18-07-2022;Рязанская область;75_90_days;SputnikLite;0;0;0;0;1;1;0;0;1;1;0;0;840;48;7;3;613;132;23;12;1453;180;30;15
2022.06_18-07-2022;Рязанская область;75_90_days;SputnikV;3;0;0;0;1;0;0;0;4;0;0;0;840;48;7;3;613;132;23;12;1453;180;30;15
2022.06_18-07-2022;Рязанская область;90_105_days;AllVaccines;4;0;0;0;2;0;0;0;6;0;0;0;840;48;7;3;613;132;23;12;1453;180;30;15
2022.06_18-07-2022;Рязанская область;90_105_days;SputnikLite;1;0;0;0;1;0;0;0;2;0;0;0;840;48;7;3;613;132;23;12;1453;180;30;15
2022.06_18-07-2022;Рязанская область;90_105_days;SputnikV;3;0;0;0;1;0;0;0;4;0;0;0;840;48;7;3;613;132;23;12;1453;180;30;15
2022.06_18-07-2022;Самарская область;105_165_days;AllVaccines;62;9;0;0;56;22;5;4;118;31;5;4;785;144;25;12;745;310;57;39;1530;454;82;51
2022.06_18-07-2022;Самарская область;105_165_days;CoviVac;1;0;0;0;0;0;0;0;1;0;0;0;785;144;25;12;745;310;57;39;1530;454;82;51
2022.06_18-07-2022;Самарская область;105_165_days;EpiVacCorona;0;0;0;0;1;1;0;0;1;1;0;0;785;144;25;12;745;310;57;39;1530;454;82;51
2022.06_18-07-2022;Самарская область;105_165_days;SputnikLite;29;5;0;0;31;13;5;3;60;18;5;3;785;144;25;12;745;310;57;39;1530;454;82;51
2022.06_18-07-2022;Самарская область;105_165_days;SputnikV;32;4;0;0;24;8;0;1;56;12;0;1;785;144;25;12;745;310;57;39;1530;454;82;51
2022.06_18-07-2022;Самарская область;165_195_days;AllVaccines;69;7;0;0;84;34;4;2;153;41;4;2;785;144;25;12;745;310;57;39;1530;454;82;51
2022.06_18-07-2022;Самарская область;165_195_days;CoviVac;1;0;0;0;0;0;0;0;1;0;0;0;785;144;25;12;745;310;57;39;1530;454;82;51
2022.06_18-07-2022;Самарская область;165_195_days;EpiVacCorona;1;0;0;0;3;2;0;0;4;2;0;0;785;144;25;12;745;310;57;39;1530;454;82;51
2022.06_18-07-2022;Самарская область;165_195_days;SputnikLite;14;2;0;0;29;10;3;2;43;12;3;2;785;144;25;12;745;310;57;39;1530;454;82;51
2022.06_18-07-2022;Самарская область;165_195_days;SputnikV;53;5;0;0;52;22;1;0;105;27;1;0;785;144;25;12;745;310;57;39;1530;454;82;51
2022.06_18-07-2022;Самарская область;21_45_days;AllVaccines;5;1;0;0;11;3;1;1;16;4;1;1;785;144;25;12;745;310;57;39;1530;454;82;51
2022.06_18-07-2022;Самарская область;21_45_days;SputnikV;5;1;0;0;11;3;1;1;16;4;1;1;785;144;25;12;745;310;57;39;1530;454;82;51
2022.06_18-07-2022;Самарская область;45_75_days;AllVaccines;11;1;0;0;19;7;0;0;30;8;0;0;785;144;25;12;745;310;57;39;1530;454;82;51
2022.06_18-07-2022;Самарская область;45_75_days;EpiVacCorona;3;1;0;0;3;1;0;0;6;2;0;0;785;144;25;12;745;310;57;39;1530;454;82;51
2022.06_18-07-2022;Самарская область;45_75_days;SputnikLite;0;0;0;0;2;1;0;0;2;1;0;0;785;144;25;12;745;310;57;39;1530;454;82;51
2022.06_18-07-2022;Самарская область;45_75_days;SputnikV;8;0;0;0;14;5;0;0;22;5;0;0;785;144;25;12;745;310;57;39;1530;454;82;51
2022.06_18-07-2022;Самарская область;75_90_days;AllVaccines;7;0;0;0;13;5;2;2;20;5;2;2;785;144;25;12;745;310;57;39;1530;454;82;51
2022.06_18-07-2022;Самарская область;75_90_days;EpiVacCorona;1;0;0;0;2;2;0;0;3;2;0;0;785;144;25;12;745;310;57;39;1530;454;82;51
2022.06_18-07-2022;Самарская область;75_90_days;SputnikLite;1;0;0;0;4;0;0;0;5;0;0;0;785;144;25;12;745;310;57;39;1530;454;82;51
2022.06_18-07-2022;Самарская область;75_90_days;SputnikV;5;0;0;0;7;3;2;2;12;3;2;2;785;144;25;12;745;310;57;39;1530;454;82;51
2022.06_18-07-2022;Самарская область;90_105_days;AllVaccines;10;0;0;0;5;0;0;0;15;0;0;0;785;144;25;12;745;310;57;39;1530;454;82;51
2022.06_18-07-2022;Самарская область;90_105_days;EpiVacCorona;1;0;0;0;1;0;0;0;2;0;0;0;785;144;25;12;745;310;57;39;1530;454;82;51
2022.06_18-07-2022;Самарская область;90_105_days;SputnikLite;4;0;0;0;0;0;0;0;4;0;0;0;785;144;25;12;745;310;57;39;1530;454;82;51
2022.06_18-07-2022;Самарская область;90_105_days;SputnikV;5;0;0;0;4;0;0;0;9;0;0;0;785;144;25;12;745;310;57;39;1530;454;82;51
2022.06_18-07-2022;Саратовская область;105_165_days;AllVaccines;104;15;2;1;76;24;3;1;180;39;5;2;1103;218;42;14;939;382;127;58;2042;600;169;72
2022.06_18-07-2022;Саратовская область;105_165_days;CoviVac;4;1;1;1;1;1;0;0;5;2;1;1;1103;218;42;14;939;382;127;58;2042;600;169;72
2022.06_18-07-2022;Саратовская область;105_165_days;EpiVacCorona;3;0;0;0;8;2;0;0;11;2;0;0;1103;218;42;14;939;382;127;58;2042;600;169;72
2022.06_18-07-2022;Саратовская область;105_165_days;SputnikLite;55;5;1;0;36;13;2;1;91;18;3;1;1103;218;42;14;939;382;127;58;2042;600;169;72
2022.06_18-07-2022;Саратовская область;105_165_days;SputnikV;42;9;0;0;31;8;1;0;73;17;1;0;1103;218;42;14;939;382;127;58;2042;600;169;72
2022.06_18-07-2022;Саратовская область;165_195_days;AllVaccines;120;13;2;1;71;26;6;1;191;39;8;2;1103;218;42;14;939;382;127;58;2042;600;169;72
2022.06_18-07-2022;Саратовская область;165_195_days;CoviVac;1;0;0;0;0;0;0;0;1;0;0;0;1103;218;42;14;939;382;127;58;2042;600;169;72
2022.06_18-07-2022;Саратовская область;165_195_days;EpiVacCorona;5;1;0;0;1;1;0;0;6;2;0;0;1103;218;42;14;939;382;127;58;2042;600;169;72
2022.06_18-07-2022;Саратовская область;165_195_days;SputnikLite;35;2;0;0;25;7;2;0;60;9;2;0;1103;218;42;14;939;382;127;58;2042;600;169;72
2022.06_18-07-2022;Саратовская область;165_195_days;SputnikV;79;10;2;1;45;18;4;1;124;28;6;2;1103;218;42;14;939;382;127;58;2042;600;169;72
2022.06_18-07-2022;Саратовская область;21_45_days;AllVaccines;5;0;0;0;7;3;1;0;12;3;1;0;1103;218;42;14;939;382;127;58;2042;600;169;72
2022.06_18-07-2022;Саратовская область;21_45_days;CoviVac;1;0;0;0;0;0;0;0;1;0;0;0;1103;218;42;14;939;382;127;58;2042;600;169;72
2022.06_18-07-2022;Саратовская область;21_45_days;EpiVacCorona;0;0;0;0;2;1;0;0;2;1;0;0;1103;218;42;14;939;382;127;58;2042;600;169;72
2022.06_18-07-2022;Саратовская область;21_45_days;SputnikLite;2;0;0;0;1;0;0;0;3;0;0;0;1103;218;42;14;939;382;127;58;2042;600;169;72
2022.06_18-07-2022;Саратовская область;21_45_days;SputnikV;2;0;0;0;4;2;1;0;6;2;1;0;1103;218;42;14;939;382;127;58;2042;600;169;72
2022.06_18-07-2022;Саратовская область;45_75_days;AllVaccines;10;2;0;0;20;6;2;1;30;8;2;1;1103;218;42;14;939;382;127;58;2042;600;169;72
2022.06_18-07-2022;Саратовская область;45_75_days;CoviVac;0;0;0;0;1;0;0;0;1;0;0;0;1103;218;42;14;939;382;127;58;2042;600;169;72
2022.06_18-07-2022;Саратовская область;45_75_days;EpiVacCorona;1;0;0;0;0;0;0;0;1;0;0;0;1103;218;42;14;939;382;127;58;2042;600;169;72
2022.06_18-07-2022;Саратовская область;45_75_days;SputnikLite;3;0;0;0;5;3;1;0;8;3;1;0;1103;218;42;14;939;382;127;58;2042;600;169;72
2022.06_18-07-2022;Саратовская область;45_75_days;SputnikV;6;2;0;0;14;3;1;1;20;5;1;1;1103;218;42;14;939;382;127;58;2042;600;169;72
2022.06_18-07-2022;Саратовская область;75_90_days;AllVaccines;6;1;0;0;14;3;1;0;20;4;1;0;1103;218;42;14;939;382;127;58;2042;600;169;72
2022.06_18-07-2022;Саратовская область;75_90_days;EpiVacCorona;2;1;0;0;1;0;0;0;3;1;0;0;1103;218;42;14;939;382;127;58;2042;600;169;72
2022.06_18-07-2022;Саратовская область;75_90_days;SputnikLite;2;0;0;0;2;0;0;0;4;0;0;0;1103;218;42;14;939;382;127;58;2042;600;169;72
2022.06_18-07-2022;Саратовская область;75_90_days;SputnikV;2;0;0;0;11;3;1;0;13;3;1;0;1103;218;42;14;939;382;127;58;2042;600;169;72
2022.06_18-07-2022;Саратовская область;90_105_days;AllVaccines;5;0;0;0;10;3;2;1;15;3;2;1;1103;218;42;14;939;382;127;58;2042;600;169;72
2022.06_18-07-2022;Саратовская область;90_105_days;EpiVacCorona;0;0;0;0;3;1;1;1;3;1;1;1;1103;218;42;14;939;382;127;58;2042;600;169;72
2022.06_18-07-2022;Саратовская область;90_105_days;SputnikLite;3;0;0;0;2;0;0;0;5;0;0;0;1103;218;42;14;939;382;127;58;2042;600;169;72
2022.06_18-07-2022;Саратовская область;90_105_days;SputnikV;2;0;0;0;5;2;1;0;7;2;1;0;1103;218;42;14;939;382;127;58;2042;600;169;72
2022.06_18-07-2022;Сахалинская область;105_165_days;AllVaccines;4;3;1;1;8;5;1;0;12;8;2;1;81;30;4;1;107;75;20;2;188;105;24;3
2022.06_18-07-2022;Сахалинская область;105_165_days;SputnikLite;4;3;1;1;7;5;1;0;11;8;2;1;81;30;4;1;107;75;20;2;188;105;24;3
2022.06_18-07-2022;Сахалинская область;105_165_days;SputnikV;0;0;0;0;1;0;0;0;1;0;0;0;81;30;4;1;107;75;20;2;188;105;24;3
2022.06_18-07-2022;Сахалинская область;165_195_days;AllVaccines;7;1;0;0;8;5;1;0;15;6;1;0;81;30;4;1;107;75;20;2;188;105;24;3
2022.06_18-07-2022;Сахалинская область;165_195_days;SputnikLite;3;1;0;0;3;2;0;0;6;3;0;0;81;30;4;1;107;75;20;2;188;105;24;3
2022.06_18-07-2022;Сахалинская область;165_195_days;SputnikV;4;0;0;0;5;3;1;0;9;3;1;0;81;30;4;1;107;75;20;2;188;105;24;3
2022.06_18-07-2022;Сахалинская область;21_45_days;AllVaccines;0;0;0;0;1;1;0;0;1;1;0;0;81;30;4;1;107;75;20;2;188;105;24;3
2022.06_18-07-2022;Сахалинская область;21_45_days;SputnikLite;0;0;0;0;1;1;0;0;1;1;0;0;81;30;4;1;107;75;20;2;188;105;24;3
2022.06_18-07-2022;Сахалинская область;90_105_days;AllVaccines;1;1;1;0;0;0;0;0;1;1;1;0;81;30;4;1;107;75;20;2;188;105;24;3
2022.06_18-07-2022;Сахалинская область;90_105_days;SputnikV;1;1;1;0;0;0;0;0;1;1;1;0;81;30;4;1;107;75;20;2;188;105;24;3
2022.06_18-07-2022;Свердловская область;105_165_days;AllVaccines;132;10;0;0;94;30;4;2;226;40;4;2;1917;286;22;10;1066;405;51;41;2983;691;73;51
2022.06_18-07-2022;Свердловская область;105_165_days;CoviVac;1;1;0;0;0;0;0;0;1;1;0;0;1917;286;22;10;1066;405;51;41;2983;691;73;51
2022.06_18-07-2022;Свердловская область;105_165_days;EpiVacCorona;11;0;0;0;9;7;1;1;20;7;1;1;1917;286;22;10;1066;405;51;41;2983;691;73;51
2022.06_18-07-2022;Свердловская область;105_165_days;SputnikLite;74;4;0;0;44;16;1;0;118;20;1;0;1917;286;22;10;1066;405;51;41;2983;691;73;51
2022.06_18-07-2022;Свердловская область;105_165_days;SputnikV;46;5;0;0;41;7;2;1;87;12;2;1;1917;286;22;10;1066;405;51;41;2983;691;73;51
2022.06_18-07-2022;Свердловская область;165_195_days;AllVaccines;178;28;4;1;95;39;2;2;273;67;6;3;1917;286;22;10;1066;405;51;41;2983;691;73;51
2022.06_18-07-2022;Свердловская область;165_195_days;CoviVac;1;0;0;0;0;0;0;0;1;0;0;0;1917;286;22;10;1066;405;51;41;2983;691;73;51
2022.06_18-07-2022;Свердловская область;165_195_days;EpiVacCorona;5;1;0;0;2;0;0;0;7;1;0;0;1917;286;22;10;1066;405;51;41;2983;691;73;51
2022.06_18-07-2022;Свердловская область;165_195_days;SputnikLite;41;6;0;0;44;18;1;1;85;24;1;1;1917;286;22;10;1066;405;51;41;2983;691;73;51
2022.06_18-07-2022;Свердловская область;165_195_days;SputnikV;131;21;4;1;49;21;1;1;180;42;5;2;1917;286;22;10;1066;405;51;41;2983;691;73;51
2022.06_18-07-2022;Свердловская область;21_45_days;AllVaccines;7;0;0;0;6;0;0;0;13;0;0;0;1917;286;22;10;1066;405;51;41;2983;691;73;51
2022.06_18-07-2022;Свердловская область;21_45_days;EpiVacCorona;2;0;0;0;0;0;0;0;2;0;0;0;1917;286;22;10;1066;405;51;41;2983;691;73;51
2022.06_18-07-2022;Свердловская область;21_45_days;SputnikLite;1;0;0;0;2;0;0;0;3;0;0;0;1917;286;22;10;1066;405;51;41;2983;691;73;51
2022.06_18-07-2022;Свердловская область;21_45_days;SputnikV;4;0;0;0;4;0;0;0;8;0;0;0;1917;286;22;10;1066;405;51;41;2983;691;73;51
2022.06_18-07-2022;Свердловская область;45_75_days;AllVaccines;21;1;0;0;15;8;1;0;36;9;1;0;1917;286;22;10;1066;405;51;41;2983;691;73;51
2022.06_18-07-2022;Свердловская область;45_75_days;CoviVac;0;0;0;0;1;0;0;0;1;0;0;0;1917;286;22;10;1066;405;51;41;2983;691;73;51
2022.06_18-07-2022;Свердловская область;45_75_days;EpiVacCorona;2;0;0;0;0;0;0;0;2;0;0;0;1917;286;22;10;1066;405;51;41;2983;691;73;51
2022.06_18-07-2022;Свердловская область;45_75_days;SputnikLite;2;0;0;0;0;0;0;0;2;0;0;0;1917;286;22;10;1066;405;51;41;2983;691;73;51
2022.06_18-07-2022;Свердловская область;45_75_days;SputnikV;17;1;0;0;14;8;1;0;31;9;1;0;1917;286;22;10;1066;405;51;41;2983;691;73;51
2022.06_18-07-2022;Свердловская область;75_90_days;AllVaccines;8;1;0;0;7;3;0;0;15;4;0;0;1917;286;22;10;1066;405;51;41;2983;691;73;51
2022.06_18-07-2022;Свердловская область;75_90_days;EpiVacCorona;0;0;0;0;1;0;0;0;1;0;0;0;1917;286;22;10;1066;405;51;41;2983;691;73;51
2022.06_18-07-2022;Свердловская область;75_90_days;SputnikLite;2;0;0;0;2;0;0;0;4;0;0;0;1917;286;22;10;1066;405;51;41;2983;691;73;51
2022.06_18-07-2022;Свердловская область;75_90_days;SputnikV;6;1;0;0;4;3;0;0;10;4;0;0;1917;286;22;10;1066;405;51;41;2983;691;73;51
2022.06_18-07-2022;Свердловская область;90_105_days;AllVaccines;16;0;0;0;11;5;2;2;27;5;2;2;1917;286;22;10;1066;405;51;41;2983;691;73;51
2022.06_18-07-2022;Свердловская область;90_105_days;SputnikLite;5;0;0;0;4;0;0;0;9;0;0;0;1917;286;22;10;1066;405;51;41;2983;691;73;51
2022.06_18-07-2022;Свердловская область;90_105_days;SputnikV;11;0;0;0;7;5;2;2;18;5;2;2;1917;286;22;10;1066;405;51;41;2983;691;73;51
2022.06_18-07-2022;Смоленская область;105_165_days;AllVaccines;22;0;0;0;17;2;1;1;39;2;1;1;315;32;5;7;256;106;35;27;571;138;40;34
2022.06_18-07-2022;Смоленская область;105_165_days;CoviVac;2;0;0;0;2;0;0;0;4;0;0;0;315;32;5;7;256;106;35;27;571;138;40;34
2022.06_18-07-2022;Смоленская область;105_165_days;EpiVacCorona;1;0;0;0;0;0;0;0;1;0;0;0;315;32;5;7;256;106;35;27;571;138;40;34
2022.06_18-07-2022;Смоленская область;105_165_days;SputnikLite;13;0;0;0;7;0;0;0;20;0;0;0;315;32;5;7;256;106;35;27;571;138;40;34
2022.06_18-07-2022;Смоленская область;105_165_days;SputnikV;6;0;0;0;8;2;1;1;14;2;1;1;315;32;5;7;256;106;35;27;571;138;40;34
2022.06_18-07-2022;Смоленская область;165_195_days;AllVaccines;21;2;0;0;17;4;0;0;38;6;0;0;315;32;5;7;256;106;35;27;571;138;40;34
2022.06_18-07-2022;Смоленская область;165_195_days;CoviVac;0;0;0;0;1;0;0;0;1;0;0;0;315;32;5;7;256;106;35;27;571;138;40;34
2022.06_18-07-2022;Смоленская область;165_195_days;EpiVacCorona;1;0;0;0;0;0;0;0;1;0;0;0;315;32;5;7;256;106;35;27;571;138;40;34
2022.06_18-07-2022;Смоленская область;165_195_days;SputnikLite;8;1;0;0;6;2;0;0;14;3;0;0;315;32;5;7;256;106;35;27;571;138;40;34
2022.06_18-07-2022;Смоленская область;165_195_days;SputnikV;12;1;0;0;10;2;0;0;22;3;0;0;315;32;5;7;256;106;35;27;571;138;40;34
2022.06_18-07-2022;Смоленская область;21_45_days;AllVaccines;0;0;0;0;1;1;1;1;1;1;1;1;315;32;5;7;256;106;35;27;571;138;40;34
2022.06_18-07-2022;Смоленская область;21_45_days;CoviVac;0;0;0;0;1;1;1;1;1;1;1;1;315;32;5;7;256;106;35;27;571;138;40;34
2022.06_18-07-2022;Смоленская область;45_75_days;AllVaccines;3;0;0;0;1;0;0;0;4;0;0;0;315;32;5;7;256;106;35;27;571;138;40;34
2022.06_18-07-2022;Смоленская область;45_75_days;CoviVac;1;0;0;0;0;0;0;0;1;0;0;0;315;32;5;7;256;106;35;27;571;138;40;34
2022.06_18-07-2022;Смоленская область;45_75_days;SputnikLite;1;0;0;0;1;0;0;0;2;0;0;0;315;32;5;7;256;106;35;27;571;138;40;34
2022.06_18-07-2022;Смоленская область;45_75_days;SputnikV;1;0;0;0;0;0;0;0;1;0;0;0;315;32;5;7;256;106;35;27;571;138;40;34
2022.06_18-07-2022;Смоленская область;90_105_days;AllVaccines;3;0;0;0;1;0;0;0;4;0;0;0;315;32;5;7;256;106;35;27;571;138;40;34
2022.06_18-07-2022;Смоленская область;90_105_days;SputnikLite;1;0;0;0;1;0;0;0;2;0;0;0;315;32;5;7;256;106;35;27;571;138;40;34
2022.06_18-07-2022;Смоленская область;90_105_days;SputnikV;2;0;0;0;0;0;0;0;2;0;0;0;315;32;5;7;256;106;35;27;571;138;40;34
2022.06_18-07-2022;Ставропольский край;105_165_days;AllVaccines;43;9;1;0;39;19;2;1;82;28;3;1;624;172;17;6;632;311;51;23;1256;483;68;29
2022.06_18-07-2022;Ставропольский край;105_165_days;CoviVac;2;0;0;0;3;0;0;0;5;0;0;0;624;172;17;6;632;311;51;23;1256;483;68;29
2022.06_18-07-2022;Ставропольский край;105_165_days;EpiVacCorona;5;1;0;0;5;1;0;0;10;2;0;0;624;172;17;6;632;311;51;23;1256;483;68;29
2022.06_18-07-2022;Ставропольский край;105_165_days;SputnikLite;19;6;1;0;17;10;1;0;36;16;2;0;624;172;17;6;632;311;51;23;1256;483;68;29
2022.06_18-07-2022;Ставропольский край;105_165_days;SputnikV;17;2;0;0;14;8;1;1;31;10;1;1;624;172;17;6;632;311;51;23;1256;483;68;29
2022.06_18-07-2022;Ставропольский край;165_195_days;AllVaccines;69;14;1;0;53;29;3;0;122;43;4;0;624;172;17;6;632;311;51;23;1256;483;68;29
2022.06_18-07-2022;Ставропольский край;165_195_days;EpiVacCorona;0;0;0;0;1;0;0;0;1;0;0;0;624;172;17;6;632;311;51;23;1256;483;68;29
2022.06_18-07-2022;Ставропольский край;165_195_days;SputnikLite;21;6;0;0;29;17;0;0;50;23;0;0;624;172;17;6;632;311;51;23;1256;483;68;29
2022.06_18-07-2022;Ставропольский край;165_195_days;SputnikV;48;8;1;0;23;12;3;0;71;20;4;0;624;172;17;6;632;311;51;23;1256;483;68;29
2022.06_18-07-2022;Ставропольский край;21_45_days;AllVaccines;5;1;1;0;5;3;0;0;10;4;1;0;624;172;17;6;632;311;51;23;1256;483;68;29
2022.06_18-07-2022;Ставропольский край;21_45_days;SputnikLite;1;0;0;0;1;1;0;0;2;1;0;0;624;172;17;6;632;311;51;23;1256;483;68;29
2022.06_18-07-2022;Ставропольский край;21_45_days;SputnikV;4;1;1;0;4;2;0;0;8;3;1;0;624;172;17;6;632;311;51;23;1256;483;68;29
2022.06_18-07-2022;Ставропольский край;45_75_days;AllVaccines;6;1;1;1;3;2;1;0;9;3;2;1;624;172;17;6;632;311;51;23;1256;483;68;29
2022.06_18-07-2022;Ставропольский край;45_75_days;SputnikLite;0;0;0;0;2;1;0;0;2;1;0;0;624;172;17;6;632;311;51;23;1256;483;68;29
2022.06_18-07-2022;Ставропольский край;45_75_days;SputnikV;6;1;1;1;1;1;1;0;7;2;2;1;624;172;17;6;632;311;51;23;1256;483;68;29
2022.06_18-07-2022;Ставропольский край;75_90_days;AllVaccines;1;0;0;0;3;3;1;0;4;3;1;0;624;172;17;6;632;311;51;23;1256;483;68;29
2022.06_18-07-2022;Ставропольский край;75_90_days;SputnikLite;0;0;0;0;1;1;0;0;1;1;0;0;624;172;17;6;632;311;51;23;1256;483;68;29
2022.06_18-07-2022;Ставропольский край;75_90_days;SputnikV;1;0;0;0;2;2;1;0;3;2;1;0;624;172;17;6;632;311;51;23;1256;483;68;29
2022.06_18-07-2022;Ставропольский край;90_105_days;AllVaccines;2;0;0;0;5;3;1;1;7;3;1;1;624;172;17;6;632;311;51;23;1256;483;68;29
2022.06_18-07-2022;Ставропольский край;90_105_days;EpiVacCorona;0;0;0;0;1;0;0;0;1;0;0;0;624;172;17;6;632;311;51;23;1256;483;68;29
2022.06_18-07-2022;Ставропольский край;90_105_days;SputnikLite;0;0;0;0;1;1;0;0;1;1;0;0;624;172;17;6;632;311;51;23;1256;483;68;29
2022.06_18-07-2022;Ставропольский край;90_105_days;SputnikV;2;0;0;0;3;2;1;1;5;2;1;1;624;172;17;6;632;311;51;23;1256;483;68;29
2022.06_18-07-2022;Тамбовская область;105_165_days;AllVaccines;35;5;1;1;31;8;2;2;66;13;3;3;355;61;9;8;362;112;18;20;717;173;27;28
2022.06_18-07-2022;Тамбовская область;105_165_days;CoviVac;0;0;0;0;1;0;0;0;1;0;0;0;355;61;9;8;362;112;18;20;717;173;27;28
2022.06_18-07-2022;Тамбовская область;105_165_days;EpiVacCorona;2;0;0;0;3;2;1;1;5;2;1;1;355;61;9;8;362;112;18;20;717;173;27;28
2022.06_18-07-2022;Тамбовская область;105_165_days;SputnikLite;18;2;1;1;13;3;1;1;31;5;2;2;355;61;9;8;362;112;18;20;717;173;27;28
2022.06_18-07-2022;Тамбовская область;105_165_days;SputnikV;15;3;0;0;14;3;0;0;29;6;0;0;355;61;9;8;362;112;18;20;717;173;27;28
2022.06_18-07-2022;Тамбовская область;165_195_days;AllVaccines;20;3;0;0;37;11;3;3;57;14;3;3;355;61;9;8;362;112;18;20;717;173;27;28
2022.06_18-07-2022;Тамбовская область;165_195_days;SputnikLite;11;3;0;0;10;4;1;1;21;7;1;1;355;61;9;8;362;112;18;20;717;173;27;28
2022.06_18-07-2022;Тамбовская область;165_195_days;SputnikV;9;0;0;0;27;7;2;2;36;7;2;2;355;61;9;8;362;112;18;20;717;173;27;28
2022.06_18-07-2022;Тамбовская область;21_45_days;AllVaccines;2;0;0;0;3;0;0;0;5;0;0;0;355;61;9;8;362;112;18;20;717;173;27;28
2022.06_18-07-2022;Тамбовская область;21_45_days;EpiVacCorona;1;0;0;0;0;0;0;0;1;0;0;0;355;61;9;8;362;112;18;20;717;173;27;28
2022.06_18-07-2022;Тамбовская область;21_45_days;SputnikV;1;0;0;0;3;0;0;0;4;0;0;0;355;61;9;8;362;112;18;20;717;173;27;28
2022.06_18-07-2022;Тамбовская область;45_75_days;AllVaccines;6;0;0;0;11;3;0;0;17;3;0;0;355;61;9;8;362;112;18;20;717;173;27;28
2022.06_18-07-2022;Тамбовская область;45_75_days;EpiVacCorona;1;0;0;0;0;0;0;0;1;0;0;0;355;61;9;8;362;112;18;20;717;173;27;28
2022.06_18-07-2022;Тамбовская область;45_75_days;SputnikV;5;0;0;0;11;3;0;0;16;3;0;0;355;61;9;8;362;112;18;20;717;173;27;28
2022.06_18-07-2022;Тамбовская область;75_90_days;AllVaccines;5;0;0;0;5;2;0;0;10;2;0;0;355;61;9;8;362;112;18;20;717;173;27;28
2022.06_18-07-2022;Тамбовская область;75_90_days;SputnikV;5;0;0;0;5;2;0;0;10;2;0;0;355;61;9;8;362;112;18;20;717;173;27;28
2022.06_18-07-2022;Тамбовская область;90_105_days;AllVaccines;5;0;0;0;5;0;0;0;10;0;0;0;355;61;9;8;362;112;18;20;717;173;27;28
2022.06_18-07-2022;Тамбовская область;90_105_days;SputnikLite;1;0;0;0;2;0;0;0;3;0;0;0;355;61;9;8;362;112;18;20;717;173;27;28
2022.06_18-07-2022;Тамбовская область;90_105_days;SputnikV;4;0;0;0;3;0;0;0;7;0;0;0;355;61;9;8;362;112;18;20;717;173;27;28
2022.06_18-07-2022;Тверская область;105_165_days;AllVaccines;15;3;0;0;36;10;1;1;51;13;1;1;288;46;7;6;365;140;23;26;653;186;30;32
2022.06_18-07-2022;Тверская область;105_165_days;EpiVacCorona;0;0;0;0;1;0;0;0;1;0;0;0;288;46;7;6;365;140;23;26;653;186;30;32
2022.06_18-07-2022;Тверская область;105_165_days;SputnikLite;10;2;0;0;22;7;1;1;32;9;1;1;288;46;7;6;365;140;23;26;653;186;30;32
2022.06_18-07-2022;Тверская область;105_165_days;SputnikV;5;1;0;0;13;3;0;0;18;4;0;0;288;46;7;6;365;140;23;26;653;186;30;32
2022.06_18-07-2022;Тверская область;165_195_days;AllVaccines;15;1;1;1;14;5;1;1;29;6;2;2;288;46;7;6;365;140;23;26;653;186;30;32
2022.06_18-07-2022;Тверская область;165_195_days;CoviVac;1;0;0;0;0;0;0;0;1;0;0;0;288;46;7;6;365;140;23;26;653;186;30;32
2022.06_18-07-2022;Тверская область;165_195_days;EpiVacCorona;3;0;0;0;0;0;0;0;3;0;0;0;288;46;7;6;365;140;23;26;653;186;30;32
2022.06_18-07-2022;Тверская область;165_195_days;SputnikLite;4;1;1;1;6;3;1;1;10;4;2;2;288;46;7;6;365;140;23;26;653;186;30;32
2022.06_18-07-2022;Тверская область;165_195_days;SputnikV;7;0;0;0;8;2;0;0;15;2;0;0;288;46;7;6;365;140;23;26;653;186;30;32
2022.06_18-07-2022;Тверская область;45_75_days;AllVaccines;1;0;0;0;3;1;0;0;4;1;0;0;288;46;7;6;365;140;23;26;653;186;30;32
2022.06_18-07-2022;Тверская область;45_75_days;EpiVacCorona;1;0;0;0;0;0;0;0;1;0;0;0;288;46;7;6;365;140;23;26;653;186;30;32
2022.06_18-07-2022;Тверская область;45_75_days;SputnikV;0;0;0;0;3;1;0;0;3;1;0;0;288;46;7;6;365;140;23;26;653;186;30;32
2022.06_18-07-2022;Тверская область;75_90_days;AllVaccines;1;0;0;0;1;0;0;0;2;0;0;0;288;46;7;6;365;140;23;26;653;186;30;32
2022.06_18-07-2022;Тверская область;75_90_days;SputnikV;1;0;0;0;1;0;0;0;2;0;0;0;288;46;7;6;365;140;23;26;653;186;30;32
2022.06_18-07-2022;Тверская область;90_105_days;AllVaccines;3;0;0;0;3;0;0;0;6;0;0;0;288;46;7;6;365;140;23;26;653;186;30;32
2022.06_18-07-2022;Тверская область;90_105_days;SputnikLite;1;0;0;0;3;0;0;0;4;0;0;0;288;46;7;6;365;140;23;26;653;186;30;32
2022.06_18-07-2022;Тверская область;90_105_days;SputnikV;2;0;0;0;0;0;0;0;2;0;0;0;288;46;7;6;365;140;23;26;653;186;30;32
2022.06_18-07-2022;Томская область;105_165_days;AllVaccines;54;11;1;0;27;14;5;2;81;25;6;2;639;139;25;10;438;284;85;58;1077;423;110;68
2022.06_18-07-2022;Томская область;105_165_days;EpiVacCorona;4;1;0;0;3;1;1;1;7;2;1;1;639;139;25;10;438;284;85;58;1077;423;110;68
2022.06_18-07-2022;Томская область;105_165_days;SputnikLite;34;8;1;0;15;7;2;0;49;15;3;0;639;139;25;10;438;284;85;58;1077;423;110;68
2022.06_18-07-2022;Томская область;105_165_days;SputnikV;16;2;0;0;9;6;2;1;25;8;2;1;639;139;25;10;438;284;85;58;1077;423;110;68
2022.06_18-07-2022;Томская область;165_195_days;AllVaccines;83;12;3;1;40;24;3;1;123;36;6;2;639;139;25;10;438;284;85;58;1077;423;110;68
2022.06_18-07-2022;Томская область;165_195_days;CoviVac;1;0;0;0;0;0;0;0;1;0;0;0;639;139;25;10;438;284;85;58;1077;423;110;68
2022.06_18-07-2022;Томская область;165_195_days;EpiVacCorona;0;0;0;0;2;1;0;0;2;1;0;0;639;139;25;10;438;284;85;58;1077;423;110;68
2022.06_18-07-2022;Томская область;165_195_days;SputnikLite;15;4;1;0;17;8;0;0;32;12;1;0;639;139;25;10;438;284;85;58;1077;423;110;68
2022.06_18-07-2022;Томская область;165_195_days;SputnikV;67;8;2;1;21;15;3;1;88;23;5;2;639;139;25;10;438;284;85;58;1077;423;110;68
2022.06_18-07-2022;Томская область;21_45_days;AllVaccines;3;1;0;0;1;0;0;0;4;1;0;0;639;139;25;10;438;284;85;58;1077;423;110;68
2022.06_18-07-2022;Томская область;21_45_days;SputnikLite;1;0;0;0;0;0;0;0;1;0;0;0;639;139;25;10;438;284;85;58;1077;423;110;68
2022.06_18-07-2022;Томская область;21_45_days;SputnikV;2;1;0;0;1;0;0;0;3;1;0;0;639;139;25;10;438;284;85;58;1077;423;110;68
2022.06_18-07-2022;Томская область;45_75_days;AllVaccines;5;0;0;0;6;2;0;0;11;2;0;0;639;139;25;10;438;284;85;58;1077;423;110;68
2022.06_18-07-2022;Томская область;45_75_days;SputnikLite;1;0;0;0;1;0;0;0;2;0;0;0;639;139;25;10;438;284;85;58;1077;423;110;68
2022.06_18-07-2022;Томская область;45_75_days;SputnikV;4;0;0;0;5;2;0;0;9;2;0;0;639;139;25;10;438;284;85;58;1077;423;110;68
2022.06_18-07-2022;Томская область;75_90_days;AllVaccines;1;1;0;0;1;1;0;0;2;2;0;0;639;139;25;10;438;284;85;58;1077;423;110;68
2022.06_18-07-2022;Томская область;75_90_days;CoviVac;0;0;0;0;1;1;0;0;1;1;0;0;639;139;25;10;438;284;85;58;1077;423;110;68
2022.06_18-07-2022;Томская область;75_90_days;EpiVacCorona;1;1;0;0;0;0;0;0;1;1;0;0;639;139;25;10;438;284;85;58;1077;423;110;68
2022.06_18-07-2022;Томская область;90_105_days;AllVaccines;3;0;0;0;8;3;0;0;11;3;0;0;639;139;25;10;438;284;85;58;1077;423;110;68
2022.06_18-07-2022;Томская область;90_105_days;SputnikLite;1;0;0;0;4;2;0;0;5;2;0;0;639;139;25;10;438;284;85;58;1077;423;110;68
2022.06_18-07-2022;Томская область;90_105_days;SputnikV;2;0;0;0;4;1;0;0;6;1;0;0;639;139;25;10;438;284;85;58;1077;423;110;68
2022.06_18-07-2022;Тульская область;105_165_days;AllVaccines;83;5;2;0;32;8;2;0;115;13;4;0;856;58;18;9;532;175;58;30;1388;233;76;39
2022.06_18-07-2022;Тульская область;105_165_days;CoviVac;1;0;0;0;0;0;0;0;1;0;0;0;856;58;18;9;532;175;58;30;1388;233;76;39
2022.06_18-07-2022;Тульская область;105_165_days;EpiVacCorona;3;0;0;0;3;1;0;0;6;1;0;0;856;58;18;9;532;175;58;30;1388;233;76;39
2022.06_18-07-2022;Тульская область;105_165_days;SputnikLite;57;3;1;0;15;3;0;0;72;6;1;0;856;58;18;9;532;175;58;30;1388;233;76;39
2022.06_18-07-2022;Тульская область;105_165_days;SputnikV;22;2;1;0;14;4;2;0;36;6;3;0;856;58;18;9;532;175;58;30;1388;233;76;39
2022.06_18-07-2022;Тульская область;165_195_days;AllVaccines;52;7;0;1;34;12;4;3;86;19;4;4;856;58;18;9;532;175;58;30;1388;233;76;39
2022.06_18-07-2022;Тульская область;165_195_days;CoviVac;2;0;0;0;0;0;0;0;2;0;0;0;856;58;18;9;532;175;58;30;1388;233;76;39
2022.06_18-07-2022;Тульская область;165_195_days;EpiVacCorona;1;0;0;0;2;0;0;0;3;0;0;0;856;58;18;9;532;175;58;30;1388;233;76;39
2022.06_18-07-2022;Тульская область;165_195_days;SputnikLite;12;1;0;0;14;5;3;3;26;6;3;3;856;58;18;9;532;175;58;30;1388;233;76;39
2022.06_18-07-2022;Тульская область;165_195_days;SputnikV;37;6;0;1;18;7;1;0;55;13;1;1;856;58;18;9;532;175;58;30;1388;233;76;39
2022.06_18-07-2022;Тульская область;21_45_days;AllVaccines;0;0;0;0;6;2;1;1;6;2;1;1;856;58;18;9;532;175;58;30;1388;233;76;39
2022.06_18-07-2022;Тульская область;21_45_days;EpiVacCorona;0;0;0;0;1;0;0;0;1;0;0;0;856;58;18;9;532;175;58;30;1388;233;76;39
2022.06_18-07-2022;Тульская область;21_45_days;SputnikV;0;0;0;0;5;2;1;1;5;2;1;1;856;58;18;9;532;175;58;30;1388;233;76;39
2022.06_18-07-2022;Тульская область;45_75_days;AllVaccines;11;0;0;0;3;0;0;0;14;0;0;0;856;58;18;9;532;175;58;30;1388;233;76;39
2022.06_18-07-2022;Тульская область;45_75_days;EpiVacCorona;1;0;0;0;0;0;0;0;1;0;0;0;856;58;18;9;532;175;58;30;1388;233;76;39
2022.06_18-07-2022;Тульская область;45_75_days;SputnikV;10;0;0;0;3;0;0;0;13;0;0;0;856;58;18;9;532;175;58;30;1388;233;76;39
2022.06_18-07-2022;Тульская область;75_90_days;AllVaccines;4;0;0;0;0;0;0;0;4;0;0;0;856;58;18;9;532;175;58;30;1388;233;76;39
2022.06_18-07-2022;Тульская область;75_90_days;SputnikV;4;0;0;0;0;0;0;0;4;0;0;0;856;58;18;9;532;175;58;30;1388;233;76;39
2022.06_18-07-2022;Тульская область;90_105_days;AllVaccines;10;0;0;0;5;1;1;1;15;1;1;1;856;58;18;9;532;175;58;30;1388;233;76;39
2022.06_18-07-2022;Тульская область;90_105_days;EpiVacCorona;1;0;0;0;0;0;0;0;1;0;0;0;856;58;18;9;532;175;58;30;1388;233;76;39
2022.06_18-07-2022;Тульская область;90_105_days;SputnikLite;2;0;0;0;1;0;0;0;3;0;0;0;856;58;18;9;532;175;58;30;1388;233;76;39
2022.06_18-07-2022;Тульская область;90_105_days;SputnikV;7;0;0;0;4;1;1;1;11;1;1;1;856;58;18;9;532;175;58;30;1388;233;76;39
2022.06_18-07-2022;Тюменская область;105_165_days;AllVaccines;22;2;0;0;13;4;1;0;35;6;1;0;265;39;7;3;204;78;18;7;469;117;25;10
2022.06_18-07-2022;Тюменская область;105_165_days;EpiVacCorona;0;0;0;0;1;0;0;0;1;0;0;0;265;39;7;3;204;78;18;7;469;117;25;10
2022.06_18-07-2022;Тюменская область;105_165_days;SputnikLite;17;2;0;0;8;2;0;0;25;4;0;0;265;39;7;3;204;78;18;7;469;117;25;10
2022.06_18-07-2022;Тюменская область;105_165_days;SputnikV;5;0;0;0;4;2;1;0;9;2;1;0;265;39;7;3;204;78;18;7;469;117;25;10
2022.06_18-07-2022;Тюменская область;165_195_days;AllVaccines;27;1;0;0;12;3;0;0;39;4;0;0;265;39;7;3;204;78;18;7;469;117;25;10
2022.06_18-07-2022;Тюменская область;165_195_days;EpiVacCorona;1;0;0;0;0;0;0;0;1;0;0;0;265;39;7;3;204;78;18;7;469;117;25;10
2022.06_18-07-2022;Тюменская область;165_195_days;SputnikLite;14;1;0;0;8;2;0;0;22;3;0;0;265;39;7;3;204;78;18;7;469;117;25;10
2022.06_18-07-2022;Тюменская область;165_195_days;SputnikV;12;0;0;0;4;1;0;0;16;1;0;0;265;39;7;3;204;78;18;7;469;117;25;10
2022.06_18-07-2022;Тюменская область;21_45_days;AllVaccines;2;0;0;0;0;0;0;0;2;0;0;0;265;39;7;3;204;78;18;7;469;117;25;10
2022.06_18-07-2022;Тюменская область;21_45_days;SputnikLite;1;0;0;0;0;0;0;0;1;0;0;0;265;39;7;3;204;78;18;7;469;117;25;10
2022.06_18-07-2022;Тюменская область;21_45_days;SputnikV;1;0;0;0;0;0;0;0;1;0;0;0;265;39;7;3;204;78;18;7;469;117;25;10
2022.06_18-07-2022;Тюменская область;45_75_days;AllVaccines;2;0;0;0;3;0;0;0;5;0;0;0;265;39;7;3;204;78;18;7;469;117;25;10
2022.06_18-07-2022;Тюменская область;45_75_days;SputnikLite;1;0;0;0;1;0;0;0;2;0;0;0;265;39;7;3;204;78;18;7;469;117;25;10
2022.06_18-07-2022;Тюменская область;45_75_days;SputnikV;1;0;0;0;2;0;0;0;3;0;0;0;265;39;7;3;204;78;18;7;469;117;25;10
2022.06_18-07-2022;Тюменская область;75_90_days;AllVaccines;0;0;0;0;2;1;0;0;2;1;0;0;265;39;7;3;204;78;18;7;469;117;25;10
2022.06_18-07-2022;Тюменская область;75_90_days;SputnikV;0;0;0;0;2;1;0;0;2;1;0;0;265;39;7;3;204;78;18;7;469;117;25;10
2022.06_18-07-2022;Тюменская область;90_105_days;AllVaccines;4;0;0;0;2;0;0;0;6;0;0;0;265;39;7;3;204;78;18;7;469;117;25;10
2022.06_18-07-2022;Тюменская область;90_105_days;SputnikLite;2;0;0;0;1;0;0;0;3;0;0;0;265;39;7;3;204;78;18;7;469;117;25;10
2022.06_18-07-2022;Тюменская область;90_105_days;SputnikV;2;0;0;0;1;0;0;0;3;0;0;0;265;39;7;3;204;78;18;7;469;117;25;10
2022.06_18-07-2022;Удмуртская Республика;105_165_days;AllVaccines;26;1;0;0;11;1;0;0;37;2;0;0;292;44;6;1;221;99;21;7;513;143;27;8
2022.06_18-07-2022;Удмуртская Республика;105_165_days;EpiVacCorona;0;0;0;0;1;0;0;0;1;0;0;0;292;44;6;1;221;99;21;7;513;143;27;8
2022.06_18-07-2022;Удмуртская Республика;105_165_days;SputnikLite;14;0;0;0;8;1;0;0;22;1;0;0;292;44;6;1;221;99;21;7;513;143;27;8
2022.06_18-07-2022;Удмуртская Республика;105_165_days;SputnikV;12;1;0;0;2;0;0;0;14;1;0;0;292;44;6;1;221;99;21;7;513;143;27;8
2022.06_18-07-2022;Удмуртская Республика;165_195_days;AllVaccines;23;5;1;0;24;10;0;0;47;15;1;0;292;44;6;1;221;99;21;7;513;143;27;8
2022.06_18-07-2022;Удмуртская Республика;165_195_days;EpiVacCorona;3;1;0;0;2;0;0;0;5;1;0;0;292;44;6;1;221;99;21;7;513;143;27;8
2022.06_18-07-2022;Удмуртская Республика;165_195_days;SputnikLite;3;0;0;0;12;5;0;0;15;5;0;0;292;44;6;1;221;99;21;7;513;143;27;8
2022.06_18-07-2022;Удмуртская Республика;165_195_days;SputnikV;17;4;1;0;10;5;0;0;27;9;1;0;292;44;6;1;221;99;21;7;513;143;27;8
2022.06_18-07-2022;Удмуртская Республика;21_45_days;AllVaccines;1;0;0;0;0;0;0;0;1;0;0;0;292;44;6;1;221;99;21;7;513;143;27;8
2022.06_18-07-2022;Удмуртская Республика;21_45_days;SputnikV;1;0;0;0;0;0;0;0;1;0;0;0;292;44;6;1;221;99;21;7;513;143;27;8
2022.06_18-07-2022;Удмуртская Республика;45_75_days;AllVaccines;4;0;0;0;3;1;0;0;7;1;0;0;292;44;6;1;221;99;21;7;513;143;27;8
2022.06_18-07-2022;Удмуртская Республика;45_75_days;EpiVacCorona;0;0;0;0;1;0;0;0;1;0;0;0;292;44;6;1;221;99;21;7;513;143;27;8
2022.06_18-07-2022;Удмуртская Республика;45_75_days;SputnikLite;0;0;0;0;1;1;0;0;1;1;0;0;292;44;6;1;221;99;21;7;513;143;27;8
2022.06_18-07-2022;Удмуртская Республика;45_75_days;SputnikV;4;0;0;0;1;0;0;0;5;0;0;0;292;44;6;1;221;99;21;7;513;143;27;8
2022.06_18-07-2022;Удмуртская Республика;75_90_days;AllVaccines;0;0;0;0;3;0;0;0;3;0;0;0;292;44;6;1;221;99;21;7;513;143;27;8
2022.06_18-07-2022;Удмуртская Республика;75_90_days;SputnikV;0;0;0;0;3;0;0;0;3;0;0;0;292;44;6;1;221;99;21;7;513;143;27;8
2022.06_18-07-2022;Удмуртская Республика;90_105_days;AllVaccines;5;1;0;0;1;0;0;0;6;1;0;0;292;44;6;1;221;99;21;7;513;143;27;8
2022.06_18-07-2022;Удмуртская Республика;90_105_days;EpiVacCorona;1;1;0;0;0;0;0;0;1;1;0;0;292;44;6;1;221;99;21;7;513;143;27;8
2022.06_18-07-2022;Удмуртская Республика;90_105_days;SputnikLite;2;0;0;0;1;0;0;0;3;0;0;0;292;44;6;1;221;99;21;7;513;143;27;8
2022.06_18-07-2022;Удмуртская Республика;90_105_days;SputnikV;2;0;0;0;0;0;0;0;2;0;0;0;292;44;6;1;221;99;21;7;513;143;27;8
2022.06_18-07-2022;Ульяновская область;105_165_days;AllVaccines;19;1;0;0;19;6;2;1;38;7;2;1;358;74;8;9;347;116;22;13;705;190;30;22
2022.06_18-07-2022;Ульяновская область;105_165_days;EpiVacCorona;1;0;0;0;0;0;0;0;1;0;0;0;358;74;8;9;347;116;22;13;705;190;30;22
2022.06_18-07-2022;Ульяновская область;105_165_days;SputnikLite;13;1;0;0;14;5;1;1;27;6;1;1;358;74;8;9;347;116;22;13;705;190;30;22
2022.06_18-07-2022;Ульяновская область;105_165_days;SputnikV;5;0;0;0;5;1;1;0;10;1;1;0;358;74;8;9;347;116;22;13;705;190;30;22
2022.06_18-07-2022;Ульяновская область;165_195_days;AllVaccines;42;8;3;2;25;10;1;0;67;18;4;2;358;74;8;9;347;116;22;13;705;190;30;22
2022.06_18-07-2022;Ульяновская область;165_195_days;CoviVac;1;0;0;0;0;0;0;0;1;0;0;0;358;74;8;9;347;116;22;13;705;190;30;22
2022.06_18-07-2022;Ульяновская область;165_195_days;EpiVacCorona;2;0;0;0;0;0;0;0;2;0;0;0;358;74;8;9;347;116;22;13;705;190;30;22
2022.06_18-07-2022;Ульяновская область;165_195_days;SputnikLite;10;1;0;0;16;6;0;0;26;7;0;0;358;74;8;9;347;116;22;13;705;190;30;22
2022.06_18-07-2022;Ульяновская область;165_195_days;SputnikV;29;7;3;2;9;4;1;0;38;11;4;2;358;74;8;9;347;116;22;13;705;190;30;22
2022.06_18-07-2022;Ульяновская область;21_45_days;AllVaccines;0;0;0;0;3;1;0;0;3;1;0;0;358;74;8;9;347;116;22;13;705;190;30;22
2022.06_18-07-2022;Ульяновская область;21_45_days;SputnikV;0;0;0;0;3;1;0;0;3;1;0;0;358;74;8;9;347;116;22;13;705;190;30;22
2022.06_18-07-2022;Ульяновская область;45_75_days;AllVaccines;2;0;0;0;4;1;0;0;6;1;0;0;358;74;8;9;347;116;22;13;705;190;30;22
2022.06_18-07-2022;Ульяновская область;45_75_days;SputnikV;2;0;0;0;4;1;0;0;6;1;0;0;358;74;8;9;347;116;22;13;705;190;30;22
2022.06_18-07-2022;Ульяновская область;75_90_days;AllVaccines;1;1;0;0;1;0;0;0;2;1;0;0;358;74;8;9;347;116;22;13;705;190;30;22
2022.06_18-07-2022;Ульяновская область;75_90_days;SputnikV;1;1;0;0;1;0;0;0;2;1;0;0;358;74;8;9;347;116;22;13;705;190;30;22
2022.06_18-07-2022;Ульяновская область;90_105_days;AllVaccines;5;1;0;0;3;1;0;0;8;2;0;0;358;74;8;9;347;116;22;13;705;190;30;22
2022.06_18-07-2022;Ульяновская область;90_105_days;EpiVacCorona;1;0;0;0;1;1;0;0;2;1;0;0;358;74;8;9;347;116;22;13;705;190;30;22
2022.06_18-07-2022;Ульяновская область;90_105_days;SputnikLite;2;1;0;0;0;0;0;0;2;1;0;0;358;74;8;9;347;116;22;13;705;190;30;22
2022.06_18-07-2022;Ульяновская область;90_105_days;SputnikV;2;0;0;0;2;0;0;0;4;0;0;0;358;74;8;9;347;116;22;13;705;190;30;22
2022.06_18-07-2022;Хабаровский край;105_165_days;AllVaccines;39;3;0;0;17;2;0;0;56;5;0;0;441;72;7;2;245;97;7;5;686;169;14;7
2022.06_18-07-2022;Хабаровский край;105_165_days;CoviVac;1;0;0;0;1;0;0;0;2;0;0;0;441;72;7;2;245;97;7;5;686;169;14;7
2022.06_18-07-2022;Хабаровский край;105_165_days;EpiVacCorona;2;0;0;0;0;0;0;0;2;0;0;0;441;72;7;2;245;97;7;5;686;169;14;7
2022.06_18-07-2022;Хабаровский край;105_165_days;SputnikLite;12;1;0;0;13;1;0;0;25;2;0;0;441;72;7;2;245;97;7;5;686;169;14;7
2022.06_18-07-2022;Хабаровский край;105_165_days;SputnikV;24;2;0;0;3;1;0;0;27;3;0;0;441;72;7;2;245;97;7;5;686;169;14;7
2022.06_18-07-2022;Хабаровский край;165_195_days;AllVaccines;42;3;0;0;20;6;1;0;62;9;1;0;441;72;7;2;245;97;7;5;686;169;14;7
2022.06_18-07-2022;Хабаровский край;165_195_days;CoviVac;1;1;0;0;1;0;0;0;2;1;0;0;441;72;7;2;245;97;7;5;686;169;14;7
2022.06_18-07-2022;Хабаровский край;165_195_days;EpiVacCorona;2;0;0;0;0;0;0;0;2;0;0;0;441;72;7;2;245;97;7;5;686;169;14;7
2022.06_18-07-2022;Хабаровский край;165_195_days;SputnikLite;15;2;0;0;8;2;0;0;23;4;0;0;441;72;7;2;245;97;7;5;686;169;14;7
2022.06_18-07-2022;Хабаровский край;165_195_days;SputnikV;24;0;0;0;11;4;1;0;35;4;1;0;441;72;7;2;245;97;7;5;686;169;14;7
2022.06_18-07-2022;Хабаровский край;21_45_days;AllVaccines;2;0;0;0;2;2;0;0;4;2;0;0;441;72;7;2;245;97;7;5;686;169;14;7
2022.06_18-07-2022;Хабаровский край;21_45_days;CoviVac;1;0;0;0;0;0;0;0;1;0;0;0;441;72;7;2;245;97;7;5;686;169;14;7
2022.06_18-07-2022;Хабаровский край;21_45_days;SputnikLite;1;0;0;0;1;1;0;0;2;1;0;0;441;72;7;2;245;97;7;5;686;169;14;7
2022.06_18-07-2022;Хабаровский край;21_45_days;SputnikV;0;0;0;0;1;1;0;0;1;1;0;0;441;72;7;2;245;97;7;5;686;169;14;7
2022.06_18-07-2022;Хабаровский край;45_75_days;AllVaccines;3;0;0;0;1;1;0;0;4;1;0;0;441;72;7;2;245;97;7;5;686;169;14;7
2022.06_18-07-2022;Хабаровский край;45_75_days;CoviVac;1;0;0;0;0;0;0;0;1;0;0;0;441;72;7;2;245;97;7;5;686;169;14;7
2022.06_18-07-2022;Хабаровский край;45_75_days;SputnikV;2;0;0;0;1;1;0;0;3;1;0;0;441;72;7;2;245;97;7;5;686;169;14;7
2022.06_18-07-2022;Хабаровский край;75_90_days;AllVaccines;1;0;0;0;3;3;0;0;4;3;0;0;441;72;7;2;245;97;7;5;686;169;14;7
2022.06_18-07-2022;Хабаровский край;75_90_days;SputnikV;1;0;0;0;3;3;0;0;4;3;0;0;441;72;7;2;245;97;7;5;686;169;14;7
2022.06_18-07-2022;Хабаровский край;90_105_days;AllVaccines;2;0;0;0;1;0;0;0;3;0;0;0;441;72;7;2;245;97;7;5;686;169;14;7
2022.06_18-07-2022;Хабаровский край;90_105_days;SputnikLite;1;0;0;0;0;0;0;0;1;0;0;0;441;72;7;2;245;97;7;5;686;169;14;7
2022.06_18-07-2022;Хабаровский край;90_105_days;SputnikV;1;0;0;0;1;0;0;0;2;0;0;0;441;72;7;2;245;97;7;5;686;169;14;7
2022.06_18-07-2022;Ханты-Мансийский автономный округ - Югра;105_165_days;AllVaccines;45;11;0;0;11;5;0;0;56;16;0;0;454;57;5;1;172;55;9;5;626;112;14;6
2022.06_18-07-2022;Ханты-Мансийский автономный округ - Югра;105_165_days;CoviVac;1;1;0;0;0;0;0;0;1;1;0;0;454;57;5;1;172;55;9;5;626;112;14;6
2022.06_18-07-2022;Ханты-Мансийский автономный округ - Югра;105_165_days;EpiVacCorona;1;0;0;0;1;1;0;0;2;1;0;0;454;57;5;1;172;55;9;5;626;112;14;6
2022.06_18-07-2022;Ханты-Мансийский автономный округ - Югра;105_165_days;SputnikLite;27;5;0;0;7;2;0;0;34;7;0;0;454;57;5;1;172;55;9;5;626;112;14;6
2022.06_18-07-2022;Ханты-Мансийский автономный округ - Югра;105_165_days;SputnikV;16;5;0;0;3;2;0;0;19;7;0;0;454;57;5;1;172;55;9;5;626;112;14;6
2022.06_18-07-2022;Ханты-Мансийский автономный округ - Югра;165_195_days;AllVaccines;38;5;0;0;22;4;0;0;60;9;0;0;454;57;5;1;172;55;9;5;626;112;14;6
2022.06_18-07-2022;Ханты-Мансийский автономный округ - Югра;165_195_days;SputnikLite;9;1;0;0;6;1;0;0;15;2;0;0;454;57;5;1;172;55;9;5;626;112;14;6
2022.06_18-07-2022;Ханты-Мансийский автономный округ - Югра;165_195_days;SputnikV;29;4;0;0;16;3;0;0;45;7;0;0;454;57;5;1;172;55;9;5;626;112;14;6
2022.06_18-07-2022;Ханты-Мансийский автономный округ - Югра;21_45_days;AllVaccines;2;0;0;0;1;0;0;0;3;0;0;0;454;57;5;1;172;55;9;5;626;112;14;6
2022.06_18-07-2022;Ханты-Мансийский автономный округ - Югра;21_45_days;SputnikV;2;0;0;0;1;0;0;0;3;0;0;0;454;57;5;1;172;55;9;5;626;112;14;6
2022.06_18-07-2022;Ханты-Мансийский автономный округ - Югра;45_75_days;AllVaccines;4;0;0;0;3;1;0;0;7;1;0;0;454;57;5;1;172;55;9;5;626;112;14;6
2022.06_18-07-2022;Ханты-Мансийский автономный округ - Югра;45_75_days;SputnikV;4;0;0;0;3;1;0;0;7;1;0;0;454;57;5;1;172;55;9;5;626;112;14;6
2022.06_18-07-2022;Ханты-Мансийский автономный округ - Югра;75_90_days;AllVaccines;4;0;0;0;0;0;0;0;4;0;0;0;454;57;5;1;172;55;9;5;626;112;14;6
2022.06_18-07-2022;Ханты-Мансийский автономный округ - Югра;75_90_days;SputnikV;4;0;0;0;0;0;0;0;4;0;0;0;454;57;5;1;172;55;9;5;626;112;14;6
2022.06_18-07-2022;Ханты-Мансийский автономный округ - Югра;90_105_days;AllVaccines;4;0;0;0;1;0;0;0;5;0;0;0;454;57;5;1;172;55;9;5;626;112;14;6
2022.06_18-07-2022;Ханты-Мансийский автономный округ - Югра;90_105_days;SputnikV;4;0;0;0;1;0;0;0;5;0;0;0;454;57;5;1;172;55;9;5;626;112;14;6
2022.06_18-07-2022;Челябинская область;105_165_days;AllVaccines;189;18;1;0;125;34;2;1;314;52;3;1;2581;313;32;15;1559;578;84;58;4140;891;116;73
2022.06_18-07-2022;Челябинская область;105_165_days;CoviVac;1;0;0;0;0;0;0;0;1;0;0;0;2581;313;32;15;1559;578;84;58;4140;891;116;73
2022.06_18-07-2022;Челябинская область;105_165_days;EpiVacCorona;5;0;0;0;5;1;0;0;10;1;0;0;2581;313;32;15;1559;578;84;58;4140;891;116;73
2022.06_18-07-2022;Челябинская область;105_165_days;SputnikLite;119;8;1;0;70;17;1;0;189;25;2;0;2581;313;32;15;1559;578;84;58;4140;891;116;73
2022.06_18-07-2022;Челябинская область;105_165_days;SputnikV;64;10;0;0;50;16;1;1;114;26;1;1;2581;313;32;15;1559;578;84;58;4140;891;116;73
2022.06_18-07-2022;Челябинская область;165_195_days;AllVaccines;246;24;4;2;151;50;7;6;397;74;11;8;2581;313;32;15;1559;578;84;58;4140;891;116;73
2022.06_18-07-2022;Челябинская область;165_195_days;CoviVac;4;1;1;1;2;0;0;0;6;1;1;1;2581;313;32;15;1559;578;84;58;4140;891;116;73
2022.06_18-07-2022;Челябинская область;165_195_days;EpiVacCorona;5;1;1;1;6;3;0;0;11;4;1;1;2581;313;32;15;1559;578;84;58;4140;891;116;73
2022.06_18-07-2022;Челябинская область;165_195_days;SputnikLite;68;5;1;0;53;18;4;3;121;23;5;3;2581;313;32;15;1559;578;84;58;4140;891;116;73
2022.06_18-07-2022;Челябинская область;165_195_days;SputnikV;169;17;1;0;90;29;3;3;259;46;4;3;2581;313;32;15;1559;578;84;58;4140;891;116;73
2022.06_18-07-2022;Челябинская область;21_45_days;AllVaccines;16;1;0;0;14;5;3;3;30;6;3;3;2581;313;32;15;1559;578;84;58;4140;891;116;73
2022.06_18-07-2022;Челябинская область;21_45_days;CoviVac;2;0;0;0;0;0;0;0;2;0;0;0;2581;313;32;15;1559;578;84;58;4140;891;116;73
2022.06_18-07-2022;Челябинская область;21_45_days;EpiVacCorona;3;0;0;0;0;0;0;0;3;0;0;0;2581;313;32;15;1559;578;84;58;4140;891;116;73
2022.06_18-07-2022;Челябинская область;21_45_days;SputnikLite;5;0;0;0;1;0;0;0;6;0;0;0;2581;313;32;15;1559;578;84;58;4140;891;116;73
2022.06_18-07-2022;Челябинская область;21_45_days;SputnikV;6;1;0;0;13;5;3;3;19;6;3;3;2581;313;32;15;1559;578;84;58;4140;891;116;73
2022.06_18-07-2022;Челябинская область;45_75_days;AllVaccines;33;2;1;0;19;6;0;0;52;8;1;0;2581;313;32;15;1559;578;84;58;4140;891;116;73
2022.06_18-07-2022;Челябинская область;45_75_days;CoviVac;2;0;0;0;0;0;0;0;2;0;0;0;2581;313;32;15;1559;578;84;58;4140;891;116;73
2022.06_18-07-2022;Челябинская область;45_75_days;EpiVacCorona;6;1;1;0;0;0;0;0;6;1;1;0;2581;313;32;15;1559;578;84;58;4140;891;116;73
2022.06_18-07-2022;Челябинская область;45_75_days;SputnikLite;14;0;0;0;7;3;0;0;21;3;0;0;2581;313;32;15;1559;578;84;58;4140;891;116;73
2022.06_18-07-2022;Челябинская область;45_75_days;SputnikV;11;1;0;0;12;3;0;0;23;4;0;0;2581;313;32;15;1559;578;84;58;4140;891;116;73
2022.06_18-07-2022;Челябинская область;75_90_days;AllVaccines;18;3;0;0;13;6;0;1;31;9;0;1;2581;313;32;15;1559;578;84;58;4140;891;116;73
2022.06_18-07-2022;Челябинская область;75_90_days;CoviVac;1;0;0;0;0;0;0;0;1;0;0;0;2581;313;32;15;1559;578;84;58;4140;891;116;73
2022.06_18-07-2022;Челябинская область;75_90_days;EpiVacCorona;1;0;0;0;1;0;0;0;2;0;0;0;2581;313;32;15;1559;578;84;58;4140;891;116;73
2022.06_18-07-2022;Челябинская область;75_90_days;SputnikLite;6;2;0;0;7;3;0;0;13;5;0;0;2581;313;32;15;1559;578;84;58;4140;891;116;73
2022.06_18-07-2022;Челябинская область;75_90_days;SputnikV;10;1;0;0;5;3;0;1;15;4;0;1;2581;313;32;15;1559;578;84;58;4140;891;116;73
2022.06_18-07-2022;Челябинская область;90_105_days;AllVaccines;26;3;1;0;13;7;0;0;39;10;1;0;2581;313;32;15;1559;578;84;58;4140;891;116;73
2022.06_18-07-2022;Челябинская область;90_105_days;EpiVacCorona;2;0;0;0;2;2;0;0;4;2;0;0;2581;313;32;15;1559;578;84;58;4140;891;116;73
2022.06_18-07-2022;Челябинская область;90_105_days;SputnikLite;8;0;0;0;5;2;0;0;13;2;0;0;2581;313;32;15;1559;578;84;58;4140;891;116;73
2022.06_18-07-2022;Челябинская область;90_105_days;SputnikV;16;3;1;0;6;3;0;0;22;6;1;0;2581;313;32;15;1559;578;84;58;4140;891;116;73
2022.06_18-07-2022;Чеченская Республика;105_165_days;AllVaccines;59;2;0;0;5;0;0;0;64;2;0;0;226;10;0;0;38;6;3;0;264;16;3;0
2022.06_18-07-2022;Чеченская Республика;105_165_days;EpiVacCorona;1;0;0;0;0;0;0;0;1;0;0;0;226;10;0;0;38;6;3;0;264;16;3;0
2022.06_18-07-2022;Чеченская Республика;105_165_days;SputnikLite;52;2;0;0;5;0;0;0;57;2;0;0;226;10;0;0;38;6;3;0;264;16;3;0
2022.06_18-07-2022;Чеченская Республика;105_165_days;SputnikV;6;0;0;0;0;0;0;0;6;0;0;0;226;10;0;0;38;6;3;0;264;16;3;0
2022.06_18-07-2022;Чеченская Республика;165_195_days;AllVaccines;11;0;0;0;4;0;0;0;15;0;0;0;226;10;0;0;38;6;3;0;264;16;3;0
2022.06_18-07-2022;Чеченская Республика;165_195_days;SputnikLite;9;0;0;0;2;0;0;0;11;0;0;0;226;10;0;0;38;6;3;0;264;16;3;0
2022.06_18-07-2022;Чеченская Республика;165_195_days;SputnikV;2;0;0;0;2;0;0;0;4;0;0;0;226;10;0;0;38;6;3;0;264;16;3;0
2022.06_18-07-2022;Чеченская Республика;21_45_days;AllVaccines;3;0;0;0;0;0;0;0;3;0;0;0;226;10;0;0;38;6;3;0;264;16;3;0
2022.06_18-07-2022;Чеченская Республика;21_45_days;SputnikV;3;0;0;0;0;0;0;0;3;0;0;0;226;10;0;0;38;6;3;0;264;16;3;0
2022.06_18-07-2022;Чеченская Республика;45_75_days;AllVaccines;10;1;0;0;1;0;0;0;11;1;0;0;226;10;0;0;38;6;3;0;264;16;3;0
2022.06_18-07-2022;Чеченская Республика;45_75_days;SputnikLite;7;0;0;0;1;0;0;0;8;0;0;0;226;10;0;0;38;6;3;0;264;16;3;0
2022.06_18-07-2022;Чеченская Республика;45_75_days;SputnikV;3;1;0;0;0;0;0;0;3;1;0;0;226;10;0;0;38;6;3;0;264;16;3;0
2022.06_18-07-2022;Чеченская Республика;75_90_days;AllVaccines;5;0;0;0;0;0;0;0;5;0;0;0;226;10;0;0;38;6;3;0;264;16;3;0
2022.06_18-07-2022;Чеченская Республика;75_90_days;SputnikLite;1;0;0;0;0;0;0;0;1;0;0;0;226;10;0;0;38;6;3;0;264;16;3;0
2022.06_18-07-2022;Чеченская Республика;75_90_days;SputnikV;4;0;0;0;0;0;0;0;4;0;0;0;226;10;0;0;38;6;3;0;264;16;3;0
2022.06_18-07-2022;Чеченская Республика;90_105_days;AllVaccines;7;0;0;0;1;0;0;0;8;0;0;0;226;10;0;0;38;6;3;0;264;16;3;0
2022.06_18-07-2022;Чеченская Республика;90_105_days;CoviVac;2;0;0;0;0;0;0;0;2;0;0;0;226;10;0;0;38;6;3;0;264;16;3;0
2022.06_18-07-2022;Чеченская Республика;90_105_days;SputnikLite;3;0;0;0;0;0;0;0;3;0;0;0;226;10;0;0;38;6;3;0;264;16;3;0
2022.06_18-07-2022;Чеченская Республика;90_105_days;SputnikV;2;0;0;0;1;0;0;0;3;0;0;0;226;10;0;0;38;6;3;0;264;16;3;0
2022.06_18-07-2022;Чувашская Республика;105_165_days;AllVaccines;56;18;4;1;28;20;3;1;84;38;7;2;424;207;22;8;409;315;63;32;833;522;85;40
2022.06_18-07-2022;Чувашская Республика;105_165_days;EpiVacCorona;0;0;0;0;3;1;0;0;3;1;0;0;424;207;22;8;409;315;63;32;833;522;85;40
2022.06_18-07-2022;Чувашская Республика;105_165_days;SputnikLite;33;8;3;1;16;12;3;1;49;20;6;2;424;207;22;8;409;315;63;32;833;522;85;40
2022.06_18-07-2022;Чувашская Республика;105_165_days;SputnikV;23;10;1;0;9;7;0;0;32;17;1;0;424;207;22;8;409;315;63;32;833;522;85;40
2022.06_18-07-2022;Чувашская Республика;165_195_days;AllVaccines;29;13;0;0;44;31;5;0;73;44;5;0;424;207;22;8;409;315;63;32;833;522;85;40
2022.06_18-07-2022;Чувашская Республика;165_195_days;CoviVac;1;0;0;0;1;0;0;0;2;0;0;0;424;207;22;8;409;315;63;32;833;522;85;40
2022.06_18-07-2022;Чувашская Республика;165_195_days;EpiVacCorona;2;2;0;0;4;3;0;0;6;5;0;0;424;207;22;8;409;315;63;32;833;522;85;40
2022.06_18-07-2022;Чувашская Республика;165_195_days;SputnikLite;7;4;0;0;20;13;2;0;27;17;2;0;424;207;22;8;409;315;63;32;833;522;85;40
2022.06_18-07-2022;Чувашская Республика;165_195_days;SputnikV;19;7;0;0;19;15;3;0;38;22;3;0;424;207;22;8;409;315;63;32;833;522;85;40
2022.06_18-07-2022;Чувашская Республика;21_45_days;AllVaccines;4;1;0;0;3;2;1;0;7;3;1;0;424;207;22;8;409;315;63;32;833;522;85;40
2022.06_18-07-2022;Чувашская Республика;21_45_days;SputnikLite;2;0;0;0;1;0;0;0;3;0;0;0;424;207;22;8;409;315;63;32;833;522;85;40
2022.06_18-07-2022;Чувашская Республика;21_45_days;SputnikV;2;1;0;0;2;2;1;0;4;3;1;0;424;207;22;8;409;315;63;32;833;522;85;40
2022.06_18-07-2022;Чувашская Республика;45_75_days;AllVaccines;6;0;0;0;6;4;1;0;12;4;1;0;424;207;22;8;409;315;63;32;833;522;85;40
2022.06_18-07-2022;Чувашская Республика;45_75_days;CoviVac;2;0;0;0;0;0;0;0;2;0;0;0;424;207;22;8;409;315;63;32;833;522;85;40
2022.06_18-07-2022;Чувашская Республика;45_75_days;SputnikLite;2;0;0;0;0;0;0;0;2;0;0;0;424;207;22;8;409;315;63;32;833;522;85;40
2022.06_18-07-2022;Чувашская Республика;45_75_days;SputnikV;2;0;0;0;6;4;1;0;8;4;1;0;424;207;22;8;409;315;63;32;833;522;85;40
2022.06_18-07-2022;Чувашская Республика;75_90_days;AllVaccines;5;0;0;0;6;6;0;0;11;6;0;0;424;207;22;8;409;315;63;32;833;522;85;40
2022.06_18-07-2022;Чувашская Республика;75_90_days;SputnikLite;1;0;0;0;0;0;0;0;1;0;0;0;424;207;22;8;409;315;63;32;833;522;85;40
2022.06_18-07-2022;Чувашская Республика;75_90_days;SputnikV;4;0;0;0;6;6;0;0;10;6;0;0;424;207;22;8;409;315;63;32;833;522;85;40
2022.06_18-07-2022;Чувашская Республика;90_105_days;AllVaccines;4;0;0;0;3;2;1;1;7;2;1;1;424;207;22;8;409;315;63;32;833;522;85;40
2022.06_18-07-2022;Чувашская Республика;90_105_days;EpiVacCorona;0;0;0;0;2;1;0;0;2;1;0;0;424;207;22;8;409;315;63;32;833;522;85;40
2022.06_18-07-2022;Чувашская Республика;90_105_days;SputnikLite;2;0;0;0;0;0;0;0;2;0;0;0;424;207;22;8;409;315;63;32;833;522;85;40
2022.06_18-07-2022;Чувашская Республика;90_105_days;SputnikV;2;0;0;0;1;1;1;1;3;1;1;1;424;207;22;8;409;315;63;32;833;522;85;40
2022.06_18-07-2022;Чукотский автономный округ;105_165_days;AllVaccines;3;0;0;0;0;0;0;0;3;0;0;0;13;0;0;0;3;1;0;0;16;1;0;0
2022.06_18-07-2022;Чукотский автономный округ;105_165_days;SputnikLite;3;0;0;0;0;0;0;0;3;0;0;0;13;0;0;0;3;1;0;0;16;1;0;0
2022.06_18-07-2022;Чукотский автономный округ;165_195_days;AllVaccines;2;0;0;0;1;1;0;0;3;1;0;0;13;0;0;0;3;1;0;0;16;1;0;0
2022.06_18-07-2022;Чукотский автономный округ;165_195_days;EpiVacCorona;0;0;0;0;1;1;0;0;1;1;0;0;13;0;0;0;3;1;0;0;16;1;0;0
2022.06_18-07-2022;Чукотский автономный округ;165_195_days;SputnikLite;1;0;0;0;0;0;0;0;1;0;0;0;13;0;0;0;3;1;0;0;16;1;0;0
2022.06_18-07-2022;Чукотский автономный округ;165_195_days;SputnikV;1;0;0;0;0;0;0;0;1;0;0;0;13;0;0;0;3;1;0;0;16;1;0;0
2022.06_18-07-2022;Ямало-Ненецкий автономный округ;105_165_days;AllVaccines;13;2;0;0;3;0;0;0;16;2;0;0;162;49;7;1;23;13;7;0;185;62;14;1
2022.06_18-07-2022;Ямало-Ненецкий автономный округ;105_165_days;SputnikLite;10;1;0;0;1;0;0;0;11;1;0;0;162;49;7;1;23;13;7;0;185;62;14;1
2022.06_18-07-2022;Ямало-Ненецкий автономный округ;105_165_days;SputnikV;3;1;0;0;2;0;0;0;5;1;0;0;162;49;7;1;23;13;7;0;185;62;14;1
2022.06_18-07-2022;Ямало-Ненецкий автономный округ;165_195_days;AllVaccines;15;6;2;0;3;2;1;0;18;8;3;0;162;49;7;1;23;13;7;0;185;62;14;1
2022.06_18-07-2022;Ямало-Ненецкий автономный округ;165_195_days;CoviVac;1;0;0;0;0;0;0;0;1;0;0;0;162;49;7;1;23;13;7;0;185;62;14;1
2022.06_18-07-2022;Ямало-Ненецкий автономный округ;165_195_days;SputnikLite;8;3;1;0;3;2;1;0;11;5;2;0;162;49;7;1;23;13;7;0;185;62;14;1
2022.06_18-07-2022;Ямало-Ненецкий автономный округ;165_195_days;SputnikV;6;3;1;0;0;0;0;0;6;3;1;0;162;49;7;1;23;13;7;0;185;62;14;1
2022.06_18-07-2022;Ямало-Ненецкий автономный округ;21_45_days;AllVaccines;2;0;0;0;0;0;0;0;2;0;0;0;162;49;7;1;23;13;7;0;185;62;14;1
2022.06_18-07-2022;Ямало-Ненецкий автономный округ;21_45_days;SputnikLite;2;0;0;0;0;0;0;0;2;0;0;0;162;49;7;1;23;13;7;0;185;62;14;1
2022.06_18-07-2022;Ямало-Ненецкий автономный округ;45_75_days;AllVaccines;1;0;0;0;0;0;0;0;1;0;0;0;162;49;7;1;23;13;7;0;185;62;14;1
2022.06_18-07-2022;Ямало-Ненецкий автономный округ;45_75_days;SputnikLite;1;0;0;0;0;0;0;0;1;0;0;0;162;49;7;1;23;13;7;0;185;62;14;1
2022.06_18-07-2022;Ярославская область;105_165_days;AllVaccines;45;1;0;0;32;5;0;1;77;6;0;1;706;44;9;4;482;143;37;30;1188;187;46;34
2022.06_18-07-2022;Ярославская область;105_165_days;CoviVac;1;0;0;0;0;0;0;0;1;0;0;0;706;44;9;4;482;143;37;30;1188;187;46;34
2022.06_18-07-2022;Ярославская область;105_165_days;EpiVacCorona;3;1;0;0;0;0;0;0;3;1;0;0;706;44;9;4;482;143;37;30;1188;187;46;34
2022.06_18-07-2022;Ярославская область;105_165_days;SputnikLite;27;0;0;0;19;1;0;0;46;1;0;0;706;44;9;4;482;143;37;30;1188;187;46;34
2022.06_18-07-2022;Ярославская область;105_165_days;SputnikV;14;0;0;0;13;4;0;1;27;4;0;1;706;44;9;4;482;143;37;30;1188;187;46;34
2022.06_18-07-2022;Ярославская область;165_195_days;AllVaccines;56;1;0;0;39;11;1;0;95;12;1;0;706;44;9;4;482;143;37;30;1188;187;46;34
2022.06_18-07-2022;Ярославская область;165_195_days;CoviVac;2;0;0;0;0;0;0;0;2;0;0;0;706;44;9;4;482;143;37;30;1188;187;46;34
2022.06_18-07-2022;Ярославская область;165_195_days;EpiVacCorona;4;0;0;0;1;0;0;0;5;0;0;0;706;44;9;4;482;143;37;30;1188;187;46;34
2022.06_18-07-2022;Ярославская область;165_195_days;SputnikLite;19;0;0;0;13;4;0;0;32;4;0;0;706;44;9;4;482;143;37;30;1188;187;46;34
2022.06_18-07-2022;Ярославская область;165_195_days;SputnikV;31;1;0;0;25;7;1;0;56;8;1;0;706;44;9;4;482;143;37;30;1188;187;46;34
2022.06_18-07-2022;Ярославская область;21_45_days;AllVaccines;1;0;0;0;0;0;0;0;1;0;0;0;706;44;9;4;482;143;37;30;1188;187;46;34
2022.06_18-07-2022;Ярославская область;21_45_days;SputnikV;1;0;0;0;0;0;0;0;1;0;0;0;706;44;9;4;482;143;37;30;1188;187;46;34
2022.06_18-07-2022;Ярославская область;45_75_days;AllVaccines;1;0;0;0;3;0;0;0;4;0;0;0;706;44;9;4;482;143;37;30;1188;187;46;34
2022.06_18-07-2022;Ярославская область;45_75_days;SputnikV;1;0;0;0;3;0;0;0;4;0;0;0;706;44;9;4;482;143;37;30;1188;187;46;34
2022.06_18-07-2022;Ярославская область;75_90_days;AllVaccines;2;0;0;0;3;1;1;0;5;1;1;0;706;44;9;4;482;143;37;30;1188;187;46;34
2022.06_18-07-2022;Ярославская область;75_90_days;SputnikLite;0;0;0;0;1;1;1;0;1;1;1;0;706;44;9;4;482;143;37;30;1188;187;46;34
2022.06_18-07-2022;Ярославская область;75_90_days;SputnikV;2;0;0;0;2;0;0;0;4;0;0;0;706;44;9;4;482;143;37;30;1188;187;46;34
2022.06_18-07-2022;Ярославская область;90_105_days;AllVaccines;5;0;0;0;2;1;0;0;7;1;0;0;706;44;9;4;482;143;37;30;1188;187;46;34
2022.06_18-07-2022;Ярославская область;90_105_days;CoviVac;1;0;0;0;0;0;0;0;1;0;0;0;706;44;9;4;482;143;37;30;1188;187;46;34
2022.06_18-07-2022;Ярославская область;90_105_days;SputnikLite;0;0;0;0;2;1;0;0;2;1;0;0;706;44;9;4;482;143;37;30;1188;187;46;34
2022.06_18-07-2022;Ярославская область;90_105_days;SputnikV;4;0;0;0;0;0;0;0;4;0;0;0;706;44;9;4;482;143;37;30;1188;187;46;34
2022.06_18-07-2022;г. Москва;105_165_days;AllVaccines;304;20;6;6;151;25;13;8;455;45;19;14;4408;219;125;57;2724;580;534;327;7132;799;659;384
2022.06_18-07-2022;г. Москва;105_165_days;CoviVac;7;2;0;0;0;0;0;0;7;2;0;0;4408;219;125;57;2724;580;534;327;7132;799;659;384
2022.06_18-07-2022;г. Москва;105_165_days;EpiVacCorona;2;0;0;0;0;0;0;0;2;0;0;0;4408;219;125;57;2724;580;534;327;7132;799;659;384
2022.06_18-07-2022;г. Москва;105_165_days;SputnikLite;182;14;4;5;95;17;8;6;277;31;12;11;4408;219;125;57;2724;580;534;327;7132;799;659;384
2022.06_18-07-2022;г. Москва;105_165_days;SputnikV;113;4;2;1;56;8;5;2;169;12;7;3;4408;219;125;57;2724;580;534;327;7132;799;659;384
2022.06_18-07-2022;г. Москва;165_195_days;AllVaccines;202;7;1;0;177;33;22;17;379;40;23;17;4408;219;125;57;2724;580;534;327;7132;799;659;384
2022.06_18-07-2022;г. Москва;165_195_days;CoviVac;19;0;0;0;3;0;0;0;22;0;0;0;4408;219;125;57;2724;580;534;327;7132;799;659;384
2022.06_18-07-2022;г. Москва;165_195_days;SputnikLite;49;3;0;0;84;15;11;7;133;18;11;7;4408;219;125;57;2724;580;534;327;7132;799;659;384
2022.06_18-07-2022;г. Москва;165_195_days;SputnikV;134;4;1;0;90;18;11;10;224;22;12;10;4408;219;125;57;2724;580;534;327;7132;799;659;384
2022.06_18-07-2022;г. Москва;21_45_days;AllVaccines;9;1;1;0;6;1;0;0;15;2;1;0;4408;219;125;57;2724;580;534;327;7132;799;659;384
2022.06_18-07-2022;г. Москва;21_45_days;CoviVac;1;0;0;0;0;0;0;0;1;0;0;0;4408;219;125;57;2724;580;534;327;7132;799;659;384
2022.06_18-07-2022;г. Москва;21_45_days;SputnikLite;0;0;0;0;1;0;0;0;1;0;0;0;4408;219;125;57;2724;580;534;327;7132;799;659;384
2022.06_18-07-2022;г. Москва;21_45_days;SputnikV;8;1;1;0;5;1;0;0;13;2;1;0;4408;219;125;57;2724;580;534;327;7132;799;659;384
2022.06_18-07-2022;г. Москва;45_75_days;AllVaccines;14;0;0;0;24;3;2;1;38;3;2;1;4408;219;125;57;2724;580;534;327;7132;799;659;384
2022.06_18-07-2022;г. Москва;45_75_days;CoviVac;3;0;0;0;0;0;0;0;3;0;0;0;4408;219;125;57;2724;580;534;327;7132;799;659;384
2022.06_18-07-2022;г. Москва;45_75_days;SputnikLite;1;0;0;0;0;0;0;0;1;0;0;0;4408;219;125;57;2724;580;534;327;7132;799;659;384
2022.06_18-07-2022;г. Москва;45_75_days;SputnikV;10;0;0;0;24;3;2;1;34;3;2;1;4408;219;125;57;2724;580;534;327;7132;799;659;384
2022.06_18-07-2022;г. Москва;75_90_days;AllVaccines;16;2;0;0;11;2;2;2;27;4;2;2;4408;219;125;57;2724;580;534;327;7132;799;659;384
2022.06_18-07-2022;г. Москва;75_90_days;CoviVac;1;0;0;0;0;0;0;0;1;0;0;0;4408;219;125;57;2724;580;534;327;7132;799;659;384
2022.06_18-07-2022;г. Москва;75_90_days;SputnikLite;1;0;0;0;2;0;0;0;3;0;0;0;4408;219;125;57;2724;580;534;327;7132;799;659;384
2022.06_18-07-2022;г. Москва;75_90_days;SputnikV;14;2;0;0;9;2;2;2;23;4;2;2;4408;219;125;57;2724;580;534;327;7132;799;659;384
2022.06_18-07-2022;г. Москва;90_105_days;AllVaccines;12;0;0;0;10;2;2;0;22;2;2;0;4408;219;125;57;2724;580;534;327;7132;799;659;384
2022.06_18-07-2022;г. Москва;90_105_days;CoviVac;2;0;0;0;0;0;0;0;2;0;0;0;4408;219;125;57;2724;580;534;327;7132;799;659;384
2022.06_18-07-2022;г. Москва;90_105_days;SputnikLite;0;0;0;0;2;1;1;0;2;1;1;0;4408;219;125;57;2724;580;534;327;7132;799;659;384
2022.06_18-07-2022;г. Москва;90_105_days;SputnikV;10;0;0;0;8;1;1;0;18;1;1;0;4408;219;125;57;2724;580;534;327;7132;799;659;384
2022.06_18-07-2022;г. Санкт-Петербург;105_165_days;AllVaccines;190;34;4;1;152;66;15;6;342;100;19;7;2941;628;101;28;2203;1088;383;207;5144;1716;484;235
2022.06_18-07-2022;г. Санкт-Петербург;105_165_days;CoviVac;1;0;0;0;0;0;0;0;1;0;0;0;2941;628;101;28;2203;1088;383;207;5144;1716;484;235
2022.06_18-07-2022;г. Санкт-Петербург;105_165_days;EpiVacCorona;1;0;0;0;1;1;1;1;2;1;1;1;2941;628;101;28;2203;1088;383;207;5144;1716;484;235
2022.06_18-07-2022;г. Санкт-Петербург;105_165_days;SputnikLite;89;16;2;0;84;38;9;3;173;54;11;3;2941;628;101;28;2203;1088;383;207;5144;1716;484;235
2022.06_18-07-2022;г. Санкт-Петербург;105_165_days;SputnikV;99;18;2;1;67;27;5;2;166;45;7;3;2941;628;101;28;2203;1088;383;207;5144;1716;484;235
2022.06_18-07-2022;г. Санкт-Петербург;165_195_days;AllVaccines;267;46;4;3;196;77;25;10;463;123;29;13;2941;628;101;28;2203;1088;383;207;5144;1716;484;235
2022.06_18-07-2022;г. Санкт-Петербург;165_195_days;EpiVacCorona;5;0;0;0;4;4;1;1;9;4;1;1;2941;628;101;28;2203;1088;383;207;5144;1716;484;235
2022.06_18-07-2022;г. Санкт-Петербург;165_195_days;SputnikLite;74;14;2;1;89;31;10;2;163;45;12;3;2941;628;101;28;2203;1088;383;207;5144;1716;484;235
2022.06_18-07-2022;г. Санкт-Петербург;165_195_days;SputnikV;188;32;2;2;103;42;14;7;291;74;16;9;2941;628;101;28;2203;1088;383;207;5144;1716;484;235
2022.06_18-07-2022;г. Санкт-Петербург;21_45_days;AllVaccines;8;2;0;0;6;1;1;1;14;3;1;1;2941;628;101;28;2203;1088;383;207;5144;1716;484;235
2022.06_18-07-2022;г. Санкт-Петербург;21_45_days;CoviVac;1;0;0;0;0;0;0;0;1;0;0;0;2941;628;101;28;2203;1088;383;207;5144;1716;484;235
2022.06_18-07-2022;г. Санкт-Петербург;21_45_days;SputnikLite;1;0;0;0;0;0;0;0;1;0;0;0;2941;628;101;28;2203;1088;383;207;5144;1716;484;235
2022.06_18-07-2022;г. Санкт-Петербург;21_45_days;SputnikV;6;2;0;0;6;1;1;1;12;3;1;1;2941;628;101;28;2203;1088;383;207;5144;1716;484;235
2022.06_18-07-2022;г. Санкт-Петербург;45_75_days;AllVaccines;15;3;0;0;6;0;0;0;21;3;0;0;2941;628;101;28;2203;1088;383;207;5144;1716;484;235
2022.06_18-07-2022;г. Санкт-Петербург;45_75_days;CoviVac;0;0;0;0;1;0;0;0;1;0;0;0;2941;628;101;28;2203;1088;383;207;5144;1716;484;235
2022.06_18-07-2022;г. Санкт-Петербург;45_75_days;EpiVacCorona;1;0;0;0;1;0;0;0;2;0;0;0;2941;628;101;28;2203;1088;383;207;5144;1716;484;235
2022.06_18-07-2022;г. Санкт-Петербург;45_75_days;SputnikLite;4;0;0;0;1;0;0;0;5;0;0;0;2941;628;101;28;2203;1088;383;207;5144;1716;484;235
2022.06_18-07-2022;г. Санкт-Петербург;45_75_days;SputnikV;10;3;0;0;3;0;0;0;13;3;0;0;2941;628;101;28;2203;1088;383;207;5144;1716;484;235
2022.06_18-07-2022;г. Санкт-Петербург;75_90_days;AllVaccines;12;1;1;0;10;5;2;1;22;6;3;1;2941;628;101;28;2203;1088;383;207;5144;1716;484;235
2022.06_18-07-2022;г. Санкт-Петербург;75_90_days;SputnikLite;3;1;1;0;5;2;0;0;8;3;1;0;2941;628;101;28;2203;1088;383;207;5144;1716;484;235
2022.06_18-07-2022;г. Санкт-Петербург;75_90_days;SputnikV;9;0;0;0;5;3;2;1;14;3;2;1;2941;628;101;28;2203;1088;383;207;5144;1716;484;235
2022.06_18-07-2022;г. Санкт-Петербург;90_105_days;AllVaccines;13;2;0;0;17;8;0;0;30;10;0;0;2941;628;101;28;2203;1088;383;207;5144;1716;484;235
2022.06_18-07-2022;г. Санкт-Петербург;90_105_days;EpiVacCorona;0;0;0;0;1;1;0;0;1;1;0;0;2941;628;101;28;2203;1088;383;207;5144;1716;484;235
2022.06_18-07-2022;г. Санкт-Петербург;90_105_days;SputnikLite;5;0;0;0;10;3;0;0;15;3;0;0;2941;628;101;28;2203;1088;383;207;5144;1716;484;235
2022.06_18-07-2022;г. Санкт-Петербург;90_105_days;SputnikV;8;2;0;0;6;4;0;0;14;6;0;0;2941;628;101;28;2203;1088;383;207;5144;1716;484;235
2022.06_18-07-2022;г. Севастополь;105_165_days;AllVaccines;13;0;0;0;11;3;0;0;24;3;0;0;178;26;4;1;172;84;24;15;350;110;28;16
2022.06_18-07-2022;г. Севастополь;105_165_days;CoviVac;0;0;0;0;2;0;0;0;2;0;0;0;178;26;4;1;172;84;24;15;350;110;28;16
2022.06_18-07-2022;г. Севастополь;105_165_days;EpiVacCorona;1;0;0;0;0;0;0;0;1;0;0;0;178;26;4;1;172;84;24;15;350;110;28;16
2022.06_18-07-2022;г. Севастополь;105_165_days;SputnikLite;10;0;0;0;6;1;0;0;16;1;0;0;178;26;4;1;172;84;24;15;350;110;28;16
2022.06_18-07-2022;г. Севастополь;105_165_days;SputnikV;2;0;0;0;3;2;0;0;5;2;0;0;178;26;4;1;172;84;24;15;350;110;28;16
2022.06_18-07-2022;г. Севастополь;165_195_days;AllVaccines;21;2;0;0;10;4;1;1;31;6;1;1;178;26;4;1;172;84;24;15;350;110;28;16
2022.06_18-07-2022;г. Севастополь;165_195_days;EpiVacCorona;1;0;0;0;1;0;0;0;2;0;0;0;178;26;4;1;172;84;24;15;350;110;28;16
2022.06_18-07-2022;г. Севастополь;165_195_days;SputnikLite;7;0;0;0;5;2;1;1;12;2;1;1;178;26;4;1;172;84;24;15;350;110;28;16
2022.06_18-07-2022;г. Севастополь;165_195_days;SputnikV;13;2;0;0;4;2;0;0;17;4;0;0;178;26;4;1;172;84;24;15;350;110;28;16
2022.06_18-07-2022;г. Севастополь;21_45_days;AllVaccines;2;0;0;0;3;3;1;1;5;3;1;1;178;26;4;1;172;84;24;15;350;110;28;16
2022.06_18-07-2022;г. Севастополь;21_45_days;SputnikLite;2;0;0;0;3;3;1;1;5;3;1;1;178;26;4;1;172;84;24;15;350;110;28;16
2022.06_18-07-2022;г. Севастополь;45_75_days;AllVaccines;2;0;0;0;2;0;0;0;4;0;0;0;178;26;4;1;172;84;24;15;350;110;28;16
2022.06_18-07-2022;г. Севастополь;45_75_days;SputnikLite;2;0;0;0;2;0;0;0;4;0;0;0;178;26;4;1;172;84;24;15;350;110;28;16
2022.07_16-08-2022;Алтайский край;105_165_days;AllVaccines;97;2;0;0;57;19;6;2;154;21;6;2;1492;205;41;8;1058;376;104;35;2550;581;145;43
2022.07_16-08-2022;Алтайский край;105_165_days;CoviVac;2;0;0;0;0;0;0;0;2;0;0;0;1492;205;41;8;1058;376;104;35;2550;581;145;43
2022.07_16-08-2022;Алтайский край;105_165_days;EpiVacCorona;2;0;0;0;5;1;1;1;7;1;1;1;1492;205;41;8;1058;376;104;35;2550;581;145;43
2022.07_16-08-2022;Алтайский край;105_165_days;SputnikLite;48;0;0;0;18;8;3;0;66;8;3;0;1492;205;41;8;1058;376;104;35;2550;581;145;43
2022.07_16-08-2022;Алтайский край;105_165_days;SputnikV;45;2;0;0;34;10;2;1;79;12;2;1;1492;205;41;8;1058;376;104;35;2550;581;145;43
2022.07_16-08-2022;Алтайский край;165_195_days;AllVaccines;62;8;0;0;61;21;4;2;123;29;4;2;1492;205;41;8;1058;376;104;35;2550;581;145;43
2022.07_16-08-2022;Алтайский край;165_195_days;EpiVacCorona;2;0;0;0;1;0;0;0;3;0;0;0;1492;205;41;8;1058;376;104;35;2550;581;145;43
2022.07_16-08-2022;Алтайский край;165_195_days;SputnikLite;42;5;0;0;46;15;3;2;88;20;3;2;1492;205;41;8;1058;376;104;35;2550;581;145;43
2022.07_16-08-2022;Алтайский край;165_195_days;SputnikV;18;3;0;0;14;6;1;0;32;9;1;0;1492;205;41;8;1058;376;104;35;2550;581;145;43
2022.07_16-08-2022;Алтайский край;21_45_days;AllVaccines;10;3;1;0;12;6;1;0;22;9;2;0;1492;205;41;8;1058;376;104;35;2550;581;145;43
2022.07_16-08-2022;Алтайский край;21_45_days;EpiVacCorona;3;1;0;0;4;2;0;0;7;3;0;0;1492;205;41;8;1058;376;104;35;2550;581;145;43
2022.07_16-08-2022;Алтайский край;21_45_days;SputnikLite;2;0;0;0;0;0;0;0;2;0;0;0;1492;205;41;8;1058;376;104;35;2550;581;145;43
2022.07_16-08-2022;Алтайский край;21_45_days;SputnikV;5;2;1;0;8;4;1;0;13;6;2;0;1492;205;41;8;1058;376;104;35;2550;581;145;43
2022.07_16-08-2022;Алтайский край;45_75_days;AllVaccines;5;0;0;0;6;2;0;0;11;2;0;0;1492;205;41;8;1058;376;104;35;2550;581;145;43
2022.07_16-08-2022;Алтайский край;45_75_days;EpiVacCorona;1;0;0;0;3;1;0;0;4;1;0;0;1492;205;41;8;1058;376;104;35;2550;581;145;43
2022.07_16-08-2022;Алтайский край;45_75_days;SputnikV;4;0;0;0;3;1;0;0;7;1;0;0;1492;205;41;8;1058;376;104;35;2550;581;145;43
2022.07_16-08-2022;Алтайский край;75_90_days;AllVaccines;4;2;0;0;12;3;3;0;16;5;3;0;1492;205;41;8;1058;376;104;35;2550;581;145;43
2022.07_16-08-2022;Алтайский край;75_90_days;EpiVacCorona;1;0;0;0;1;0;0;0;2;0;0;0;1492;205;41;8;1058;376;104;35;2550;581;145;43
2022.07_16-08-2022;Алтайский край;75_90_days;SputnikLite;1;0;0;0;0;0;0;0;1;0;0;0;1492;205;41;8;1058;376;104;35;2550;581;145;43
2022.07_16-08-2022;Алтайский край;75_90_days;SputnikV;2;2;0;0;11;3;3;0;13;5;3;0;1492;205;41;8;1058;376;104;35;2550;581;145;43
2022.07_16-08-2022;Алтайский край;90_105_days;AllVaccines;7;1;0;0;10;1;0;0;17;2;0;0;1492;205;41;8;1058;376;104;35;2550;581;145;43
2022.07_16-08-2022;Алтайский край;90_105_days;EpiVacCorona;0;0;0;0;3;0;0;0;3;0;0;0;1492;205;41;8;1058;376;104;35;2550;581;145;43
2022.07_16-08-2022;Алтайский край;90_105_days;SputnikLite;1;0;0;0;1;1;0;0;2;1;0;0;1492;205;41;8;1058;376;104;35;2550;581;145;43
2022.07_16-08-2022;Алтайский край;90_105_days;SputnikV;6;1;0;0;6;0;0;0;12;1;0;0;1492;205;41;8;1058;376;104;35;2550;581;145;43
2022.07_16-08-2022;Амурская область;105_165_days;AllVaccines;27;3;0;0;12;0;0;0;39;3;0;0;425;49;7;1;212;43;11;4;637;92;18;5
2022.07_16-08-2022;Амурская область;105_165_days;CoviVac;1;0;0;0;0;0;0;0;1;0;0;0;425;49;7;1;212;43;11;4;637;92;18;5
2022.07_16-08-2022;Амурская область;105_165_days;EpiVacCorona;1;0;0;0;1;0;0;0;2;0;0;0;425;49;7;1;212;43;11;4;637;92;18;5
2022.07_16-08-2022;Амурская область;105_165_days;SputnikLite;14;3;0;0;7;0;0;0;21;3;0;0;425;49;7;1;212;43;11;4;637;92;18;5
2022.07_16-08-2022;Амурская область;105_165_days;SputnikV;11;0;0;0;4;0;0;0;15;0;0;0;425;49;7;1;212;43;11;4;637;92;18;5
2022.07_16-08-2022;Амурская область;165_195_days;AllVaccines;26;1;1;0;12;3;1;1;38;4;2;1;425;49;7;1;212;43;11;4;637;92;18;5
2022.07_16-08-2022;Амурская область;165_195_days;CoviVac;1;0;0;0;0;0;0;0;1;0;0;0;425;49;7;1;212;43;11;4;637;92;18;5
2022.07_16-08-2022;Амурская область;165_195_days;EpiVacCorona;2;0;0;0;0;0;0;0;2;0;0;0;425;49;7;1;212;43;11;4;637;92;18;5
2022.07_16-08-2022;Амурская область;165_195_days;SputnikLite;16;0;0;0;8;1;1;1;24;1;1;1;425;49;7;1;212;43;11;4;637;92;18;5
2022.07_16-08-2022;Амурская область;165_195_days;SputnikV;7;1;1;0;4;2;0;0;11;3;1;0;425;49;7;1;212;43;11;4;637;92;18;5
2022.07_16-08-2022;Амурская область;21_45_days;AllVaccines;4;0;0;0;4;1;0;0;8;1;0;0;425;49;7;1;212;43;11;4;637;92;18;5
2022.07_16-08-2022;Амурская область;21_45_days;SputnikLite;0;0;0;0;2;1;0;0;2;1;0;0;425;49;7;1;212;43;11;4;637;92;18;5
2022.07_16-08-2022;Амурская область;21_45_days;SputnikV;4;0;0;0;2;0;0;0;6;0;0;0;425;49;7;1;212;43;11;4;637;92;18;5
2022.07_16-08-2022;Амурская область;45_75_days;AllVaccines;3;0;0;0;2;0;0;0;5;0;0;0;425;49;7;1;212;43;11;4;637;92;18;5
2022.07_16-08-2022;Амурская область;45_75_days;EpiVacCorona;0;0;0;0;1;0;0;0;1;0;0;0;425;49;7;1;212;43;11;4;637;92;18;5
2022.07_16-08-2022;Амурская область;45_75_days;SputnikV;3;0;0;0;1;0;0;0;4;0;0;0;425;49;7;1;212;43;11;4;637;92;18;5
2022.07_16-08-2022;Амурская область;75_90_days;AllVaccines;4;0;0;0;2;0;0;0;6;0;0;0;425;49;7;1;212;43;11;4;637;92;18;5
2022.07_16-08-2022;Амурская область;75_90_days;EpiVacCorona;0;0;0;0;1;0;0;0;1;0;0;0;425;49;7;1;212;43;11;4;637;92;18;5
2022.07_16-08-2022;Амурская область;75_90_days;SputnikLite;1;0;0;0;0;0;0;0;1;0;0;0;425;49;7;1;212;43;11;4;637;92;18;5
2022.07_16-08-2022;Амурская область;75_90_days;SputnikV;3;0;0;0;1;0;0;0;4;0;0;0;425;49;7;1;212;43;11;4;637;92;18;5
2022.07_16-08-2022;Амурская область;90_105_days;AllVaccines;1;0;0;0;1;0;0;0;2;0;0;0;425;49;7;1;212;43;11;4;637;92;18;5
2022.07_16-08-2022;Амурская область;90_105_days;EpiVacCorona;1;0;0;0;0;0;0;0;1;0;0;0;425;49;7;1;212;43;11;4;637;92;18;5
2022.07_16-08-2022;Амурская область;90_105_days;SputnikV;0;0;0;0;1;0;0;0;1;0;0;0;425;49;7;1;212;43;11;4;637;92;18;5
2022.07_16-08-2022;Архангельская область;105_165_days;AllVaccines;37;7;0;0;35;16;3;1;72;23;3;1;1285;198;19;5;761;298;51;24;2046;496;70;29
2022.07_16-08-2022;Архангельская область;105_165_days;EpiVacCorona;2;0;0;0;2;0;0;0;4;0;0;0;1285;198;19;5;761;298;51;24;2046;496;70;29
2022.07_16-08-2022;Архангельская область;105_165_days;SputnikLite;7;2;0;0;4;1;0;0;11;3;0;0;1285;198;19;5;761;298;51;24;2046;496;70;29
2022.07_16-08-2022;Архангельская область;105_165_days;SputnikV;28;5;0;0;29;15;3;1;57;20;3;1;1285;198;19;5;761;298;51;24;2046;496;70;29
2022.07_16-08-2022;Архангельская область;165_195_days;AllVaccines;47;4;1;0;38;11;2;0;85;15;3;0;1285;198;19;5;761;298;51;24;2046;496;70;29
2022.07_16-08-2022;Архангельская область;165_195_days;EpiVacCorona;4;0;0;0;1;1;0;0;5;1;0;0;1285;198;19;5;761;298;51;24;2046;496;70;29
2022.07_16-08-2022;Архангельская область;165_195_days;SputnikLite;33;3;1;0;31;8;2;0;64;11;3;0;1285;198;19;5;761;298;51;24;2046;496;70;29
2022.07_16-08-2022;Архангельская область;165_195_days;SputnikV;10;1;0;0;6;2;0;0;16;3;0;0;1285;198;19;5;761;298;51;24;2046;496;70;29
2022.07_16-08-2022;Архангельская область;21_45_days;AllVaccines;9;0;0;0;9;5;0;0;18;5;0;0;1285;198;19;5;761;298;51;24;2046;496;70;29
2022.07_16-08-2022;Архангельская область;21_45_days;CoviVac;1;0;0;0;1;0;0;0;2;0;0;0;1285;198;19;5;761;298;51;24;2046;496;70;29
2022.07_16-08-2022;Архангельская область;21_45_days;EpiVacCorona;3;0;0;0;0;0;0;0;3;0;0;0;1285;198;19;5;761;298;51;24;2046;496;70;29
2022.07_16-08-2022;Архангельская область;21_45_days;SputnikLite;0;0;0;0;1;1;0;0;1;1;0;0;1285;198;19;5;761;298;51;24;2046;496;70;29
2022.07_16-08-2022;Архангельская область;21_45_days;SputnikV;5;0;0;0;7;4;0;0;12;4;0;0;1285;198;19;5;761;298;51;24;2046;496;70;29
2022.07_16-08-2022;Архангельская область;45_75_days;AllVaccines;7;0;0;0;5;0;0;0;12;0;0;0;1285;198;19;5;761;298;51;24;2046;496;70;29
2022.07_16-08-2022;Архангельская область;45_75_days;CoviVac;4;0;0;0;1;0;0;0;5;0;0;0;1285;198;19;5;761;298;51;24;2046;496;70;29
2022.07_16-08-2022;Архангельская область;45_75_days;SputnikV;3;0;0;0;4;0;0;0;7;0;0;0;1285;198;19;5;761;298;51;24;2046;496;70;29
2022.07_16-08-2022;Архангельская область;75_90_days;AllVaccines;5;1;0;0;4;0;0;0;9;1;0;0;1285;198;19;5;761;298;51;24;2046;496;70;29
2022.07_16-08-2022;Архангельская область;75_90_days;CoviVac;0;0;0;0;1;0;0;0;1;0;0;0;1285;198;19;5;761;298;51;24;2046;496;70;29
2022.07_16-08-2022;Архангельская область;75_90_days;SputnikLite;0;0;0;0;1;0;0;0;1;0;0;0;1285;198;19;5;761;298;51;24;2046;496;70;29
2022.07_16-08-2022;Архангельская область;75_90_days;SputnikV;5;1;0;0;2;0;0;0;7;1;0;0;1285;198;19;5;761;298;51;24;2046;496;70;29
2022.07_16-08-2022;Архангельская область;90_105_days;AllVaccines;4;0;0;0;5;1;1;1;9;1;1;1;1285;198;19;5;761;298;51;24;2046;496;70;29
2022.07_16-08-2022;Архангельская область;90_105_days;CoviVac;1;0;0;0;0;0;0;0;1;0;0;0;1285;198;19;5;761;298;51;24;2046;496;70;29
2022.07_16-08-2022;Архангельская область;90_105_days;EpiVacCorona;0;0;0;0;1;0;0;0;1;0;0;0;1285;198;19;5;761;298;51;24;2046;496;70;29
2022.07_16-08-2022;Архангельская область;90_105_days;SputnikV;3;0;0;0;4;1;1;1;7;1;1;1;1285;198;19;5;761;298;51;24;2046;496;70;29
2022.07_16-08-2022;Астраханская область;105_165_days;AllVaccines;214;14;1;1;120;32;5;2;334;46;6;3;3372;401;21;7;1862;405;71;34;5234;806;92;41
2022.07_16-08-2022;Астраханская область;105_165_days;CoviVac;6;0;0;0;2;0;0;0;8;0;0;0;3372;401;21;7;1862;405;71;34;5234;806;92;41
2022.07_16-08-2022;Астраханская область;105_165_days;EpiVacCorona;1;0;0;0;4;2;0;1;5;2;0;1;3372;401;21;7;1862;405;71;34;5234;806;92;41
2022.07_16-08-2022;Астраханская область;105_165_days;SputnikLite;113;7;0;0;62;17;3;1;175;24;3;1;3372;401;21;7;1862;405;71;34;5234;806;92;41
2022.07_16-08-2022;Астраханская область;105_165_days;SputnikV;94;7;1;1;52;13;2;0;146;20;3;1;3372;401;21;7;1862;405;71;34;5234;806;92;41
2022.07_16-08-2022;Астраханская область;165_195_days;AllVaccines;161;12;1;0;76;14;3;1;237;26;4;1;3372;401;21;7;1862;405;71;34;5234;806;92;41
2022.07_16-08-2022;Астраханская область;165_195_days;CoviVac;1;0;0;0;0;0;0;0;1;0;0;0;3372;401;21;7;1862;405;71;34;5234;806;92;41
2022.07_16-08-2022;Астраханская область;165_195_days;EpiVacCorona;4;0;0;0;1;0;0;0;5;0;0;0;3372;401;21;7;1862;405;71;34;5234;806;92;41
2022.07_16-08-2022;Астраханская область;165_195_days;SputnikLite;116;6;0;0;56;7;3;1;172;13;3;1;3372;401;21;7;1862;405;71;34;5234;806;92;41
2022.07_16-08-2022;Астраханская область;165_195_days;SputnikV;40;6;1;0;19;7;0;0;59;13;1;0;3372;401;21;7;1862;405;71;34;5234;806;92;41
2022.07_16-08-2022;Астраханская область;21_45_days;AllVaccines;43;8;0;0;40;21;2;2;83;29;2;2;3372;401;21;7;1862;405;71;34;5234;806;92;41
2022.07_16-08-2022;Астраханская область;21_45_days;EpiVacCorona;1;0;0;0;0;0;0;0;1;0;0;0;3372;401;21;7;1862;405;71;34;5234;806;92;41
2022.07_16-08-2022;Астраханская область;21_45_days;SputnikLite;2;0;0;0;1;0;0;0;3;0;0;0;3372;401;21;7;1862;405;71;34;5234;806;92;41
2022.07_16-08-2022;Астраханская область;21_45_days;SputnikV;40;8;0;0;39;21;2;2;79;29;2;2;3372;401;21;7;1862;405;71;34;5234;806;92;41
2022.07_16-08-2022;Астраханская область;45_75_days;AllVaccines;19;4;0;0;13;0;0;0;32;4;0;0;3372;401;21;7;1862;405;71;34;5234;806;92;41
2022.07_16-08-2022;Астраханская область;45_75_days;CoviVac;1;1;0;0;0;0;0;0;1;1;0;0;3372;401;21;7;1862;405;71;34;5234;806;92;41
2022.07_16-08-2022;Астраханская область;45_75_days;EpiVacCorona;2;1;0;0;0;0;0;0;2;1;0;0;3372;401;21;7;1862;405;71;34;5234;806;92;41
2022.07_16-08-2022;Астраханская область;45_75_days;SputnikLite;6;0;0;0;3;0;0;0;9;0;0;0;3372;401;21;7;1862;405;71;34;5234;806;92;41
2022.07_16-08-2022;Астраханская область;45_75_days;SputnikV;10;2;0;0;10;0;0;0;20;2;0;0;3372;401;21;7;1862;405;71;34;5234;806;92;41
2022.07_16-08-2022;Астраханская область;75_90_days;AllVaccines;18;3;0;0;10;3;0;0;28;6;0;0;3372;401;21;7;1862;405;71;34;5234;806;92;41
2022.07_16-08-2022;Астраханская область;75_90_days;EpiVacCorona;1;0;0;0;0;0;0;0;1;0;0;0;3372;401;21;7;1862;405;71;34;5234;806;92;41
2022.07_16-08-2022;Астраханская область;75_90_days;SputnikLite;8;1;0;0;6;3;0;0;14;4;0;0;3372;401;21;7;1862;405;71;34;5234;806;92;41
2022.07_16-08-2022;Астраханская область;75_90_days;SputnikV;9;2;0;0;4;0;0;0;13;2;0;0;3372;401;21;7;1862;405;71;34;5234;806;92;41
2022.07_16-08-2022;Астраханская область;90_105_days;AllVaccines;13;1;0;0;10;1;0;0;23;2;0;0;3372;401;21;7;1862;405;71;34;5234;806;92;41
2022.07_16-08-2022;Астраханская область;90_105_days;CoviVac;1;0;0;0;0;0;0;0;1;0;0;0;3372;401;21;7;1862;405;71;34;5234;806;92;41
2022.07_16-08-2022;Астраханская область;90_105_days;SputnikLite;5;1;0;0;7;1;0;0;12;2;0;0;3372;401;21;7;1862;405;71;34;5234;806;92;41
2022.07_16-08-2022;Астраханская область;90_105_days;SputnikV;7;0;0;0;3;0;0;0;10;0;0;0;3372;401;21;7;1862;405;71;34;5234;806;92;41
2022.07_16-08-2022;Белгородская область;105_165_days;AllVaccines;40;2;0;0;16;4;0;0;56;6;0;0;535;42;2;1;320;53;6;4;855;95;8;5
2022.07_16-08-2022;Белгородская область;105_165_days;CoviVac;1;0;0;0;0;0;0;0;1;0;0;0;535;42;2;1;320;53;6;4;855;95;8;5
2022.07_16-08-2022;Белгородская область;105_165_days;SputnikLite;27;2;0;0;11;2;0;0;38;4;0;0;535;42;2;1;320;53;6;4;855;95;8;5
2022.07_16-08-2022;Белгородская область;105_165_days;SputnikV;12;0;0;0;5;2;0;0;17;2;0;0;535;42;2;1;320;53;6;4;855;95;8;5
2022.07_16-08-2022;Белгородская область;165_195_days;AllVaccines;47;4;1;0;15;1;0;0;62;5;1;0;535;42;2;1;320;53;6;4;855;95;8;5
2022.07_16-08-2022;Белгородская область;165_195_days;CoviVac;1;0;0;0;0;0;0;0;1;0;0;0;535;42;2;1;320;53;6;4;855;95;8;5
2022.07_16-08-2022;Белгородская область;165_195_days;SputnikLite;34;1;0;0;10;1;0;0;44;2;0;0;535;42;2;1;320;53;6;4;855;95;8;5
2022.07_16-08-2022;Белгородская область;165_195_days;SputnikV;12;3;1;0;5;0;0;0;17;3;1;0;535;42;2;1;320;53;6;4;855;95;8;5
2022.07_16-08-2022;Белгородская область;21_45_days;AllVaccines;4;0;0;0;0;0;0;0;4;0;0;0;535;42;2;1;320;53;6;4;855;95;8;5
2022.07_16-08-2022;Белгородская область;21_45_days;SputnikV;4;0;0;0;0;0;0;0;4;0;0;0;535;42;2;1;320;53;6;4;855;95;8;5
2022.07_16-08-2022;Белгородская область;45_75_days;AllVaccines;3;0;0;0;2;0;0;0;5;0;0;0;535;42;2;1;320;53;6;4;855;95;8;5
2022.07_16-08-2022;Белгородская область;45_75_days;SputnikLite;1;0;0;0;0;0;0;0;1;0;0;0;535;42;2;1;320;53;6;4;855;95;8;5
2022.07_16-08-2022;Белгородская область;45_75_days;SputnikV;2;0;0;0;2;0;0;0;4;0;0;0;535;42;2;1;320;53;6;4;855;95;8;5
2022.07_16-08-2022;Белгородская область;75_90_days;AllVaccines;4;0;0;0;2;0;0;0;6;0;0;0;535;42;2;1;320;53;6;4;855;95;8;5
2022.07_16-08-2022;Белгородская область;75_90_days;SputnikLite;1;0;0;0;0;0;0;0;1;0;0;0;535;42;2;1;320;53;6;4;855;95;8;5
2022.07_16-08-2022;Белгородская область;75_90_days;SputnikV;3;0;0;0;2;0;0;0;5;0;0;0;535;42;2;1;320;53;6;4;855;95;8;5
2022.07_16-08-2022;Белгородская область;90_105_days;AllVaccines;6;0;0;0;4;0;0;0;10;0;0;0;535;42;2;1;320;53;6;4;855;95;8;5
2022.07_16-08-2022;Белгородская область;90_105_days;EpiVacCorona;1;0;0;0;0;0;0;0;1;0;0;0;535;42;2;1;320;53;6;4;855;95;8;5
2022.07_16-08-2022;Белгородская область;90_105_days;SputnikV;5;0;0;0;4;0;0;0;9;0;0;0;535;42;2;1;320;53;6;4;855;95;8;5
2022.07_16-08-2022;Брянская область;105_165_days;AllVaccines;25;2;0;0;24;0;0;0;49;2;0;0;697;20;1;0;504;53;9;7;1201;73;10;7
2022.07_16-08-2022;Брянская область;105_165_days;EpiVacCorona;1;0;0;0;1;0;0;0;2;0;0;0;697;20;1;0;504;53;9;7;1201;73;10;7
2022.07_16-08-2022;Брянская область;105_165_days;SputnikLite;14;1;0;0;12;0;0;0;26;1;0;0;697;20;1;0;504;53;9;7;1201;73;10;7
2022.07_16-08-2022;Брянская область;105_165_days;SputnikV;10;1;0;0;11;0;0;0;21;1;0;0;697;20;1;0;504;53;9;7;1201;73;10;7
2022.07_16-08-2022;Брянская область;165_195_days;AllVaccines;34;2;0;0;26;1;0;0;60;3;0;0;697;20;1;0;504;53;9;7;1201;73;10;7
2022.07_16-08-2022;Брянская область;165_195_days;EpiVacCorona;4;1;0;0;0;0;0;0;4;1;0;0;697;20;1;0;504;53;9;7;1201;73;10;7
2022.07_16-08-2022;Брянская область;165_195_days;SputnikLite;25;1;0;0;22;1;0;0;47;2;0;0;697;20;1;0;504;53;9;7;1201;73;10;7
2022.07_16-08-2022;Брянская область;165_195_days;SputnikV;5;0;0;0;4;0;0;0;9;0;0;0;697;20;1;0;504;53;9;7;1201;73;10;7
2022.07_16-08-2022;Брянская область;21_45_days;AllVaccines;3;0;0;0;5;1;0;0;8;1;0;0;697;20;1;0;504;53;9;7;1201;73;10;7
2022.07_16-08-2022;Брянская область;21_45_days;SputnikLite;0;0;0;0;2;0;0;0;2;0;0;0;697;20;1;0;504;53;9;7;1201;73;10;7
2022.07_16-08-2022;Брянская область;21_45_days;SputnikV;3;0;0;0;3;1;0;0;6;1;0;0;697;20;1;0;504;53;9;7;1201;73;10;7
2022.07_16-08-2022;Брянская область;45_75_days;AllVaccines;6;0;0;0;11;1;0;0;17;1;0;0;697;20;1;0;504;53;9;7;1201;73;10;7
2022.07_16-08-2022;Брянская область;45_75_days;CoviVac;1;0;0;0;0;0;0;0;1;0;0;0;697;20;1;0;504;53;9;7;1201;73;10;7
2022.07_16-08-2022;Брянская область;45_75_days;SputnikLite;1;0;0;0;2;0;0;0;3;0;0;0;697;20;1;0;504;53;9;7;1201;73;10;7
2022.07_16-08-2022;Брянская область;45_75_days;SputnikV;4;0;0;0;9;1;0;0;13;1;0;0;697;20;1;0;504;53;9;7;1201;73;10;7
2022.07_16-08-2022;Брянская область;75_90_days;AllVaccines;2;0;0;0;0;0;0;0;2;0;0;0;697;20;1;0;504;53;9;7;1201;73;10;7
2022.07_16-08-2022;Брянская область;75_90_days;SputnikV;2;0;0;0;0;0;0;0;2;0;0;0;697;20;1;0;504;53;9;7;1201;73;10;7
2022.07_16-08-2022;Брянская область;90_105_days;AllVaccines;3;0;0;0;3;1;1;1;6;1;1;1;697;20;1;0;504;53;9;7;1201;73;10;7
2022.07_16-08-2022;Брянская область;90_105_days;CoviVac;0;0;0;0;1;0;0;0;1;0;0;0;697;20;1;0;504;53;9;7;1201;73;10;7
2022.07_16-08-2022;Брянская область;90_105_days;EpiVacCorona;1;0;0;0;0;0;0;0;1;0;0;0;697;20;1;0;504;53;9;7;1201;73;10;7
2022.07_16-08-2022;Брянская область;90_105_days;SputnikLite;0;0;0;0;2;1;1;1;2;1;1;1;697;20;1;0;504;53;9;7;1201;73;10;7
2022.07_16-08-2022;Брянская область;90_105_days;SputnikV;2;0;0;0;0;0;0;0;2;0;0;0;697;20;1;0;504;53;9;7;1201;73;10;7
2022.07_16-08-2022;Владимирская область;105_165_days;AllVaccines;24;0;0;0;11;0;0;0;35;0;0;0;752;25;2;1;478;84;11;13;1230;109;13;14
2022.07_16-08-2022;Владимирская область;105_165_days;CoviVac;1;0;0;0;0;0;0;0;1;0;0;0;752;25;2;1;478;84;11;13;1230;109;13;14
2022.07_16-08-2022;Владимирская область;105_165_days;SputnikLite;9;0;0;0;4;0;0;0;13;0;0;0;752;25;2;1;478;84;11;13;1230;109;13;14
2022.07_16-08-2022;Владимирская область;105_165_days;SputnikV;14;0;0;0;7;0;0;0;21;0;0;0;752;25;2;1;478;84;11;13;1230;109;13;14
2022.07_16-08-2022;Владимирская область;165_195_days;AllVaccines;25;0;0;0;21;3;0;0;46;3;0;0;752;25;2;1;478;84;11;13;1230;109;13;14
2022.07_16-08-2022;Владимирская область;165_195_days;SputnikLite;18;0;0;0;18;2;0;0;36;2;0;0;752;25;2;1;478;84;11;13;1230;109;13;14
2022.07_16-08-2022;Владимирская область;165_195_days;SputnikV;7;0;0;0;3;1;0;0;10;1;0;0;752;25;2;1;478;84;11;13;1230;109;13;14
2022.07_16-08-2022;Владимирская область;21_45_days;AllVaccines;4;0;0;0;3;0;0;0;7;0;0;0;752;25;2;1;478;84;11;13;1230;109;13;14
2022.07_16-08-2022;Владимирская область;21_45_days;CoviVac;1;0;0;0;0;0;0;0;1;0;0;0;752;25;2;1;478;84;11;13;1230;109;13;14
2022.07_16-08-2022;Владимирская область;21_45_days;EpiVacCorona;2;0;0;0;0;0;0;0;2;0;0;0;752;25;2;1;478;84;11;13;1230;109;13;14
2022.07_16-08-2022;Владимирская область;21_45_days;SputnikV;1;0;0;0;3;0;0;0;4;0;0;0;752;25;2;1;478;84;11;13;1230;109;13;14
2022.07_16-08-2022;Владимирская область;45_75_days;AllVaccines;0;0;0;0;2;0;0;0;2;0;0;0;752;25;2;1;478;84;11;13;1230;109;13;14
2022.07_16-08-2022;Владимирская область;45_75_days;SputnikV;0;0;0;0;2;0;0;0;2;0;0;0;752;25;2;1;478;84;11;13;1230;109;13;14
2022.07_16-08-2022;Владимирская область;75_90_days;AllVaccines;2;0;0;0;0;0;0;0;2;0;0;0;752;25;2;1;478;84;11;13;1230;109;13;14
2022.07_16-08-2022;Владимирская область;75_90_days;SputnikV;2;0;0;0;0;0;0;0;2;0;0;0;752;25;2;1;478;84;11;13;1230;109;13;14
2022.07_16-08-2022;Владимирская область;90_105_days;AllVaccines;0;0;0;0;1;1;0;0;1;1;0;0;752;25;2;1;478;84;11;13;1230;109;13;14
2022.07_16-08-2022;Владимирская область;90_105_days;SputnikLite;0;0;0;0;1;1;0;0;1;1;0;0;752;25;2;1;478;84;11;13;1230;109;13;14
2022.07_16-08-2022;Волгоградская область;105_165_days;AllVaccines;215;16;5;2;91;23;4;0;306;39;9;2;3351;269;40;5;1691;453;95;37;5042;722;135;42
2022.07_16-08-2022;Волгоградская область;105_165_days;CoviVac;7;0;0;0;2;0;0;0;9;0;0;0;3351;269;40;5;1691;453;95;37;5042;722;135;42
2022.07_16-08-2022;Волгоградская область;105_165_days;EpiVacCorona;13;0;0;0;4;0;0;0;17;0;0;0;3351;269;40;5;1691;453;95;37;5042;722;135;42
2022.07_16-08-2022;Волгоградская область;105_165_days;SputnikLite;109;6;2;1;34;8;1;0;143;14;3;1;3351;269;40;5;1691;453;95;37;5042;722;135;42
2022.07_16-08-2022;Волгоградская область;105_165_days;SputnikV;86;10;3;1;51;15;3;0;137;25;6;1;3351;269;40;5;1691;453;95;37;5042;722;135;42
2022.07_16-08-2022;Волгоградская область;165_195_days;AllVaccines;180;7;1;1;88;26;3;1;268;33;4;2;3351;269;40;5;1691;453;95;37;5042;722;135;42
2022.07_16-08-2022;Волгоградская область;165_195_days;CoviVac;3;0;0;0;1;1;0;0;4;1;0;0;3351;269;40;5;1691;453;95;37;5042;722;135;42
2022.07_16-08-2022;Волгоградская область;165_195_days;EpiVacCorona;3;1;0;0;5;1;0;0;8;2;0;0;3351;269;40;5;1691;453;95;37;5042;722;135;42
2022.07_16-08-2022;Волгоградская область;165_195_days;SputnikLite;126;5;1;1;61;11;2;1;187;16;3;2;3351;269;40;5;1691;453;95;37;5042;722;135;42
2022.07_16-08-2022;Волгоградская область;165_195_days;SputnikV;48;1;0;0;21;13;1;0;69;14;1;0;3351;269;40;5;1691;453;95;37;5042;722;135;42
2022.07_16-08-2022;Волгоградская область;21_45_days;AllVaccines;24;2;1;0;20;4;0;0;44;6;1;0;3351;269;40;5;1691;453;95;37;5042;722;135;42
2022.07_16-08-2022;Волгоградская область;21_45_days;CoviVac;1;0;0;0;0;0;0;0;1;0;0;0;3351;269;40;5;1691;453;95;37;5042;722;135;42
2022.07_16-08-2022;Волгоградская область;21_45_days;EpiVacCorona;3;0;0;0;4;0;0;0;7;0;0;0;3351;269;40;5;1691;453;95;37;5042;722;135;42
2022.07_16-08-2022;Волгоградская область;21_45_days;SputnikLite;8;2;1;0;4;1;0;0;12;3;1;0;3351;269;40;5;1691;453;95;37;5042;722;135;42
2022.07_16-08-2022;Волгоградская область;21_45_days;SputnikV;12;0;0;0;12;3;0;0;24;3;0;0;3351;269;40;5;1691;453;95;37;5042;722;135;42
2022.07_16-08-2022;Волгоградская область;45_75_days;AllVaccines;26;1;1;0;17;2;0;0;43;3;1;0;3351;269;40;5;1691;453;95;37;5042;722;135;42
2022.07_16-08-2022;Волгоградская область;45_75_days;CoviVac;7;1;1;0;0;0;0;0;7;1;1;0;3351;269;40;5;1691;453;95;37;5042;722;135;42
2022.07_16-08-2022;Волгоградская область;45_75_days;EpiVacCorona;1;0;0;0;1;0;0;0;2;0;0;0;3351;269;40;5;1691;453;95;37;5042;722;135;42
2022.07_16-08-2022;Волгоградская область;45_75_days;SputnikLite;1;0;0;0;1;0;0;0;2;0;0;0;3351;269;40;5;1691;453;95;37;5042;722;135;42
2022.07_16-08-2022;Волгоградская область;45_75_days;SputnikV;17;0;0;0;15;2;0;0;32;2;0;0;3351;269;40;5;1691;453;95;37;5042;722;135;42
2022.07_16-08-2022;Волгоградская область;75_90_days;AllVaccines;12;1;0;0;16;1;0;0;28;2;0;0;3351;269;40;5;1691;453;95;37;5042;722;135;42
2022.07_16-08-2022;Волгоградская область;75_90_days;CoviVac;1;0;0;0;4;0;0;0;5;0;0;0;3351;269;40;5;1691;453;95;37;5042;722;135;42
2022.07_16-08-2022;Волгоградская область;75_90_days;SputnikLite;3;0;0;0;3;0;0;0;6;0;0;0;3351;269;40;5;1691;453;95;37;5042;722;135;42
2022.07_16-08-2022;Волгоградская область;75_90_days;SputnikV;8;1;0;0;9;1;0;0;17;2;0;0;3351;269;40;5;1691;453;95;37;5042;722;135;42
2022.07_16-08-2022;Волгоградская область;90_105_days;AllVaccines;19;2;0;0;7;2;0;0;26;4;0;0;3351;269;40;5;1691;453;95;37;5042;722;135;42
2022.07_16-08-2022;Волгоградская область;90_105_days;CoviVac;2;0;0;0;0;0;0;0;2;0;0;0;3351;269;40;5;1691;453;95;37;5042;722;135;42
2022.07_16-08-2022;Волгоградская область;90_105_days;EpiVacCorona;1;0;0;0;0;0;0;0;1;0;0;0;3351;269;40;5;1691;453;95;37;5042;722;135;42
2022.07_16-08-2022;Волгоградская область;90_105_days;SputnikLite;5;1;0;0;2;0;0;0;7;1;0;0;3351;269;40;5;1691;453;95;37;5042;722;135;42
2022.07_16-08-2022;Волгоградская область;90_105_days;SputnikV;11;1;0;0;5;2;0;0;16;3;0;0;3351;269;40;5;1691;453;95;37;5042;722;135;42
2022.07_16-08-2022;Вологодская область;105_165_days;AllVaccines;40;4;2;1;15;4;0;0;55;8;2;1;912;58;10;5;449;103;22;11;1361;161;32;16
2022.07_16-08-2022;Вологодская область;105_165_days;CoviVac;1;0;0;0;0;0;0;0;1;0;0;0;912;58;10;5;449;103;22;11;1361;161;32;16
2022.07_16-08-2022;Вологодская область;105_165_days;EpiVacCorona;0;0;0;0;1;0;0;0;1;0;0;0;912;58;10;5;449;103;22;11;1361;161;32;16
2022.07_16-08-2022;Вологодская область;105_165_days;SputnikLite;13;1;1;0;3;0;0;0;16;1;1;0;912;58;10;5;449;103;22;11;1361;161;32;16
2022.07_16-08-2022;Вологодская область;105_165_days;SputnikV;26;3;1;1;11;4;0;0;37;7;1;1;912;58;10;5;449;103;22;11;1361;161;32;16
2022.07_16-08-2022;Вологодская область;165_195_days;AllVaccines;40;4;0;0;14;1;0;0;54;5;0;0;912;58;10;5;449;103;22;11;1361;161;32;16
2022.07_16-08-2022;Вологодская область;165_195_days;EpiVacCorona;2;1;0;0;0;0;0;0;2;1;0;0;912;58;10;5;449;103;22;11;1361;161;32;16
2022.07_16-08-2022;Вологодская область;165_195_days;SputnikLite;22;0;0;0;10;0;0;0;32;0;0;0;912;58;10;5;449;103;22;11;1361;161;32;16
2022.07_16-08-2022;Вологодская область;165_195_days;SputnikV;16;3;0;0;4;1;0;0;20;4;0;0;912;58;10;5;449;103;22;11;1361;161;32;16
2022.07_16-08-2022;Вологодская область;21_45_days;AllVaccines;2;1;0;0;1;0;0;0;3;1;0;0;912;58;10;5;449;103;22;11;1361;161;32;16
2022.07_16-08-2022;Вологодская область;21_45_days;SputnikV;2;1;0;0;1;0;0;0;3;1;0;0;912;58;10;5;449;103;22;11;1361;161;32;16
2022.07_16-08-2022;Вологодская область;45_75_days;AllVaccines;2;0;0;0;5;2;1;0;7;2;1;0;912;58;10;5;449;103;22;11;1361;161;32;16
2022.07_16-08-2022;Вологодская область;45_75_days;SputnikV;2;0;0;0;5;2;1;0;7;2;1;0;912;58;10;5;449;103;22;11;1361;161;32;16
2022.07_16-08-2022;Вологодская область;75_90_days;AllVaccines;2;0;0;0;2;1;1;0;4;1;1;0;912;58;10;5;449;103;22;11;1361;161;32;16
2022.07_16-08-2022;Вологодская область;75_90_days;SputnikV;2;0;0;0;2;1;1;0;4;1;1;0;912;58;10;5;449;103;22;11;1361;161;32;16
2022.07_16-08-2022;Вологодская область;90_105_days;AllVaccines;6;1;1;0;1;0;0;0;7;1;1;0;912;58;10;5;449;103;22;11;1361;161;32;16
2022.07_16-08-2022;Вологодская область;90_105_days;CoviVac;1;0;0;0;0;0;0;0;1;0;0;0;912;58;10;5;449;103;22;11;1361;161;32;16
2022.07_16-08-2022;Вологодская область;90_105_days;SputnikLite;1;0;0;0;0;0;0;0;1;0;0;0;912;58;10;5;449;103;22;11;1361;161;32;16
2022.07_16-08-2022;Вологодская область;90_105_days;SputnikV;4;1;1;0;1;0;0;0;5;1;1;0;912;58;10;5;449;103;22;11;1361;161;32;16
2022.07_16-08-2022;Воронежская область;105_165_days;AllVaccines;87;5;0;0;64;10;2;1;151;15;2;1;2378;145;23;5;1245;258;35;20;3623;403;58;25
2022.07_16-08-2022;Воронежская область;105_165_days;CoviVac;3;0;0;0;1;0;0;0;4;0;0;0;2378;145;23;5;1245;258;35;20;3623;403;58;25
2022.07_16-08-2022;Воронежская область;105_165_days;EpiVacCorona;3;0;0;0;5;0;0;0;8;0;0;0;2378;145;23;5;1245;258;35;20;3623;403;58;25
2022.07_16-08-2022;Воронежская область;105_165_days;SputnikLite;45;1;0;0;31;8;1;1;76;9;1;1;2378;145;23;5;1245;258;35;20;3623;403;58;25
2022.07_16-08-2022;Воронежская область;105_165_days;SputnikV;36;4;0;0;27;2;1;0;63;6;1;0;2378;145;23;5;1245;258;35;20;3623;403;58;25
2022.07_16-08-2022;Воронежская область;165_195_days;AllVaccines;79;7;0;0;69;13;3;0;148;20;3;0;2378;145;23;5;1245;258;35;20;3623;403;58;25
2022.07_16-08-2022;Воронежская область;165_195_days;CoviVac;1;0;0;0;0;0;0;0;1;0;0;0;2378;145;23;5;1245;258;35;20;3623;403;58;25
2022.07_16-08-2022;Воронежская область;165_195_days;EpiVacCorona;3;1;0;0;3;0;0;0;6;1;0;0;2378;145;23;5;1245;258;35;20;3623;403;58;25
2022.07_16-08-2022;Воронежская область;165_195_days;SputnikLite;60;5;0;0;50;9;2;0;110;14;2;0;2378;145;23;5;1245;258;35;20;3623;403;58;25
2022.07_16-08-2022;Воронежская область;165_195_days;SputnikV;15;1;0;0;16;4;1;0;31;5;1;0;2378;145;23;5;1245;258;35;20;3623;403;58;25
2022.07_16-08-2022;Воронежская область;21_45_days;AllVaccines;26;2;0;0;11;2;0;0;37;4;0;0;2378;145;23;5;1245;258;35;20;3623;403;58;25
2022.07_16-08-2022;Воронежская область;21_45_days;EpiVacCorona;2;0;0;0;0;0;0;0;2;0;0;0;2378;145;23;5;1245;258;35;20;3623;403;58;25
2022.07_16-08-2022;Воронежская область;21_45_days;SputnikLite;2;0;0;0;1;0;0;0;3;0;0;0;2378;145;23;5;1245;258;35;20;3623;403;58;25
2022.07_16-08-2022;Воронежская область;21_45_days;SputnikV;22;2;0;0;10;2;0;0;32;4;0;0;2378;145;23;5;1245;258;35;20;3623;403;58;25
2022.07_16-08-2022;Воронежская область;45_75_days;AllVaccines;12;0;0;0;14;3;1;1;26;3;1;1;2378;145;23;5;1245;258;35;20;3623;403;58;25
2022.07_16-08-2022;Воронежская область;45_75_days;EpiVacCorona;1;0;0;0;0;0;0;0;1;0;0;0;2378;145;23;5;1245;258;35;20;3623;403;58;25
2022.07_16-08-2022;Воронежская область;45_75_days;SputnikLite;1;0;0;0;3;0;0;0;4;0;0;0;2378;145;23;5;1245;258;35;20;3623;403;58;25
2022.07_16-08-2022;Воронежская область;45_75_days;SputnikV;10;0;0;0;11;3;1;1;21;3;1;1;2378;145;23;5;1245;258;35;20;3623;403;58;25
2022.07_16-08-2022;Воронежская область;75_90_days;AllVaccines;14;0;0;0;11;3;1;0;25;3;1;0;2378;145;23;5;1245;258;35;20;3623;403;58;25
2022.07_16-08-2022;Воронежская область;75_90_days;EpiVacCorona;4;0;0;0;1;0;0;0;5;0;0;0;2378;145;23;5;1245;258;35;20;3623;403;58;25
2022.07_16-08-2022;Воронежская область;75_90_days;SputnikLite;2;0;0;0;2;1;0;0;4;1;0;0;2378;145;23;5;1245;258;35;20;3623;403;58;25
2022.07_16-08-2022;Воронежская область;75_90_days;SputnikV;8;0;0;0;8;2;1;0;16;2;1;0;2378;145;23;5;1245;258;35;20;3623;403;58;25
2022.07_16-08-2022;Воронежская область;90_105_days;AllVaccines;8;0;0;0;8;1;0;0;16;1;0;0;2378;145;23;5;1245;258;35;20;3623;403;58;25
2022.07_16-08-2022;Воронежская область;90_105_days;EpiVacCorona;0;0;0;0;1;0;0;0;1;0;0;0;2378;145;23;5;1245;258;35;20;3623;403;58;25
2022.07_16-08-2022;Воронежская область;90_105_days;SputnikLite;4;0;0;0;1;0;0;0;5;0;0;0;2378;145;23;5;1245;258;35;20;3623;403;58;25
2022.07_16-08-2022;Воронежская область;90_105_days;SputnikV;4;0;0;0;6;1;0;0;10;1;0;0;2378;145;23;5;1245;258;35;20;3623;403;58;25
2022.07_16-08-2022;Еврейская автономная область;105_165_days;AllVaccines;2;1;0;0;2;0;0;0;4;1;0;0;95;29;0;4;84;48;0;13;179;77;0;17
2022.07_16-08-2022;Еврейская автономная область;105_165_days;EpiVacCorona;1;1;0;0;0;0;0;0;1;1;0;0;95;29;0;4;84;48;0;13;179;77;0;17
2022.07_16-08-2022;Еврейская автономная область;105_165_days;SputnikLite;1;0;0;0;2;0;0;0;3;0;0;0;95;29;0;4;84;48;0;13;179;77;0;17
2022.07_16-08-2022;Еврейская автономная область;165_195_days;AllVaccines;7;2;0;0;0;0;0;0;7;2;0;0;95;29;0;4;84;48;0;13;179;77;0;17
2022.07_16-08-2022;Еврейская автономная область;165_195_days;CoviVac;1;1;0;0;0;0;0;0;1;1;0;0;95;29;0;4;84;48;0;13;179;77;0;17
2022.07_16-08-2022;Еврейская автономная область;165_195_days;EpiVacCorona;1;0;0;0;0;0;0;0;1;0;0;0;95;29;0;4;84;48;0;13;179;77;0;17
2022.07_16-08-2022;Еврейская автономная область;165_195_days;SputnikLite;5;1;0;0;0;0;0;0;5;1;0;0;95;29;0;4;84;48;0;13;179;77;0;17
2022.07_16-08-2022;Еврейская автономная область;21_45_days;AllVaccines;2;0;0;0;1;0;0;0;3;0;0;0;95;29;0;4;84;48;0;13;179;77;0;17
2022.07_16-08-2022;Еврейская автономная область;21_45_days;EpiVacCorona;0;0;0;0;1;0;0;0;1;0;0;0;95;29;0;4;84;48;0;13;179;77;0;17
2022.07_16-08-2022;Еврейская автономная область;21_45_days;SputnikV;2;0;0;0;0;0;0;0;2;0;0;0;95;29;0;4;84;48;0;13;179;77;0;17
2022.07_16-08-2022;Еврейская автономная область;45_75_days;AllVaccines;0;0;0;0;2;0;0;0;2;0;0;0;95;29;0;4;84;48;0;13;179;77;0;17
2022.07_16-08-2022;Еврейская автономная область;45_75_days;SputnikV;0;0;0;0;2;0;0;0;2;0;0;0;95;29;0;4;84;48;0;13;179;77;0;17
2022.07_16-08-2022;Еврейская автономная область;90_105_days;AllVaccines;0;0;0;0;2;2;0;0;2;2;0;0;95;29;0;4;84;48;0;13;179;77;0;17
2022.07_16-08-2022;Еврейская автономная область;90_105_days;SputnikV;0;0;0;0;2;2;0;0;2;2;0;0;95;29;0;4;84;48;0;13;179;77;0;17
2022.07_16-08-2022;Забайкальский край;105_165_days;AllVaccines;19;4;2;0;6;1;0;0;25;5;2;0;338;132;14;3;142;64;6;2;480;196;20;5
2022.07_16-08-2022;Забайкальский край;105_165_days;CoviVac;2;0;0;0;0;0;0;0;2;0;0;0;338;132;14;3;142;64;6;2;480;196;20;5
2022.07_16-08-2022;Забайкальский край;105_165_days;EpiVacCorona;2;0;0;0;2;0;0;0;4;0;0;0;338;132;14;3;142;64;6;2;480;196;20;5
2022.07_16-08-2022;Забайкальский край;105_165_days;SputnikLite;3;1;1;0;1;0;0;0;4;1;1;0;338;132;14;3;142;64;6;2;480;196;20;5
2022.07_16-08-2022;Забайкальский край;105_165_days;SputnikV;12;3;1;0;3;1;0;0;15;4;1;0;338;132;14;3;142;64;6;2;480;196;20;5
2022.07_16-08-2022;Забайкальский край;165_195_days;AllVaccines;22;10;1;0;4;0;0;0;26;10;1;0;338;132;14;3;142;64;6;2;480;196;20;5
2022.07_16-08-2022;Забайкальский край;165_195_days;EpiVacCorona;1;0;0;0;0;0;0;0;1;0;0;0;338;132;14;3;142;64;6;2;480;196;20;5
2022.07_16-08-2022;Забайкальский край;165_195_days;SputnikLite;14;5;0;0;3;0;0;0;17;5;0;0;338;132;14;3;142;64;6;2;480;196;20;5
2022.07_16-08-2022;Забайкальский край;165_195_days;SputnikV;7;5;1;0;1;0;0;0;8;5;1;0;338;132;14;3;142;64;6;2;480;196;20;5
2022.07_16-08-2022;Забайкальский край;21_45_days;AllVaccines;3;1;0;0;2;1;0;0;5;2;0;0;338;132;14;3;142;64;6;2;480;196;20;5
2022.07_16-08-2022;Забайкальский край;21_45_days;SputnikV;3;1;0;0;2;1;0;0;5;2;0;0;338;132;14;3;142;64;6;2;480;196;20;5
2022.07_16-08-2022;Забайкальский край;45_75_days;AllVaccines;1;0;0;0;2;0;0;0;3;0;0;0;338;132;14;3;142;64;6;2;480;196;20;5
2022.07_16-08-2022;Забайкальский край;45_75_days;SputnikV;1;0;0;0;2;0;0;0;3;0;0;0;338;132;14;3;142;64;6;2;480;196;20;5
2022.07_16-08-2022;Забайкальский край;75_90_days;AllVaccines;5;1;0;0;2;0;0;0;7;1;0;0;338;132;14;3;142;64;6;2;480;196;20;5
2022.07_16-08-2022;Забайкальский край;75_90_days;EpiVacCorona;2;0;0;0;0;0;0;0;2;0;0;0;338;132;14;3;142;64;6;2;480;196;20;5
2022.07_16-08-2022;Забайкальский край;75_90_days;SputnikLite;1;0;0;0;0;0;0;0;1;0;0;0;338;132;14;3;142;64;6;2;480;196;20;5
2022.07_16-08-2022;Забайкальский край;75_90_days;SputnikV;2;1;0;0;2;0;0;0;4;1;0;0;338;132;14;3;142;64;6;2;480;196;20;5
2022.07_16-08-2022;Забайкальский край;90_105_days;AllVaccines;0;0;0;0;3;0;0;0;3;0;0;0;338;132;14;3;142;64;6;2;480;196;20;5
2022.07_16-08-2022;Забайкальский край;90_105_days;SputnikLite;0;0;0;0;2;0;0;0;2;0;0;0;338;132;14;3;142;64;6;2;480;196;20;5
2022.07_16-08-2022;Забайкальский край;90_105_days;SputnikV;0;0;0;0;1;0;0;0;1;0;0;0;338;132;14;3;142;64;6;2;480;196;20;5
2022.07_16-08-2022;Ивановская область;105_165_days;AllVaccines;22;0;0;0;19;4;0;0;41;4;0;0;899;28;0;5;539;95;0;11;1438;123;0;16
2022.07_16-08-2022;Ивановская область;105_165_days;EpiVacCorona;2;0;0;0;3;1;0;0;5;1;0;0;899;28;0;5;539;95;0;11;1438;123;0;16
2022.07_16-08-2022;Ивановская область;105_165_days;SputnikLite;8;0;0;0;7;0;0;0;15;0;0;0;899;28;0;5;539;95;0;11;1438;123;0;16
2022.07_16-08-2022;Ивановская область;105_165_days;SputnikV;12;0;0;0;9;3;0;0;21;3;0;0;899;28;0;5;539;95;0;11;1438;123;0;16
2022.07_16-08-2022;Ивановская область;165_195_days;AllVaccines;25;0;0;0;19;2;0;0;44;2;0;0;899;28;0;5;539;95;0;11;1438;123;0;16
2022.07_16-08-2022;Ивановская область;165_195_days;EpiVacCorona;0;0;0;0;1;0;0;0;1;0;0;0;899;28;0;5;539;95;0;11;1438;123;0;16
2022.07_16-08-2022;Ивановская область;165_195_days;SputnikLite;21;0;0;0;14;1;0;0;35;1;0;0;899;28;0;5;539;95;0;11;1438;123;0;16
2022.07_16-08-2022;Ивановская область;165_195_days;SputnikV;4;0;0;0;4;1;0;0;8;1;0;0;899;28;0;5;539;95;0;11;1438;123;0;16
2022.07_16-08-2022;Ивановская область;21_45_days;AllVaccines;1;0;0;0;5;0;0;0;6;0;0;0;899;28;0;5;539;95;0;11;1438;123;0;16
2022.07_16-08-2022;Ивановская область;21_45_days;CoviVac;0;0;0;0;1;0;0;0;1;0;0;0;899;28;0;5;539;95;0;11;1438;123;0;16
2022.07_16-08-2022;Ивановская область;21_45_days;SputnikLite;0;0;0;0;3;0;0;0;3;0;0;0;899;28;0;5;539;95;0;11;1438;123;0;16
2022.07_16-08-2022;Ивановская область;21_45_days;SputnikV;1;0;0;0;1;0;0;0;2;0;0;0;899;28;0;5;539;95;0;11;1438;123;0;16
2022.07_16-08-2022;Ивановская область;45_75_days;AllVaccines;6;0;0;0;4;1;0;0;10;1;0;0;899;28;0;5;539;95;0;11;1438;123;0;16
2022.07_16-08-2022;Ивановская область;45_75_days;EpiVacCorona;2;0;0;0;1;1;0;0;3;1;0;0;899;28;0;5;539;95;0;11;1438;123;0;16
2022.07_16-08-2022;Ивановская область;45_75_days;SputnikLite;1;0;0;0;0;0;0;0;1;0;0;0;899;28;0;5;539;95;0;11;1438;123;0;16
2022.07_16-08-2022;Ивановская область;45_75_days;SputnikV;3;0;0;0;3;0;0;0;6;0;0;0;899;28;0;5;539;95;0;11;1438;123;0;16
2022.07_16-08-2022;Ивановская область;75_90_days;AllVaccines;2;0;0;0;3;1;0;0;5;1;0;0;899;28;0;5;539;95;0;11;1438;123;0;16
2022.07_16-08-2022;Ивановская область;75_90_days;SputnikV;2;0;0;0;3;1;0;0;5;1;0;0;899;28;0;5;539;95;0;11;1438;123;0;16
2022.07_16-08-2022;Ивановская область;90_105_days;AllVaccines;1;0;0;0;3;0;0;0;4;0;0;0;899;28;0;5;539;95;0;11;1438;123;0;16
2022.07_16-08-2022;Ивановская область;90_105_days;SputnikLite;0;0;0;0;1;0;0;0;1;0;0;0;899;28;0;5;539;95;0;11;1438;123;0;16
2022.07_16-08-2022;Ивановская область;90_105_days;SputnikV;1;0;0;0;2;0;0;0;3;0;0;0;899;28;0;5;539;95;0;11;1438;123;0;16
2022.07_16-08-2022;Иркутская область;105_165_days;AllVaccines;88;9;1;0;35;19;4;0;123;28;5;0;1683;295;31;2;939;471;62;15;2622;766;93;17
2022.07_16-08-2022;Иркутская область;105_165_days;CoviVac;3;0;0;0;1;1;1;0;4;1;1;0;1683;295;31;2;939;471;62;15;2622;766;93;17
2022.07_16-08-2022;Иркутская область;105_165_days;EpiVacCorona;0;0;0;0;1;1;1;0;1;1;1;0;1683;295;31;2;939;471;62;15;2622;766;93;17
2022.07_16-08-2022;Иркутская область;105_165_days;SputnikLite;35;2;0;0;17;7;0;0;52;9;0;0;1683;295;31;2;939;471;62;15;2622;766;93;17
2022.07_16-08-2022;Иркутская область;105_165_days;SputnikV;50;7;1;0;16;10;2;0;66;17;3;0;1683;295;31;2;939;471;62;15;2622;766;93;17
2022.07_16-08-2022;Иркутская область;165_195_days;AllVaccines;68;11;1;0;53;17;1;1;121;28;2;1;1683;295;31;2;939;471;62;15;2622;766;93;17
2022.07_16-08-2022;Иркутская область;165_195_days;CoviVac;1;0;0;0;0;0;0;0;1;0;0;0;1683;295;31;2;939;471;62;15;2622;766;93;17
2022.07_16-08-2022;Иркутская область;165_195_days;EpiVacCorona;1;0;0;0;2;2;1;1;3;2;1;1;1683;295;31;2;939;471;62;15;2622;766;93;17
2022.07_16-08-2022;Иркутская область;165_195_days;SputnikLite;40;4;1;0;37;9;0;0;77;13;1;0;1683;295;31;2;939;471;62;15;2622;766;93;17
2022.07_16-08-2022;Иркутская область;165_195_days;SputnikV;26;7;0;0;14;6;0;0;40;13;0;0;1683;295;31;2;939;471;62;15;2622;766;93;17
2022.07_16-08-2022;Иркутская область;21_45_days;AllVaccines;10;3;0;0;4;2;0;0;14;5;0;0;1683;295;31;2;939;471;62;15;2622;766;93;17
2022.07_16-08-2022;Иркутская область;21_45_days;EpiVacCorona;0;0;0;0;1;1;0;0;1;1;0;0;1683;295;31;2;939;471;62;15;2622;766;93;17
2022.07_16-08-2022;Иркутская область;21_45_days;SputnikV;10;3;0;0;3;1;0;0;13;4;0;0;1683;295;31;2;939;471;62;15;2622;766;93;17
2022.07_16-08-2022;Иркутская область;45_75_days;AllVaccines;9;0;0;0;5;1;0;0;14;1;0;0;1683;295;31;2;939;471;62;15;2622;766;93;17
2022.07_16-08-2022;Иркутская область;45_75_days;CoviVac;1;0;0;0;0;0;0;0;1;0;0;0;1683;295;31;2;939;471;62;15;2622;766;93;17
2022.07_16-08-2022;Иркутская область;45_75_days;SputnikLite;1;0;0;0;2;0;0;0;3;0;0;0;1683;295;31;2;939;471;62;15;2622;766;93;17
2022.07_16-08-2022;Иркутская область;45_75_days;SputnikV;7;0;0;0;3;1;0;0;10;1;0;0;1683;295;31;2;939;471;62;15;2622;766;93;17
2022.07_16-08-2022;Иркутская область;75_90_days;AllVaccines;3;0;0;0;1;1;0;0;4;1;0;0;1683;295;31;2;939;471;62;15;2622;766;93;17
2022.07_16-08-2022;Иркутская область;75_90_days;SputnikLite;1;0;0;0;0;0;0;0;1;0;0;0;1683;295;31;2;939;471;62;15;2622;766;93;17
2022.07_16-08-2022;Иркутская область;75_90_days;SputnikV;2;0;0;0;1;1;0;0;3;1;0;0;1683;295;31;2;939;471;62;15;2622;766;93;17
2022.07_16-08-2022;Иркутская область;90_105_days;AllVaccines;5;0;0;0;6;1;0;0;11;1;0;0;1683;295;31;2;939;471;62;15;2622;766;93;17
2022.07_16-08-2022;Иркутская область;90_105_days;SputnikLite;0;0;0;0;2;0;0;0;2;0;0;0;1683;295;31;2;939;471;62;15;2622;766;93;17
2022.07_16-08-2022;Иркутская область;90_105_days;SputnikV;5;0;0;0;4;1;0;0;9;1;0;0;1683;295;31;2;939;471;62;15;2622;766;93;17
2022.07_16-08-2022;Кабардино-Балкарская Республика;105_165_days;AllVaccines;25;0;0;0;12;0;0;0;37;0;0;0;560;39;3;0;297;26;14;4;857;65;17;4
2022.07_16-08-2022;Кабардино-Балкарская Республика;105_165_days;CoviVac;0;0;0;0;1;0;0;0;1;0;0;0;560;39;3;0;297;26;14;4;857;65;17;4
2022.07_16-08-2022;Кабардино-Балкарская Республика;105_165_days;EpiVacCorona;1;0;0;0;1;0;0;0;2;0;0;0;560;39;3;0;297;26;14;4;857;65;17;4
2022.07_16-08-2022;Кабардино-Балкарская Республика;105_165_days;SputnikLite;12;0;0;0;3;0;0;0;15;0;0;0;560;39;3;0;297;26;14;4;857;65;17;4
2022.07_16-08-2022;Кабардино-Балкарская Республика;105_165_days;SputnikV;12;0;0;0;7;0;0;0;19;0;0;0;560;39;3;0;297;26;14;4;857;65;17;4
2022.07_16-08-2022;Кабардино-Балкарская Республика;165_195_days;AllVaccines;26;2;0;0;15;0;0;0;41;2;0;0;560;39;3;0;297;26;14;4;857;65;17;4
2022.07_16-08-2022;Кабардино-Балкарская Республика;165_195_days;EpiVacCorona;6;0;0;0;2;0;0;0;8;0;0;0;560;39;3;0;297;26;14;4;857;65;17;4
2022.07_16-08-2022;Кабардино-Балкарская Республика;165_195_days;SputnikLite;12;1;0;0;10;0;0;0;22;1;0;0;560;39;3;0;297;26;14;4;857;65;17;4
2022.07_16-08-2022;Кабардино-Балкарская Республика;165_195_days;SputnikV;8;1;0;0;3;0;0;0;11;1;0;0;560;39;3;0;297;26;14;4;857;65;17;4
2022.07_16-08-2022;Кабардино-Балкарская Республика;21_45_days;AllVaccines;6;0;0;0;7;0;0;0;13;0;0;0;560;39;3;0;297;26;14;4;857;65;17;4
2022.07_16-08-2022;Кабардино-Балкарская Республика;21_45_days;CoviVac;2;0;0;0;3;0;0;0;5;0;0;0;560;39;3;0;297;26;14;4;857;65;17;4
2022.07_16-08-2022;Кабардино-Балкарская Республика;21_45_days;EpiVacCorona;1;0;0;0;1;0;0;0;2;0;0;0;560;39;3;0;297;26;14;4;857;65;17;4
2022.07_16-08-2022;Кабардино-Балкарская Республика;21_45_days;SputnikV;3;0;0;0;3;0;0;0;6;0;0;0;560;39;3;0;297;26;14;4;857;65;17;4
2022.07_16-08-2022;Кабардино-Балкарская Республика;45_75_days;AllVaccines;1;0;0;0;2;1;1;1;3;1;1;1;560;39;3;0;297;26;14;4;857;65;17;4
2022.07_16-08-2022;Кабардино-Балкарская Республика;45_75_days;CoviVac;0;0;0;0;1;0;0;0;1;0;0;0;560;39;3;0;297;26;14;4;857;65;17;4
2022.07_16-08-2022;Кабардино-Балкарская Республика;45_75_days;EpiVacCorona;1;0;0;0;0;0;0;0;1;0;0;0;560;39;3;0;297;26;14;4;857;65;17;4
2022.07_16-08-2022;Кабардино-Балкарская Республика;45_75_days;SputnikV;0;0;0;0;1;1;1;1;1;1;1;1;560;39;3;0;297;26;14;4;857;65;17;4
2022.07_16-08-2022;Кабардино-Балкарская Республика;75_90_days;AllVaccines;2;0;0;0;1;0;0;0;3;0;0;0;560;39;3;0;297;26;14;4;857;65;17;4
2022.07_16-08-2022;Кабардино-Балкарская Республика;75_90_days;SputnikLite;0;0;0;0;1;0;0;0;1;0;0;0;560;39;3;0;297;26;14;4;857;65;17;4
2022.07_16-08-2022;Кабардино-Балкарская Республика;75_90_days;SputnikV;2;0;0;0;0;0;0;0;2;0;0;0;560;39;3;0;297;26;14;4;857;65;17;4
2022.07_16-08-2022;Кабардино-Балкарская Республика;90_105_days;AllVaccines;2;0;0;0;0;0;0;0;2;0;0;0;560;39;3;0;297;26;14;4;857;65;17;4
2022.07_16-08-2022;Кабардино-Балкарская Республика;90_105_days;SputnikLite;1;0;0;0;0;0;0;0;1;0;0;0;560;39;3;0;297;26;14;4;857;65;17;4
2022.07_16-08-2022;Кабардино-Балкарская Республика;90_105_days;SputnikV;1;0;0;0;0;0;0;0;1;0;0;0;560;39;3;0;297;26;14;4;857;65;17;4
2022.07_16-08-2022;Калининградская область;105_165_days;AllVaccines;31;0;0;0;20;4;0;0;51;4;0;0;854;102;2;0;450;132;14;12;1304;234;16;12
2022.07_16-08-2022;Калининградская область;105_165_days;CoviVac;1;0;0;0;0;0;0;0;1;0;0;0;854;102;2;0;450;132;14;12;1304;234;16;12
2022.07_16-08-2022;Калининградская область;105_165_days;EpiVacCorona;3;0;0;0;1;0;0;0;4;0;0;0;854;102;2;0;450;132;14;12;1304;234;16;12
2022.07_16-08-2022;Калининградская область;105_165_days;SputnikLite;9;0;0;0;9;0;0;0;18;0;0;0;854;102;2;0;450;132;14;12;1304;234;16;12
2022.07_16-08-2022;Калининградская область;105_165_days;SputnikV;18;0;0;0;10;4;0;0;28;4;0;0;854;102;2;0;450;132;14;12;1304;234;16;12
2022.07_16-08-2022;Калининградская область;165_195_days;AllVaccines;21;2;0;0;28;11;1;0;49;13;1;0;854;102;2;0;450;132;14;12;1304;234;16;12
2022.07_16-08-2022;Калининградская область;165_195_days;EpiVacCorona;0;0;0;0;2;2;0;0;2;2;0;0;854;102;2;0;450;132;14;12;1304;234;16;12
2022.07_16-08-2022;Калининградская область;165_195_days;SputnikLite;13;2;0;0;20;5;1;0;33;7;1;0;854;102;2;0;450;132;14;12;1304;234;16;12
2022.07_16-08-2022;Калининградская область;165_195_days;SputnikV;8;0;0;0;6;4;0;0;14;4;0;0;854;102;2;0;450;132;14;12;1304;234;16;12
2022.07_16-08-2022;Калининградская область;21_45_days;AllVaccines;2;0;0;0;4;3;1;1;6;3;1;1;854;102;2;0;450;132;14;12;1304;234;16;12
2022.07_16-08-2022;Калининградская область;21_45_days;CoviVac;1;0;0;0;0;0;0;0;1;0;0;0;854;102;2;0;450;132;14;12;1304;234;16;12
2022.07_16-08-2022;Калининградская область;21_45_days;SputnikLite;0;0;0;0;1;1;0;0;1;1;0;0;854;102;2;0;450;132;14;12;1304;234;16;12
2022.07_16-08-2022;Калининградская область;21_45_days;SputnikV;1;0;0;0;3;2;1;1;4;2;1;1;854;102;2;0;450;132;14;12;1304;234;16;12
2022.07_16-08-2022;Калининградская область;45_75_days;AllVaccines;1;1;0;0;3;0;0;0;4;1;0;0;854;102;2;0;450;132;14;12;1304;234;16;12
2022.07_16-08-2022;Калининградская область;45_75_days;SputnikLite;0;0;0;0;1;0;0;0;1;0;0;0;854;102;2;0;450;132;14;12;1304;234;16;12
2022.07_16-08-2022;Калининградская область;45_75_days;SputnikV;1;1;0;0;2;0;0;0;3;1;0;0;854;102;2;0;450;132;14;12;1304;234;16;12
2022.07_16-08-2022;Калининградская область;75_90_days;AllVaccines;2;1;0;0;4;1;0;0;6;2;0;0;854;102;2;0;450;132;14;12;1304;234;16;12
2022.07_16-08-2022;Калининградская область;75_90_days;SputnikLite;0;0;0;0;1;0;0;0;1;0;0;0;854;102;2;0;450;132;14;12;1304;234;16;12
2022.07_16-08-2022;Калининградская область;75_90_days;SputnikV;2;1;0;0;3;1;0;0;5;2;0;0;854;102;2;0;450;132;14;12;1304;234;16;12
2022.07_16-08-2022;Калининградская область;90_105_days;AllVaccines;2;1;0;0;3;1;0;0;5;2;0;0;854;102;2;0;450;132;14;12;1304;234;16;12
2022.07_16-08-2022;Калининградская область;90_105_days;SputnikLite;1;1;0;0;2;0;0;0;3;1;0;0;854;102;2;0;450;132;14;12;1304;234;16;12
2022.07_16-08-2022;Калининградская область;90_105_days;SputnikV;1;0;0;0;1;1;0;0;2;1;0;0;854;102;2;0;450;132;14;12;1304;234;16;12
2022.07_16-08-2022;Калужская область;105_165_days;AllVaccines;26;1;0;0;16;3;1;1;42;4;1;1;755;58;4;0;447;106;24;13;1202;164;28;13
2022.07_16-08-2022;Калужская область;105_165_days;EpiVacCorona;2;0;0;0;1;0;0;0;3;0;0;0;755;58;4;0;447;106;24;13;1202;164;28;13
2022.07_16-08-2022;Калужская область;105_165_days;SputnikLite;12;0;0;0;7;3;1;1;19;3;1;1;755;58;4;0;447;106;24;13;1202;164;28;13
2022.07_16-08-2022;Калужская область;105_165_days;SputnikV;12;1;0;0;8;0;0;0;20;1;0;0;755;58;4;0;447;106;24;13;1202;164;28;13
2022.07_16-08-2022;Калужская область;165_195_days;AllVaccines;39;1;1;0;15;3;0;0;54;4;1;0;755;58;4;0;447;106;24;13;1202;164;28;13
2022.07_16-08-2022;Калужская область;165_195_days;SputnikLite;21;0;0;0;9;2;0;0;30;2;0;0;755;58;4;0;447;106;24;13;1202;164;28;13
2022.07_16-08-2022;Калужская область;165_195_days;SputnikV;18;1;1;0;6;1;0;0;24;2;1;0;755;58;4;0;447;106;24;13;1202;164;28;13
2022.07_16-08-2022;Калужская область;21_45_days;AllVaccines;3;0;0;0;1;0;0;0;4;0;0;0;755;58;4;0;447;106;24;13;1202;164;28;13
2022.07_16-08-2022;Калужская область;21_45_days;EpiVacCorona;1;0;0;0;0;0;0;0;1;0;0;0;755;58;4;0;447;106;24;13;1202;164;28;13
2022.07_16-08-2022;Калужская область;21_45_days;SputnikV;2;0;0;0;1;0;0;0;3;0;0;0;755;58;4;0;447;106;24;13;1202;164;28;13
2022.07_16-08-2022;Калужская область;45_75_days;AllVaccines;7;1;0;0;3;1;1;0;10;2;1;0;755;58;4;0;447;106;24;13;1202;164;28;13
2022.07_16-08-2022;Калужская область;45_75_days;EpiVacCorona;2;1;0;0;0;0;0;0;2;1;0;0;755;58;4;0;447;106;24;13;1202;164;28;13
2022.07_16-08-2022;Калужская область;45_75_days;SputnikV;5;0;0;0;3;1;1;0;8;1;1;0;755;58;4;0;447;106;24;13;1202;164;28;13
2022.07_16-08-2022;Калужская область;75_90_days;AllVaccines;0;0;0;0;2;0;0;0;2;0;0;0;755;58;4;0;447;106;24;13;1202;164;28;13
2022.07_16-08-2022;Калужская область;75_90_days;SputnikLite;0;0;0;0;1;0;0;0;1;0;0;0;755;58;4;0;447;106;24;13;1202;164;28;13
2022.07_16-08-2022;Калужская область;75_90_days;SputnikV;0;0;0;0;1;0;0;0;1;0;0;0;755;58;4;0;447;106;24;13;1202;164;28;13
2022.07_16-08-2022;Калужская область;90_105_days;AllVaccines;3;1;0;0;5;1;1;0;8;2;1;0;755;58;4;0;447;106;24;13;1202;164;28;13
2022.07_16-08-2022;Калужская область;90_105_days;EpiVacCorona;1;1;0;0;0;0;0;0;1;1;0;0;755;58;4;0;447;106;24;13;1202;164;28;13
2022.07_16-08-2022;Калужская область;90_105_days;SputnikLite;0;0;0;0;3;0;0;0;3;0;0;0;755;58;4;0;447;106;24;13;1202;164;28;13
2022.07_16-08-2022;Калужская область;90_105_days;SputnikV;2;0;0;0;2;1;1;0;4;1;1;0;755;58;4;0;447;106;24;13;1202;164;28;13
2022.07_16-08-2022;Камчатский край;105_165_days;AllVaccines;8;0;0;0;4;0;0;0;12;0;0;0;277;40;1;1;138;45;6;3;415;85;7;4
2022.07_16-08-2022;Камчатский край;105_165_days;CoviVac;1;0;0;0;0;0;0;0;1;0;0;0;277;40;1;1;138;45;6;3;415;85;7;4
2022.07_16-08-2022;Камчатский край;105_165_days;EpiVacCorona;0;0;0;0;2;0;0;0;2;0;0;0;277;40;1;1;138;45;6;3;415;85;7;4
2022.07_16-08-2022;Камчатский край;105_165_days;SputnikLite;2;0;0;0;0;0;0;0;2;0;0;0;277;40;1;1;138;45;6;3;415;85;7;4
2022.07_16-08-2022;Камчатский край;105_165_days;SputnikV;5;0;0;0;2;0;0;0;7;0;0;0;277;40;1;1;138;45;6;3;415;85;7;4
2022.07_16-08-2022;Камчатский край;165_195_days;AllVaccines;16;0;0;0;3;3;1;0;19;3;1;0;277;40;1;1;138;45;6;3;415;85;7;4
2022.07_16-08-2022;Камчатский край;165_195_days;EpiVacCorona;0;0;0;0;1;1;0;0;1;1;0;0;277;40;1;1;138;45;6;3;415;85;7;4
2022.07_16-08-2022;Камчатский край;165_195_days;SputnikLite;13;0;0;0;2;2;1;0;15;2;1;0;277;40;1;1;138;45;6;3;415;85;7;4
2022.07_16-08-2022;Камчатский край;165_195_days;SputnikV;3;0;0;0;0;0;0;0;3;0;0;0;277;40;1;1;138;45;6;3;415;85;7;4
2022.07_16-08-2022;Камчатский край;45_75_days;AllVaccines;2;1;0;0;1;1;0;0;3;2;0;0;277;40;1;1;138;45;6;3;415;85;7;4
2022.07_16-08-2022;Камчатский край;45_75_days;SputnikV;2;1;0;0;1;1;0;0;3;2;0;0;277;40;1;1;138;45;6;3;415;85;7;4
2022.07_16-08-2022;Камчатский край;75_90_days;AllVaccines;3;0;0;0;0;0;0;0;3;0;0;0;277;40;1;1;138;45;6;3;415;85;7;4
2022.07_16-08-2022;Камчатский край;75_90_days;SputnikV;3;0;0;0;0;0;0;0;3;0;0;0;277;40;1;1;138;45;6;3;415;85;7;4
2022.07_16-08-2022;Камчатский край;90_105_days;AllVaccines;2;1;0;0;0;0;0;0;2;1;0;0;277;40;1;1;138;45;6;3;415;85;7;4
2022.07_16-08-2022;Камчатский край;90_105_days;SputnikLite;1;1;0;0;0;0;0;0;1;1;0;0;277;40;1;1;138;45;6;3;415;85;7;4
2022.07_16-08-2022;Камчатский край;90_105_days;SputnikV;1;0;0;0;0;0;0;0;1;0;0;0;277;40;1;1;138;45;6;3;415;85;7;4
2022.07_16-08-2022;Карачаево-Черкесская Республика;105_165_days;AllVaccines;12;0;0;0;8;0;0;0;20;0;0;0;173;12;0;0;101;12;1;0;274;24;1;0
2022.07_16-08-2022;Карачаево-Черкесская Республика;105_165_days;EpiVacCorona;1;0;0;0;0;0;0;0;1;0;0;0;173;12;0;0;101;12;1;0;274;24;1;0
2022.07_16-08-2022;Карачаево-Черкесская Республика;105_165_days;SputnikLite;3;0;0;0;4;0;0;0;7;0;0;0;173;12;0;0;101;12;1;0;274;24;1;0
2022.07_16-08-2022;Карачаево-Черкесская Республика;105_165_days;SputnikV;8;0;0;0;4;0;0;0;12;0;0;0;173;12;0;0;101;12;1;0;274;24;1;0
2022.07_16-08-2022;Карачаево-Черкесская Республика;165_195_days;AllVaccines;11;0;0;0;6;1;0;0;17;1;0;0;173;12;0;0;101;12;1;0;274;24;1;0
2022.07_16-08-2022;Карачаево-Черкесская Республика;165_195_days;EpiVacCorona;0;0;0;0;1;0;0;0;1;0;0;0;173;12;0;0;101;12;1;0;274;24;1;0
2022.07_16-08-2022;Карачаево-Черкесская Республика;165_195_days;SputnikLite;9;0;0;0;4;0;0;0;13;0;0;0;173;12;0;0;101;12;1;0;274;24;1;0
2022.07_16-08-2022;Карачаево-Черкесская Республика;165_195_days;SputnikV;2;0;0;0;1;1;0;0;3;1;0;0;173;12;0;0;101;12;1;0;274;24;1;0
2022.07_16-08-2022;Карачаево-Черкесская Республика;21_45_days;AllVaccines;8;0;0;0;1;0;0;0;9;0;0;0;173;12;0;0;101;12;1;0;274;24;1;0
2022.07_16-08-2022;Карачаево-Черкесская Республика;21_45_days;CoviVac;1;0;0;0;0;0;0;0;1;0;0;0;173;12;0;0;101;12;1;0;274;24;1;0
2022.07_16-08-2022;Карачаево-Черкесская Республика;21_45_days;EpiVacCorona;3;0;0;0;1;0;0;0;4;0;0;0;173;12;0;0;101;12;1;0;274;24;1;0
2022.07_16-08-2022;Карачаево-Черкесская Республика;21_45_days;SputnikLite;1;0;0;0;0;0;0;0;1;0;0;0;173;12;0;0;101;12;1;0;274;24;1;0
2022.07_16-08-2022;Карачаево-Черкесская Республика;21_45_days;SputnikV;3;0;0;0;0;0;0;0;3;0;0;0;173;12;0;0;101;12;1;0;274;24;1;0
2022.07_16-08-2022;Карачаево-Черкесская Республика;45_75_days;AllVaccines;6;0;0;0;3;1;0;0;9;1;0;0;173;12;0;0;101;12;1;0;274;24;1;0
2022.07_16-08-2022;Карачаево-Черкесская Республика;45_75_days;EpiVacCorona;1;0;0;0;0;0;0;0;1;0;0;0;173;12;0;0;101;12;1;0;274;24;1;0
2022.07_16-08-2022;Карачаево-Черкесская Республика;45_75_days;SputnikV;5;0;0;0;3;1;0;0;8;1;0;0;173;12;0;0;101;12;1;0;274;24;1;0
2022.07_16-08-2022;Карачаево-Черкесская Республика;75_90_days;AllVaccines;4;0;0;0;3;0;0;0;7;0;0;0;173;12;0;0;101;12;1;0;274;24;1;0
2022.07_16-08-2022;Карачаево-Черкесская Республика;75_90_days;CoviVac;2;0;0;0;0;0;0;0;2;0;0;0;173;12;0;0;101;12;1;0;274;24;1;0
2022.07_16-08-2022;Карачаево-Черкесская Республика;75_90_days;SputnikV;2;0;0;0;3;0;0;0;5;0;0;0;173;12;0;0;101;12;1;0;274;24;1;0
2022.07_16-08-2022;Карачаево-Черкесская Республика;90_105_days;AllVaccines;2;0;0;0;1;0;0;0;3;0;0;0;173;12;0;0;101;12;1;0;274;24;1;0
2022.07_16-08-2022;Карачаево-Черкесская Республика;90_105_days;SputnikV;2;0;0;0;1;0;0;0;3;0;0;0;173;12;0;0;101;12;1;0;274;24;1;0
2022.07_16-08-2022;Кемеровская область;105_165_days;AllVaccines;103;11;0;1;47;20;2;1;150;31;2;2;1414;239;26;21;884;407;78;50;2298;646;104;71
2022.07_16-08-2022;Кемеровская область;105_165_days;CoviVac;3;1;0;0;0;0;0;0;3;1;0;0;1414;239;26;21;884;407;78;50;2298;646;104;71
2022.07_16-08-2022;Кемеровская область;105_165_days;EpiVacCorona;4;0;0;0;1;0;0;0;5;0;0;0;1414;239;26;21;884;407;78;50;2298;646;104;71
2022.07_16-08-2022;Кемеровская область;105_165_days;SputnikLite;33;5;0;1;25;13;1;1;58;18;1;2;1414;239;26;21;884;407;78;50;2298;646;104;71
2022.07_16-08-2022;Кемеровская область;105_165_days;SputnikV;63;5;0;0;21;7;1;0;84;12;1;0;1414;239;26;21;884;407;78;50;2298;646;104;71
2022.07_16-08-2022;Кемеровская область;165_195_days;AllVaccines;60;6;0;0;30;14;4;3;90;20;4;3;1414;239;26;21;884;407;78;50;2298;646;104;71
2022.07_16-08-2022;Кемеровская область;165_195_days;CoviVac;1;0;0;0;0;0;0;0;1;0;0;0;1414;239;26;21;884;407;78;50;2298;646;104;71
2022.07_16-08-2022;Кемеровская область;165_195_days;EpiVacCorona;8;1;0;0;2;0;0;0;10;1;0;0;1414;239;26;21;884;407;78;50;2298;646;104;71
2022.07_16-08-2022;Кемеровская область;165_195_days;SputnikLite;33;2;0;0;16;7;2;1;49;9;2;1;1414;239;26;21;884;407;78;50;2298;646;104;71
2022.07_16-08-2022;Кемеровская область;165_195_days;SputnikV;18;3;0;0;12;7;2;2;30;10;2;2;1414;239;26;21;884;407;78;50;2298;646;104;71
2022.07_16-08-2022;Кемеровская область;21_45_days;AllVaccines;6;1;0;0;5;2;0;0;11;3;0;0;1414;239;26;21;884;407;78;50;2298;646;104;71
2022.07_16-08-2022;Кемеровская область;21_45_days;SputnikV;6;1;0;0;5;2;0;0;11;3;0;0;1414;239;26;21;884;407;78;50;2298;646;104;71
2022.07_16-08-2022;Кемеровская область;45_75_days;AllVaccines;2;0;0;0;8;4;3;0;10;4;3;0;1414;239;26;21;884;407;78;50;2298;646;104;71
2022.07_16-08-2022;Кемеровская область;45_75_days;EpiVacCorona;1;0;0;0;2;0;0;0;3;0;0;0;1414;239;26;21;884;407;78;50;2298;646;104;71
2022.07_16-08-2022;Кемеровская область;45_75_days;SputnikV;1;0;0;0;6;4;3;0;7;4;3;0;1414;239;26;21;884;407;78;50;2298;646;104;71
2022.07_16-08-2022;Кемеровская область;75_90_days;AllVaccines;6;0;0;0;2;0;0;0;8;0;0;0;1414;239;26;21;884;407;78;50;2298;646;104;71
2022.07_16-08-2022;Кемеровская область;75_90_days;EpiVacCorona;2;0;0;0;0;0;0;0;2;0;0;0;1414;239;26;21;884;407;78;50;2298;646;104;71
2022.07_16-08-2022;Кемеровская область;75_90_days;SputnikV;4;0;0;0;2;0;0;0;6;0;0;0;1414;239;26;21;884;407;78;50;2298;646;104;71
2022.07_16-08-2022;Кемеровская область;90_105_days;AllVaccines;9;1;0;0;4;0;0;0;13;1;0;0;1414;239;26;21;884;407;78;50;2298;646;104;71
2022.07_16-08-2022;Кемеровская область;90_105_days;CoviVac;2;0;0;0;0;0;0;0;2;0;0;0;1414;239;26;21;884;407;78;50;2298;646;104;71
2022.07_16-08-2022;Кемеровская область;90_105_days;EpiVacCorona;2;0;0;0;2;0;0;0;4;0;0;0;1414;239;26;21;884;407;78;50;2298;646;104;71
2022.07_16-08-2022;Кемеровская область;90_105_days;SputnikV;5;1;0;0;2;0;0;0;7;1;0;0;1414;239;26;21;884;407;78;50;2298;646;104;71
2022.07_16-08-2022;Кировская область;105_165_days;AllVaccines;29;1;0;0;49;19;2;1;78;20;2;1;1016;117;8;3;762;303;50;40;1778;420;58;43
2022.07_16-08-2022;Кировская область;105_165_days;CoviVac;1;0;0;0;0;0;0;0;1;0;0;0;1016;117;8;3;762;303;50;40;1778;420;58;43
2022.07_16-08-2022;Кировская область;105_165_days;EpiVacCorona;0;0;0;0;3;3;0;0;3;3;0;0;1016;117;8;3;762;303;50;40;1778;420;58;43
2022.07_16-08-2022;Кировская область;105_165_days;SputnikLite;17;1;0;0;14;6;1;1;31;7;1;1;1016;117;8;3;762;303;50;40;1778;420;58;43
2022.07_16-08-2022;Кировская область;105_165_days;SputnikV;11;0;0;0;32;10;1;0;43;10;1;0;1016;117;8;3;762;303;50;40;1778;420;58;43
2022.07_16-08-2022;Кировская область;165_195_days;AllVaccines;46;4;0;0;40;19;3;3;86;23;3;3;1016;117;8;3;762;303;50;40;1778;420;58;43
2022.07_16-08-2022;Кировская область;165_195_days;CoviVac;1;0;0;0;0;0;0;0;1;0;0;0;1016;117;8;3;762;303;50;40;1778;420;58;43
2022.07_16-08-2022;Кировская область;165_195_days;EpiVacCorona;4;0;0;0;1;1;0;0;5;1;0;0;1016;117;8;3;762;303;50;40;1778;420;58;43
2022.07_16-08-2022;Кировская область;165_195_days;SputnikLite;34;3;0;0;30;12;2;2;64;15;2;2;1016;117;8;3;762;303;50;40;1778;420;58;43
2022.07_16-08-2022;Кировская область;165_195_days;SputnikV;7;1;0;0;9;6;1;1;16;7;1;1;1016;117;8;3;762;303;50;40;1778;420;58;43
2022.07_16-08-2022;Кировская область;21_45_days;AllVaccines;8;3;0;0;11;5;0;0;19;8;0;0;1016;117;8;3;762;303;50;40;1778;420;58;43
2022.07_16-08-2022;Кировская область;21_45_days;SputnikV;8;3;0;0;11;5;0;0;19;8;0;0;1016;117;8;3;762;303;50;40;1778;420;58;43
2022.07_16-08-2022;Кировская область;45_75_days;AllVaccines;6;1;0;0;11;3;0;0;17;4;0;0;1016;117;8;3;762;303;50;40;1778;420;58;43
2022.07_16-08-2022;Кировская область;45_75_days;SputnikV;6;1;0;0;11;3;0;0;17;4;0;0;1016;117;8;3;762;303;50;40;1778;420;58;43
2022.07_16-08-2022;Кировская область;75_90_days;AllVaccines;0;0;0;0;7;0;0;0;7;0;0;0;1016;117;8;3;762;303;50;40;1778;420;58;43
2022.07_16-08-2022;Кировская область;75_90_days;SputnikV;0;0;0;0;7;0;0;0;7;0;0;0;1016;117;8;3;762;303;50;40;1778;420;58;43
2022.07_16-08-2022;Кировская область;90_105_days;AllVaccines;5;0;0;0;4;0;0;0;9;0;0;0;1016;117;8;3;762;303;50;40;1778;420;58;43
2022.07_16-08-2022;Кировская область;90_105_days;SputnikLite;1;0;0;0;1;0;0;0;2;0;0;0;1016;117;8;3;762;303;50;40;1778;420;58;43
2022.07_16-08-2022;Кировская область;90_105_days;SputnikV;4;0;0;0;3;0;0;0;7;0;0;0;1016;117;8;3;762;303;50;40;1778;420;58;43
2022.07_16-08-2022;Костромская область;105_165_days;AllVaccines;7;1;0;0;3;1;0;0;10;2;0;0;172;26;1;1;126;45;12;9;298;71;13;10
2022.07_16-08-2022;Костромская область;105_165_days;EpiVacCorona;3;1;0;0;1;1;0;0;4;2;0;0;172;26;1;1;126;45;12;9;298;71;13;10
2022.07_16-08-2022;Костромская область;105_165_days;SputnikLite;3;0;0;0;0;0;0;0;3;0;0;0;172;26;1;1;126;45;12;9;298;71;13;10
2022.07_16-08-2022;Костромская область;105_165_days;SputnikV;1;0;0;0;2;0;0;0;3;0;0;0;172;26;1;1;126;45;12;9;298;71;13;10
2022.07_16-08-2022;Костромская область;165_195_days;AllVaccines;5;1;0;0;3;2;0;0;8;3;0;0;172;26;1;1;126;45;12;9;298;71;13;10
2022.07_16-08-2022;Костромская область;165_195_days;SputnikLite;3;0;0;0;3;2;0;0;6;2;0;0;172;26;1;1;126;45;12;9;298;71;13;10
2022.07_16-08-2022;Костромская область;165_195_days;SputnikV;2;1;0;0;0;0;0;0;2;1;0;0;172;26;1;1;126;45;12;9;298;71;13;10
2022.07_16-08-2022;Костромская область;45_75_days;AllVaccines;1;0;0;0;1;1;0;0;2;1;0;0;172;26;1;1;126;45;12;9;298;71;13;10
2022.07_16-08-2022;Костромская область;45_75_days;CoviVac;1;0;0;0;0;0;0;0;1;0;0;0;172;26;1;1;126;45;12;9;298;71;13;10
2022.07_16-08-2022;Костромская область;45_75_days;SputnikV;0;0;0;0;1;1;0;0;1;1;0;0;172;26;1;1;126;45;12;9;298;71;13;10
2022.07_16-08-2022;Костромская область;90_105_days;AllVaccines;1;0;0;0;1;0;0;0;2;0;0;0;172;26;1;1;126;45;12;9;298;71;13;10
2022.07_16-08-2022;Костромская область;90_105_days;SputnikV;1;0;0;0;1;0;0;0;2;0;0;0;172;26;1;1;126;45;12;9;298;71;13;10
2022.07_16-08-2022;Краснодарский край;105_165_days;AllVaccines;112;7;2;1;94;16;5;2;206;23;7;3;2264;272;13;7;1318;304;38;22;3582;576;51;29
2022.07_16-08-2022;Краснодарский край;105_165_days;CoviVac;3;0;0;0;1;0;0;0;4;0;0;0;2264;272;13;7;1318;304;38;22;3582;576;51;29
2022.07_16-08-2022;Краснодарский край;105_165_days;EpiVacCorona;7;0;0;0;13;5;2;1;20;5;2;1;2264;272;13;7;1318;304;38;22;3582;576;51;29
2022.07_16-08-2022;Краснодарский край;105_165_days;SputnikLite;30;0;0;0;16;1;0;0;46;1;0;0;2264;272;13;7;1318;304;38;22;3582;576;51;29
2022.07_16-08-2022;Краснодарский край;105_165_days;SputnikV;72;7;2;1;64;10;3;1;136;17;5;2;2264;272;13;7;1318;304;38;22;3582;576;51;29
2022.07_16-08-2022;Краснодарский край;165_195_days;AllVaccines;116;8;0;0;68;16;0;0;184;24;0;0;2264;272;13;7;1318;304;38;22;3582;576;51;29
2022.07_16-08-2022;Краснодарский край;165_195_days;CoviVac;1;0;0;0;0;0;0;0;1;0;0;0;2264;272;13;7;1318;304;38;22;3582;576;51;29
2022.07_16-08-2022;Краснодарский край;165_195_days;EpiVacCorona;2;0;0;0;0;0;0;0;2;0;0;0;2264;272;13;7;1318;304;38;22;3582;576;51;29
2022.07_16-08-2022;Краснодарский край;165_195_days;SputnikLite;60;5;0;0;37;9;0;0;97;14;0;0;2264;272;13;7;1318;304;38;22;3582;576;51;29
2022.07_16-08-2022;Краснодарский край;165_195_days;SputnikV;53;3;0;0;31;7;0;0;84;10;0;0;2264;272;13;7;1318;304;38;22;3582;576;51;29
2022.07_16-08-2022;Краснодарский край;21_45_days;AllVaccines;18;1;0;0;19;4;1;0;37;5;1;0;2264;272;13;7;1318;304;38;22;3582;576;51;29
2022.07_16-08-2022;Краснодарский край;21_45_days;CoviVac;2;0;0;0;2;0;0;0;4;0;0;0;2264;272;13;7;1318;304;38;22;3582;576;51;29
2022.07_16-08-2022;Краснодарский край;21_45_days;EpiVacCorona;0;0;0;0;1;0;0;0;1;0;0;0;2264;272;13;7;1318;304;38;22;3582;576;51;29
2022.07_16-08-2022;Краснодарский край;21_45_days;SputnikLite;2;0;0;0;1;0;0;0;3;0;0;0;2264;272;13;7;1318;304;38;22;3582;576;51;29
2022.07_16-08-2022;Краснодарский край;21_45_days;SputnikV;14;1;0;0;15;4;1;0;29;5;1;0;2264;272;13;7;1318;304;38;22;3582;576;51;29
2022.07_16-08-2022;Краснодарский край;45_75_days;AllVaccines;20;2;0;0;19;6;0;0;39;8;0;0;2264;272;13;7;1318;304;38;22;3582;576;51;29
2022.07_16-08-2022;Краснодарский край;45_75_days;CoviVac;3;1;0;0;2;0;0;0;5;1;0;0;2264;272;13;7;1318;304;38;22;3582;576;51;29
2022.07_16-08-2022;Краснодарский край;45_75_days;EpiVacCorona;0;0;0;0;1;0;0;0;1;0;0;0;2264;272;13;7;1318;304;38;22;3582;576;51;29
2022.07_16-08-2022;Краснодарский край;45_75_days;SputnikLite;2;0;0;0;2;1;0;0;4;1;0;0;2264;272;13;7;1318;304;38;22;3582;576;51;29
2022.07_16-08-2022;Краснодарский край;45_75_days;SputnikV;15;1;0;0;14;5;0;0;29;6;0;0;2264;272;13;7;1318;304;38;22;3582;576;51;29
2022.07_16-08-2022;Краснодарский край;75_90_days;AllVaccines;7;1;0;0;7;1;0;0;14;2;0;0;2264;272;13;7;1318;304;38;22;3582;576;51;29
2022.07_16-08-2022;Краснодарский край;75_90_days;CoviVac;2;1;0;0;0;0;0;0;2;1;0;0;2264;272;13;7;1318;304;38;22;3582;576;51;29
2022.07_16-08-2022;Краснодарский край;75_90_days;EpiVacCorona;0;0;0;0;1;0;0;0;1;0;0;0;2264;272;13;7;1318;304;38;22;3582;576;51;29
2022.07_16-08-2022;Краснодарский край;75_90_days;SputnikLite;1;0;0;0;0;0;0;0;1;0;0;0;2264;272;13;7;1318;304;38;22;3582;576;51;29
2022.07_16-08-2022;Краснодарский край;75_90_days;SputnikV;4;0;0;0;6;1;0;0;10;1;0;0;2264;272;13;7;1318;304;38;22;3582;576;51;29
2022.07_16-08-2022;Краснодарский край;90_105_days;AllVaccines;10;1;0;0;12;2;0;0;22;3;0;0;2264;272;13;7;1318;304;38;22;3582;576;51;29
2022.07_16-08-2022;Краснодарский край;90_105_days;CoviVac;1;0;0;0;0;0;0;0;1;0;0;0;2264;272;13;7;1318;304;38;22;3582;576;51;29
2022.07_16-08-2022;Краснодарский край;90_105_days;EpiVacCorona;1;1;0;0;2;0;0;0;3;1;0;0;2264;272;13;7;1318;304;38;22;3582;576;51;29
2022.07_16-08-2022;Краснодарский край;90_105_days;SputnikLite;2;0;0;0;0;0;0;0;2;0;0;0;2264;272;13;7;1318;304;38;22;3582;576;51;29
2022.07_16-08-2022;Краснодарский край;90_105_days;SputnikV;6;0;0;0;10;2;0;0;16;2;0;0;2264;272;13;7;1318;304;38;22;3582;576;51;29
2022.07_16-08-2022;Красноярский край;105_165_days;AllVaccines;114;13;1;0;65;27;4;0;179;40;5;0;1751;262;35;12;885;425;70;39;2636;687;105;51
2022.07_16-08-2022;Красноярский край;105_165_days;CoviVac;3;0;0;0;2;1;0;0;5;1;0;0;1751;262;35;12;885;425;70;39;2636;687;105;51
2022.07_16-08-2022;Красноярский край;105_165_days;EpiVacCorona;2;0;0;0;5;4;1;0;7;4;1;0;1751;262;35;12;885;425;70;39;2636;687;105;51
2022.07_16-08-2022;Красноярский край;105_165_days;SputnikLite;52;6;1;0;19;7;2;0;71;13;3;0;1751;262;35;12;885;425;70;39;2636;687;105;51
2022.07_16-08-2022;Красноярский край;105_165_days;SputnikV;57;7;0;0;39;15;1;0;96;22;1;0;1751;262;35;12;885;425;70;39;2636;687;105;51
2022.07_16-08-2022;Красноярский край;165_195_days;AllVaccines;103;9;2;1;54;23;0;1;157;32;2;2;1751;262;35;12;885;425;70;39;2636;687;105;51
2022.07_16-08-2022;Красноярский край;165_195_days;CoviVac;1;0;0;0;0;0;0;0;1;0;0;0;1751;262;35;12;885;425;70;39;2636;687;105;51
2022.07_16-08-2022;Красноярский край;165_195_days;EpiVacCorona;2;0;0;0;1;1;0;0;3;1;0;0;1751;262;35;12;885;425;70;39;2636;687;105;51
2022.07_16-08-2022;Красноярский край;165_195_days;SputnikLite;63;6;1;1;42;19;0;1;105;25;1;2;1751;262;35;12;885;425;70;39;2636;687;105;51
2022.07_16-08-2022;Красноярский край;165_195_days;SputnikV;37;3;1;0;11;3;0;0;48;6;1;0;1751;262;35;12;885;425;70;39;2636;687;105;51
2022.07_16-08-2022;Красноярский край;21_45_days;AllVaccines;4;0;0;0;3;1;0;0;7;1;0;0;1751;262;35;12;885;425;70;39;2636;687;105;51
2022.07_16-08-2022;Красноярский край;21_45_days;EpiVacCorona;0;0;0;0;1;1;0;0;1;1;0;0;1751;262;35;12;885;425;70;39;2636;687;105;51
2022.07_16-08-2022;Красноярский край;21_45_days;SputnikV;4;0;0;0;2;0;0;0;6;0;0;0;1751;262;35;12;885;425;70;39;2636;687;105;51
2022.07_16-08-2022;Красноярский край;45_75_days;AllVaccines;13;2;0;0;7;3;2;0;20;5;2;0;1751;262;35;12;885;425;70;39;2636;687;105;51
2022.07_16-08-2022;Красноярский край;45_75_days;CoviVac;1;0;0;0;0;0;0;0;1;0;0;0;1751;262;35;12;885;425;70;39;2636;687;105;51
2022.07_16-08-2022;Красноярский край;45_75_days;EpiVacCorona;0;0;0;0;1;1;1;0;1;1;1;0;1751;262;35;12;885;425;70;39;2636;687;105;51
2022.07_16-08-2022;Красноярский край;45_75_days;SputnikLite;3;0;0;0;1;0;0;0;4;0;0;0;1751;262;35;12;885;425;70;39;2636;687;105;51
2022.07_16-08-2022;Красноярский край;45_75_days;SputnikV;9;2;0;0;5;2;1;0;14;4;1;0;1751;262;35;12;885;425;70;39;2636;687;105;51
2022.07_16-08-2022;Красноярский край;75_90_days;AllVaccines;4;2;0;0;4;3;1;0;8;5;1;0;1751;262;35;12;885;425;70;39;2636;687;105;51
2022.07_16-08-2022;Красноярский край;75_90_days;EpiVacCorona;0;0;0;0;2;1;0;0;2;1;0;0;1751;262;35;12;885;425;70;39;2636;687;105;51
2022.07_16-08-2022;Красноярский край;75_90_days;SputnikV;4;2;0;0;2;2;1;0;6;4;1;0;1751;262;35;12;885;425;70;39;2636;687;105;51
2022.07_16-08-2022;Красноярский край;90_105_days;AllVaccines;8;0;0;0;7;1;0;0;15;1;0;0;1751;262;35;12;885;425;70;39;2636;687;105;51
2022.07_16-08-2022;Красноярский край;90_105_days;CoviVac;1;0;0;0;0;0;0;0;1;0;0;0;1751;262;35;12;885;425;70;39;2636;687;105;51
2022.07_16-08-2022;Красноярский край;90_105_days;SputnikLite;1;0;0;0;2;0;0;0;3;0;0;0;1751;262;35;12;885;425;70;39;2636;687;105;51
2022.07_16-08-2022;Красноярский край;90_105_days;SputnikV;6;0;0;0;5;1;0;0;11;1;0;0;1751;262;35;12;885;425;70;39;2636;687;105;51
2022.07_16-08-2022;Курганская область;105_165_days;AllVaccines;44;0;0;0;23;4;0;0;67;4;0;0;697;23;6;2;286;63;8;2;983;86;14;4
2022.07_16-08-2022;Курганская область;105_165_days;CoviVac;2;0;0;0;0;0;0;0;2;0;0;0;697;23;6;2;286;63;8;2;983;86;14;4
2022.07_16-08-2022;Курганская область;105_165_days;EpiVacCorona;1;0;0;0;1;0;0;0;2;0;0;0;697;23;6;2;286;63;8;2;983;86;14;4
2022.07_16-08-2022;Курганская область;105_165_days;SputnikLite;24;0;0;0;16;1;0;0;40;1;0;0;697;23;6;2;286;63;8;2;983;86;14;4
2022.07_16-08-2022;Курганская область;105_165_days;SputnikV;17;0;0;0;6;3;0;0;23;3;0;0;697;23;6;2;286;63;8;2;983;86;14;4
2022.07_16-08-2022;Курганская область;165_195_days;AllVaccines;33;0;0;0;12;5;0;0;45;5;0;0;697;23;6;2;286;63;8;2;983;86;14;4
2022.07_16-08-2022;Курганская область;165_195_days;EpiVacCorona;0;0;0;0;3;1;0;0;3;1;0;0;697;23;6;2;286;63;8;2;983;86;14;4
2022.07_16-08-2022;Курганская область;165_195_days;SputnikLite;29;0;0;0;5;2;0;0;34;2;0;0;697;23;6;2;286;63;8;2;983;86;14;4
2022.07_16-08-2022;Курганская область;165_195_days;SputnikV;4;0;0;0;4;2;0;0;8;2;0;0;697;23;6;2;286;63;8;2;983;86;14;4
2022.07_16-08-2022;Курганская область;21_45_days;AllVaccines;6;0;0;0;12;3;1;1;18;3;1;1;697;23;6;2;286;63;8;2;983;86;14;4
2022.07_16-08-2022;Курганская область;21_45_days;CoviVac;0;0;0;0;1;1;0;0;1;1;0;0;697;23;6;2;286;63;8;2;983;86;14;4
2022.07_16-08-2022;Курганская область;21_45_days;EpiVacCorona;1;0;0;0;1;0;0;0;2;0;0;0;697;23;6;2;286;63;8;2;983;86;14;4
2022.07_16-08-2022;Курганская область;21_45_days;SputnikV;5;0;0;0;10;2;1;1;15;2;1;1;697;23;6;2;286;63;8;2;983;86;14;4
2022.07_16-08-2022;Курганская область;45_75_days;AllVaccines;6;0;0;0;5;1;0;0;11;1;0;0;697;23;6;2;286;63;8;2;983;86;14;4
2022.07_16-08-2022;Курганская область;45_75_days;EpiVacCorona;1;0;0;0;0;0;0;0;1;0;0;0;697;23;6;2;286;63;8;2;983;86;14;4
2022.07_16-08-2022;Курганская область;45_75_days;SputnikLite;0;0;0;0;1;0;0;0;1;0;0;0;697;23;6;2;286;63;8;2;983;86;14;4
2022.07_16-08-2022;Курганская область;45_75_days;SputnikV;5;0;0;0;4;1;0;0;9;1;0;0;697;23;6;2;286;63;8;2;983;86;14;4
2022.07_16-08-2022;Курганская область;75_90_days;AllVaccines;4;0;0;0;0;0;0;0;4;0;0;0;697;23;6;2;286;63;8;2;983;86;14;4
2022.07_16-08-2022;Курганская область;75_90_days;EpiVacCorona;1;0;0;0;0;0;0;0;1;0;0;0;697;23;6;2;286;63;8;2;983;86;14;4
2022.07_16-08-2022;Курганская область;75_90_days;SputnikV;3;0;0;0;0;0;0;0;3;0;0;0;697;23;6;2;286;63;8;2;983;86;14;4
2022.07_16-08-2022;Курганская область;90_105_days;AllVaccines;3;0;0;0;1;0;0;0;4;0;0;0;697;23;6;2;286;63;8;2;983;86;14;4
2022.07_16-08-2022;Курганская область;90_105_days;SputnikV;3;0;0;0;1;0;0;0;4;0;0;0;697;23;6;2;286;63;8;2;983;86;14;4
2022.07_16-08-2022;Курская область;105_165_days;AllVaccines;33;5;2;0;14;5;1;0;47;10;3;0;731;104;12;2;539;240;65;21;1270;344;77;23
2022.07_16-08-2022;Курская область;105_165_days;CoviVac;1;0;0;0;1;0;0;0;2;0;0;0;731;104;12;2;539;240;65;21;1270;344;77;23
2022.07_16-08-2022;Курская область;105_165_days;EpiVacCorona;4;0;0;0;0;0;0;0;4;0;0;0;731;104;12;2;539;240;65;21;1270;344;77;23
2022.07_16-08-2022;Курская область;105_165_days;SputnikLite;13;2;1;0;8;3;1;0;21;5;2;0;731;104;12;2;539;240;65;21;1270;344;77;23
2022.07_16-08-2022;Курская область;105_165_days;SputnikV;15;3;1;0;5;2;0;0;20;5;1;0;731;104;12;2;539;240;65;21;1270;344;77;23
2022.07_16-08-2022;Курская область;165_195_days;AllVaccines;30;0;0;0;16;3;1;0;46;3;1;0;731;104;12;2;539;240;65;21;1270;344;77;23
2022.07_16-08-2022;Курская область;165_195_days;CoviVac;1;0;0;0;1;0;0;0;2;0;0;0;731;104;12;2;539;240;65;21;1270;344;77;23
2022.07_16-08-2022;Курская область;165_195_days;EpiVacCorona;2;0;0;0;2;1;0;0;4;1;0;0;731;104;12;2;539;240;65;21;1270;344;77;23
2022.07_16-08-2022;Курская область;165_195_days;SputnikLite;20;0;0;0;9;1;1;0;29;1;1;0;731;104;12;2;539;240;65;21;1270;344;77;23
2022.07_16-08-2022;Курская область;165_195_days;SputnikV;7;0;0;0;4;1;0;0;11;1;0;0;731;104;12;2;539;240;65;21;1270;344;77;23
2022.07_16-08-2022;Курская область;21_45_days;AllVaccines;2;0;0;0;7;2;0;0;9;2;0;0;731;104;12;2;539;240;65;21;1270;344;77;23
2022.07_16-08-2022;Курская область;21_45_days;SputnikLite;2;0;0;0;3;1;0;0;5;1;0;0;731;104;12;2;539;240;65;21;1270;344;77;23
2022.07_16-08-2022;Курская область;21_45_days;SputnikV;0;0;0;0;4;1;0;0;4;1;0;0;731;104;12;2;539;240;65;21;1270;344;77;23
2022.07_16-08-2022;Курская область;45_75_days;AllVaccines;7;0;0;0;10;7;0;0;17;7;0;0;731;104;12;2;539;240;65;21;1270;344;77;23
2022.07_16-08-2022;Курская область;45_75_days;SputnikLite;3;0;0;0;1;0;0;0;4;0;0;0;731;104;12;2;539;240;65;21;1270;344;77;23
2022.07_16-08-2022;Курская область;45_75_days;SputnikV;4;0;0;0;9;7;0;0;13;7;0;0;731;104;12;2;539;240;65;21;1270;344;77;23
2022.07_16-08-2022;Курская область;75_90_days;AllVaccines;4;1;0;0;2;0;0;0;6;1;0;0;731;104;12;2;539;240;65;21;1270;344;77;23
2022.07_16-08-2022;Курская область;75_90_days;SputnikLite;2;1;0;0;0;0;0;0;2;1;0;0;731;104;12;2;539;240;65;21;1270;344;77;23
2022.07_16-08-2022;Курская область;75_90_days;SputnikV;2;0;0;0;2;0;0;0;4;0;0;0;731;104;12;2;539;240;65;21;1270;344;77;23
2022.07_16-08-2022;Курская область;90_105_days;AllVaccines;3;0;0;0;2;1;0;0;5;1;0;0;731;104;12;2;539;240;65;21;1270;344;77;23
2022.07_16-08-2022;Курская область;90_105_days;EpiVacCorona;2;0;0;0;1;0;0;0;3;0;0;0;731;104;12;2;539;240;65;21;1270;344;77;23
2022.07_16-08-2022;Курская область;90_105_days;SputnikV;1;0;0;0;1;1;0;0;2;1;0;0;731;104;12;2;539;240;65;21;1270;344;77;23
2022.07_16-08-2022;Ленинградская область;105_165_days;AllVaccines;87;4;0;0;54;7;3;1;141;11;3;1;2388;48;1;1;1081;109;13;14;3469;157;14;15
2022.07_16-08-2022;Ленинградская область;105_165_days;CoviVac;4;0;0;0;0;0;0;0;4;0;0;0;2388;48;1;1;1081;109;13;14;3469;157;14;15
2022.07_16-08-2022;Ленинградская область;105_165_days;SputnikLite;35;3;0;0;25;4;2;1;60;7;2;1;2388;48;1;1;1081;109;13;14;3469;157;14;15
2022.07_16-08-2022;Ленинградская область;105_165_days;SputnikV;48;1;0;0;29;3;1;0;77;4;1;0;2388;48;1;1;1081;109;13;14;3469;157;14;15
2022.07_16-08-2022;Ленинградская область;165_195_days;AllVaccines;69;2;0;0;59;6;1;1;128;8;1;1;2388;48;1;1;1081;109;13;14;3469;157;14;15
2022.07_16-08-2022;Ленинградская область;165_195_days;CoviVac;2;0;0;0;0;0;0;0;2;0;0;0;2388;48;1;1;1081;109;13;14;3469;157;14;15
2022.07_16-08-2022;Ленинградская область;165_195_days;EpiVacCorona;0;0;0;0;2;0;0;0;2;0;0;0;2388;48;1;1;1081;109;13;14;3469;157;14;15
2022.07_16-08-2022;Ленинградская область;165_195_days;SputnikLite;36;2;0;0;49;6;1;1;85;8;1;1;2388;48;1;1;1081;109;13;14;3469;157;14;15
2022.07_16-08-2022;Ленинградская область;165_195_days;SputnikV;31;0;0;0;8;0;0;0;39;0;0;0;2388;48;1;1;1081;109;13;14;3469;157;14;15
2022.07_16-08-2022;Ленинградская область;21_45_days;AllVaccines;7;0;0;0;10;0;0;0;17;0;0;0;2388;48;1;1;1081;109;13;14;3469;157;14;15
2022.07_16-08-2022;Ленинградская область;21_45_days;SputnikLite;1;0;0;0;2;0;0;0;3;0;0;0;2388;48;1;1;1081;109;13;14;3469;157;14;15
2022.07_16-08-2022;Ленинградская область;21_45_days;SputnikV;6;0;0;0;8;0;0;0;14;0;0;0;2388;48;1;1;1081;109;13;14;3469;157;14;15
2022.07_16-08-2022;Ленинградская область;45_75_days;AllVaccines;8;2;1;0;7;1;0;0;15;3;1;0;2388;48;1;1;1081;109;13;14;3469;157;14;15
2022.07_16-08-2022;Ленинградская область;45_75_days;SputnikLite;3;1;0;0;1;0;0;0;4;1;0;0;2388;48;1;1;1081;109;13;14;3469;157;14;15
2022.07_16-08-2022;Ленинградская область;45_75_days;SputnikV;5;1;1;0;6;1;0;0;11;2;1;0;2388;48;1;1;1081;109;13;14;3469;157;14;15
2022.07_16-08-2022;Ленинградская область;75_90_days;AllVaccines;4;0;0;0;8;2;0;0;12;2;0;0;2388;48;1;1;1081;109;13;14;3469;157;14;15
2022.07_16-08-2022;Ленинградская область;75_90_days;SputnikLite;2;0;0;0;2;0;0;0;4;0;0;0;2388;48;1;1;1081;109;13;14;3469;157;14;15
2022.07_16-08-2022;Ленинградская область;75_90_days;SputnikV;2;0;0;0;6;2;0;0;8;2;0;0;2388;48;1;1;1081;109;13;14;3469;157;14;15
2022.07_16-08-2022;Ленинградская область;90_105_days;AllVaccines;5;0;0;0;3;0;0;0;8;0;0;0;2388;48;1;1;1081;109;13;14;3469;157;14;15
2022.07_16-08-2022;Ленинградская область;90_105_days;SputnikLite;0;0;0;0;1;0;0;0;1;0;0;0;2388;48;1;1;1081;109;13;14;3469;157;14;15
2022.07_16-08-2022;Ленинградская область;90_105_days;SputnikV;5;0;0;0;2;0;0;0;7;0;0;0;2388;48;1;1;1081;109;13;14;3469;157;14;15
2022.07_16-08-2022;Липецкая область;105_165_days;AllVaccines;36;5;1;1;18;4;1;1;54;9;2;2;656;91;6;4;448;117;10;9;1104;208;16;13
2022.07_16-08-2022;Липецкая область;105_165_days;EpiVacCorona;3;0;0;0;1;0;0;0;4;0;0;0;656;91;6;4;448;117;10;9;1104;208;16;13
2022.07_16-08-2022;Липецкая область;105_165_days;SputnikLite;12;1;0;0;5;1;0;0;17;2;0;0;656;91;6;4;448;117;10;9;1104;208;16;13
2022.07_16-08-2022;Липецкая область;105_165_days;SputnikV;21;4;1;1;12;3;1;1;33;7;2;2;656;91;6;4;448;117;10;9;1104;208;16;13
2022.07_16-08-2022;Липецкая область;165_195_days;AllVaccines;29;4;0;0;16;4;0;0;45;8;0;0;656;91;6;4;448;117;10;9;1104;208;16;13
2022.07_16-08-2022;Липецкая область;165_195_days;CoviVac;1;1;0;0;0;0;0;0;1;1;0;0;656;91;6;4;448;117;10;9;1104;208;16;13
2022.07_16-08-2022;Липецкая область;165_195_days;EpiVacCorona;2;0;0;0;0;0;0;0;2;0;0;0;656;91;6;4;448;117;10;9;1104;208;16;13
2022.07_16-08-2022;Липецкая область;165_195_days;SputnikLite;13;1;0;0;15;3;0;0;28;4;0;0;656;91;6;4;448;117;10;9;1104;208;16;13
2022.07_16-08-2022;Липецкая область;165_195_days;SputnikV;13;2;0;0;1;1;0;0;14;3;0;0;656;91;6;4;448;117;10;9;1104;208;16;13
2022.07_16-08-2022;Липецкая область;21_45_days;AllVaccines;8;2;0;0;5;2;0;0;13;4;0;0;656;91;6;4;448;117;10;9;1104;208;16;13
2022.07_16-08-2022;Липецкая область;21_45_days;SputnikV;8;2;0;0;5;2;0;0;13;4;0;0;656;91;6;4;448;117;10;9;1104;208;16;13
2022.07_16-08-2022;Липецкая область;45_75_days;AllVaccines;8;0;0;0;7;3;0;0;15;3;0;0;656;91;6;4;448;117;10;9;1104;208;16;13
2022.07_16-08-2022;Липецкая область;45_75_days;CoviVac;1;0;0;0;0;0;0;0;1;0;0;0;656;91;6;4;448;117;10;9;1104;208;16;13
2022.07_16-08-2022;Липецкая область;45_75_days;EpiVacCorona;1;0;0;0;0;0;0;0;1;0;0;0;656;91;6;4;448;117;10;9;1104;208;16;13
2022.07_16-08-2022;Липецкая область;45_75_days;SputnikLite;1;0;0;0;0;0;0;0;1;0;0;0;656;91;6;4;448;117;10;9;1104;208;16;13
2022.07_16-08-2022;Липецкая область;45_75_days;SputnikV;5;0;0;0;7;3;0;0;12;3;0;0;656;91;6;4;448;117;10;9;1104;208;16;13
2022.07_16-08-2022;Липецкая область;75_90_days;AllVaccines;2;0;0;0;3;1;0;0;5;1;0;0;656;91;6;4;448;117;10;9;1104;208;16;13
2022.07_16-08-2022;Липецкая область;75_90_days;EpiVacCorona;1;0;0;0;0;0;0;0;1;0;0;0;656;91;6;4;448;117;10;9;1104;208;16;13
2022.07_16-08-2022;Липецкая область;75_90_days;SputnikV;1;0;0;0;3;1;0;0;4;1;0;0;656;91;6;4;448;117;10;9;1104;208;16;13
2022.07_16-08-2022;Липецкая область;90_105_days;AllVaccines;9;0;0;0;7;0;0;0;16;0;0;0;656;91;6;4;448;117;10;9;1104;208;16;13
2022.07_16-08-2022;Липецкая область;90_105_days;CoviVac;1;0;0;0;1;0;0;0;2;0;0;0;656;91;6;4;448;117;10;9;1104;208;16;13
2022.07_16-08-2022;Липецкая область;90_105_days;SputnikLite;1;0;0;0;0;0;0;0;1;0;0;0;656;91;6;4;448;117;10;9;1104;208;16;13
2022.07_16-08-2022;Липецкая область;90_105_days;SputnikV;7;0;0;0;6;0;0;0;13;0;0;0;656;91;6;4;448;117;10;9;1104;208;16;13
2022.07_16-08-2022;Магаданская область;105_165_days;AllVaccines;2;0;0;0;0;0;0;0;2;0;0;0;50;5;1;0;16;3;0;0;66;8;1;0
2022.07_16-08-2022;Магаданская область;105_165_days;EpiVacCorona;1;0;0;0;0;0;0;0;1;0;0;0;50;5;1;0;16;3;0;0;66;8;1;0
2022.07_16-08-2022;Магаданская область;105_165_days;SputnikLite;1;0;0;0;0;0;0;0;1;0;0;0;50;5;1;0;16;3;0;0;66;8;1;0
2022.07_16-08-2022;Магаданская область;165_195_days;AllVaccines;3;0;0;0;1;0;0;0;4;0;0;0;50;5;1;0;16;3;0;0;66;8;1;0
2022.07_16-08-2022;Магаданская область;165_195_days;EpiVacCorona;1;0;0;0;0;0;0;0;1;0;0;0;50;5;1;0;16;3;0;0;66;8;1;0
2022.07_16-08-2022;Магаданская область;165_195_days;SputnikLite;1;0;0;0;1;0;0;0;2;0;0;0;50;5;1;0;16;3;0;0;66;8;1;0
2022.07_16-08-2022;Магаданская область;165_195_days;SputnikV;1;0;0;0;0;0;0;0;1;0;0;0;50;5;1;0;16;3;0;0;66;8;1;0
2022.07_16-08-2022;Магаданская область;45_75_days;AllVaccines;1;0;0;0;0;0;0;0;1;0;0;0;50;5;1;0;16;3;0;0;66;8;1;0
2022.07_16-08-2022;Магаданская область;45_75_days;SputnikLite;1;0;0;0;0;0;0;0;1;0;0;0;50;5;1;0;16;3;0;0;66;8;1;0
2022.07_16-08-2022;Магаданская область;90_105_days;AllVaccines;2;0;0;0;0;0;0;0;2;0;0;0;50;5;1;0;16;3;0;0;66;8;1;0
2022.07_16-08-2022;Магаданская область;90_105_days;SputnikLite;1;0;0;0;0;0;0;0;1;0;0;0;50;5;1;0;16;3;0;0;66;8;1;0
2022.07_16-08-2022;Магаданская область;90_105_days;SputnikV;1;0;0;0;0;0;0;0;1;0;0;0;50;5;1;0;16;3;0;0;66;8;1;0
2022.07_16-08-2022;Московская область;105_165_days;AllVaccines;566;17;3;1;232;33;12;4;798;50;15;5;13064;750;171;36;4996;1055;277;140;18060;1805;448;176
2022.07_16-08-2022;Московская область;105_165_days;CoviVac;10;0;0;0;2;0;0;0;12;0;0;0;13064;750;171;36;4996;1055;277;140;18060;1805;448;176
2022.07_16-08-2022;Московская область;105_165_days;EpiVacCorona;9;1;0;0;4;0;0;0;13;1;0;0;13064;750;171;36;4996;1055;277;140;18060;1805;448;176
2022.07_16-08-2022;Московская область;105_165_days;SputnikLite;231;6;2;1;135;19;8;1;366;25;10;2;13064;750;171;36;4996;1055;277;140;18060;1805;448;176
2022.07_16-08-2022;Московская область;105_165_days;SputnikV;316;10;1;0;91;14;4;3;407;24;5;3;13064;750;171;36;4996;1055;277;140;18060;1805;448;176
2022.07_16-08-2022;Московская область;165_195_days;AllVaccines;449;19;2;0;180;22;11;1;629;41;13;1;13064;750;171;36;4996;1055;277;140;18060;1805;448;176
2022.07_16-08-2022;Московская область;165_195_days;CoviVac;4;0;0;0;0;0;0;0;4;0;0;0;13064;750;171;36;4996;1055;277;140;18060;1805;448;176
2022.07_16-08-2022;Московская область;165_195_days;EpiVacCorona;8;0;0;0;5;1;0;0;13;1;0;0;13064;750;171;36;4996;1055;277;140;18060;1805;448;176
2022.07_16-08-2022;Московская область;165_195_days;SputnikLite;273;14;2;0;126;13;4;1;399;27;6;1;13064;750;171;36;4996;1055;277;140;18060;1805;448;176
2022.07_16-08-2022;Московская область;165_195_days;SputnikV;164;5;0;0;49;8;7;0;213;13;7;0;13064;750;171;36;4996;1055;277;140;18060;1805;448;176
2022.07_16-08-2022;Московская область;21_45_days;AllVaccines;93;0;1;0;31;4;1;0;124;4;2;0;13064;750;171;36;4996;1055;277;140;18060;1805;448;176
2022.07_16-08-2022;Московская область;21_45_days;CoviVac;1;0;0;0;0;0;0;0;1;0;0;0;13064;750;171;36;4996;1055;277;140;18060;1805;448;176
2022.07_16-08-2022;Московская область;21_45_days;EpiVacCorona;6;0;0;0;2;0;0;0;8;0;0;0;13064;750;171;36;4996;1055;277;140;18060;1805;448;176
2022.07_16-08-2022;Московская область;21_45_days;SputnikLite;22;0;0;0;6;1;1;0;28;1;1;0;13064;750;171;36;4996;1055;277;140;18060;1805;448;176
2022.07_16-08-2022;Московская область;21_45_days;SputnikV;64;0;1;0;23;3;0;0;87;3;1;0;13064;750;171;36;4996;1055;277;140;18060;1805;448;176
2022.07_16-08-2022;Московская область;45_75_days;AllVaccines;96;4;1;0;42;7;3;1;138;11;4;1;13064;750;171;36;4996;1055;277;140;18060;1805;448;176
2022.07_16-08-2022;Московская область;45_75_days;CoviVac;1;0;0;0;0;0;0;0;1;0;0;0;13064;750;171;36;4996;1055;277;140;18060;1805;448;176
2022.07_16-08-2022;Московская область;45_75_days;EpiVacCorona;3;0;0;0;2;0;0;0;5;0;0;0;13064;750;171;36;4996;1055;277;140;18060;1805;448;176
2022.07_16-08-2022;Московская область;45_75_days;SputnikLite;28;2;1;0;20;3;1;1;48;5;2;1;13064;750;171;36;4996;1055;277;140;18060;1805;448;176
2022.07_16-08-2022;Московская область;45_75_days;SputnikV;64;2;0;0;20;4;2;0;84;6;2;0;13064;750;171;36;4996;1055;277;140;18060;1805;448;176
2022.07_16-08-2022;Московская область;75_90_days;AllVaccines;39;1;0;0;17;1;1;0;56;2;1;0;13064;750;171;36;4996;1055;277;140;18060;1805;448;176
2022.07_16-08-2022;Московская область;75_90_days;CoviVac;1;0;0;0;0;0;0;0;1;0;0;0;13064;750;171;36;4996;1055;277;140;18060;1805;448;176
2022.07_16-08-2022;Московская область;75_90_days;EpiVacCorona;3;0;0;0;0;0;0;0;3;0;0;0;13064;750;171;36;4996;1055;277;140;18060;1805;448;176
2022.07_16-08-2022;Московская область;75_90_days;SputnikLite;16;0;0;0;10;1;1;0;26;1;1;0;13064;750;171;36;4996;1055;277;140;18060;1805;448;176
2022.07_16-08-2022;Московская область;75_90_days;SputnikV;19;1;0;0;7;0;0;0;26;1;0;0;13064;750;171;36;4996;1055;277;140;18060;1805;448;176
2022.07_16-08-2022;Московская область;90_105_days;AllVaccines;59;1;1;0;30;4;2;0;89;5;3;0;13064;750;171;36;4996;1055;277;140;18060;1805;448;176
2022.07_16-08-2022;Московская область;90_105_days;CoviVac;2;0;0;0;1;0;0;0;3;0;0;0;13064;750;171;36;4996;1055;277;140;18060;1805;448;176
2022.07_16-08-2022;Московская область;90_105_days;EpiVacCorona;1;0;0;0;2;0;0;0;3;0;0;0;13064;750;171;36;4996;1055;277;140;18060;1805;448;176
2022.07_16-08-2022;Московская область;90_105_days;SputnikLite;25;0;0;0;14;4;2;0;39;4;2;0;13064;750;171;36;4996;1055;277;140;18060;1805;448;176
2022.07_16-08-2022;Московская область;90_105_days;SputnikV;31;1;1;0;13;0;0;0;44;1;1;0;13064;750;171;36;4996;1055;277;140;18060;1805;448;176
2022.07_16-08-2022;Мурманская область;105_165_days;AllVaccines;14;1;1;0;10;2;1;0;24;3;2;0;311;33;6;1;105;44;7;1;416;77;13;2
2022.07_16-08-2022;Мурманская область;105_165_days;SputnikLite;10;1;1;0;6;1;1;0;16;2;2;0;311;33;6;1;105;44;7;1;416;77;13;2
2022.07_16-08-2022;Мурманская область;105_165_days;SputnikV;4;0;0;0;4;1;0;0;8;1;0;0;311;33;6;1;105;44;7;1;416;77;13;2
2022.07_16-08-2022;Мурманская область;165_195_days;AllVaccines;15;0;0;0;6;1;0;0;21;1;0;0;311;33;6;1;105;44;7;1;416;77;13;2
2022.07_16-08-2022;Мурманская область;165_195_days;SputnikLite;10;0;0;0;5;1;0;0;15;1;0;0;311;33;6;1;105;44;7;1;416;77;13;2
2022.07_16-08-2022;Мурманская область;165_195_days;SputnikV;5;0;0;0;1;0;0;0;6;0;0;0;311;33;6;1;105;44;7;1;416;77;13;2
2022.07_16-08-2022;Мурманская область;21_45_days;AllVaccines;2;1;0;0;1;1;0;0;3;2;0;0;311;33;6;1;105;44;7;1;416;77;13;2
2022.07_16-08-2022;Мурманская область;21_45_days;SputnikLite;0;0;0;0;1;1;0;0;1;1;0;0;311;33;6;1;105;44;7;1;416;77;13;2
2022.07_16-08-2022;Мурманская область;21_45_days;SputnikV;2;1;0;0;0;0;0;0;2;1;0;0;311;33;6;1;105;44;7;1;416;77;13;2
2022.07_16-08-2022;Мурманская область;45_75_days;AllVaccines;1;0;0;0;0;0;0;0;1;0;0;0;311;33;6;1;105;44;7;1;416;77;13;2
2022.07_16-08-2022;Мурманская область;45_75_days;SputnikV;1;0;0;0;0;0;0;0;1;0;0;0;311;33;6;1;105;44;7;1;416;77;13;2
2022.07_16-08-2022;Мурманская область;75_90_days;AllVaccines;1;0;0;0;0;0;0;0;1;0;0;0;311;33;6;1;105;44;7;1;416;77;13;2
2022.07_16-08-2022;Мурманская область;75_90_days;SputnikV;1;0;0;0;0;0;0;0;1;0;0;0;311;33;6;1;105;44;7;1;416;77;13;2
2022.07_16-08-2022;Мурманская область;90_105_days;AllVaccines;1;0;0;0;1;1;0;0;2;1;0;0;311;33;6;1;105;44;7;1;416;77;13;2
2022.07_16-08-2022;Мурманская область;90_105_days;SputnikLite;1;0;0;0;1;1;0;0;2;1;0;0;311;33;6;1;105;44;7;1;416;77;13;2
2022.07_16-08-2022;Ненецкий автономный округ;105_165_days;AllVaccines;3;0;0;0;0;0;0;0;3;0;0;0;33;0;0;0;11;2;0;0;44;2;0;0
2022.07_16-08-2022;Ненецкий автономный округ;105_165_days;SputnikLite;3;0;0;0;0;0;0;0;3;0;0;0;33;0;0;0;11;2;0;0;44;2;0;0
2022.07_16-08-2022;Ненецкий автономный округ;165_195_days;AllVaccines;3;0;0;0;2;0;0;0;5;0;0;0;33;0;0;0;11;2;0;0;44;2;0;0
2022.07_16-08-2022;Ненецкий автономный округ;165_195_days;SputnikLite;3;0;0;0;2;0;0;0;5;0;0;0;33;0;0;0;11;2;0;0;44;2;0;0
2022.07_16-08-2022;Ненецкий автономный округ;75_90_days;AllVaccines;0;0;0;0;1;0;0;0;1;0;0;0;33;0;0;0;11;2;0;0;44;2;0;0
2022.07_16-08-2022;Ненецкий автономный округ;75_90_days;SputnikLite;0;0;0;0;1;0;0;0;1;0;0;0;33;0;0;0;11;2;0;0;44;2;0;0
2022.07_16-08-2022;Нижегородская область;105_165_days;AllVaccines;60;6;0;0;38;12;1;0;98;18;1;0;1703;226;11;5;1063;397;53;32;2766;623;64;37
2022.07_16-08-2022;Нижегородская область;105_165_days;CoviVac;2;0;0;0;0;0;0;0;2;0;0;0;1703;226;11;5;1063;397;53;32;2766;623;64;37
2022.07_16-08-2022;Нижегородская область;105_165_days;EpiVacCorona;2;0;0;0;2;2;1;0;4;2;1;0;1703;226;11;5;1063;397;53;32;2766;623;64;37
2022.07_16-08-2022;Нижегородская область;105_165_days;SputnikLite;28;2;0;0;24;10;0;0;52;12;0;0;1703;226;11;5;1063;397;53;32;2766;623;64;37
2022.07_16-08-2022;Нижегородская область;105_165_days;SputnikV;28;4;0;0;12;0;0;0;40;4;0;0;1703;226;11;5;1063;397;53;32;2766;623;64;37
2022.07_16-08-2022;Нижегородская область;165_195_days;AllVaccines;76;5;1;0;39;12;0;0;115;17;1;0;1703;226;11;5;1063;397;53;32;2766;623;64;37
2022.07_16-08-2022;Нижегородская область;165_195_days;CoviVac;3;0;0;0;1;0;0;0;4;0;0;0;1703;226;11;5;1063;397;53;32;2766;623;64;37
2022.07_16-08-2022;Нижегородская область;165_195_days;EpiVacCorona;3;0;0;0;5;2;0;0;8;2;0;0;1703;226;11;5;1063;397;53;32;2766;623;64;37
2022.07_16-08-2022;Нижегородская область;165_195_days;SputnikLite;47;3;0;0;26;8;0;0;73;11;0;0;1703;226;11;5;1063;397;53;32;2766;623;64;37
2022.07_16-08-2022;Нижегородская область;165_195_days;SputnikV;23;2;1;0;7;2;0;0;30;4;1;0;1703;226;11;5;1063;397;53;32;2766;623;64;37
2022.07_16-08-2022;Нижегородская область;21_45_days;AllVaccines;9;1;0;0;14;2;0;0;23;3;0;0;1703;226;11;5;1063;397;53;32;2766;623;64;37
2022.07_16-08-2022;Нижегородская область;21_45_days;EpiVacCorona;0;0;0;0;1;0;0;0;1;0;0;0;1703;226;11;5;1063;397;53;32;2766;623;64;37
2022.07_16-08-2022;Нижегородская область;21_45_days;SputnikLite;4;1;0;0;7;1;0;0;11;2;0;0;1703;226;11;5;1063;397;53;32;2766;623;64;37
2022.07_16-08-2022;Нижегородская область;21_45_days;SputnikV;5;0;0;0;6;1;0;0;11;1;0;0;1703;226;11;5;1063;397;53;32;2766;623;64;37
2022.07_16-08-2022;Нижегородская область;45_75_days;AllVaccines;6;0;0;0;12;0;0;0;18;0;0;0;1703;226;11;5;1063;397;53;32;2766;623;64;37
2022.07_16-08-2022;Нижегородская область;45_75_days;SputnikLite;1;0;0;0;2;0;0;0;3;0;0;0;1703;226;11;5;1063;397;53;32;2766;623;64;37
2022.07_16-08-2022;Нижегородская область;45_75_days;SputnikV;5;0;0;0;10;0;0;0;15;0;0;0;1703;226;11;5;1063;397;53;32;2766;623;64;37
2022.07_16-08-2022;Нижегородская область;75_90_days;AllVaccines;4;0;0;0;9;2;1;1;13;2;1;1;1703;226;11;5;1063;397;53;32;2766;623;64;37
2022.07_16-08-2022;Нижегородская область;75_90_days;SputnikLite;0;0;0;0;4;1;0;0;4;1;0;0;1703;226;11;5;1063;397;53;32;2766;623;64;37
2022.07_16-08-2022;Нижегородская область;75_90_days;SputnikV;4;0;0;0;5;1;1;1;9;1;1;1;1703;226;11;5;1063;397;53;32;2766;623;64;37
2022.07_16-08-2022;Нижегородская область;90_105_days;AllVaccines;7;0;0;0;9;2;0;0;16;2;0;0;1703;226;11;5;1063;397;53;32;2766;623;64;37
2022.07_16-08-2022;Нижегородская область;90_105_days;SputnikV;7;0;0;0;9;2;0;0;16;2;0;0;1703;226;11;5;1063;397;53;32;2766;623;64;37
2022.07_16-08-2022;Новгородская область;105_165_days;AllVaccines;19;2;0;0;11;2;0;0;30;4;0;0;579;93;9;5;355;109;22;14;934;202;31;19
2022.07_16-08-2022;Новгородская область;105_165_days;CoviVac;1;0;0;0;0;0;0;0;1;0;0;0;579;93;9;5;355;109;22;14;934;202;31;19
2022.07_16-08-2022;Новгородская область;105_165_days;EpiVacCorona;3;1;0;0;0;0;0;0;3;1;0;0;579;93;9;5;355;109;22;14;934;202;31;19
2022.07_16-08-2022;Новгородская область;105_165_days;SputnikLite;3;1;0;0;6;0;0;0;9;1;0;0;579;93;9;5;355;109;22;14;934;202;31;19
2022.07_16-08-2022;Новгородская область;105_165_days;SputnikV;12;0;0;0;5;2;0;0;17;2;0;0;579;93;9;5;355;109;22;14;934;202;31;19
2022.07_16-08-2022;Новгородская область;165_195_days;AllVaccines;11;2;0;0;6;1;0;0;17;3;0;0;579;93;9;5;355;109;22;14;934;202;31;19
2022.07_16-08-2022;Новгородская область;165_195_days;CoviVac;1;0;0;0;0;0;0;0;1;0;0;0;579;93;9;5;355;109;22;14;934;202;31;19
2022.07_16-08-2022;Новгородская область;165_195_days;EpiVacCorona;1;0;0;0;1;0;0;0;2;0;0;0;579;93;9;5;355;109;22;14;934;202;31;19
2022.07_16-08-2022;Новгородская область;165_195_days;SputnikLite;4;1;0;0;3;0;0;0;7;1;0;0;579;93;9;5;355;109;22;14;934;202;31;19
2022.07_16-08-2022;Новгородская область;165_195_days;SputnikV;5;1;0;0;2;1;0;0;7;2;0;0;579;93;9;5;355;109;22;14;934;202;31;19
2022.07_16-08-2022;Новгородская область;21_45_days;AllVaccines;1;0;0;0;4;1;0;0;5;1;0;0;579;93;9;5;355;109;22;14;934;202;31;19
2022.07_16-08-2022;Новгородская область;21_45_days;SputnikLite;0;0;0;0;1;0;0;0;1;0;0;0;579;93;9;5;355;109;22;14;934;202;31;19
2022.07_16-08-2022;Новгородская область;21_45_days;SputnikV;1;0;0;0;3;1;0;0;4;1;0;0;579;93;9;5;355;109;22;14;934;202;31;19
2022.07_16-08-2022;Новгородская область;45_75_days;AllVaccines;1;0;0;0;1;0;0;0;2;0;0;0;579;93;9;5;355;109;22;14;934;202;31;19
2022.07_16-08-2022;Новгородская область;45_75_days;SputnikV;1;0;0;0;1;0;0;0;2;0;0;0;579;93;9;5;355;109;22;14;934;202;31;19
2022.07_16-08-2022;Новгородская область;90_105_days;AllVaccines;2;2;0;0;1;0;0;0;3;2;0;0;579;93;9;5;355;109;22;14;934;202;31;19
2022.07_16-08-2022;Новгородская область;90_105_days;CoviVac;1;1;0;0;1;0;0;0;2;1;0;0;579;93;9;5;355;109;22;14;934;202;31;19
2022.07_16-08-2022;Новгородская область;90_105_days;SputnikV;1;1;0;0;0;0;0;0;1;1;0;0;579;93;9;5;355;109;22;14;934;202;31;19
2022.07_16-08-2022;Новосибирская область;105_165_days;AllVaccines;97;12;1;1;86;22;5;2;183;34;6;3;2615;330;37;11;1497;429;80;28;4112;759;117;39
2022.07_16-08-2022;Новосибирская область;105_165_days;CoviVac;2;0;0;0;2;2;0;0;4;2;0;0;2615;330;37;11;1497;429;80;28;4112;759;117;39
2022.07_16-08-2022;Новосибирская область;105_165_days;EpiVacCorona;3;1;0;0;5;3;0;0;8;4;0;0;2615;330;37;11;1497;429;80;28;4112;759;117;39
2022.07_16-08-2022;Новосибирская область;105_165_days;SputnikLite;31;5;1;1;36;5;1;1;67;10;2;2;2615;330;37;11;1497;429;80;28;4112;759;117;39
2022.07_16-08-2022;Новосибирская область;105_165_days;SputnikV;61;6;0;0;43;12;4;1;104;18;4;1;2615;330;37;11;1497;429;80;28;4112;759;117;39
2022.07_16-08-2022;Новосибирская область;165_195_days;AllVaccines;138;12;0;1;96;23;0;0;234;35;0;1;2615;330;37;11;1497;429;80;28;4112;759;117;39
2022.07_16-08-2022;Новосибирская область;165_195_days;CoviVac;2;0;0;0;0;0;0;0;2;0;0;0;2615;330;37;11;1497;429;80;28;4112;759;117;39
2022.07_16-08-2022;Новосибирская область;165_195_days;EpiVacCorona;3;2;0;0;1;1;0;0;4;3;0;0;2615;330;37;11;1497;429;80;28;4112;759;117;39
2022.07_16-08-2022;Новосибирская область;165_195_days;SputnikLite;88;7;0;1;79;17;0;0;167;24;0;1;2615;330;37;11;1497;429;80;28;4112;759;117;39
2022.07_16-08-2022;Новосибирская область;165_195_days;SputnikV;45;3;0;0;16;5;0;0;61;8;0;0;2615;330;37;11;1497;429;80;28;4112;759;117;39
2022.07_16-08-2022;Новосибирская область;21_45_days;AllVaccines;11;2;0;0;18;3;0;0;29;5;0;0;2615;330;37;11;1497;429;80;28;4112;759;117;39
2022.07_16-08-2022;Новосибирская область;21_45_days;EpiVacCorona;2;1;0;0;2;1;0;0;4;2;0;0;2615;330;37;11;1497;429;80;28;4112;759;117;39
2022.07_16-08-2022;Новосибирская область;21_45_days;SputnikV;9;1;0;0;16;2;0;0;25;3;0;0;2615;330;37;11;1497;429;80;28;4112;759;117;39
2022.07_16-08-2022;Новосибирская область;45_75_days;AllVaccines;11;2;0;0;12;6;0;0;23;8;0;0;2615;330;37;11;1497;429;80;28;4112;759;117;39
2022.07_16-08-2022;Новосибирская область;45_75_days;EpiVacCorona;2;0;0;0;6;3;0;0;8;3;0;0;2615;330;37;11;1497;429;80;28;4112;759;117;39
2022.07_16-08-2022;Новосибирская область;45_75_days;SputnikV;9;2;0;0;6;3;0;0;15;5;0;0;2615;330;37;11;1497;429;80;28;4112;759;117;39
2022.07_16-08-2022;Новосибирская область;75_90_days;AllVaccines;5;0;0;0;12;1;0;0;17;1;0;0;2615;330;37;11;1497;429;80;28;4112;759;117;39
2022.07_16-08-2022;Новосибирская область;75_90_days;CoviVac;0;0;0;0;1;0;0;0;1;0;0;0;2615;330;37;11;1497;429;80;28;4112;759;117;39
2022.07_16-08-2022;Новосибирская область;75_90_days;EpiVacCorona;0;0;0;0;2;1;0;0;2;1;0;0;2615;330;37;11;1497;429;80;28;4112;759;117;39
2022.07_16-08-2022;Новосибирская область;75_90_days;SputnikLite;0;0;0;0;1;0;0;0;1;0;0;0;2615;330;37;11;1497;429;80;28;4112;759;117;39
2022.07_16-08-2022;Новосибирская область;75_90_days;SputnikV;5;0;0;0;8;0;0;0;13;0;0;0;2615;330;37;11;1497;429;80;28;4112;759;117;39
2022.07_16-08-2022;Новосибирская область;90_105_days;AllVaccines;12;1;0;0;5;3;0;0;17;4;0;0;2615;330;37;11;1497;429;80;28;4112;759;117;39
2022.07_16-08-2022;Новосибирская область;90_105_days;EpiVacCorona;2;0;0;0;0;0;0;0;2;0;0;0;2615;330;37;11;1497;429;80;28;4112;759;117;39
2022.07_16-08-2022;Новосибирская область;90_105_days;SputnikV;10;1;0;0;5;3;0;0;15;4;0;0;2615;330;37;11;1497;429;80;28;4112;759;117;39
2022.07_16-08-2022;Омская область;105_165_days;AllVaccines;92;22;2;0;45;18;3;1;137;40;5;1;1500;385;35;21;1160;565;151;76;2660;950;186;97
2022.07_16-08-2022;Омская область;105_165_days;CoviVac;2;0;0;0;0;0;0;0;2;0;0;0;1500;385;35;21;1160;565;151;76;2660;950;186;97
2022.07_16-08-2022;Омская область;105_165_days;EpiVacCorona;5;1;0;0;0;0;0;0;5;1;0;0;1500;385;35;21;1160;565;151;76;2660;950;186;97
2022.07_16-08-2022;Омская область;105_165_days;SputnikLite;39;10;1;0;22;10;3;1;61;20;4;1;1500;385;35;21;1160;565;151;76;2660;950;186;97
2022.07_16-08-2022;Омская область;105_165_days;SputnikV;46;11;1;0;23;8;0;0;69;19;1;0;1500;385;35;21;1160;565;151;76;2660;950;186;97
2022.07_16-08-2022;Омская область;165_195_days;AllVaccines;65;12;1;1;47;21;6;3;112;33;7;4;1500;385;35;21;1160;565;151;76;2660;950;186;97
2022.07_16-08-2022;Омская область;165_195_days;EpiVacCorona;7;3;1;1;5;3;0;0;12;6;1;1;1500;385;35;21;1160;565;151;76;2660;950;186;97
2022.07_16-08-2022;Омская область;165_195_days;SputnikLite;31;3;0;0;25;12;3;1;56;15;3;1;1500;385;35;21;1160;565;151;76;2660;950;186;97
2022.07_16-08-2022;Омская область;165_195_days;SputnikV;27;6;0;0;17;6;3;2;44;12;3;2;1500;385;35;21;1160;565;151;76;2660;950;186;97
2022.07_16-08-2022;Омская область;21_45_days;AllVaccines;20;3;0;0;11;4;1;0;31;7;1;0;1500;385;35;21;1160;565;151;76;2660;950;186;97
2022.07_16-08-2022;Омская область;21_45_days;EpiVacCorona;3;1;0;0;2;1;0;0;5;2;0;0;1500;385;35;21;1160;565;151;76;2660;950;186;97
2022.07_16-08-2022;Омская область;21_45_days;SputnikLite;2;0;0;0;0;0;0;0;2;0;0;0;1500;385;35;21;1160;565;151;76;2660;950;186;97
2022.07_16-08-2022;Омская область;21_45_days;SputnikV;15;2;0;0;9;3;1;0;24;5;1;0;1500;385;35;21;1160;565;151;76;2660;950;186;97
2022.07_16-08-2022;Омская область;45_75_days;AllVaccines;9;2;0;0;7;3;2;1;16;5;2;1;1500;385;35;21;1160;565;151;76;2660;950;186;97
2022.07_16-08-2022;Омская область;45_75_days;CoviVac;1;1;0;0;0;0;0;0;1;1;0;0;1500;385;35;21;1160;565;151;76;2660;950;186;97
2022.07_16-08-2022;Омская область;45_75_days;SputnikLite;2;0;0;0;0;0;0;0;2;0;0;0;1500;385;35;21;1160;565;151;76;2660;950;186;97
2022.07_16-08-2022;Омская область;45_75_days;SputnikV;6;1;0;0;7;3;2;1;13;4;2;1;1500;385;35;21;1160;565;151;76;2660;950;186;97
2022.07_16-08-2022;Омская область;75_90_days;AllVaccines;10;1;0;0;6;2;0;0;16;3;0;0;1500;385;35;21;1160;565;151;76;2660;950;186;97
2022.07_16-08-2022;Омская область;75_90_days;CoviVac;1;0;0;0;0;0;0;0;1;0;0;0;1500;385;35;21;1160;565;151;76;2660;950;186;97
2022.07_16-08-2022;Омская область;75_90_days;SputnikLite;1;0;0;0;1;0;0;0;2;0;0;0;1500;385;35;21;1160;565;151;76;2660;950;186;97
2022.07_16-08-2022;Омская область;75_90_days;SputnikV;8;1;0;0;5;2;0;0;13;3;0;0;1500;385;35;21;1160;565;151;76;2660;950;186;97
2022.07_16-08-2022;Омская область;90_105_days;AllVaccines;7;1;0;0;6;3;0;0;13;4;0;0;1500;385;35;21;1160;565;151;76;2660;950;186;97
2022.07_16-08-2022;Омская область;90_105_days;EpiVacCorona;1;0;0;0;0;0;0;0;1;0;0;0;1500;385;35;21;1160;565;151;76;2660;950;186;97
2022.07_16-08-2022;Омская область;90_105_days;SputnikLite;0;0;0;0;2;1;0;0;2;1;0;0;1500;385;35;21;1160;565;151;76;2660;950;186;97
2022.07_16-08-2022;Омская область;90_105_days;SputnikV;6;1;0;0;4;2;0;0;10;3;0;0;1500;385;35;21;1160;565;151;76;2660;950;186;97
2022.07_16-08-2022;Оренбургская область;105_165_days;AllVaccines;29;2;0;0;23;5;2;1;52;7;2;1;612;64;10;2;406;107;21;10;1018;171;31;12
2022.07_16-08-2022;Оренбургская область;105_165_days;CoviVac;2;0;0;0;0;0;0;0;2;0;0;0;612;64;10;2;406;107;21;10;1018;171;31;12
2022.07_16-08-2022;Оренбургская область;105_165_days;SputnikLite;10;1;0;0;5;0;0;0;15;1;0;0;612;64;10;2;406;107;21;10;1018;171;31;12
2022.07_16-08-2022;Оренбургская область;105_165_days;SputnikV;17;1;0;0;18;5;2;1;35;6;2;1;612;64;10;2;406;107;21;10;1018;171;31;12
2022.07_16-08-2022;Оренбургская область;165_195_days;AllVaccines;33;1;0;0;20;4;0;0;53;5;0;0;612;64;10;2;406;107;21;10;1018;171;31;12
2022.07_16-08-2022;Оренбургская область;165_195_days;CoviVac;1;0;0;0;0;0;0;0;1;0;0;0;612;64;10;2;406;107;21;10;1018;171;31;12
2022.07_16-08-2022;Оренбургская область;165_195_days;EpiVacCorona;2;0;0;0;1;0;0;0;3;0;0;0;612;64;10;2;406;107;21;10;1018;171;31;12
2022.07_16-08-2022;Оренбургская область;165_195_days;SputnikLite;22;0;0;0;15;2;0;0;37;2;0;0;612;64;10;2;406;107;21;10;1018;171;31;12
2022.07_16-08-2022;Оренбургская область;165_195_days;SputnikV;8;1;0;0;4;2;0;0;12;3;0;0;612;64;10;2;406;107;21;10;1018;171;31;12
2022.07_16-08-2022;Оренбургская область;21_45_days;AllVaccines;4;1;1;0;7;1;0;0;11;2;1;0;612;64;10;2;406;107;21;10;1018;171;31;12
2022.07_16-08-2022;Оренбургская область;21_45_days;SputnikLite;1;0;0;0;0;0;0;0;1;0;0;0;612;64;10;2;406;107;21;10;1018;171;31;12
2022.07_16-08-2022;Оренбургская область;21_45_days;SputnikV;3;1;1;0;7;1;0;0;10;2;1;0;612;64;10;2;406;107;21;10;1018;171;31;12
2022.07_16-08-2022;Оренбургская область;45_75_days;AllVaccines;5;0;0;0;2;1;0;0;7;1;0;0;612;64;10;2;406;107;21;10;1018;171;31;12
2022.07_16-08-2022;Оренбургская область;45_75_days;EpiVacCorona;1;0;0;0;0;0;0;0;1;0;0;0;612;64;10;2;406;107;21;10;1018;171;31;12
2022.07_16-08-2022;Оренбургская область;45_75_days;SputnikV;4;0;0;0;2;1;0;0;6;1;0;0;612;64;10;2;406;107;21;10;1018;171;31;12
2022.07_16-08-2022;Оренбургская область;75_90_days;AllVaccines;5;0;0;0;1;0;0;0;6;0;0;0;612;64;10;2;406;107;21;10;1018;171;31;12
2022.07_16-08-2022;Оренбургская область;75_90_days;CoviVac;1;0;0;0;0;0;0;0;1;0;0;0;612;64;10;2;406;107;21;10;1018;171;31;12
2022.07_16-08-2022;Оренбургская область;75_90_days;SputnikV;4;0;0;0;1;0;0;0;5;0;0;0;612;64;10;2;406;107;21;10;1018;171;31;12
2022.07_16-08-2022;Оренбургская область;90_105_days;AllVaccines;4;0;0;0;1;1;0;0;5;1;0;0;612;64;10;2;406;107;21;10;1018;171;31;12
2022.07_16-08-2022;Оренбургская область;90_105_days;SputnikV;4;0;0;0;1;1;0;0;5;1;0;0;612;64;10;2;406;107;21;10;1018;171;31;12
2022.07_16-08-2022;Орловская область;105_165_days;AllVaccines;20;3;1;1;12;0;0;0;32;3;1;1;488;55;12;7;414;155;41;16;902;210;53;23
2022.07_16-08-2022;Орловская область;105_165_days;CoviVac;1;0;0;0;0;0;0;0;1;0;0;0;488;55;12;7;414;155;41;16;902;210;53;23
2022.07_16-08-2022;Орловская область;105_165_days;EpiVacCorona;0;0;0;0;1;0;0;0;1;0;0;0;488;55;12;7;414;155;41;16;902;210;53;23
2022.07_16-08-2022;Орловская область;105_165_days;SputnikLite;9;1;1;1;7;0;0;0;16;1;1;1;488;55;12;7;414;155;41;16;902;210;53;23
2022.07_16-08-2022;Орловская область;105_165_days;SputnikV;10;2;0;0;4;0;0;0;14;2;0;0;488;55;12;7;414;155;41;16;902;210;53;23
2022.07_16-08-2022;Орловская область;165_195_days;AllVaccines;18;1;0;0;20;4;0;0;38;5;0;0;488;55;12;7;414;155;41;16;902;210;53;23
2022.07_16-08-2022;Орловская область;165_195_days;CoviVac;2;0;0;0;1;1;0;0;3;1;0;0;488;55;12;7;414;155;41;16;902;210;53;23
2022.07_16-08-2022;Орловская область;165_195_days;EpiVacCorona;1;0;0;0;2;1;0;0;3;1;0;0;488;55;12;7;414;155;41;16;902;210;53;23
2022.07_16-08-2022;Орловская область;165_195_days;SputnikLite;11;1;0;0;15;1;0;0;26;2;0;0;488;55;12;7;414;155;41;16;902;210;53;23
2022.07_16-08-2022;Орловская область;165_195_days;SputnikV;4;0;0;0;2;1;0;0;6;1;0;0;488;55;12;7;414;155;41;16;902;210;53;23
2022.07_16-08-2022;Орловская область;21_45_days;AllVaccines;1;0;0;0;3;2;0;1;4;2;0;1;488;55;12;7;414;155;41;16;902;210;53;23
2022.07_16-08-2022;Орловская область;21_45_days;SputnikV;1;0;0;0;3;2;0;1;4;2;0;1;488;55;12;7;414;155;41;16;902;210;53;23
2022.07_16-08-2022;Орловская область;45_75_days;AllVaccines;2;0;0;0;3;1;0;0;5;1;0;0;488;55;12;7;414;155;41;16;902;210;53;23
2022.07_16-08-2022;Орловская область;45_75_days;EpiVacCorona;1;0;0;0;0;0;0;0;1;0;0;0;488;55;12;7;414;155;41;16;902;210;53;23
2022.07_16-08-2022;Орловская область;45_75_days;SputnikLite;0;0;0;0;1;0;0;0;1;0;0;0;488;55;12;7;414;155;41;16;902;210;53;23
2022.07_16-08-2022;Орловская область;45_75_days;SputnikV;1;0;0;0;2;1;0;0;3;1;0;0;488;55;12;7;414;155;41;16;902;210;53;23
2022.07_16-08-2022;Орловская область;75_90_days;AllVaccines;1;0;0;0;5;2;0;0;6;2;0;0;488;55;12;7;414;155;41;16;902;210;53;23
2022.07_16-08-2022;Орловская область;75_90_days;EpiVacCorona;0;0;0;0;1;1;0;0;1;1;0;0;488;55;12;7;414;155;41;16;902;210;53;23
2022.07_16-08-2022;Орловская область;75_90_days;SputnikV;1;0;0;0;4;1;0;0;5;1;0;0;488;55;12;7;414;155;41;16;902;210;53;23
2022.07_16-08-2022;Орловская область;90_105_days;AllVaccines;0;0;0;0;2;0;0;0;2;0;0;0;488;55;12;7;414;155;41;16;902;210;53;23
2022.07_16-08-2022;Орловская область;90_105_days;SputnikV;0;0;0;0;2;0;0;0;2;0;0;0;488;55;12;7;414;155;41;16;902;210;53;23
2022.07_16-08-2022;Пензенская область;105_165_days;AllVaccines;71;8;0;0;147;66;15;6;218;74;15;6;858;124;20;4;809;326;87;46;1667;450;107;50
2022.07_16-08-2022;Пензенская область;105_165_days;CoviVac;3;1;0;0;3;2;0;0;6;3;0;0;858;124;20;4;809;326;87;46;1667;450;107;50
2022.07_16-08-2022;Пензенская область;105_165_days;EpiVacCorona;6;0;0;0;26;10;4;2;32;10;4;2;858;124;20;4;809;326;87;46;1667;450;107;50
2022.07_16-08-2022;Пензенская область;105_165_days;SputnikLite;29;3;0;0;31;11;1;1;60;14;1;1;858;124;20;4;809;326;87;46;1667;450;107;50
2022.07_16-08-2022;Пензенская область;105_165_days;SputnikV;33;4;0;0;87;43;10;3;120;47;10;3;858;124;20;4;809;326;87;46;1667;450;107;50
2022.07_16-08-2022;Пензенская область;165_195_days;AllVaccines;37;6;1;0;54;21;9;4;91;27;10;4;858;124;20;4;809;326;87;46;1667;450;107;50
2022.07_16-08-2022;Пензенская область;165_195_days;EpiVacCorona;2;0;0;0;8;4;2;1;10;4;2;1;858;124;20;4;809;326;87;46;1667;450;107;50
2022.07_16-08-2022;Пензенская область;165_195_days;SputnikLite;26;3;1;0;23;7;2;1;49;10;3;1;858;124;20;4;809;326;87;46;1667;450;107;50
2022.07_16-08-2022;Пензенская область;165_195_days;SputnikV;9;3;0;0;23;10;5;2;32;13;5;2;858;124;20;4;809;326;87;46;1667;450;107;50
2022.07_16-08-2022;Пензенская область;21_45_days;AllVaccines;22;1;1;0;26;8;1;1;48;9;2;1;858;124;20;4;809;326;87;46;1667;450;107;50
2022.07_16-08-2022;Пензенская область;21_45_days;EpiVacCorona;1;0;0;0;0;0;0;0;1;0;0;0;858;124;20;4;809;326;87;46;1667;450;107;50
2022.07_16-08-2022;Пензенская область;21_45_days;SputnikV;21;1;1;0;26;8;1;1;47;9;2;1;858;124;20;4;809;326;87;46;1667;450;107;50
2022.07_16-08-2022;Пензенская область;45_75_days;AllVaccines;21;3;0;0;35;11;5;4;56;14;5;4;858;124;20;4;809;326;87;46;1667;450;107;50
2022.07_16-08-2022;Пензенская область;45_75_days;EpiVacCorona;3;1;0;0;5;0;0;0;8;1;0;0;858;124;20;4;809;326;87;46;1667;450;107;50
2022.07_16-08-2022;Пензенская область;45_75_days;SputnikLite;1;0;0;0;0;0;0;0;1;0;0;0;858;124;20;4;809;326;87;46;1667;450;107;50
2022.07_16-08-2022;Пензенская область;45_75_days;SputnikV;17;2;0;0;30;11;5;4;47;13;5;4;858;124;20;4;809;326;87;46;1667;450;107;50
2022.07_16-08-2022;Пензенская область;75_90_days;AllVaccines;11;0;0;0;24;11;2;1;35;11;2;1;858;124;20;4;809;326;87;46;1667;450;107;50
2022.07_16-08-2022;Пензенская область;75_90_days;CoviVac;1;0;0;0;0;0;0;0;1;0;0;0;858;124;20;4;809;326;87;46;1667;450;107;50
2022.07_16-08-2022;Пензенская область;75_90_days;EpiVacCorona;1;0;0;0;2;1;0;0;3;1;0;0;858;124;20;4;809;326;87;46;1667;450;107;50
2022.07_16-08-2022;Пензенская область;75_90_days;SputnikLite;0;0;0;0;1;0;0;0;1;0;0;0;858;124;20;4;809;326;87;46;1667;450;107;50
2022.07_16-08-2022;Пензенская область;75_90_days;SputnikV;9;0;0;0;21;10;2;1;30;10;2;1;858;124;20;4;809;326;87;46;1667;450;107;50
2022.07_16-08-2022;Пензенская область;90_105_days;AllVaccines;12;2;0;0;52;26;10;4;64;28;10;4;858;124;20;4;809;326;87;46;1667;450;107;50
2022.07_16-08-2022;Пензенская область;90_105_days;EpiVacCorona;2;0;0;0;8;4;1;0;10;4;1;0;858;124;20;4;809;326;87;46;1667;450;107;50
2022.07_16-08-2022;Пензенская область;90_105_days;SputnikLite;2;1;0;0;0;0;0;0;2;1;0;0;858;124;20;4;809;326;87;46;1667;450;107;50
2022.07_16-08-2022;Пензенская область;90_105_days;SputnikV;8;1;0;0;44;22;9;4;52;23;9;4;858;124;20;4;809;326;87;46;1667;450;107;50
2022.07_16-08-2022;Пермский край;105_165_days;AllVaccines;35;1;0;0;24;4;0;0;59;5;0;0;1136;82;7;4;537;114;11;3;1673;196;18;7
2022.07_16-08-2022;Пермский край;105_165_days;EpiVacCorona;2;0;0;0;0;0;0;0;2;0;0;0;1136;82;7;4;537;114;11;3;1673;196;18;7
2022.07_16-08-2022;Пермский край;105_165_days;SputnikLite;15;1;0;0;7;2;0;0;22;3;0;0;1136;82;7;4;537;114;11;3;1673;196;18;7
2022.07_16-08-2022;Пермский край;105_165_days;SputnikV;18;0;0;0;17;2;0;0;35;2;0;0;1136;82;7;4;537;114;11;3;1673;196;18;7
2022.07_16-08-2022;Пермский край;165_195_days;AllVaccines;43;4;0;0;31;9;3;0;74;13;3;0;1136;82;7;4;537;114;11;3;1673;196;18;7
2022.07_16-08-2022;Пермский край;165_195_days;CoviVac;2;0;0;0;1;0;0;0;3;0;0;0;1136;82;7;4;537;114;11;3;1673;196;18;7
2022.07_16-08-2022;Пермский край;165_195_days;EpiVacCorona;2;2;0;0;0;0;0;0;2;2;0;0;1136;82;7;4;537;114;11;3;1673;196;18;7
2022.07_16-08-2022;Пермский край;165_195_days;SputnikLite;22;1;0;0;26;8;2;0;48;9;2;0;1136;82;7;4;537;114;11;3;1673;196;18;7
2022.07_16-08-2022;Пермский край;165_195_days;SputnikV;17;1;0;0;4;1;1;0;21;2;1;0;1136;82;7;4;537;114;11;3;1673;196;18;7
2022.07_16-08-2022;Пермский край;21_45_days;AllVaccines;2;0;0;0;2;1;0;0;4;1;0;0;1136;82;7;4;537;114;11;3;1673;196;18;7
2022.07_16-08-2022;Пермский край;21_45_days;SputnikLite;1;0;0;0;0;0;0;0;1;0;0;0;1136;82;7;4;537;114;11;3;1673;196;18;7
2022.07_16-08-2022;Пермский край;21_45_days;SputnikV;1;0;0;0;2;1;0;0;3;1;0;0;1136;82;7;4;537;114;11;3;1673;196;18;7
2022.07_16-08-2022;Пермский край;45_75_days;AllVaccines;2;0;0;0;3;0;0;0;5;0;0;0;1136;82;7;4;537;114;11;3;1673;196;18;7
2022.07_16-08-2022;Пермский край;45_75_days;SputnikLite;0;0;0;0;1;0;0;0;1;0;0;0;1136;82;7;4;537;114;11;3;1673;196;18;7
2022.07_16-08-2022;Пермский край;45_75_days;SputnikV;2;0;0;0;2;0;0;0;4;0;0;0;1136;82;7;4;537;114;11;3;1673;196;18;7
2022.07_16-08-2022;Пермский край;75_90_days;AllVaccines;0;0;0;0;4;1;0;0;4;1;0;0;1136;82;7;4;537;114;11;3;1673;196;18;7
2022.07_16-08-2022;Пермский край;75_90_days;CoviVac;0;0;0;0;1;0;0;0;1;0;0;0;1136;82;7;4;537;114;11;3;1673;196;18;7
2022.07_16-08-2022;Пермский край;75_90_days;SputnikLite;0;0;0;0;1;1;0;0;1;1;0;0;1136;82;7;4;537;114;11;3;1673;196;18;7
2022.07_16-08-2022;Пермский край;75_90_days;SputnikV;0;0;0;0;2;0;0;0;2;0;0;0;1136;82;7;4;537;114;11;3;1673;196;18;7
2022.07_16-08-2022;Пермский край;90_105_days;AllVaccines;2;0;0;0;2;1;0;0;4;1;0;0;1136;82;7;4;537;114;11;3;1673;196;18;7
2022.07_16-08-2022;Пермский край;90_105_days;EpiVacCorona;1;0;0;0;0;0;0;0;1;0;0;0;1136;82;7;4;537;114;11;3;1673;196;18;7
2022.07_16-08-2022;Пермский край;90_105_days;SputnikV;1;0;0;0;2;1;0;0;3;1;0;0;1136;82;7;4;537;114;11;3;1673;196;18;7
2022.07_16-08-2022;Приморский край;105_165_days;AllVaccines;47;3;0;0;51;21;7;2;98;24;7;2;1330;189;18;6;750;262;53;15;2080;451;71;21
2022.07_16-08-2022;Приморский край;105_165_days;CoviVac;1;0;0;0;0;0;0;0;1;0;0;0;1330;189;18;6;750;262;53;15;2080;451;71;21
2022.07_16-08-2022;Приморский край;105_165_days;EpiVacCorona;4;1;0;0;5;3;2;1;9;4;2;1;1330;189;18;6;750;262;53;15;2080;451;71;21
2022.07_16-08-2022;Приморский край;105_165_days;SputnikLite;29;2;0;0;30;13;5;1;59;15;5;1;1330;189;18;6;750;262;53;15;2080;451;71;21
2022.07_16-08-2022;Приморский край;105_165_days;SputnikV;13;0;0;0;16;5;0;0;29;5;0;0;1330;189;18;6;750;262;53;15;2080;451;71;21
2022.07_16-08-2022;Приморский край;165_195_days;AllVaccines;70;3;0;0;48;16;3;0;118;19;3;0;1330;189;18;6;750;262;53;15;2080;451;71;21
2022.07_16-08-2022;Приморский край;165_195_days;EpiVacCorona;0;0;0;0;2;1;0;0;2;1;0;0;1330;189;18;6;750;262;53;15;2080;451;71;21
2022.07_16-08-2022;Приморский край;165_195_days;SputnikLite;46;1;0;0;33;13;3;0;79;14;3;0;1330;189;18;6;750;262;53;15;2080;451;71;21
2022.07_16-08-2022;Приморский край;165_195_days;SputnikV;24;2;0;0;13;2;0;0;37;4;0;0;1330;189;18;6;750;262;53;15;2080;451;71;21
2022.07_16-08-2022;Приморский край;21_45_days;AllVaccines;7;0;0;0;3;1;0;0;10;1;0;0;1330;189;18;6;750;262;53;15;2080;451;71;21
2022.07_16-08-2022;Приморский край;21_45_days;CoviVac;1;0;0;0;0;0;0;0;1;0;0;0;1330;189;18;6;750;262;53;15;2080;451;71;21
2022.07_16-08-2022;Приморский край;21_45_days;EpiVacCorona;2;0;0;0;0;0;0;0;2;0;0;0;1330;189;18;6;750;262;53;15;2080;451;71;21
2022.07_16-08-2022;Приморский край;21_45_days;SputnikLite;1;0;0;0;2;0;0;0;3;0;0;0;1330;189;18;6;750;262;53;15;2080;451;71;21
2022.07_16-08-2022;Приморский край;21_45_days;SputnikV;3;0;0;0;1;1;0;0;4;1;0;0;1330;189;18;6;750;262;53;15;2080;451;71;21
2022.07_16-08-2022;Приморский край;45_75_days;AllVaccines;8;1;0;0;7;2;0;0;15;3;0;0;1330;189;18;6;750;262;53;15;2080;451;71;21
2022.07_16-08-2022;Приморский край;45_75_days;EpiVacCorona;1;0;0;0;1;0;0;0;2;0;0;0;1330;189;18;6;750;262;53;15;2080;451;71;21
2022.07_16-08-2022;Приморский край;45_75_days;SputnikLite;4;0;0;0;5;2;0;0;9;2;0;0;1330;189;18;6;750;262;53;15;2080;451;71;21
2022.07_16-08-2022;Приморский край;45_75_days;SputnikV;3;1;0;0;1;0;0;0;4;1;0;0;1330;189;18;6;750;262;53;15;2080;451;71;21
2022.07_16-08-2022;Приморский край;75_90_days;AllVaccines;5;0;0;0;4;0;0;0;9;0;0;0;1330;189;18;6;750;262;53;15;2080;451;71;21
2022.07_16-08-2022;Приморский край;75_90_days;CoviVac;1;0;0;0;1;0;0;0;2;0;0;0;1330;189;18;6;750;262;53;15;2080;451;71;21
2022.07_16-08-2022;Приморский край;75_90_days;SputnikLite;2;0;0;0;1;0;0;0;3;0;0;0;1330;189;18;6;750;262;53;15;2080;451;71;21
2022.07_16-08-2022;Приморский край;75_90_days;SputnikV;2;0;0;0;2;0;0;0;4;0;0;0;1330;189;18;6;750;262;53;15;2080;451;71;21
2022.07_16-08-2022;Приморский край;90_105_days;AllVaccines;1;0;0;0;4;1;0;0;5;1;0;0;1330;189;18;6;750;262;53;15;2080;451;71;21
2022.07_16-08-2022;Приморский край;90_105_days;SputnikLite;0;0;0;0;2;0;0;0;2;0;0;0;1330;189;18;6;750;262;53;15;2080;451;71;21
2022.07_16-08-2022;Приморский край;90_105_days;SputnikV;1;0;0;0;2;1;0;0;3;1;0;0;1330;189;18;6;750;262;53;15;2080;451;71;21
2022.07_16-08-2022;Псковская область;105_165_days;AllVaccines;24;2;1;0;13;6;1;1;37;8;2;1;376;43;12;2;287;114;30;14;663;157;42;16
2022.07_16-08-2022;Псковская область;105_165_days;CoviVac;1;1;0;0;0;0;0;0;1;1;0;0;376;43;12;2;287;114;30;14;663;157;42;16
2022.07_16-08-2022;Псковская область;105_165_days;EpiVacCorona;1;1;1;0;0;0;0;0;1;1;1;0;376;43;12;2;287;114;30;14;663;157;42;16
2022.07_16-08-2022;Псковская область;105_165_days;SputnikLite;8;0;0;0;4;1;0;0;12;1;0;0;376;43;12;2;287;114;30;14;663;157;42;16
2022.07_16-08-2022;Псковская область;105_165_days;SputnikV;14;0;0;0;9;5;1;1;23;5;1;1;376;43;12;2;287;114;30;14;663;157;42;16
2022.07_16-08-2022;Псковская область;165_195_days;AllVaccines;10;0;0;0;13;6;2;0;23;6;2;0;376;43;12;2;287;114;30;14;663;157;42;16
2022.07_16-08-2022;Псковская область;165_195_days;EpiVacCorona;0;0;0;0;2;2;0;0;2;2;0;0;376;43;12;2;287;114;30;14;663;157;42;16
2022.07_16-08-2022;Псковская область;165_195_days;SputnikLite;5;0;0;0;7;2;1;0;12;2;1;0;376;43;12;2;287;114;30;14;663;157;42;16
2022.07_16-08-2022;Псковская область;165_195_days;SputnikV;5;0;0;0;4;2;1;0;9;2;1;0;376;43;12;2;287;114;30;14;663;157;42;16
2022.07_16-08-2022;Псковская область;21_45_days;AllVaccines;1;0;0;0;0;0;0;0;1;0;0;0;376;43;12;2;287;114;30;14;663;157;42;16
2022.07_16-08-2022;Псковская область;21_45_days;SputnikV;1;0;0;0;0;0;0;0;1;0;0;0;376;43;12;2;287;114;30;14;663;157;42;16
2022.07_16-08-2022;Псковская область;45_75_days;AllVaccines;2;0;0;0;4;3;0;0;6;3;0;0;376;43;12;2;287;114;30;14;663;157;42;16
2022.07_16-08-2022;Псковская область;45_75_days;EpiVacCorona;1;0;0;0;1;1;0;0;2;1;0;0;376;43;12;2;287;114;30;14;663;157;42;16
2022.07_16-08-2022;Псковская область;45_75_days;SputnikV;1;0;0;0;3;2;0;0;4;2;0;0;376;43;12;2;287;114;30;14;663;157;42;16
2022.07_16-08-2022;Псковская область;75_90_days;AllVaccines;1;0;0;0;2;1;0;0;3;1;0;0;376;43;12;2;287;114;30;14;663;157;42;16
2022.07_16-08-2022;Псковская область;75_90_days;SputnikV;1;0;0;0;2;1;0;0;3;1;0;0;376;43;12;2;287;114;30;14;663;157;42;16
2022.07_16-08-2022;Псковская область;90_105_days;AllVaccines;0;0;0;0;1;0;0;0;1;0;0;0;376;43;12;2;287;114;30;14;663;157;42;16
2022.07_16-08-2022;Псковская область;90_105_days;SputnikV;0;0;0;0;1;0;0;0;1;0;0;0;376;43;12;2;287;114;30;14;663;157;42;16
2022.07_16-08-2022;РФ;105_165_days;AllVaccines;6267;402;50;11;3484;745;165;53;9751;1147;215;64;136434;10695;1561;405;67563;16234;3931;1767;203997;26929;5492;2172
2022.07_16-08-2022;РФ;105_165_days;CoviVac;168;6;0;0;32;6;1;0;200;12;1;0;136434;10695;1561;405;67563;16234;3931;1767;203997;26929;5492;2172
2022.07_16-08-2022;РФ;105_165_days;EpiVacCorona;189;19;3;0;185;63;15;8;374;82;18;8;136434;10695;1561;405;67563;16234;3931;1767;203997;26929;5492;2172
2022.07_16-08-2022;РФ;105_165_days;SputnikLite;2611;165;22;6;1449;291;64;19;4060;456;86;25;136434;10695;1561;405;67563;16234;3931;1767;203997;26929;5492;2172
2022.07_16-08-2022;РФ;105_165_days;SputnikV;3299;212;25;5;1818;385;85;26;5117;597;110;31;136434;10695;1561;405;67563;16234;3931;1767;203997;26929;5492;2172
2022.07_16-08-2022;РФ;165_195_days;AllVaccines;5568;327;32;7;3086;640;116;45;8654;967;148;52;136434;10695;1561;405;67563;16234;3931;1767;203997;26929;5492;2172
2022.07_16-08-2022;РФ;165_195_days;CoviVac;94;3;0;0;16;3;1;0;110;6;1;0;136434;10695;1561;405;67563;16234;3931;1767;203997;26929;5492;2172
2022.07_16-08-2022;РФ;165_195_days;EpiVacCorona;141;19;1;2;99;39;4;2;240;58;5;4;136434;10695;1561;405;67563;16234;3931;1767;203997;26929;5492;2172
2022.07_16-08-2022;РФ;165_195_days;SputnikLite;3581;179;17;4;2172;389;67;28;5753;568;84;32;136434;10695;1561;405;67563;16234;3931;1767;203997;26929;5492;2172
2022.07_16-08-2022;РФ;165_195_days;SputnikV;1752;126;14;1;799;209;44;15;2551;335;58;16;136434;10695;1561;405;67563;16234;3931;1767;203997;26929;5492;2172
2022.07_16-08-2022;РФ;21_45_days;AllVaccines;734;54;10;0;587;157;21;14;1321;211;31;14;136434;10695;1561;405;67563;16234;3931;1767;203997;26929;5492;2172
2022.07_16-08-2022;РФ;21_45_days;CoviVac;27;1;0;0;16;3;0;0;43;4;0;0;136434;10695;1561;405;67563;16234;3931;1767;203997;26929;5492;2172
2022.07_16-08-2022;РФ;21_45_days;EpiVacCorona;64;4;1;0;47;17;2;3;111;21;3;3;136434;10695;1561;405;67563;16234;3931;1767;203997;26929;5492;2172
2022.07_16-08-2022;РФ;21_45_days;SputnikLite;87;4;1;0;52;13;2;1;139;17;3;1;136434;10695;1561;405;67563;16234;3931;1767;203997;26929;5492;2172
2022.07_16-08-2022;РФ;21_45_days;SputnikV;556;45;8;0;472;124;17;10;1028;169;25;10;136434;10695;1561;405;67563;16234;3931;1767;203997;26929;5492;2172
2022.07_16-08-2022;РФ;45_75_days;AllVaccines;732;58;8;1;616;140;32;17;1348;198;40;18;136434;10695;1561;405;67563;16234;3931;1767;203997;26929;5492;2172
2022.07_16-08-2022;РФ;45_75_days;CoviVac;46;6;1;0;18;2;1;1;64;8;2;1;136434;10695;1561;405;67563;16234;3931;1767;203997;26929;5492;2172
2022.07_16-08-2022;РФ;45_75_days;EpiVacCorona;51;6;1;0;44;14;3;2;95;20;4;2;136434;10695;1561;405;67563;16234;3931;1767;203997;26929;5492;2172
2022.07_16-08-2022;РФ;45_75_days;SputnikLite;125;7;2;1;96;15;1;2;221;22;3;3;136434;10695;1561;405;67563;16234;3931;1767;203997;26929;5492;2172
2022.07_16-08-2022;РФ;45_75_days;SputnikV;510;39;4;0;458;109;27;12;968;148;31;12;136434;10695;1561;405;67563;16234;3931;1767;203997;26929;5492;2172
2022.07_16-08-2022;РФ;75_90_days;AllVaccines;453;32;1;1;373;80;17;5;826;112;18;6;136434;10695;1561;405;67563;16234;3931;1767;203997;26929;5492;2172
2022.07_16-08-2022;РФ;75_90_days;CoviVac;34;4;0;0;14;1;1;0;48;5;1;0;136434;10695;1561;405;67563;16234;3931;1767;203997;26929;5492;2172
2022.07_16-08-2022;РФ;75_90_days;EpiVacCorona;28;1;0;0;19;6;1;0;47;7;1;0;136434;10695;1561;405;67563;16234;3931;1767;203997;26929;5492;2172
2022.07_16-08-2022;РФ;75_90_days;SputnikLite;94;3;0;0;83;15;2;0;177;18;2;0;136434;10695;1561;405;67563;16234;3931;1767;203997;26929;5492;2172
2022.07_16-08-2022;РФ;75_90_days;SputnikV;297;24;1;1;257;58;13;5;554;82;14;6;136434;10695;1561;405;67563;16234;3931;1767;203997;26929;5492;2172
2022.07_16-08-2022;РФ;90_105_days;AllVaccines;533;41;7;2;454;104;25;12;987;145;32;14;136434;10695;1561;405;67563;16234;3931;1767;203997;26929;5492;2172
2022.07_16-08-2022;РФ;90_105_days;CoviVac;22;2;0;0;9;0;0;0;31;2;0;0;136434;10695;1561;405;67563;16234;3931;1767;203997;26929;5492;2172
2022.07_16-08-2022;РФ;90_105_days;EpiVacCorona;36;5;2;0;39;12;2;0;75;17;4;0;136434;10695;1561;405;67563;16234;3931;1767;203997;26929;5492;2172
2022.07_16-08-2022;РФ;90_105_days;SputnikLite;124;11;0;0;93;15;5;3;217;26;5;3;136434;10695;1561;405;67563;16234;3931;1767;203997;26929;5492;2172
2022.07_16-08-2022;РФ;90_105_days;SputnikV;351;23;5;2;313;77;18;9;664;100;23;11;136434;10695;1561;405;67563;16234;3931;1767;203997;26929;5492;2172
2022.07_16-08-2022;Республика Адыгея;105_165_days;AllVaccines;10;1;1;0;5;4;0;0;15;5;1;0;130;23;2;1;84;28;3;1;214;51;5;2
2022.07_16-08-2022;Республика Адыгея;105_165_days;SputnikLite;8;0;0;0;3;3;0;0;11;3;0;0;130;23;2;1;84;28;3;1;214;51;5;2
2022.07_16-08-2022;Республика Адыгея;105_165_days;SputnikV;2;1;1;0;2;1;0;0;4;2;1;0;130;23;2;1;84;28;3;1;214;51;5;2
2022.07_16-08-2022;Республика Адыгея;165_195_days;AllVaccines;8;1;0;0;4;1;0;0;12;2;0;0;130;23;2;1;84;28;3;1;214;51;5;2
2022.07_16-08-2022;Республика Адыгея;165_195_days;SputnikLite;6;1;0;0;3;0;0;0;9;1;0;0;130;23;2;1;84;28;3;1;214;51;5;2
2022.07_16-08-2022;Республика Адыгея;165_195_days;SputnikV;2;0;0;0;1;1;0;0;3;1;0;0;130;23;2;1;84;28;3;1;214;51;5;2
2022.07_16-08-2022;Республика Адыгея;21_45_days;AllVaccines;2;1;0;0;0;0;0;0;2;1;0;0;130;23;2;1;84;28;3;1;214;51;5;2
2022.07_16-08-2022;Республика Адыгея;21_45_days;SputnikV;2;1;0;0;0;0;0;0;2;1;0;0;130;23;2;1;84;28;3;1;214;51;5;2
2022.07_16-08-2022;Республика Адыгея;45_75_days;AllVaccines;1;1;0;0;0;0;0;0;1;1;0;0;130;23;2;1;84;28;3;1;214;51;5;2
2022.07_16-08-2022;Республика Адыгея;45_75_days;SputnikV;1;1;0;0;0;0;0;0;1;1;0;0;130;23;2;1;84;28;3;1;214;51;5;2
2022.07_16-08-2022;Республика Адыгея;75_90_days;AllVaccines;1;0;0;0;0;0;0;0;1;0;0;0;130;23;2;1;84;28;3;1;214;51;5;2
2022.07_16-08-2022;Республика Адыгея;75_90_days;SputnikV;1;0;0;0;0;0;0;0;1;0;0;0;130;23;2;1;84;28;3;1;214;51;5;2
2022.07_16-08-2022;Республика Адыгея;90_105_days;AllVaccines;1;1;0;0;0;0;0;0;1;1;0;0;130;23;2;1;84;28;3;1;214;51;5;2
2022.07_16-08-2022;Республика Адыгея;90_105_days;SputnikLite;1;1;0;0;0;0;0;0;1;1;0;0;130;23;2;1;84;28;3;1;214;51;5;2
2022.07_16-08-2022;Республика Алтай;105_165_days;AllVaccines;21;0;0;0;10;2;0;0;31;2;0;0;338;28;0;0;158;26;1;1;496;54;1;1
2022.07_16-08-2022;Республика Алтай;105_165_days;CoviVac;0;0;0;0;1;0;0;0;1;0;0;0;338;28;0;0;158;26;1;1;496;54;1;1
2022.07_16-08-2022;Республика Алтай;105_165_days;EpiVacCorona;0;0;0;0;1;0;0;0;1;0;0;0;338;28;0;0;158;26;1;1;496;54;1;1
2022.07_16-08-2022;Республика Алтай;105_165_days;SputnikLite;16;0;0;0;5;1;0;0;21;1;0;0;338;28;0;0;158;26;1;1;496;54;1;1
2022.07_16-08-2022;Республика Алтай;105_165_days;SputnikV;5;0;0;0;3;1;0;0;8;1;0;0;338;28;0;0;158;26;1;1;496;54;1;1
2022.07_16-08-2022;Республика Алтай;165_195_days;AllVaccines;22;3;0;0;6;1;0;0;28;4;0;0;338;28;0;0;158;26;1;1;496;54;1;1
2022.07_16-08-2022;Республика Алтай;165_195_days;SputnikLite;18;1;0;0;6;1;0;0;24;2;0;0;338;28;0;0;158;26;1;1;496;54;1;1
2022.07_16-08-2022;Республика Алтай;165_195_days;SputnikV;4;2;0;0;0;0;0;0;4;2;0;0;338;28;0;0;158;26;1;1;496;54;1;1
2022.07_16-08-2022;Республика Алтай;21_45_days;AllVaccines;0;0;0;0;3;0;0;0;3;0;0;0;338;28;0;0;158;26;1;1;496;54;1;1
2022.07_16-08-2022;Республика Алтай;21_45_days;SputnikV;0;0;0;0;3;0;0;0;3;0;0;0;338;28;0;0;158;26;1;1;496;54;1;1
2022.07_16-08-2022;Республика Алтай;45_75_days;AllVaccines;2;0;0;0;3;1;0;0;5;1;0;0;338;28;0;0;158;26;1;1;496;54;1;1
2022.07_16-08-2022;Республика Алтай;45_75_days;SputnikV;2;0;0;0;3;1;0;0;5;1;0;0;338;28;0;0;158;26;1;1;496;54;1;1
2022.07_16-08-2022;Республика Алтай;75_90_days;AllVaccines;2;0;0;0;1;0;0;0;3;0;0;0;338;28;0;0;158;26;1;1;496;54;1;1
2022.07_16-08-2022;Республика Алтай;75_90_days;CoviVac;1;0;0;0;0;0;0;0;1;0;0;0;338;28;0;0;158;26;1;1;496;54;1;1
2022.07_16-08-2022;Республика Алтай;75_90_days;SputnikLite;0;0;0;0;1;0;0;0;1;0;0;0;338;28;0;0;158;26;1;1;496;54;1;1
2022.07_16-08-2022;Республика Алтай;75_90_days;SputnikV;1;0;0;0;0;0;0;0;1;0;0;0;338;28;0;0;158;26;1;1;496;54;1;1
2022.07_16-08-2022;Республика Алтай;90_105_days;AllVaccines;3;0;0;0;2;0;0;0;5;0;0;0;338;28;0;0;158;26;1;1;496;54;1;1
2022.07_16-08-2022;Республика Алтай;90_105_days;SputnikLite;1;0;0;0;1;0;0;0;2;0;0;0;338;28;0;0;158;26;1;1;496;54;1;1
2022.07_16-08-2022;Республика Алтай;90_105_days;SputnikV;2;0;0;0;1;0;0;0;3;0;0;0;338;28;0;0;158;26;1;1;496;54;1;1
2022.07_16-08-2022;Республика Башкортостан;105_165_days;AllVaccines;74;13;2;1;30;16;4;2;104;29;6;3;910;169;39;4;529;206;62;24;1439;375;101;28
2022.07_16-08-2022;Республика Башкортостан;105_165_days;CoviVac;1;0;0;0;0;0;0;0;1;0;0;0;910;169;39;4;529;206;62;24;1439;375;101;28
2022.07_16-08-2022;Республика Башкортостан;105_165_days;EpiVacCorona;8;5;1;0;3;2;0;0;11;7;1;0;910;169;39;4;529;206;62;24;1439;375;101;28
2022.07_16-08-2022;Республика Башкортостан;105_165_days;SputnikLite;19;2;1;1;5;2;0;0;24;4;1;1;910;169;39;4;529;206;62;24;1439;375;101;28
2022.07_16-08-2022;Республика Башкортостан;105_165_days;SputnikV;46;6;0;0;22;12;4;2;68;18;4;2;910;169;39;4;529;206;62;24;1439;375;101;28
2022.07_16-08-2022;Республика Башкортостан;165_195_days;AllVaccines;65;11;1;0;23;9;2;0;88;20;3;0;910;169;39;4;529;206;62;24;1439;375;101;28
2022.07_16-08-2022;Республика Башкортостан;165_195_days;EpiVacCorona;4;1;0;0;2;2;0;0;6;3;0;0;910;169;39;4;529;206;62;24;1439;375;101;28
2022.07_16-08-2022;Республика Башкортостан;165_195_days;SputnikLite;40;6;1;0;14;3;1;0;54;9;2;0;910;169;39;4;529;206;62;24;1439;375;101;28
2022.07_16-08-2022;Республика Башкортостан;165_195_days;SputnikV;21;4;0;0;7;4;1;0;28;8;1;0;910;169;39;4;529;206;62;24;1439;375;101;28
2022.07_16-08-2022;Республика Башкортостан;21_45_days;AllVaccines;32;2;1;0;34;14;4;4;66;16;5;4;910;169;39;4;529;206;62;24;1439;375;101;28
2022.07_16-08-2022;Республика Башкортостан;21_45_days;CoviVac;0;0;0;0;1;1;0;0;1;1;0;0;910;169;39;4;529;206;62;24;1439;375;101;28
2022.07_16-08-2022;Республика Башкортостан;21_45_days;EpiVacCorona;2;0;0;0;4;3;0;1;6;3;0;1;910;169;39;4;529;206;62;24;1439;375;101;28
2022.07_16-08-2022;Республика Башкортостан;21_45_days;SputnikLite;1;0;0;0;1;0;0;0;2;0;0;0;910;169;39;4;529;206;62;24;1439;375;101;28
2022.07_16-08-2022;Республика Башкортостан;21_45_days;SputnikV;29;2;1;0;28;10;4;3;57;12;5;3;910;169;39;4;529;206;62;24;1439;375;101;28
2022.07_16-08-2022;Республика Башкортостан;45_75_days;AllVaccines;30;5;1;0;18;4;2;2;48;9;3;2;910;169;39;4;529;206;62;24;1439;375;101;28
2022.07_16-08-2022;Республика Башкортостан;45_75_days;CoviVac;6;0;0;0;3;1;1;1;9;1;1;1;910;169;39;4;529;206;62;24;1439;375;101;28
2022.07_16-08-2022;Республика Башкортостан;45_75_days;EpiVacCorona;1;1;0;0;1;0;0;0;2;1;0;0;910;169;39;4;529;206;62;24;1439;375;101;28
2022.07_16-08-2022;Республика Башкортостан;45_75_days;SputnikLite;2;0;0;0;0;0;0;0;2;0;0;0;910;169;39;4;529;206;62;24;1439;375;101;28
2022.07_16-08-2022;Республика Башкортостан;45_75_days;SputnikV;21;4;1;0;14;3;1;1;35;7;2;1;910;169;39;4;529;206;62;24;1439;375;101;28
2022.07_16-08-2022;Республика Башкортостан;75_90_days;AllVaccines;6;0;0;0;8;5;1;1;14;5;1;1;910;169;39;4;529;206;62;24;1439;375;101;28
2022.07_16-08-2022;Республика Башкортостан;75_90_days;CoviVac;1;0;0;0;3;0;0;0;4;0;0;0;910;169;39;4;529;206;62;24;1439;375;101;28
2022.07_16-08-2022;Республика Башкортостан;75_90_days;EpiVacCorona;0;0;0;0;1;1;0;0;1;1;0;0;910;169;39;4;529;206;62;24;1439;375;101;28
2022.07_16-08-2022;Республика Башкортостан;75_90_days;SputnikLite;1;0;0;0;0;0;0;0;1;0;0;0;910;169;39;4;529;206;62;24;1439;375;101;28
2022.07_16-08-2022;Республика Башкортостан;75_90_days;SputnikV;4;0;0;0;4;4;1;1;8;4;1;1;910;169;39;4;529;206;62;24;1439;375;101;28
2022.07_16-08-2022;Республика Башкортостан;90_105_days;AllVaccines;7;2;1;0;5;2;2;1;12;4;3;1;910;169;39;4;529;206;62;24;1439;375;101;28
2022.07_16-08-2022;Республика Башкортостан;90_105_days;CoviVac;1;0;0;0;1;0;0;0;2;0;0;0;910;169;39;4;529;206;62;24;1439;375;101;28
2022.07_16-08-2022;Республика Башкортостан;90_105_days;EpiVacCorona;1;1;1;0;3;1;1;0;4;2;2;0;910;169;39;4;529;206;62;24;1439;375;101;28
2022.07_16-08-2022;Республика Башкортостан;90_105_days;SputnikLite;2;0;0;0;0;0;0;0;2;0;0;0;910;169;39;4;529;206;62;24;1439;375;101;28
2022.07_16-08-2022;Республика Башкортостан;90_105_days;SputnikV;3;1;0;0;1;1;1;1;4;2;1;1;910;169;39;4;529;206;62;24;1439;375;101;28
2022.07_16-08-2022;Республика Бурятия;105_165_days;AllVaccines;31;3;0;0;31;6;0;0;62;9;0;0;477;35;4;0;242;57;9;3;719;92;13;3
2022.07_16-08-2022;Республика Бурятия;105_165_days;CoviVac;0;0;0;0;1;0;0;0;1;0;0;0;477;35;4;0;242;57;9;3;719;92;13;3
2022.07_16-08-2022;Республика Бурятия;105_165_days;EpiVacCorona;1;0;0;0;1;0;0;0;2;0;0;0;477;35;4;0;242;57;9;3;719;92;13;3
2022.07_16-08-2022;Республика Бурятия;105_165_days;SputnikLite;9;1;0;0;12;4;0;0;21;5;0;0;477;35;4;0;242;57;9;3;719;92;13;3
2022.07_16-08-2022;Республика Бурятия;105_165_days;SputnikV;21;2;0;0;17;2;0;0;38;4;0;0;477;35;4;0;242;57;9;3;719;92;13;3
2022.07_16-08-2022;Республика Бурятия;165_195_days;AllVaccines;32;0;0;0;16;6;0;0;48;6;0;0;477;35;4;0;242;57;9;3;719;92;13;3
2022.07_16-08-2022;Республика Бурятия;165_195_days;EpiVacCorona;2;0;0;0;0;0;0;0;2;0;0;0;477;35;4;0;242;57;9;3;719;92;13;3
2022.07_16-08-2022;Республика Бурятия;165_195_days;SputnikLite;21;0;0;0;10;3;0;0;31;3;0;0;477;35;4;0;242;57;9;3;719;92;13;3
2022.07_16-08-2022;Республика Бурятия;165_195_days;SputnikV;9;0;0;0;6;3;0;0;15;3;0;0;477;35;4;0;242;57;9;3;719;92;13;3
2022.07_16-08-2022;Республика Бурятия;21_45_days;AllVaccines;4;0;0;0;6;0;0;0;10;0;0;0;477;35;4;0;242;57;9;3;719;92;13;3
2022.07_16-08-2022;Республика Бурятия;21_45_days;CoviVac;0;0;0;0;2;0;0;0;2;0;0;0;477;35;4;0;242;57;9;3;719;92;13;3
2022.07_16-08-2022;Республика Бурятия;21_45_days;EpiVacCorona;2;0;0;0;0;0;0;0;2;0;0;0;477;35;4;0;242;57;9;3;719;92;13;3
2022.07_16-08-2022;Республика Бурятия;21_45_days;SputnikLite;1;0;0;0;0;0;0;0;1;0;0;0;477;35;4;0;242;57;9;3;719;92;13;3
2022.07_16-08-2022;Республика Бурятия;21_45_days;SputnikV;1;0;0;0;4;0;0;0;5;0;0;0;477;35;4;0;242;57;9;3;719;92;13;3
2022.07_16-08-2022;Республика Бурятия;45_75_days;AllVaccines;3;0;0;0;5;1;0;0;8;1;0;0;477;35;4;0;242;57;9;3;719;92;13;3
2022.07_16-08-2022;Республика Бурятия;45_75_days;CoviVac;0;0;0;0;2;0;0;0;2;0;0;0;477;35;4;0;242;57;9;3;719;92;13;3
2022.07_16-08-2022;Республика Бурятия;45_75_days;EpiVacCorona;0;0;0;0;1;0;0;0;1;0;0;0;477;35;4;0;242;57;9;3;719;92;13;3
2022.07_16-08-2022;Республика Бурятия;45_75_days;SputnikV;3;0;0;0;2;1;0;0;5;1;0;0;477;35;4;0;242;57;9;3;719;92;13;3
2022.07_16-08-2022;Республика Бурятия;75_90_days;AllVaccines;2;0;0;0;2;0;0;0;4;0;0;0;477;35;4;0;242;57;9;3;719;92;13;3
2022.07_16-08-2022;Республика Бурятия;75_90_days;SputnikLite;1;0;0;0;0;0;0;0;1;0;0;0;477;35;4;0;242;57;9;3;719;92;13;3
2022.07_16-08-2022;Республика Бурятия;75_90_days;SputnikV;1;0;0;0;2;0;0;0;3;0;0;0;477;35;4;0;242;57;9;3;719;92;13;3
2022.07_16-08-2022;Республика Бурятия;90_105_days;AllVaccines;2;0;0;0;4;3;0;0;6;3;0;0;477;35;4;0;242;57;9;3;719;92;13;3
2022.07_16-08-2022;Республика Бурятия;90_105_days;EpiVacCorona;0;0;0;0;4;3;0;0;4;3;0;0;477;35;4;0;242;57;9;3;719;92;13;3
2022.07_16-08-2022;Республика Бурятия;90_105_days;SputnikV;2;0;0;0;0;0;0;0;2;0;0;0;477;35;4;0;242;57;9;3;719;92;13;3
2022.07_16-08-2022;Республика Дагестан;105_165_days;AllVaccines;40;4;0;0;17;4;0;0;57;8;0;0;151;18;0;0;68;16;0;0;219;34;0;0
2022.07_16-08-2022;Республика Дагестан;105_165_days;EpiVacCorona;2;0;0;0;0;0;0;0;2;0;0;0;151;18;0;0;68;16;0;0;219;34;0;0
2022.07_16-08-2022;Республика Дагестан;105_165_days;SputnikLite;5;1;0;0;6;2;0;0;11;3;0;0;151;18;0;0;68;16;0;0;219;34;0;0
2022.07_16-08-2022;Республика Дагестан;105_165_days;SputnikV;33;3;0;0;11;2;0;0;44;5;0;0;151;18;0;0;68;16;0;0;219;34;0;0
2022.07_16-08-2022;Республика Дагестан;165_195_days;AllVaccines;16;0;0;0;6;2;0;0;22;2;0;0;151;18;0;0;68;16;0;0;219;34;0;0
2022.07_16-08-2022;Республика Дагестан;165_195_days;EpiVacCorona;1;0;0;0;1;0;0;0;2;0;0;0;151;18;0;0;68;16;0;0;219;34;0;0
2022.07_16-08-2022;Республика Дагестан;165_195_days;SputnikLite;7;0;0;0;0;0;0;0;7;0;0;0;151;18;0;0;68;16;0;0;219;34;0;0
2022.07_16-08-2022;Республика Дагестан;165_195_days;SputnikV;8;0;0;0;5;2;0;0;13;2;0;0;151;18;0;0;68;16;0;0;219;34;0;0
2022.07_16-08-2022;Республика Дагестан;21_45_days;AllVaccines;4;0;0;0;2;0;0;0;6;0;0;0;151;18;0;0;68;16;0;0;219;34;0;0
2022.07_16-08-2022;Республика Дагестан;21_45_days;SputnikV;4;0;0;0;2;0;0;0;6;0;0;0;151;18;0;0;68;16;0;0;219;34;0;0
2022.07_16-08-2022;Республика Дагестан;45_75_days;AllVaccines;22;3;0;0;4;1;0;0;26;4;0;0;151;18;0;0;68;16;0;0;219;34;0;0
2022.07_16-08-2022;Республика Дагестан;45_75_days;SputnikV;22;3;0;0;4;1;0;0;26;4;0;0;151;18;0;0;68;16;0;0;219;34;0;0
2022.07_16-08-2022;Республика Дагестан;75_90_days;AllVaccines;8;0;0;0;1;0;0;0;9;0;0;0;151;18;0;0;68;16;0;0;219;34;0;0
2022.07_16-08-2022;Республика Дагестан;75_90_days;SputnikV;8;0;0;0;1;0;0;0;9;0;0;0;151;18;0;0;68;16;0;0;219;34;0;0
2022.07_16-08-2022;Республика Дагестан;90_105_days;AllVaccines;7;0;0;0;0;0;0;0;7;0;0;0;151;18;0;0;68;16;0;0;219;34;0;0
2022.07_16-08-2022;Республика Дагестан;90_105_days;CoviVac;1;0;0;0;0;0;0;0;1;0;0;0;151;18;0;0;68;16;0;0;219;34;0;0
2022.07_16-08-2022;Республика Дагестан;90_105_days;SputnikV;6;0;0;0;0;0;0;0;6;0;0;0;151;18;0;0;68;16;0;0;219;34;0;0
2022.07_16-08-2022;Республика Ингушетия;105_165_days;AllVaccines;14;0;0;0;4;0;0;0;18;0;0;0;85;3;0;0;17;1;1;0;102;4;1;0
2022.07_16-08-2022;Республика Ингушетия;105_165_days;EpiVacCorona;2;0;0;0;0;0;0;0;2;0;0;0;85;3;0;0;17;1;1;0;102;4;1;0
2022.07_16-08-2022;Республика Ингушетия;105_165_days;SputnikLite;5;0;0;0;2;0;0;0;7;0;0;0;85;3;0;0;17;1;1;0;102;4;1;0
2022.07_16-08-2022;Республика Ингушетия;105_165_days;SputnikV;7;0;0;0;2;0;0;0;9;0;0;0;85;3;0;0;17;1;1;0;102;4;1;0
2022.07_16-08-2022;Республика Ингушетия;165_195_days;AllVaccines;10;1;0;0;2;1;0;0;12;2;0;0;85;3;0;0;17;1;1;0;102;4;1;0
2022.07_16-08-2022;Республика Ингушетия;165_195_days;SputnikLite;6;1;0;0;2;1;0;0;8;2;0;0;85;3;0;0;17;1;1;0;102;4;1;0
2022.07_16-08-2022;Республика Ингушетия;165_195_days;SputnikV;4;0;0;0;0;0;0;0;4;0;0;0;85;3;0;0;17;1;1;0;102;4;1;0
2022.07_16-08-2022;Республика Ингушетия;45_75_days;AllVaccines;3;0;0;0;1;1;0;0;4;1;0;0;85;3;0;0;17;1;1;0;102;4;1;0
2022.07_16-08-2022;Республика Ингушетия;45_75_days;CoviVac;0;0;0;0;1;1;0;0;1;1;0;0;85;3;0;0;17;1;1;0;102;4;1;0
2022.07_16-08-2022;Республика Ингушетия;45_75_days;EpiVacCorona;1;0;0;0;0;0;0;0;1;0;0;0;85;3;0;0;17;1;1;0;102;4;1;0
2022.07_16-08-2022;Республика Ингушетия;45_75_days;SputnikV;2;0;0;0;0;0;0;0;2;0;0;0;85;3;0;0;17;1;1;0;102;4;1;0
2022.07_16-08-2022;Республика Ингушетия;75_90_days;AllVaccines;3;0;0;0;1;0;0;0;4;0;0;0;85;3;0;0;17;1;1;0;102;4;1;0
2022.07_16-08-2022;Республика Ингушетия;75_90_days;EpiVacCorona;1;0;0;0;0;0;0;0;1;0;0;0;85;3;0;0;17;1;1;0;102;4;1;0
2022.07_16-08-2022;Республика Ингушетия;75_90_days;SputnikV;2;0;0;0;1;0;0;0;3;0;0;0;85;3;0;0;17;1;1;0;102;4;1;0
2022.07_16-08-2022;Республика Ингушетия;90_105_days;AllVaccines;3;0;0;0;0;0;0;0;3;0;0;0;85;3;0;0;17;1;1;0;102;4;1;0
2022.07_16-08-2022;Республика Ингушетия;90_105_days;EpiVacCorona;3;0;0;0;0;0;0;0;3;0;0;0;85;3;0;0;17;1;1;0;102;4;1;0
2022.07_16-08-2022;Республика Калмыкия;105_165_days;AllVaccines;54;0;0;0;40;4;1;1;94;4;1;1;891;26;1;0;545;76;10;3;1436;102;11;3
2022.07_16-08-2022;Республика Калмыкия;105_165_days;CoviVac;0;0;0;0;1;0;0;0;1;0;0;0;891;26;1;0;545;76;10;3;1436;102;11;3
2022.07_16-08-2022;Республика Калмыкия;105_165_days;EpiVacCorona;3;0;0;0;0;0;0;0;3;0;0;0;891;26;1;0;545;76;10;3;1436;102;11;3
2022.07_16-08-2022;Республика Калмыкия;105_165_days;SputnikLite;40;0;0;0;31;2;1;1;71;2;1;1;891;26;1;0;545;76;10;3;1436;102;11;3
2022.07_16-08-2022;Республика Калмыкия;105_165_days;SputnikV;11;0;0;0;8;2;0;0;19;2;0;0;891;26;1;0;545;76;10;3;1436;102;11;3
2022.07_16-08-2022;Республика Калмыкия;165_195_days;AllVaccines;45;1;0;0;21;3;0;0;66;4;0;0;891;26;1;0;545;76;10;3;1436;102;11;3
2022.07_16-08-2022;Республика Калмыкия;165_195_days;EpiVacCorona;0;0;0;0;1;1;0;0;1;1;0;0;891;26;1;0;545;76;10;3;1436;102;11;3
2022.07_16-08-2022;Республика Калмыкия;165_195_days;SputnikLite;44;0;0;0;18;2;0;0;62;2;0;0;891;26;1;0;545;76;10;3;1436;102;11;3
2022.07_16-08-2022;Республика Калмыкия;165_195_days;SputnikV;1;1;0;0;2;0;0;0;3;1;0;0;891;26;1;0;545;76;10;3;1436;102;11;3
2022.07_16-08-2022;Республика Калмыкия;21_45_days;AllVaccines;0;0;0;0;2;0;0;0;2;0;0;0;891;26;1;0;545;76;10;3;1436;102;11;3
2022.07_16-08-2022;Республика Калмыкия;21_45_days;SputnikLite;0;0;0;0;1;0;0;0;1;0;0;0;891;26;1;0;545;76;10;3;1436;102;11;3
2022.07_16-08-2022;Республика Калмыкия;21_45_days;SputnikV;0;0;0;0;1;0;0;0;1;0;0;0;891;26;1;0;545;76;10;3;1436;102;11;3
2022.07_16-08-2022;Республика Калмыкия;45_75_days;AllVaccines;6;0;0;0;15;1;0;0;21;1;0;0;891;26;1;0;545;76;10;3;1436;102;11;3
2022.07_16-08-2022;Республика Калмыкия;45_75_days;EpiVacCorona;1;0;0;0;0;0;0;0;1;0;0;0;891;26;1;0;545;76;10;3;1436;102;11;3
2022.07_16-08-2022;Республика Калмыкия;45_75_days;SputnikLite;5;0;0;0;14;1;0;0;19;1;0;0;891;26;1;0;545;76;10;3;1436;102;11;3
2022.07_16-08-2022;Республика Калмыкия;45_75_days;SputnikV;0;0;0;0;1;0;0;0;1;0;0;0;891;26;1;0;545;76;10;3;1436;102;11;3
2022.07_16-08-2022;Республика Калмыкия;75_90_days;AllVaccines;10;1;0;0;10;0;0;0;20;1;0;0;891;26;1;0;545;76;10;3;1436;102;11;3
2022.07_16-08-2022;Республика Калмыкия;75_90_days;SputnikLite;7;0;0;0;8;0;0;0;15;0;0;0;891;26;1;0;545;76;10;3;1436;102;11;3
2022.07_16-08-2022;Республика Калмыкия;75_90_days;SputnikV;3;1;0;0;2;0;0;0;5;1;0;0;891;26;1;0;545;76;10;3;1436;102;11;3
2022.07_16-08-2022;Республика Калмыкия;90_105_days;AllVaccines;8;0;0;0;7;0;0;0;15;0;0;0;891;26;1;0;545;76;10;3;1436;102;11;3
2022.07_16-08-2022;Республика Калмыкия;90_105_days;SputnikLite;7;0;0;0;7;0;0;0;14;0;0;0;891;26;1;0;545;76;10;3;1436;102;11;3
2022.07_16-08-2022;Республика Калмыкия;90_105_days;SputnikV;1;0;0;0;0;0;0;0;1;0;0;0;891;26;1;0;545;76;10;3;1436;102;11;3
2022.07_16-08-2022;Республика Карелия;105_165_days;AllVaccines;45;3;0;0;26;3;1;1;71;6;1;1;888;66;4;4;415;131;18;12;1303;197;22;16
2022.07_16-08-2022;Республика Карелия;105_165_days;CoviVac;2;0;0;0;0;0;0;0;2;0;0;0;888;66;4;4;415;131;18;12;1303;197;22;16
2022.07_16-08-2022;Республика Карелия;105_165_days;EpiVacCorona;4;1;0;0;0;0;0;0;4;1;0;0;888;66;4;4;415;131;18;12;1303;197;22;16
2022.07_16-08-2022;Республика Карелия;105_165_days;SputnikLite;28;2;0;0;12;2;1;1;40;4;1;1;888;66;4;4;415;131;18;12;1303;197;22;16
2022.07_16-08-2022;Республика Карелия;105_165_days;SputnikV;11;0;0;0;14;1;0;0;25;1;0;0;888;66;4;4;415;131;18;12;1303;197;22;16
2022.07_16-08-2022;Республика Карелия;165_195_days;AllVaccines;28;1;1;1;27;12;1;0;55;13;2;1;888;66;4;4;415;131;18;12;1303;197;22;16
2022.07_16-08-2022;Республика Карелия;165_195_days;CoviVac;1;0;0;0;1;0;0;0;2;0;0;0;888;66;4;4;415;131;18;12;1303;197;22;16
2022.07_16-08-2022;Республика Карелия;165_195_days;EpiVacCorona;2;0;0;0;1;1;0;0;3;1;0;0;888;66;4;4;415;131;18;12;1303;197;22;16
2022.07_16-08-2022;Республика Карелия;165_195_days;SputnikLite;16;1;1;1;18;6;0;0;34;7;1;1;888;66;4;4;415;131;18;12;1303;197;22;16
2022.07_16-08-2022;Республика Карелия;165_195_days;SputnikV;9;0;0;0;7;5;1;0;16;5;1;0;888;66;4;4;415;131;18;12;1303;197;22;16
2022.07_16-08-2022;Республика Карелия;21_45_days;AllVaccines;3;0;0;0;8;1;0;0;11;1;0;0;888;66;4;4;415;131;18;12;1303;197;22;16
2022.07_16-08-2022;Республика Карелия;21_45_days;SputnikV;3;0;0;0;8;1;0;0;11;1;0;0;888;66;4;4;415;131;18;12;1303;197;22;16
2022.07_16-08-2022;Республика Карелия;45_75_days;AllVaccines;4;1;0;0;5;1;0;0;9;2;0;0;888;66;4;4;415;131;18;12;1303;197;22;16
2022.07_16-08-2022;Республика Карелия;45_75_days;SputnikLite;2;1;0;0;2;0;0;0;4;1;0;0;888;66;4;4;415;131;18;12;1303;197;22;16
2022.07_16-08-2022;Республика Карелия;45_75_days;SputnikV;2;0;0;0;3;1;0;0;5;1;0;0;888;66;4;4;415;131;18;12;1303;197;22;16
2022.07_16-08-2022;Республика Карелия;75_90_days;AllVaccines;3;0;0;0;5;2;0;0;8;2;0;0;888;66;4;4;415;131;18;12;1303;197;22;16
2022.07_16-08-2022;Республика Карелия;75_90_days;SputnikLite;0;0;0;0;4;1;0;0;4;1;0;0;888;66;4;4;415;131;18;12;1303;197;22;16
2022.07_16-08-2022;Республика Карелия;75_90_days;SputnikV;3;0;0;0;1;1;0;0;4;1;0;0;888;66;4;4;415;131;18;12;1303;197;22;16
2022.07_16-08-2022;Республика Карелия;90_105_days;AllVaccines;2;0;0;0;7;2;1;0;9;2;1;0;888;66;4;4;415;131;18;12;1303;197;22;16
2022.07_16-08-2022;Республика Карелия;90_105_days;EpiVacCorona;1;0;0;0;0;0;0;0;1;0;0;0;888;66;4;4;415;131;18;12;1303;197;22;16
2022.07_16-08-2022;Республика Карелия;90_105_days;SputnikLite;1;0;0;0;2;0;0;0;3;0;0;0;888;66;4;4;415;131;18;12;1303;197;22;16
2022.07_16-08-2022;Республика Карелия;90_105_days;SputnikV;0;0;0;0;5;2;1;0;5;2;1;0;888;66;4;4;415;131;18;12;1303;197;22;16
2022.07_16-08-2022;Республика Коми;105_165_days;AllVaccines;30;2;0;0;9;4;0;0;39;6;0;0;505;100;22;1;180;72;22;4;685;172;44;5
2022.07_16-08-2022;Республика Коми;105_165_days;EpiVacCorona;0;0;0;0;2;0;0;0;2;0;0;0;505;100;22;1;180;72;22;4;685;172;44;5
2022.07_16-08-2022;Республика Коми;105_165_days;SputnikLite;13;2;0;0;3;1;0;0;16;3;0;0;505;100;22;1;180;72;22;4;685;172;44;5
2022.07_16-08-2022;Республика Коми;105_165_days;SputnikV;17;0;0;0;4;3;0;0;21;3;0;0;505;100;22;1;180;72;22;4;685;172;44;5
2022.07_16-08-2022;Республика Коми;165_195_days;AllVaccines;16;4;0;0;12;2;0;0;28;6;0;0;505;100;22;1;180;72;22;4;685;172;44;5
2022.07_16-08-2022;Республика Коми;165_195_days;SputnikLite;12;2;0;0;10;1;0;0;22;3;0;0;505;100;22;1;180;72;22;4;685;172;44;5
2022.07_16-08-2022;Республика Коми;165_195_days;SputnikV;4;2;0;0;2;1;0;0;6;3;0;0;505;100;22;1;180;72;22;4;685;172;44;5
2022.07_16-08-2022;Республика Коми;21_45_days;AllVaccines;3;0;0;0;0;0;0;0;3;0;0;0;505;100;22;1;180;72;22;4;685;172;44;5
2022.07_16-08-2022;Республика Коми;21_45_days;SputnikV;3;0;0;0;0;0;0;0;3;0;0;0;505;100;22;1;180;72;22;4;685;172;44;5
2022.07_16-08-2022;Республика Коми;45_75_days;AllVaccines;4;1;1;0;2;1;0;0;6;2;1;0;505;100;22;1;180;72;22;4;685;172;44;5
2022.07_16-08-2022;Республика Коми;45_75_days;SputnikV;4;1;1;0;2;1;0;0;6;2;1;0;505;100;22;1;180;72;22;4;685;172;44;5
2022.07_16-08-2022;Республика Коми;75_90_days;AllVaccines;1;0;0;0;0;0;0;0;1;0;0;0;505;100;22;1;180;72;22;4;685;172;44;5
2022.07_16-08-2022;Республика Коми;75_90_days;SputnikV;1;0;0;0;0;0;0;0;1;0;0;0;505;100;22;1;180;72;22;4;685;172;44;5
2022.07_16-08-2022;Республика Коми;90_105_days;AllVaccines;3;1;0;0;2;0;0;0;5;1;0;0;505;100;22;1;180;72;22;4;685;172;44;5
2022.07_16-08-2022;Республика Коми;90_105_days;SputnikLite;1;1;0;0;1;0;0;0;2;1;0;0;505;100;22;1;180;72;22;4;685;172;44;5
2022.07_16-08-2022;Республика Коми;90_105_days;SputnikV;2;0;0;0;1;0;0;0;3;0;0;0;505;100;22;1;180;72;22;4;685;172;44;5
2022.07_16-08-2022;Республика Крым;105_165_days;AllVaccines;35;5;0;0;21;9;1;0;56;14;1;0;694;127;11;4;508;181;21;5;1202;308;32;9
2022.07_16-08-2022;Республика Крым;105_165_days;EpiVacCorona;3;0;0;0;0;0;0;0;3;0;0;0;694;127;11;4;508;181;21;5;1202;308;32;9
2022.07_16-08-2022;Республика Крым;105_165_days;SputnikLite;11;2;0;0;6;1;0;0;17;3;0;0;694;127;11;4;508;181;21;5;1202;308;32;9
2022.07_16-08-2022;Республика Крым;105_165_days;SputnikV;21;3;0;0;15;8;1;0;36;11;1;0;694;127;11;4;508;181;21;5;1202;308;32;9
2022.07_16-08-2022;Республика Крым;165_195_days;AllVaccines;30;4;0;0;25;7;0;0;55;11;0;0;694;127;11;4;508;181;21;5;1202;308;32;9
2022.07_16-08-2022;Республика Крым;165_195_days;EpiVacCorona;0;0;0;0;1;0;0;0;1;0;0;0;694;127;11;4;508;181;21;5;1202;308;32;9
2022.07_16-08-2022;Республика Крым;165_195_days;SputnikLite;18;2;0;0;23;6;0;0;41;8;0;0;694;127;11;4;508;181;21;5;1202;308;32;9
2022.07_16-08-2022;Республика Крым;165_195_days;SputnikV;12;2;0;0;1;1;0;0;13;3;0;0;694;127;11;4;508;181;21;5;1202;308;32;9
2022.07_16-08-2022;Республика Крым;21_45_days;AllVaccines;4;0;0;0;4;1;0;0;8;1;0;0;694;127;11;4;508;181;21;5;1202;308;32;9
2022.07_16-08-2022;Республика Крым;21_45_days;EpiVacCorona;1;0;0;0;0;0;0;0;1;0;0;0;694;127;11;4;508;181;21;5;1202;308;32;9
2022.07_16-08-2022;Республика Крым;21_45_days;SputnikV;3;0;0;0;4;1;0;0;7;1;0;0;694;127;11;4;508;181;21;5;1202;308;32;9
2022.07_16-08-2022;Республика Крым;45_75_days;AllVaccines;7;1;0;0;2;1;0;0;9;2;0;0;694;127;11;4;508;181;21;5;1202;308;32;9
2022.07_16-08-2022;Республика Крым;45_75_days;CoviVac;2;0;0;0;0;0;0;0;2;0;0;0;694;127;11;4;508;181;21;5;1202;308;32;9
2022.07_16-08-2022;Республика Крым;45_75_days;EpiVacCorona;1;0;0;0;0;0;0;0;1;0;0;0;694;127;11;4;508;181;21;5;1202;308;32;9
2022.07_16-08-2022;Республика Крым;45_75_days;SputnikV;4;1;0;0;2;1;0;0;6;2;0;0;694;127;11;4;508;181;21;5;1202;308;32;9
2022.07_16-08-2022;Республика Крым;75_90_days;AllVaccines;6;0;0;0;1;0;0;0;7;0;0;0;694;127;11;4;508;181;21;5;1202;308;32;9
2022.07_16-08-2022;Республика Крым;75_90_days;SputnikV;6;0;0;0;1;0;0;0;7;0;0;0;694;127;11;4;508;181;21;5;1202;308;32;9
2022.07_16-08-2022;Республика Крым;90_105_days;AllVaccines;7;2;0;0;3;2;0;0;10;4;0;0;694;127;11;4;508;181;21;5;1202;308;32;9
2022.07_16-08-2022;Республика Крым;90_105_days;EpiVacCorona;1;1;0;0;1;1;0;0;2;2;0;0;694;127;11;4;508;181;21;5;1202;308;32;9
2022.07_16-08-2022;Республика Крым;90_105_days;SputnikV;6;1;0;0;2;1;0;0;8;2;0;0;694;127;11;4;508;181;21;5;1202;308;32;9
2022.07_16-08-2022;Республика Марий Эл;105_165_days;AllVaccines;7;0;0;0;3;0;0;0;10;0;0;0;116;7;1;0;90;19;4;0;206;26;5;0
2022.07_16-08-2022;Республика Марий Эл;105_165_days;EpiVacCorona;0;0;0;0;2;0;0;0;2;0;0;0;116;7;1;0;90;19;4;0;206;26;5;0
2022.07_16-08-2022;Республика Марий Эл;105_165_days;SputnikLite;4;0;0;0;0;0;0;0;4;0;0;0;116;7;1;0;90;19;4;0;206;26;5;0
2022.07_16-08-2022;Республика Марий Эл;105_165_days;SputnikV;3;0;0;0;1;0;0;0;4;0;0;0;116;7;1;0;90;19;4;0;206;26;5;0
2022.07_16-08-2022;Республика Марий Эл;165_195_days;AllVaccines;2;0;0;0;7;0;0;0;9;0;0;0;116;7;1;0;90;19;4;0;206;26;5;0
2022.07_16-08-2022;Республика Марий Эл;165_195_days;SputnikLite;2;0;0;0;6;0;0;0;8;0;0;0;116;7;1;0;90;19;4;0;206;26;5;0
2022.07_16-08-2022;Республика Марий Эл;165_195_days;SputnikV;0;0;0;0;1;0;0;0;1;0;0;0;116;7;1;0;90;19;4;0;206;26;5;0
2022.07_16-08-2022;Республика Марий Эл;21_45_days;AllVaccines;1;0;0;0;1;1;0;0;2;1;0;0;116;7;1;0;90;19;4;0;206;26;5;0
2022.07_16-08-2022;Республика Марий Эл;21_45_days;SputnikLite;1;0;0;0;0;0;0;0;1;0;0;0;116;7;1;0;90;19;4;0;206;26;5;0
2022.07_16-08-2022;Республика Марий Эл;21_45_days;SputnikV;0;0;0;0;1;1;0;0;1;1;0;0;116;7;1;0;90;19;4;0;206;26;5;0
2022.07_16-08-2022;Республика Марий Эл;75_90_days;AllVaccines;2;0;0;0;0;0;0;0;2;0;0;0;116;7;1;0;90;19;4;0;206;26;5;0
2022.07_16-08-2022;Республика Марий Эл;75_90_days;SputnikV;2;0;0;0;0;0;0;0;2;0;0;0;116;7;1;0;90;19;4;0;206;26;5;0
2022.07_16-08-2022;Республика Мордовия;105_165_days;AllVaccines;34;4;1;0;22;7;1;0;56;11;2;0;247;27;8;0;221;64;8;3;468;91;16;3
2022.07_16-08-2022;Республика Мордовия;105_165_days;EpiVacCorona;2;0;0;0;2;2;0;0;4;2;0;0;247;27;8;0;221;64;8;3;468;91;16;3
2022.07_16-08-2022;Республика Мордовия;105_165_days;SputnikLite;19;3;1;0;10;3;1;0;29;6;2;0;247;27;8;0;221;64;8;3;468;91;16;3
2022.07_16-08-2022;Республика Мордовия;105_165_days;SputnikV;13;1;0;0;10;2;0;0;23;3;0;0;247;27;8;0;221;64;8;3;468;91;16;3
2022.07_16-08-2022;Республика Мордовия;165_195_days;AllVaccines;18;0;0;0;12;2;0;0;30;2;0;0;247;27;8;0;221;64;8;3;468;91;16;3
2022.07_16-08-2022;Республика Мордовия;165_195_days;CoviVac;1;0;0;0;0;0;0;0;1;0;0;0;247;27;8;0;221;64;8;3;468;91;16;3
2022.07_16-08-2022;Республика Мордовия;165_195_days;EpiVacCorona;1;0;0;0;0;0;0;0;1;0;0;0;247;27;8;0;221;64;8;3;468;91;16;3
2022.07_16-08-2022;Республика Мордовия;165_195_days;SputnikLite;14;0;0;0;8;1;0;0;22;1;0;0;247;27;8;0;221;64;8;3;468;91;16;3
2022.07_16-08-2022;Республика Мордовия;165_195_days;SputnikV;2;0;0;0;4;1;0;0;6;1;0;0;247;27;8;0;221;64;8;3;468;91;16;3
2022.07_16-08-2022;Республика Мордовия;21_45_days;AllVaccines;7;0;0;0;6;0;0;0;13;0;0;0;247;27;8;0;221;64;8;3;468;91;16;3
2022.07_16-08-2022;Республика Мордовия;21_45_days;EpiVacCorona;3;0;0;0;3;0;0;0;6;0;0;0;247;27;8;0;221;64;8;3;468;91;16;3
2022.07_16-08-2022;Республика Мордовия;21_45_days;SputnikV;4;0;0;0;3;0;0;0;7;0;0;0;247;27;8;0;221;64;8;3;468;91;16;3
2022.07_16-08-2022;Республика Мордовия;45_75_days;AllVaccines;6;0;0;0;7;1;1;0;13;1;1;0;247;27;8;0;221;64;8;3;468;91;16;3
2022.07_16-08-2022;Республика Мордовия;45_75_days;EpiVacCorona;2;0;0;0;0;0;0;0;2;0;0;0;247;27;8;0;221;64;8;3;468;91;16;3
2022.07_16-08-2022;Республика Мордовия;45_75_days;SputnikLite;1;0;0;0;1;0;0;0;2;0;0;0;247;27;8;0;221;64;8;3;468;91;16;3
2022.07_16-08-2022;Республика Мордовия;45_75_days;SputnikV;3;0;0;0;6;1;1;0;9;1;1;0;247;27;8;0;221;64;8;3;468;91;16;3
2022.07_16-08-2022;Республика Мордовия;75_90_days;AllVaccines;3;0;0;0;9;5;1;1;12;5;1;1;247;27;8;0;221;64;8;3;468;91;16;3
2022.07_16-08-2022;Республика Мордовия;75_90_days;EpiVacCorona;0;0;0;0;1;0;0;0;1;0;0;0;247;27;8;0;221;64;8;3;468;91;16;3
2022.07_16-08-2022;Республика Мордовия;75_90_days;SputnikLite;1;0;0;0;2;2;0;0;3;2;0;0;247;27;8;0;221;64;8;3;468;91;16;3
2022.07_16-08-2022;Республика Мордовия;75_90_days;SputnikV;2;0;0;0;6;3;1;1;8;3;1;1;247;27;8;0;221;64;8;3;468;91;16;3
2022.07_16-08-2022;Республика Мордовия;90_105_days;AllVaccines;8;1;1;0;2;1;0;0;10;2;1;0;247;27;8;0;221;64;8;3;468;91;16;3
2022.07_16-08-2022;Республика Мордовия;90_105_days;EpiVacCorona;2;1;1;0;0;0;0;0;2;1;1;0;247;27;8;0;221;64;8;3;468;91;16;3
2022.07_16-08-2022;Республика Мордовия;90_105_days;SputnikLite;1;0;0;0;2;1;0;0;3;1;0;0;247;27;8;0;221;64;8;3;468;91;16;3
2022.07_16-08-2022;Республика Мордовия;90_105_days;SputnikV;5;0;0;0;0;0;0;0;5;0;0;0;247;27;8;0;221;64;8;3;468;91;16;3
2022.07_16-08-2022;Республика Саха (Якутия);105_165_days;AllVaccines;142;14;1;0;40;13;3;0;182;27;4;0;2310;238;17;3;954;290;34;11;3264;528;51;14
2022.07_16-08-2022;Республика Саха (Якутия);105_165_days;CoviVac;2;0;0;0;0;0;0;0;2;0;0;0;2310;238;17;3;954;290;34;11;3264;528;51;14
2022.07_16-08-2022;Республика Саха (Якутия);105_165_days;EpiVacCorona;3;0;0;0;3;0;0;0;6;0;0;0;2310;238;17;3;954;290;34;11;3264;528;51;14
2022.07_16-08-2022;Республика Саха (Якутия);105_165_days;SputnikLite;48;5;1;0;14;7;2;0;62;12;3;0;2310;238;17;3;954;290;34;11;3264;528;51;14
2022.07_16-08-2022;Республика Саха (Якутия);105_165_days;SputnikV;89;9;0;0;23;6;1;0;112;15;1;0;2310;238;17;3;954;290;34;11;3264;528;51;14
2022.07_16-08-2022;Республика Саха (Якутия);165_195_days;AllVaccines;108;4;0;0;40;8;0;0;148;12;0;0;2310;238;17;3;954;290;34;11;3264;528;51;14
2022.07_16-08-2022;Республика Саха (Якутия);165_195_days;CoviVac;1;0;0;0;0;0;0;0;1;0;0;0;2310;238;17;3;954;290;34;11;3264;528;51;14
2022.07_16-08-2022;Республика Саха (Якутия);165_195_days;EpiVacCorona;2;0;0;0;1;0;0;0;3;0;0;0;2310;238;17;3;954;290;34;11;3264;528;51;14
2022.07_16-08-2022;Республика Саха (Якутия);165_195_days;SputnikLite;67;3;0;0;25;6;0;0;92;9;0;0;2310;238;17;3;954;290;34;11;3264;528;51;14
2022.07_16-08-2022;Республика Саха (Якутия);165_195_days;SputnikV;38;1;0;0;14;2;0;0;52;3;0;0;2310;238;17;3;954;290;34;11;3264;528;51;14
2022.07_16-08-2022;Республика Саха (Якутия);21_45_days;AllVaccines;4;0;0;0;5;1;0;0;9;1;0;0;2310;238;17;3;954;290;34;11;3264;528;51;14
2022.07_16-08-2022;Республика Саха (Якутия);21_45_days;EpiVacCorona;1;0;0;0;0;0;0;0;1;0;0;0;2310;238;17;3;954;290;34;11;3264;528;51;14
2022.07_16-08-2022;Республика Саха (Якутия);21_45_days;SputnikV;3;0;0;0;5;1;0;0;8;1;0;0;2310;238;17;3;954;290;34;11;3264;528;51;14
2022.07_16-08-2022;Республика Саха (Якутия);45_75_days;AllVaccines;13;0;0;0;3;1;0;0;16;1;0;0;2310;238;17;3;954;290;34;11;3264;528;51;14
2022.07_16-08-2022;Республика Саха (Якутия);45_75_days;EpiVacCorona;0;0;0;0;1;0;0;0;1;0;0;0;2310;238;17;3;954;290;34;11;3264;528;51;14
2022.07_16-08-2022;Республика Саха (Якутия);45_75_days;SputnikLite;1;0;0;0;0;0;0;0;1;0;0;0;2310;238;17;3;954;290;34;11;3264;528;51;14
2022.07_16-08-2022;Республика Саха (Якутия);45_75_days;SputnikV;12;0;0;0;2;1;0;0;14;1;0;0;2310;238;17;3;954;290;34;11;3264;528;51;14
2022.07_16-08-2022;Республика Саха (Якутия);75_90_days;AllVaccines;18;5;0;0;3;0;0;0;21;5;0;0;2310;238;17;3;954;290;34;11;3264;528;51;14
2022.07_16-08-2022;Республика Саха (Якутия);75_90_days;CoviVac;1;0;0;0;0;0;0;0;1;0;0;0;2310;238;17;3;954;290;34;11;3264;528;51;14
2022.07_16-08-2022;Республика Саха (Якутия);75_90_days;EpiVacCorona;1;0;0;0;0;0;0;0;1;0;0;0;2310;238;17;3;954;290;34;11;3264;528;51;14
2022.07_16-08-2022;Республика Саха (Якутия);75_90_days;SputnikLite;3;1;0;0;1;0;0;0;4;1;0;0;2310;238;17;3;954;290;34;11;3264;528;51;14
2022.07_16-08-2022;Республика Саха (Якутия);75_90_days;SputnikV;13;4;0;0;2;0;0;0;15;4;0;0;2310;238;17;3;954;290;34;11;3264;528;51;14
2022.07_16-08-2022;Республика Саха (Якутия);90_105_days;AllVaccines;16;1;1;1;8;1;0;0;24;2;1;1;2310;238;17;3;954;290;34;11;3264;528;51;14
2022.07_16-08-2022;Республика Саха (Якутия);90_105_days;EpiVacCorona;0;0;0;0;1;0;0;0;1;0;0;0;2310;238;17;3;954;290;34;11;3264;528;51;14
2022.07_16-08-2022;Республика Саха (Якутия);90_105_days;SputnikLite;4;0;0;0;3;0;0;0;7;0;0;0;2310;238;17;3;954;290;34;11;3264;528;51;14
2022.07_16-08-2022;Республика Саха (Якутия);90_105_days;SputnikV;12;1;1;1;4;1;0;0;16;2;1;1;2310;238;17;3;954;290;34;11;3264;528;51;14
2022.07_16-08-2022;Республика Северная Осетия - Алания;105_165_days;AllVaccines;10;0;0;0;3;0;0;0;13;0;0;0;260;10;0;0;123;8;4;3;383;18;4;3
2022.07_16-08-2022;Республика Северная Осетия - Алания;105_165_days;EpiVacCorona;2;0;0;0;0;0;0;0;2;0;0;0;260;10;0;0;123;8;4;3;383;18;4;3
2022.07_16-08-2022;Республика Северная Осетия - Алания;105_165_days;SputnikLite;1;0;0;0;1;0;0;0;2;0;0;0;260;10;0;0;123;8;4;3;383;18;4;3
2022.07_16-08-2022;Республика Северная Осетия - Алания;105_165_days;SputnikV;7;0;0;0;2;0;0;0;9;0;0;0;260;10;0;0;123;8;4;3;383;18;4;3
2022.07_16-08-2022;Республика Северная Осетия - Алания;165_195_days;AllVaccines;7;0;0;0;7;0;0;0;14;0;0;0;260;10;0;0;123;8;4;3;383;18;4;3
2022.07_16-08-2022;Республика Северная Осетия - Алания;165_195_days;EpiVacCorona;1;0;0;0;1;0;0;0;2;0;0;0;260;10;0;0;123;8;4;3;383;18;4;3
2022.07_16-08-2022;Республика Северная Осетия - Алания;165_195_days;SputnikLite;4;0;0;0;6;0;0;0;10;0;0;0;260;10;0;0;123;8;4;3;383;18;4;3
2022.07_16-08-2022;Республика Северная Осетия - Алания;165_195_days;SputnikV;2;0;0;0;0;0;0;0;2;0;0;0;260;10;0;0;123;8;4;3;383;18;4;3
2022.07_16-08-2022;Республика Северная Осетия - Алания;21_45_days;AllVaccines;2;0;0;0;1;0;0;0;3;0;0;0;260;10;0;0;123;8;4;3;383;18;4;3
2022.07_16-08-2022;Республика Северная Осетия - Алания;21_45_days;SputnikLite;1;0;0;0;0;0;0;0;1;0;0;0;260;10;0;0;123;8;4;3;383;18;4;3
2022.07_16-08-2022;Республика Северная Осетия - Алания;21_45_days;SputnikV;1;0;0;0;1;0;0;0;2;0;0;0;260;10;0;0;123;8;4;3;383;18;4;3
2022.07_16-08-2022;Республика Северная Осетия - Алания;45_75_days;AllVaccines;2;0;0;0;4;1;1;1;6;1;1;1;260;10;0;0;123;8;4;3;383;18;4;3
2022.07_16-08-2022;Республика Северная Осетия - Алания;45_75_days;SputnikV;2;0;0;0;4;1;1;1;6;1;1;1;260;10;0;0;123;8;4;3;383;18;4;3
2022.07_16-08-2022;Республика Северная Осетия - Алания;75_90_days;AllVaccines;2;0;0;0;1;0;0;0;3;0;0;0;260;10;0;0;123;8;4;3;383;18;4;3
2022.07_16-08-2022;Республика Северная Осетия - Алания;75_90_days;CoviVac;1;0;0;0;1;0;0;0;2;0;0;0;260;10;0;0;123;8;4;3;383;18;4;3
2022.07_16-08-2022;Республика Северная Осетия - Алания;75_90_days;SputnikV;1;0;0;0;0;0;0;0;1;0;0;0;260;10;0;0;123;8;4;3;383;18;4;3
2022.07_16-08-2022;Республика Татарстан;105_165_days;AllVaccines;123;17;0;0;25;6;0;0;148;23;0;0;2242;262;7;3;975;319;31;16;3217;581;38;19
2022.07_16-08-2022;Республика Татарстан;105_165_days;CoviVac;4;0;0;0;0;0;0;0;4;0;0;0;2242;262;7;3;975;319;31;16;3217;581;38;19
2022.07_16-08-2022;Республика Татарстан;105_165_days;EpiVacCorona;2;0;0;0;3;2;0;0;5;2;0;0;2242;262;7;3;975;319;31;16;3217;581;38;19
2022.07_16-08-2022;Республика Татарстан;105_165_days;SputnikLite;52;6;0;0;7;1;0;0;59;7;0;0;2242;262;7;3;975;319;31;16;3217;581;38;19
2022.07_16-08-2022;Республика Татарстан;105_165_days;SputnikV;65;11;0;0;15;3;0;0;80;14;0;0;2242;262;7;3;975;319;31;16;3217;581;38;19
2022.07_16-08-2022;Республика Татарстан;165_195_days;AllVaccines;66;7;0;0;34;8;1;1;100;15;1;1;2242;262;7;3;975;319;31;16;3217;581;38;19
2022.07_16-08-2022;Республика Татарстан;165_195_days;CoviVac;1;0;0;0;0;0;0;0;1;0;0;0;2242;262;7;3;975;319;31;16;3217;581;38;19
2022.07_16-08-2022;Республика Татарстан;165_195_days;EpiVacCorona;2;0;0;0;1;1;0;0;3;1;0;0;2242;262;7;3;975;319;31;16;3217;581;38;19
2022.07_16-08-2022;Республика Татарстан;165_195_days;SputnikLite;39;4;0;0;22;5;0;0;61;9;0;0;2242;262;7;3;975;319;31;16;3217;581;38;19
2022.07_16-08-2022;Республика Татарстан;165_195_days;SputnikV;24;3;0;0;11;2;1;1;35;5;1;1;2242;262;7;3;975;319;31;16;3217;581;38;19
2022.07_16-08-2022;Республика Татарстан;21_45_days;AllVaccines;9;2;0;0;4;2;0;0;13;4;0;0;2242;262;7;3;975;319;31;16;3217;581;38;19
2022.07_16-08-2022;Республика Татарстан;21_45_days;EpiVacCorona;0;0;0;0;1;0;0;0;1;0;0;0;2242;262;7;3;975;319;31;16;3217;581;38;19
2022.07_16-08-2022;Республика Татарстан;21_45_days;SputnikLite;2;0;0;0;0;0;0;0;2;0;0;0;2242;262;7;3;975;319;31;16;3217;581;38;19
2022.07_16-08-2022;Республика Татарстан;21_45_days;SputnikV;7;2;0;0;3;2;0;0;10;4;0;0;2242;262;7;3;975;319;31;16;3217;581;38;19
2022.07_16-08-2022;Республика Татарстан;45_75_days;AllVaccines;16;1;0;0;5;3;0;0;21;4;0;0;2242;262;7;3;975;319;31;16;3217;581;38;19
2022.07_16-08-2022;Республика Татарстан;45_75_days;SputnikLite;7;0;0;0;2;2;0;0;9;2;0;0;2242;262;7;3;975;319;31;16;3217;581;38;19
2022.07_16-08-2022;Республика Татарстан;45_75_days;SputnikV;9;1;0;0;3;1;0;0;12;2;0;0;2242;262;7;3;975;319;31;16;3217;581;38;19
2022.07_16-08-2022;Республика Татарстан;75_90_days;AllVaccines;5;0;0;0;1;0;0;0;6;0;0;0;2242;262;7;3;975;319;31;16;3217;581;38;19
2022.07_16-08-2022;Республика Татарстан;75_90_days;SputnikLite;4;0;0;0;0;0;0;0;4;0;0;0;2242;262;7;3;975;319;31;16;3217;581;38;19
2022.07_16-08-2022;Республика Татарстан;75_90_days;SputnikV;1;0;0;0;1;0;0;0;2;0;0;0;2242;262;7;3;975;319;31;16;3217;581;38;19
2022.07_16-08-2022;Республика Татарстан;90_105_days;AllVaccines;11;1;0;0;2;0;0;0;13;1;0;0;2242;262;7;3;975;319;31;16;3217;581;38;19
2022.07_16-08-2022;Республика Татарстан;90_105_days;EpiVacCorona;1;0;0;0;0;0;0;0;1;0;0;0;2242;262;7;3;975;319;31;16;3217;581;38;19
2022.07_16-08-2022;Республика Татарстан;90_105_days;SputnikLite;4;0;0;0;1;0;0;0;5;0;0;0;2242;262;7;3;975;319;31;16;3217;581;38;19
2022.07_16-08-2022;Республика Татарстан;90_105_days;SputnikV;6;1;0;0;1;0;0;0;7;1;0;0;2242;262;7;3;975;319;31;16;3217;581;38;19
2022.07_16-08-2022;Республика Тыва;105_165_days;AllVaccines;6;1;0;0;4;2;0;0;10;3;0;0;72;24;0;0;25;13;3;0;97;37;3;0
2022.07_16-08-2022;Республика Тыва;105_165_days;SputnikLite;2;1;0;0;4;2;0;0;6;3;0;0;72;24;0;0;25;13;3;0;97;37;3;0
2022.07_16-08-2022;Республика Тыва;105_165_days;SputnikV;4;0;0;0;0;0;0;0;4;0;0;0;72;24;0;0;25;13;3;0;97;37;3;0
2022.07_16-08-2022;Республика Тыва;165_195_days;AllVaccines;4;1;0;0;1;0;0;0;5;1;0;0;72;24;0;0;25;13;3;0;97;37;3;0
2022.07_16-08-2022;Республика Тыва;165_195_days;SputnikLite;3;1;0;0;0;0;0;0;3;1;0;0;72;24;0;0;25;13;3;0;97;37;3;0
2022.07_16-08-2022;Республика Тыва;165_195_days;SputnikV;1;0;0;0;1;0;0;0;2;0;0;0;72;24;0;0;25;13;3;0;97;37;3;0
2022.07_16-08-2022;Республика Тыва;21_45_days;AllVaccines;1;0;0;0;0;0;0;0;1;0;0;0;72;24;0;0;25;13;3;0;97;37;3;0
2022.07_16-08-2022;Республика Тыва;21_45_days;SputnikV;1;0;0;0;0;0;0;0;1;0;0;0;72;24;0;0;25;13;3;0;97;37;3;0
2022.07_16-08-2022;Республика Тыва;45_75_days;AllVaccines;1;0;0;0;1;1;0;0;2;1;0;0;72;24;0;0;25;13;3;0;97;37;3;0
2022.07_16-08-2022;Республика Тыва;45_75_days;EpiVacCorona;1;0;0;0;0;0;0;0;1;0;0;0;72;24;0;0;25;13;3;0;97;37;3;0
2022.07_16-08-2022;Республика Тыва;45_75_days;SputnikV;0;0;0;0;1;1;0;0;1;1;0;0;72;24;0;0;25;13;3;0;97;37;3;0
2022.07_16-08-2022;Республика Тыва;90_105_days;AllVaccines;2;1;0;0;0;0;0;0;2;1;0;0;72;24;0;0;25;13;3;0;97;37;3;0
2022.07_16-08-2022;Республика Тыва;90_105_days;SputnikV;2;1;0;0;0;0;0;0;2;1;0;0;72;24;0;0;25;13;3;0;97;37;3;0
2022.07_16-08-2022;Республика Хакасия;105_165_days;AllVaccines;16;2;0;0;5;2;0;0;21;4;0;0;236;38;3;0;131;43;5;1;367;81;8;1
2022.07_16-08-2022;Республика Хакасия;105_165_days;EpiVacCorona;0;0;0;0;1;1;0;0;1;1;0;0;236;38;3;0;131;43;5;1;367;81;8;1
2022.07_16-08-2022;Республика Хакасия;105_165_days;SputnikLite;4;0;0;0;2;0;0;0;6;0;0;0;236;38;3;0;131;43;5;1;367;81;8;1
2022.07_16-08-2022;Республика Хакасия;105_165_days;SputnikV;12;2;0;0;2;1;0;0;14;3;0;0;236;38;3;0;131;43;5;1;367;81;8;1
2022.07_16-08-2022;Республика Хакасия;165_195_days;AllVaccines;15;3;0;0;7;1;0;0;22;4;0;0;236;38;3;0;131;43;5;1;367;81;8;1
2022.07_16-08-2022;Республика Хакасия;165_195_days;CoviVac;1;0;0;0;0;0;0;0;1;0;0;0;236;38;3;0;131;43;5;1;367;81;8;1
2022.07_16-08-2022;Республика Хакасия;165_195_days;EpiVacCorona;1;1;0;0;0;0;0;0;1;1;0;0;236;38;3;0;131;43;5;1;367;81;8;1
2022.07_16-08-2022;Республика Хакасия;165_195_days;SputnikLite;13;2;0;0;4;1;0;0;17;3;0;0;236;38;3;0;131;43;5;1;367;81;8;1
2022.07_16-08-2022;Республика Хакасия;165_195_days;SputnikV;0;0;0;0;3;0;0;0;3;0;0;0;236;38;3;0;131;43;5;1;367;81;8;1
2022.07_16-08-2022;Республика Хакасия;21_45_days;AllVaccines;0;0;0;0;3;0;0;0;3;0;0;0;236;38;3;0;131;43;5;1;367;81;8;1
2022.07_16-08-2022;Республика Хакасия;21_45_days;SputnikV;0;0;0;0;3;0;0;0;3;0;0;0;236;38;3;0;131;43;5;1;367;81;8;1
2022.07_16-08-2022;Республика Хакасия;45_75_days;AllVaccines;1;0;0;0;0;0;0;0;1;0;0;0;236;38;3;0;131;43;5;1;367;81;8;1
2022.07_16-08-2022;Республика Хакасия;45_75_days;SputnikV;1;0;0;0;0;0;0;0;1;0;0;0;236;38;3;0;131;43;5;1;367;81;8;1
2022.07_16-08-2022;Республика Хакасия;75_90_days;AllVaccines;0;0;0;0;1;0;0;0;1;0;0;0;236;38;3;0;131;43;5;1;367;81;8;1
2022.07_16-08-2022;Республика Хакасия;75_90_days;SputnikLite;0;0;0;0;1;0;0;0;1;0;0;0;236;38;3;0;131;43;5;1;367;81;8;1
2022.07_16-08-2022;Республика Хакасия;90_105_days;AllVaccines;2;0;0;0;1;1;0;0;3;1;0;0;236;38;3;0;131;43;5;1;367;81;8;1
2022.07_16-08-2022;Республика Хакасия;90_105_days;EpiVacCorona;1;0;0;0;0;0;0;0;1;0;0;0;236;38;3;0;131;43;5;1;367;81;8;1
2022.07_16-08-2022;Республика Хакасия;90_105_days;SputnikV;1;0;0;0;1;1;0;0;2;1;0;0;236;38;3;0;131;43;5;1;367;81;8;1
2022.07_16-08-2022;Ростовская область;105_165_days;AllVaccines;139;12;1;0;104;25;11;3;243;37;12;3;2263;242;27;4;1458;448;132;43;3721;690;159;47
2022.07_16-08-2022;Ростовская область;105_165_days;CoviVac;4;0;0;0;1;0;0;0;5;0;0;0;2263;242;27;4;1458;448;132;43;3721;690;159;47
2022.07_16-08-2022;Ростовская область;105_165_days;EpiVacCorona;3;1;1;0;7;1;0;0;10;2;1;0;2263;242;27;4;1458;448;132;43;3721;690;159;47
2022.07_16-08-2022;Ростовская область;105_165_days;SputnikLite;50;7;0;0;34;5;2;0;84;12;2;0;2263;242;27;4;1458;448;132;43;3721;690;159;47
2022.07_16-08-2022;Ростовская область;105_165_days;SputnikV;82;4;0;0;62;19;9;3;144;23;9;3;2263;242;27;4;1458;448;132;43;3721;690;159;47
2022.07_16-08-2022;Ростовская область;165_195_days;AllVaccines;94;6;0;0;55;14;5;1;149;20;5;1;2263;242;27;4;1458;448;132;43;3721;690;159;47
2022.07_16-08-2022;Ростовская область;165_195_days;CoviVac;2;1;0;0;3;1;1;0;5;2;1;0;2263;242;27;4;1458;448;132;43;3721;690;159;47
2022.07_16-08-2022;Ростовская область;165_195_days;EpiVacCorona;3;0;0;0;1;0;0;0;4;0;0;0;2263;242;27;4;1458;448;132;43;3721;690;159;47
2022.07_16-08-2022;Ростовская область;165_195_days;SputnikLite;54;1;0;0;29;6;2;0;83;7;2;0;2263;242;27;4;1458;448;132;43;3721;690;159;47
2022.07_16-08-2022;Ростовская область;165_195_days;SputnikV;35;4;0;0;22;7;2;1;57;11;2;1;2263;242;27;4;1458;448;132;43;3721;690;159;47
2022.07_16-08-2022;Ростовская область;21_45_days;AllVaccines;28;3;1;0;26;11;2;1;54;14;3;1;2263;242;27;4;1458;448;132;43;3721;690;159;47
2022.07_16-08-2022;Ростовская область;21_45_days;CoviVac;0;0;0;0;1;0;0;0;1;0;0;0;2263;242;27;4;1458;448;132;43;3721;690;159;47
2022.07_16-08-2022;Ростовская область;21_45_days;EpiVacCorona;6;1;1;0;5;3;1;1;11;4;2;1;2263;242;27;4;1458;448;132;43;3721;690;159;47
2022.07_16-08-2022;Ростовская область;21_45_days;SputnikV;22;2;0;0;20;8;1;0;42;10;1;0;2263;242;27;4;1458;448;132;43;3721;690;159;47
2022.07_16-08-2022;Ростовская область;45_75_days;AllVaccines;23;5;0;0;16;2;0;0;39;7;0;0;2263;242;27;4;1458;448;132;43;3721;690;159;47
2022.07_16-08-2022;Ростовская область;45_75_days;CoviVac;0;0;0;0;2;0;0;0;2;0;0;0;2263;242;27;4;1458;448;132;43;3721;690;159;47
2022.07_16-08-2022;Ростовская область;45_75_days;EpiVacCorona;3;1;0;0;2;0;0;0;5;1;0;0;2263;242;27;4;1458;448;132;43;3721;690;159;47
2022.07_16-08-2022;Ростовская область;45_75_days;SputnikLite;2;0;0;0;1;0;0;0;3;0;0;0;2263;242;27;4;1458;448;132;43;3721;690;159;47
2022.07_16-08-2022;Ростовская область;45_75_days;SputnikV;18;4;0;0;11;2;0;0;29;6;0;0;2263;242;27;4;1458;448;132;43;3721;690;159;47
2022.07_16-08-2022;Ростовская область;75_90_days;AllVaccines;11;1;0;0;12;3;0;0;23;4;0;0;2263;242;27;4;1458;448;132;43;3721;690;159;47
2022.07_16-08-2022;Ростовская область;75_90_days;SputnikLite;5;0;0;0;4;0;0;0;9;0;0;0;2263;242;27;4;1458;448;132;43;3721;690;159;47
2022.07_16-08-2022;Ростовская область;75_90_days;SputnikV;6;1;0;0;8;3;0;0;14;4;0;0;2263;242;27;4;1458;448;132;43;3721;690;159;47
2022.07_16-08-2022;Ростовская область;90_105_days;AllVaccines;12;1;0;0;6;3;1;0;18;4;1;0;2263;242;27;4;1458;448;132;43;3721;690;159;47
2022.07_16-08-2022;Ростовская область;90_105_days;EpiVacCorona;3;0;0;0;1;1;0;0;4;1;0;0;2263;242;27;4;1458;448;132;43;3721;690;159;47
2022.07_16-08-2022;Ростовская область;90_105_days;SputnikV;9;1;0;0;5;2;1;0;14;3;1;0;2263;242;27;4;1458;448;132;43;3721;690;159;47
2022.07_16-08-2022;Рязанская область;105_165_days;AllVaccines;34;2;0;0;20;2;0;0;54;4;0;0;986;28;2;1;609;57;10;5;1595;85;12;6
2022.07_16-08-2022;Рязанская область;105_165_days;CoviVac;1;0;0;0;1;0;0;0;2;0;0;0;986;28;2;1;609;57;10;5;1595;85;12;6
2022.07_16-08-2022;Рязанская область;105_165_days;EpiVacCorona;2;0;0;0;1;0;0;0;3;0;0;0;986;28;2;1;609;57;10;5;1595;85;12;6
2022.07_16-08-2022;Рязанская область;105_165_days;SputnikLite;15;1;0;0;6;0;0;0;21;1;0;0;986;28;2;1;609;57;10;5;1595;85;12;6
2022.07_16-08-2022;Рязанская область;105_165_days;SputnikV;16;1;0;0;12;2;0;0;28;3;0;0;986;28;2;1;609;57;10;5;1595;85;12;6
2022.07_16-08-2022;Рязанская область;165_195_days;AllVaccines;53;2;0;0;22;0;0;0;75;2;0;0;986;28;2;1;609;57;10;5;1595;85;12;6
2022.07_16-08-2022;Рязанская область;165_195_days;CoviVac;0;0;0;0;1;0;0;0;1;0;0;0;986;28;2;1;609;57;10;5;1595;85;12;6
2022.07_16-08-2022;Рязанская область;165_195_days;EpiVacCorona;1;0;0;0;0;0;0;0;1;0;0;0;986;28;2;1;609;57;10;5;1595;85;12;6
2022.07_16-08-2022;Рязанская область;165_195_days;SputnikLite;32;1;0;0;17;0;0;0;49;1;0;0;986;28;2;1;609;57;10;5;1595;85;12;6
2022.07_16-08-2022;Рязанская область;165_195_days;SputnikV;20;1;0;0;4;0;0;0;24;1;0;0;986;28;2;1;609;57;10;5;1595;85;12;6
2022.07_16-08-2022;Рязанская область;21_45_days;AllVaccines;6;0;0;0;1;0;0;0;7;0;0;0;986;28;2;1;609;57;10;5;1595;85;12;6
2022.07_16-08-2022;Рязанская область;21_45_days;CoviVac;2;0;0;0;0;0;0;0;2;0;0;0;986;28;2;1;609;57;10;5;1595;85;12;6
2022.07_16-08-2022;Рязанская область;21_45_days;EpiVacCorona;2;0;0;0;0;0;0;0;2;0;0;0;986;28;2;1;609;57;10;5;1595;85;12;6
2022.07_16-08-2022;Рязанская область;21_45_days;SputnikV;2;0;0;0;1;0;0;0;3;0;0;0;986;28;2;1;609;57;10;5;1595;85;12;6
2022.07_16-08-2022;Рязанская область;45_75_days;AllVaccines;2;0;0;0;2;0;0;0;4;0;0;0;986;28;2;1;609;57;10;5;1595;85;12;6
2022.07_16-08-2022;Рязанская область;45_75_days;CoviVac;1;0;0;0;0;0;0;0;1;0;0;0;986;28;2;1;609;57;10;5;1595;85;12;6
2022.07_16-08-2022;Рязанская область;45_75_days;SputnikLite;0;0;0;0;2;0;0;0;2;0;0;0;986;28;2;1;609;57;10;5;1595;85;12;6
2022.07_16-08-2022;Рязанская область;45_75_days;SputnikV;1;0;0;0;0;0;0;0;1;0;0;0;986;28;2;1;609;57;10;5;1595;85;12;6
2022.07_16-08-2022;Рязанская область;75_90_days;AllVaccines;2;0;0;0;1;0;0;0;3;0;0;0;986;28;2;1;609;57;10;5;1595;85;12;6
2022.07_16-08-2022;Рязанская область;75_90_days;CoviVac;1;0;0;0;0;0;0;0;1;0;0;0;986;28;2;1;609;57;10;5;1595;85;12;6
2022.07_16-08-2022;Рязанская область;75_90_days;SputnikV;1;0;0;0;1;0;0;0;2;0;0;0;986;28;2;1;609;57;10;5;1595;85;12;6
2022.07_16-08-2022;Рязанская область;90_105_days;AllVaccines;3;0;0;0;7;0;0;0;10;0;0;0;986;28;2;1;609;57;10;5;1595;85;12;6
2022.07_16-08-2022;Рязанская область;90_105_days;EpiVacCorona;0;0;0;0;1;0;0;0;1;0;0;0;986;28;2;1;609;57;10;5;1595;85;12;6
2022.07_16-08-2022;Рязанская область;90_105_days;SputnikLite;1;0;0;0;2;0;0;0;3;0;0;0;986;28;2;1;609;57;10;5;1595;85;12;6
2022.07_16-08-2022;Рязанская область;90_105_days;SputnikV;2;0;0;0;4;0;0;0;6;0;0;0;986;28;2;1;609;57;10;5;1595;85;12;6
2022.07_16-08-2022;Самарская область;105_165_days;AllVaccines;109;12;0;0;69;21;3;1;178;33;3;1;1819;201;27;13;1188;346;58;28;3007;547;85;41
2022.07_16-08-2022;Самарская область;105_165_days;CoviVac;7;0;0;0;1;0;0;0;8;0;0;0;1819;201;27;13;1188;346;58;28;3007;547;85;41
2022.07_16-08-2022;Самарская область;105_165_days;EpiVacCorona;5;1;0;0;8;1;0;0;13;2;0;0;1819;201;27;13;1188;346;58;28;3007;547;85;41
2022.07_16-08-2022;Самарская область;105_165_days;SputnikLite;39;4;0;0;16;4;0;0;55;8;0;0;1819;201;27;13;1188;346;58;28;3007;547;85;41
2022.07_16-08-2022;Самарская область;105_165_days;SputnikV;58;7;0;0;44;16;3;1;102;23;3;1;1819;201;27;13;1188;346;58;28;3007;547;85;41
2022.07_16-08-2022;Самарская область;165_195_days;AllVaccines;68;3;0;0;49;9;1;1;117;12;1;1;1819;201;27;13;1188;346;58;28;3007;547;85;41
2022.07_16-08-2022;Самарская область;165_195_days;CoviVac;1;0;0;0;0;0;0;0;1;0;0;0;1819;201;27;13;1188;346;58;28;3007;547;85;41
2022.07_16-08-2022;Самарская область;165_195_days;EpiVacCorona;1;0;0;0;1;0;0;0;2;0;0;0;1819;201;27;13;1188;346;58;28;3007;547;85;41
2022.07_16-08-2022;Самарская область;165_195_days;SputnikLite;36;2;0;0;30;6;0;0;66;8;0;0;1819;201;27;13;1188;346;58;28;3007;547;85;41
2022.07_16-08-2022;Самарская область;165_195_days;SputnikV;30;1;0;0;18;3;1;1;48;4;1;1;1819;201;27;13;1188;346;58;28;3007;547;85;41
2022.07_16-08-2022;Самарская область;21_45_days;AllVaccines;12;0;0;0;7;2;0;0;19;2;0;0;1819;201;27;13;1188;346;58;28;3007;547;85;41
2022.07_16-08-2022;Самарская область;21_45_days;SputnikLite;4;0;0;0;1;0;0;0;5;0;0;0;1819;201;27;13;1188;346;58;28;3007;547;85;41
2022.07_16-08-2022;Самарская область;21_45_days;SputnikV;8;0;0;0;6;2;0;0;14;2;0;0;1819;201;27;13;1188;346;58;28;3007;547;85;41
2022.07_16-08-2022;Самарская область;45_75_days;AllVaccines;15;1;1;1;15;1;0;0;30;2;1;1;1819;201;27;13;1188;346;58;28;3007;547;85;41
2022.07_16-08-2022;Самарская область;45_75_days;CoviVac;1;0;0;0;0;0;0;0;1;0;0;0;1819;201;27;13;1188;346;58;28;3007;547;85;41
2022.07_16-08-2022;Самарская область;45_75_days;EpiVacCorona;2;0;0;0;0;0;0;0;2;0;0;0;1819;201;27;13;1188;346;58;28;3007;547;85;41
2022.07_16-08-2022;Самарская область;45_75_days;SputnikLite;3;1;1;1;3;0;0;0;6;1;1;1;1819;201;27;13;1188;346;58;28;3007;547;85;41
2022.07_16-08-2022;Самарская область;45_75_days;SputnikV;9;0;0;0;12;1;0;0;21;1;0;0;1819;201;27;13;1188;346;58;28;3007;547;85;41
2022.07_16-08-2022;Самарская область;75_90_days;AllVaccines;15;3;0;0;16;3;1;1;31;6;1;1;1819;201;27;13;1188;346;58;28;3007;547;85;41
2022.07_16-08-2022;Самарская область;75_90_days;CoviVac;2;2;0;0;0;0;0;0;2;2;0;0;1819;201;27;13;1188;346;58;28;3007;547;85;41
2022.07_16-08-2022;Самарская область;75_90_days;EpiVacCorona;2;0;0;0;2;0;0;0;4;0;0;0;1819;201;27;13;1188;346;58;28;3007;547;85;41
2022.07_16-08-2022;Самарская область;75_90_days;SputnikLite;2;0;0;0;5;1;0;0;7;1;0;0;1819;201;27;13;1188;346;58;28;3007;547;85;41
2022.07_16-08-2022;Самарская область;75_90_days;SputnikV;9;1;0;0;9;2;1;1;18;3;1;1;1819;201;27;13;1188;346;58;28;3007;547;85;41
2022.07_16-08-2022;Самарская область;90_105_days;AllVaccines;15;1;0;0;18;5;2;0;33;6;2;0;1819;201;27;13;1188;346;58;28;3007;547;85;41
2022.07_16-08-2022;Самарская область;90_105_days;EpiVacCorona;0;0;0;0;3;1;0;0;3;1;0;0;1819;201;27;13;1188;346;58;28;3007;547;85;41
2022.07_16-08-2022;Самарская область;90_105_days;SputnikLite;7;1;0;0;4;0;0;0;11;1;0;0;1819;201;27;13;1188;346;58;28;3007;547;85;41
2022.07_16-08-2022;Самарская область;90_105_days;SputnikV;8;0;0;0;11;4;2;0;19;4;2;0;1819;201;27;13;1188;346;58;28;3007;547;85;41
2022.07_16-08-2022;Саратовская область;105_165_days;AllVaccines;68;5;0;0;50;9;1;1;118;14;1;1;1013;125;21;12;731;208;37;20;1744;333;58;32
2022.07_16-08-2022;Саратовская область;105_165_days;CoviVac;2;0;0;0;0;0;0;0;2;0;0;0;1013;125;21;12;731;208;37;20;1744;333;58;32
2022.07_16-08-2022;Саратовская область;105_165_days;EpiVacCorona;2;0;0;0;5;2;0;0;7;2;0;0;1013;125;21;12;731;208;37;20;1744;333;58;32
2022.07_16-08-2022;Саратовская область;105_165_days;SputnikLite;33;2;0;0;27;5;0;0;60;7;0;0;1013;125;21;12;731;208;37;20;1744;333;58;32
2022.07_16-08-2022;Саратовская область;105_165_days;SputnikV;31;3;0;0;18;2;1;1;49;5;1;1;1013;125;21;12;731;208;37;20;1744;333;58;32
2022.07_16-08-2022;Саратовская область;165_195_days;AllVaccines;47;10;1;0;25;4;1;1;72;14;2;1;1013;125;21;12;731;208;37;20;1744;333;58;32
2022.07_16-08-2022;Саратовская область;165_195_days;CoviVac;2;0;0;0;0;0;0;0;2;0;0;0;1013;125;21;12;731;208;37;20;1744;333;58;32
2022.07_16-08-2022;Саратовская область;165_195_days;EpiVacCorona;2;2;0;0;2;0;0;0;4;2;0;0;1013;125;21;12;731;208;37;20;1744;333;58;32
2022.07_16-08-2022;Саратовская область;165_195_days;SputnikLite;31;6;0;0;17;2;1;1;48;8;1;1;1013;125;21;12;731;208;37;20;1744;333;58;32
2022.07_16-08-2022;Саратовская область;165_195_days;SputnikV;12;2;1;0;6;2;0;0;18;4;1;0;1013;125;21;12;731;208;37;20;1744;333;58;32
2022.07_16-08-2022;Саратовская область;21_45_days;AllVaccines;9;1;1;0;9;3;0;0;18;4;1;0;1013;125;21;12;731;208;37;20;1744;333;58;32
2022.07_16-08-2022;Саратовская область;21_45_days;CoviVac;1;0;0;0;1;1;0;0;2;1;0;0;1013;125;21;12;731;208;37;20;1744;333;58;32
2022.07_16-08-2022;Саратовская область;21_45_days;EpiVacCorona;2;0;0;0;3;1;0;0;5;1;0;0;1013;125;21;12;731;208;37;20;1744;333;58;32
2022.07_16-08-2022;Саратовская область;21_45_days;SputnikV;6;1;1;0;5;1;0;0;11;2;1;0;1013;125;21;12;731;208;37;20;1744;333;58;32
2022.07_16-08-2022;Саратовская область;45_75_days;AllVaccines;13;0;0;0;6;4;0;0;19;4;0;0;1013;125;21;12;731;208;37;20;1744;333;58;32
2022.07_16-08-2022;Саратовская область;45_75_days;CoviVac;2;0;0;0;1;0;0;0;3;0;0;0;1013;125;21;12;731;208;37;20;1744;333;58;32
2022.07_16-08-2022;Саратовская область;45_75_days;EpiVacCorona;1;0;0;0;1;1;0;0;2;1;0;0;1013;125;21;12;731;208;37;20;1744;333;58;32
2022.07_16-08-2022;Саратовская область;45_75_days;SputnikLite;3;0;0;0;1;1;0;0;4;1;0;0;1013;125;21;12;731;208;37;20;1744;333;58;32
2022.07_16-08-2022;Саратовская область;45_75_days;SputnikV;7;0;0;0;3;2;0;0;10;2;0;0;1013;125;21;12;731;208;37;20;1744;333;58;32
2022.07_16-08-2022;Саратовская область;75_90_days;AllVaccines;4;0;0;0;8;2;0;0;12;2;0;0;1013;125;21;12;731;208;37;20;1744;333;58;32
2022.07_16-08-2022;Саратовская область;75_90_days;CoviVac;2;0;0;0;0;0;0;0;2;0;0;0;1013;125;21;12;731;208;37;20;1744;333;58;32
2022.07_16-08-2022;Саратовская область;75_90_days;SputnikLite;1;0;0;0;3;0;0;0;4;0;0;0;1013;125;21;12;731;208;37;20;1744;333;58;32
2022.07_16-08-2022;Саратовская область;75_90_days;SputnikV;1;0;0;0;5;2;0;0;6;2;0;0;1013;125;21;12;731;208;37;20;1744;333;58;32
2022.07_16-08-2022;Саратовская область;90_105_days;AllVaccines;6;1;1;1;11;0;0;0;17;1;1;1;1013;125;21;12;731;208;37;20;1744;333;58;32
2022.07_16-08-2022;Саратовская область;90_105_days;CoviVac;0;0;0;0;1;0;0;0;1;0;0;0;1013;125;21;12;731;208;37;20;1744;333;58;32
2022.07_16-08-2022;Саратовская область;90_105_days;SputnikLite;3;0;0;0;2;0;0;0;5;0;0;0;1013;125;21;12;731;208;37;20;1744;333;58;32
2022.07_16-08-2022;Саратовская область;90_105_days;SputnikV;3;1;1;1;8;0;0;0;11;1;1;1;1013;125;21;12;731;208;37;20;1744;333;58;32
2022.07_16-08-2022;Сахалинская область;105_165_days;AllVaccines;9;1;0;0;5;2;0;0;14;3;0;0;149;10;1;0;66;33;5;0;215;43;6;0
2022.07_16-08-2022;Сахалинская область;105_165_days;SputnikLite;4;1;0;0;5;2;0;0;9;3;0;0;149;10;1;0;66;33;5;0;215;43;6;0
2022.07_16-08-2022;Сахалинская область;105_165_days;SputnikV;5;0;0;0;0;0;0;0;5;0;0;0;149;10;1;0;66;33;5;0;215;43;6;0
2022.07_16-08-2022;Сахалинская область;165_195_days;AllVaccines;3;0;0;0;2;0;0;0;5;0;0;0;149;10;1;0;66;33;5;0;215;43;6;0
2022.07_16-08-2022;Сахалинская область;165_195_days;SputnikLite;3;0;0;0;2;0;0;0;5;0;0;0;149;10;1;0;66;33;5;0;215;43;6;0
2022.07_16-08-2022;Сахалинская область;21_45_days;AllVaccines;1;0;0;0;0;0;0;0;1;0;0;0;149;10;1;0;66;33;5;0;215;43;6;0
2022.07_16-08-2022;Сахалинская область;21_45_days;SputnikV;1;0;0;0;0;0;0;0;1;0;0;0;149;10;1;0;66;33;5;0;215;43;6;0
2022.07_16-08-2022;Сахалинская область;45_75_days;AllVaccines;0;0;0;0;1;0;0;0;1;0;0;0;149;10;1;0;66;33;5;0;215;43;6;0
2022.07_16-08-2022;Сахалинская область;45_75_days;SputnikLite;0;0;0;0;1;0;0;0;1;0;0;0;149;10;1;0;66;33;5;0;215;43;6;0
2022.07_16-08-2022;Сахалинская область;75_90_days;AllVaccines;3;0;0;0;2;1;0;0;5;1;0;0;149;10;1;0;66;33;5;0;215;43;6;0
2022.07_16-08-2022;Сахалинская область;75_90_days;SputnikLite;2;0;0;0;2;1;0;0;4;1;0;0;149;10;1;0;66;33;5;0;215;43;6;0
2022.07_16-08-2022;Сахалинская область;75_90_days;SputnikV;1;0;0;0;0;0;0;0;1;0;0;0;149;10;1;0;66;33;5;0;215;43;6;0
2022.07_16-08-2022;Свердловская область;105_165_days;AllVaccines;132;11;0;0;83;11;0;0;215;22;0;0;2937;308;19;11;1496;437;43;46;4433;745;62;57
2022.07_16-08-2022;Свердловская область;105_165_days;CoviVac;2;0;0;0;1;0;0;0;3;0;0;0;2937;308;19;11;1496;437;43;46;4433;745;62;57
2022.07_16-08-2022;Свердловская область;105_165_days;EpiVacCorona;8;0;0;0;8;1;0;0;16;1;0;0;2937;308;19;11;1496;437;43;46;4433;745;62;57
2022.07_16-08-2022;Свердловская область;105_165_days;SputnikLite;40;6;0;0;28;5;0;0;68;11;0;0;2937;308;19;11;1496;437;43;46;4433;745;62;57
2022.07_16-08-2022;Свердловская область;105_165_days;SputnikV;82;5;0;0;46;5;0;0;128;10;0;0;2937;308;19;11;1496;437;43;46;4433;745;62;57
2022.07_16-08-2022;Свердловская область;165_195_days;AllVaccines;130;7;0;1;88;27;3;2;218;34;3;3;2937;308;19;11;1496;437;43;46;4433;745;62;57
2022.07_16-08-2022;Свердловская область;165_195_days;EpiVacCorona;3;0;0;0;3;2;0;0;6;2;0;0;2937;308;19;11;1496;437;43;46;4433;745;62;57
2022.07_16-08-2022;Свердловская область;165_195_days;SputnikLite;78;5;0;0;56;18;1;0;134;23;1;0;2937;308;19;11;1496;437;43;46;4433;745;62;57
2022.07_16-08-2022;Свердловская область;165_195_days;SputnikV;49;2;0;1;29;7;2;2;78;9;2;3;2937;308;19;11;1496;437;43;46;4433;745;62;57
2022.07_16-08-2022;Свердловская область;21_45_days;AllVaccines;13;1;0;0;13;2;0;0;26;3;0;0;2937;308;19;11;1496;437;43;46;4433;745;62;57
2022.07_16-08-2022;Свердловская область;21_45_days;CoviVac;1;0;0;0;0;0;0;0;1;0;0;0;2937;308;19;11;1496;437;43;46;4433;745;62;57
2022.07_16-08-2022;Свердловская область;21_45_days;EpiVacCorona;1;0;0;0;1;0;0;0;2;0;0;0;2937;308;19;11;1496;437;43;46;4433;745;62;57
2022.07_16-08-2022;Свердловская область;21_45_days;SputnikV;11;1;0;0;12;2;0;0;23;3;0;0;2937;308;19;11;1496;437;43;46;4433;745;62;57
2022.07_16-08-2022;Свердловская область;45_75_days;AllVaccines;20;0;0;0;22;6;1;1;42;6;1;1;2937;308;19;11;1496;437;43;46;4433;745;62;57
2022.07_16-08-2022;Свердловская область;45_75_days;CoviVac;0;0;0;0;1;0;0;0;1;0;0;0;2937;308;19;11;1496;437;43;46;4433;745;62;57
2022.07_16-08-2022;Свердловская область;45_75_days;EpiVacCorona;0;0;0;0;2;0;0;0;2;0;0;0;2937;308;19;11;1496;437;43;46;4433;745;62;57
2022.07_16-08-2022;Свердловская область;45_75_days;SputnikLite;3;0;0;0;2;1;0;0;5;1;0;0;2937;308;19;11;1496;437;43;46;4433;745;62;57
2022.07_16-08-2022;Свердловская область;45_75_days;SputnikV;17;0;0;0;17;5;1;1;34;5;1;1;2937;308;19;11;1496;437;43;46;4433;745;62;57
2022.07_16-08-2022;Свердловская область;75_90_days;AllVaccines;17;1;0;0;7;3;0;0;24;4;0;0;2937;308;19;11;1496;437;43;46;4433;745;62;57
2022.07_16-08-2022;Свердловская область;75_90_days;EpiVacCorona;2;0;0;0;0;0;0;0;2;0;0;0;2937;308;19;11;1496;437;43;46;4433;745;62;57
2022.07_16-08-2022;Свердловская область;75_90_days;SputnikLite;4;0;0;0;1;1;0;0;5;1;0;0;2937;308;19;11;1496;437;43;46;4433;745;62;57
2022.07_16-08-2022;Свердловская область;75_90_days;SputnikV;11;1;0;0;6;2;0;0;17;3;0;0;2937;308;19;11;1496;437;43;46;4433;745;62;57
2022.07_16-08-2022;Свердловская область;90_105_days;AllVaccines;9;1;0;0;14;4;0;1;23;5;0;1;2937;308;19;11;1496;437;43;46;4433;745;62;57
2022.07_16-08-2022;Свердловская область;90_105_days;EpiVacCorona;1;0;0;0;0;0;0;0;1;0;0;0;2937;308;19;11;1496;437;43;46;4433;745;62;57
2022.07_16-08-2022;Свердловская область;90_105_days;SputnikV;8;1;0;0;14;4;0;1;22;5;0;1;2937;308;19;11;1496;437;43;46;4433;745;62;57
2022.07_16-08-2022;Смоленская область;105_165_days;AllVaccines;20;2;0;0;8;2;0;0;28;4;0;0;419;26;4;2;267;71;13;10;686;97;17;12
2022.07_16-08-2022;Смоленская область;105_165_days;EpiVacCorona;1;0;0;0;1;1;0;0;2;1;0;0;419;26;4;2;267;71;13;10;686;97;17;12
2022.07_16-08-2022;Смоленская область;105_165_days;SputnikLite;4;0;0;0;4;1;0;0;8;1;0;0;419;26;4;2;267;71;13;10;686;97;17;12
2022.07_16-08-2022;Смоленская область;105_165_days;SputnikV;15;2;0;0;3;0;0;0;18;2;0;0;419;26;4;2;267;71;13;10;686;97;17;12
2022.07_16-08-2022;Смоленская область;165_195_days;AllVaccines;10;1;0;0;11;1;0;0;21;2;0;0;419;26;4;2;267;71;13;10;686;97;17;12
2022.07_16-08-2022;Смоленская область;165_195_days;EpiVacCorona;1;0;0;0;0;0;0;0;1;0;0;0;419;26;4;2;267;71;13;10;686;97;17;12
2022.07_16-08-2022;Смоленская область;165_195_days;SputnikLite;8;1;0;0;6;0;0;0;14;1;0;0;419;26;4;2;267;71;13;10;686;97;17;12
2022.07_16-08-2022;Смоленская область;165_195_days;SputnikV;1;0;0;0;5;1;0;0;6;1;0;0;419;26;4;2;267;71;13;10;686;97;17;12
2022.07_16-08-2022;Смоленская область;21_45_days;AllVaccines;6;0;0;0;1;1;1;1;7;1;1;1;419;26;4;2;267;71;13;10;686;97;17;12
2022.07_16-08-2022;Смоленская область;21_45_days;CoviVac;1;0;0;0;0;0;0;0;1;0;0;0;419;26;4;2;267;71;13;10;686;97;17;12
2022.07_16-08-2022;Смоленская область;21_45_days;EpiVacCorona;0;0;0;0;1;1;1;1;1;1;1;1;419;26;4;2;267;71;13;10;686;97;17;12
2022.07_16-08-2022;Смоленская область;21_45_days;SputnikLite;1;0;0;0;0;0;0;0;1;0;0;0;419;26;4;2;267;71;13;10;686;97;17;12
2022.07_16-08-2022;Смоленская область;21_45_days;SputnikV;4;0;0;0;0;0;0;0;4;0;0;0;419;26;4;2;267;71;13;10;686;97;17;12
2022.07_16-08-2022;Смоленская область;45_75_days;AllVaccines;2;0;0;0;2;1;0;0;4;1;0;0;419;26;4;2;267;71;13;10;686;97;17;12
2022.07_16-08-2022;Смоленская область;45_75_days;SputnikV;2;0;0;0;2;1;0;0;4;1;0;0;419;26;4;2;267;71;13;10;686;97;17;12
2022.07_16-08-2022;Смоленская область;75_90_days;AllVaccines;4;0;0;0;0;0;0;0;4;0;0;0;419;26;4;2;267;71;13;10;686;97;17;12
2022.07_16-08-2022;Смоленская область;75_90_days;CoviVac;1;0;0;0;0;0;0;0;1;0;0;0;419;26;4;2;267;71;13;10;686;97;17;12
2022.07_16-08-2022;Смоленская область;75_90_days;SputnikLite;2;0;0;0;0;0;0;0;2;0;0;0;419;26;4;2;267;71;13;10;686;97;17;12
2022.07_16-08-2022;Смоленская область;75_90_days;SputnikV;1;0;0;0;0;0;0;0;1;0;0;0;419;26;4;2;267;71;13;10;686;97;17;12
2022.07_16-08-2022;Смоленская область;90_105_days;AllVaccines;0;0;0;0;2;0;0;0;2;0;0;0;419;26;4;2;267;71;13;10;686;97;17;12
2022.07_16-08-2022;Смоленская область;90_105_days;SputnikLite;0;0;0;0;2;0;0;0;2;0;0;0;419;26;4;2;267;71;13;10;686;97;17;12
2022.07_16-08-2022;Ставропольский край;105_165_days;AllVaccines;60;9;1;0;47;16;0;0;107;25;1;0;1224;220;7;2;880;320;30;15;2104;540;37;17
2022.07_16-08-2022;Ставропольский край;105_165_days;CoviVac;3;1;0;0;0;0;0;0;3;1;0;0;1224;220;7;2;880;320;30;15;2104;540;37;17
2022.07_16-08-2022;Ставропольский край;105_165_days;EpiVacCorona;6;0;0;0;7;4;0;0;13;4;0;0;1224;220;7;2;880;320;30;15;2104;540;37;17
2022.07_16-08-2022;Ставропольский край;105_165_days;SputnikLite;23;5;1;0;21;9;0;0;44;14;1;0;1224;220;7;2;880;320;30;15;2104;540;37;17
2022.07_16-08-2022;Ставропольский край;105_165_days;SputnikV;28;3;0;0;19;3;0;0;47;6;0;0;1224;220;7;2;880;320;30;15;2104;540;37;17
2022.07_16-08-2022;Ставропольский край;165_195_days;AllVaccines;45;3;0;0;33;10;2;0;78;13;2;0;1224;220;7;2;880;320;30;15;2104;540;37;17
2022.07_16-08-2022;Ставропольский край;165_195_days;EpiVacCorona;5;0;0;0;1;1;1;0;6;1;1;0;1224;220;7;2;880;320;30;15;2104;540;37;17
2022.07_16-08-2022;Ставропольский край;165_195_days;SputnikLite;23;2;0;0;23;8;0;0;46;10;0;0;1224;220;7;2;880;320;30;15;2104;540;37;17
2022.07_16-08-2022;Ставропольский край;165_195_days;SputnikV;17;1;0;0;9;1;1;0;26;2;1;0;1224;220;7;2;880;320;30;15;2104;540;37;17
2022.07_16-08-2022;Ставропольский край;21_45_days;AllVaccines;8;0;0;0;4;0;0;0;12;0;0;0;1224;220;7;2;880;320;30;15;2104;540;37;17
2022.07_16-08-2022;Ставропольский край;21_45_days;CoviVac;1;0;0;0;0;0;0;0;1;0;0;0;1224;220;7;2;880;320;30;15;2104;540;37;17
2022.07_16-08-2022;Ставропольский край;21_45_days;SputnikV;7;0;0;0;4;0;0;0;11;0;0;0;1224;220;7;2;880;320;30;15;2104;540;37;17
2022.07_16-08-2022;Ставропольский край;45_75_days;AllVaccines;8;1;0;0;7;1;1;0;15;2;1;0;1224;220;7;2;880;320;30;15;2104;540;37;17
2022.07_16-08-2022;Ставропольский край;45_75_days;SputnikLite;4;0;0;0;1;0;0;0;5;0;0;0;1224;220;7;2;880;320;30;15;2104;540;37;17
2022.07_16-08-2022;Ставропольский край;45_75_days;SputnikV;4;1;0;0;6;1;1;0;10;2;1;0;1224;220;7;2;880;320;30;15;2104;540;37;17
2022.07_16-08-2022;Ставропольский край;75_90_days;AllVaccines;7;1;0;0;4;1;1;0;11;2;1;0;1224;220;7;2;880;320;30;15;2104;540;37;17
2022.07_16-08-2022;Ставропольский край;75_90_days;CoviVac;2;1;0;0;0;0;0;0;2;1;0;0;1224;220;7;2;880;320;30;15;2104;540;37;17
2022.07_16-08-2022;Ставропольский край;75_90_days;EpiVacCorona;2;0;0;0;1;1;1;0;3;1;1;0;1224;220;7;2;880;320;30;15;2104;540;37;17
2022.07_16-08-2022;Ставропольский край;75_90_days;SputnikLite;0;0;0;0;1;0;0;0;1;0;0;0;1224;220;7;2;880;320;30;15;2104;540;37;17
2022.07_16-08-2022;Ставропольский край;75_90_days;SputnikV;3;0;0;0;2;0;0;0;5;0;0;0;1224;220;7;2;880;320;30;15;2104;540;37;17
2022.07_16-08-2022;Ставропольский край;90_105_days;AllVaccines;5;0;0;0;9;2;0;0;14;2;0;0;1224;220;7;2;880;320;30;15;2104;540;37;17
2022.07_16-08-2022;Ставропольский край;90_105_days;EpiVacCorona;0;0;0;0;1;0;0;0;1;0;0;0;1224;220;7;2;880;320;30;15;2104;540;37;17
2022.07_16-08-2022;Ставропольский край;90_105_days;SputnikLite;1;0;0;0;0;0;0;0;1;0;0;0;1224;220;7;2;880;320;30;15;2104;540;37;17
2022.07_16-08-2022;Ставропольский край;90_105_days;SputnikV;4;0;0;0;8;2;0;0;12;2;0;0;1224;220;7;2;880;320;30;15;2104;540;37;17
2022.07_16-08-2022;Тамбовская область;105_165_days;AllVaccines;35;1;0;0;23;3;1;1;58;4;1;1;394;51;1;1;276;82;15;12;670;133;16;13
2022.07_16-08-2022;Тамбовская область;105_165_days;CoviVac;2;0;0;0;0;0;0;0;2;0;0;0;394;51;1;1;276;82;15;12;670;133;16;13
2022.07_16-08-2022;Тамбовская область;105_165_days;EpiVacCorona;3;0;0;0;1;0;0;0;4;0;0;0;394;51;1;1;276;82;15;12;670;133;16;13
2022.07_16-08-2022;Тамбовская область;105_165_days;SputnikLite;12;0;0;0;7;1;0;0;19;1;0;0;394;51;1;1;276;82;15;12;670;133;16;13
2022.07_16-08-2022;Тамбовская область;105_165_days;SputnikV;18;1;0;0;15;2;1;1;33;3;1;1;394;51;1;1;276;82;15;12;670;133;16;13
2022.07_16-08-2022;Тамбовская область;165_195_days;AllVaccines;15;1;0;0;17;5;0;0;32;6;0;0;394;51;1;1;276;82;15;12;670;133;16;13
2022.07_16-08-2022;Тамбовская область;165_195_days;EpiVacCorona;1;0;0;0;2;1;0;0;3;1;0;0;394;51;1;1;276;82;15;12;670;133;16;13
2022.07_16-08-2022;Тамбовская область;165_195_days;SputnikLite;9;1;0;0;7;0;0;0;16;1;0;0;394;51;1;1;276;82;15;12;670;133;16;13
2022.07_16-08-2022;Тамбовская область;165_195_days;SputnikV;5;0;0;0;8;4;0;0;13;4;0;0;394;51;1;1;276;82;15;12;670;133;16;13
2022.07_16-08-2022;Тамбовская область;21_45_days;AllVaccines;10;0;0;0;8;4;1;0;18;4;1;0;394;51;1;1;276;82;15;12;670;133;16;13
2022.07_16-08-2022;Тамбовская область;21_45_days;EpiVacCorona;2;0;0;0;4;2;0;0;6;2;0;0;394;51;1;1;276;82;15;12;670;133;16;13
2022.07_16-08-2022;Тамбовская область;21_45_days;SputnikV;8;0;0;0;4;2;1;0;12;2;1;0;394;51;1;1;276;82;15;12;670;133;16;13
2022.07_16-08-2022;Тамбовская область;45_75_days;AllVaccines;8;0;0;0;13;5;4;3;21;5;4;3;394;51;1;1;276;82;15;12;670;133;16;13
2022.07_16-08-2022;Тамбовская область;45_75_days;EpiVacCorona;2;0;0;0;4;2;1;1;6;2;1;1;394;51;1;1;276;82;15;12;670;133;16;13
2022.07_16-08-2022;Тамбовская область;45_75_days;SputnikV;6;0;0;0;9;3;3;2;15;3;3;2;394;51;1;1;276;82;15;12;670;133;16;13
2022.07_16-08-2022;Тамбовская область;75_90_days;AllVaccines;5;0;0;0;1;1;0;0;6;1;0;0;394;51;1;1;276;82;15;12;670;133;16;13
2022.07_16-08-2022;Тамбовская область;75_90_days;EpiVacCorona;2;0;0;0;0;0;0;0;2;0;0;0;394;51;1;1;276;82;15;12;670;133;16;13
2022.07_16-08-2022;Тамбовская область;75_90_days;SputnikV;3;0;0;0;1;1;0;0;4;1;0;0;394;51;1;1;276;82;15;12;670;133;16;13
2022.07_16-08-2022;Тамбовская область;90_105_days;AllVaccines;1;0;0;0;4;2;0;0;5;2;0;0;394;51;1;1;276;82;15;12;670;133;16;13
2022.07_16-08-2022;Тамбовская область;90_105_days;SputnikV;1;0;0;0;4;2;0;0;5;2;0;0;394;51;1;1;276;82;15;12;670;133;16;13
2022.07_16-08-2022;Тверская область;105_165_days;AllVaccines;34;0;0;0;27;2;0;0;61;2;0;0;659;30;7;1;446;84;13;13;1105;114;20;14
2022.07_16-08-2022;Тверская область;105_165_days;CoviVac;1;0;0;0;1;0;0;0;2;0;0;0;659;30;7;1;446;84;13;13;1105;114;20;14
2022.07_16-08-2022;Тверская область;105_165_days;EpiVacCorona;1;0;0;0;1;0;0;0;2;0;0;0;659;30;7;1;446;84;13;13;1105;114;20;14
2022.07_16-08-2022;Тверская область;105_165_days;SputnikLite;19;0;0;0;10;0;0;0;29;0;0;0;659;30;7;1;446;84;13;13;1105;114;20;14
2022.07_16-08-2022;Тверская область;105_165_days;SputnikV;13;0;0;0;15;2;0;0;28;2;0;0;659;30;7;1;446;84;13;13;1105;114;20;14
2022.07_16-08-2022;Тверская область;165_195_days;AllVaccines;28;0;0;0;21;3;1;0;49;3;1;0;659;30;7;1;446;84;13;13;1105;114;20;14
2022.07_16-08-2022;Тверская область;165_195_days;CoviVac;3;0;0;0;0;0;0;0;3;0;0;0;659;30;7;1;446;84;13;13;1105;114;20;14
2022.07_16-08-2022;Тверская область;165_195_days;EpiVacCorona;1;0;0;0;1;0;0;0;2;0;0;0;659;30;7;1;446;84;13;13;1105;114;20;14
2022.07_16-08-2022;Тверская область;165_195_days;SputnikLite;19;0;0;0;16;2;0;0;35;2;0;0;659;30;7;1;446;84;13;13;1105;114;20;14
2022.07_16-08-2022;Тверская область;165_195_days;SputnikV;5;0;0;0;4;1;1;0;9;1;1;0;659;30;7;1;446;84;13;13;1105;114;20;14
2022.07_16-08-2022;Тверская область;21_45_days;AllVaccines;1;0;0;0;3;0;0;0;4;0;0;0;659;30;7;1;446;84;13;13;1105;114;20;14
2022.07_16-08-2022;Тверская область;21_45_days;SputnikV;1;0;0;0;3;0;0;0;4;0;0;0;659;30;7;1;446;84;13;13;1105;114;20;14
2022.07_16-08-2022;Тверская область;45_75_days;AllVaccines;1;0;0;0;6;1;0;0;7;1;0;0;659;30;7;1;446;84;13;13;1105;114;20;14
2022.07_16-08-2022;Тверская область;45_75_days;SputnikLite;0;0;0;0;2;0;0;0;2;0;0;0;659;30;7;1;446;84;13;13;1105;114;20;14
2022.07_16-08-2022;Тверская область;45_75_days;SputnikV;1;0;0;0;4;1;0;0;5;1;0;0;659;30;7;1;446;84;13;13;1105;114;20;14
2022.07_16-08-2022;Тверская область;75_90_days;AllVaccines;1;0;0;0;1;0;0;0;2;0;0;0;659;30;7;1;446;84;13;13;1105;114;20;14
2022.07_16-08-2022;Тверская область;75_90_days;SputnikV;1;0;0;0;1;0;0;0;2;0;0;0;659;30;7;1;446;84;13;13;1105;114;20;14
2022.07_16-08-2022;Тверская область;90_105_days;AllVaccines;4;0;0;0;2;0;0;0;6;0;0;0;659;30;7;1;446;84;13;13;1105;114;20;14
2022.07_16-08-2022;Тверская область;90_105_days;EpiVacCorona;0;0;0;0;2;0;0;0;2;0;0;0;659;30;7;1;446;84;13;13;1105;114;20;14
2022.07_16-08-2022;Тверская область;90_105_days;SputnikV;4;0;0;0;0;0;0;0;4;0;0;0;659;30;7;1;446;84;13;13;1105;114;20;14
2022.07_16-08-2022;Томская область;105_165_days;AllVaccines;53;5;1;0;30;10;3;2;83;15;4;2;1042;165;28;8;486;223;76;39;1528;388;104;47
2022.07_16-08-2022;Томская область;105_165_days;CoviVac;2;0;0;0;0;0;0;0;2;0;0;0;1042;165;28;8;486;223;76;39;1528;388;104;47
2022.07_16-08-2022;Томская область;105_165_days;EpiVacCorona;3;0;0;0;2;1;1;1;5;1;1;1;1042;165;28;8;486;223;76;39;1528;388;104;47
2022.07_16-08-2022;Томская область;105_165_days;SputnikLite;25;3;1;0;11;4;1;1;36;7;2;1;1042;165;28;8;486;223;76;39;1528;388;104;47
2022.07_16-08-2022;Томская область;105_165_days;SputnikV;23;2;0;0;17;5;1;0;40;7;1;0;1042;165;28;8;486;223;76;39;1528;388;104;47
2022.07_16-08-2022;Томская область;165_195_days;AllVaccines;49;6;0;0;15;5;2;1;64;11;2;1;1042;165;28;8;486;223;76;39;1528;388;104;47
2022.07_16-08-2022;Томская область;165_195_days;EpiVacCorona;1;0;0;0;0;0;0;0;1;0;0;0;1042;165;28;8;486;223;76;39;1528;388;104;47
2022.07_16-08-2022;Томская область;165_195_days;SputnikLite;26;2;0;0;13;4;1;1;39;6;1;1;1042;165;28;8;486;223;76;39;1528;388;104;47
2022.07_16-08-2022;Томская область;165_195_days;SputnikV;22;4;0;0;2;1;1;0;24;5;1;0;1042;165;28;8;486;223;76;39;1528;388;104;47
2022.07_16-08-2022;Томская область;21_45_days;AllVaccines;3;0;0;0;3;0;0;0;6;0;0;0;1042;165;28;8;486;223;76;39;1528;388;104;47
2022.07_16-08-2022;Томская область;21_45_days;EpiVacCorona;1;0;0;0;0;0;0;0;1;0;0;0;1042;165;28;8;486;223;76;39;1528;388;104;47
2022.07_16-08-2022;Томская область;21_45_days;SputnikLite;2;0;0;0;0;0;0;0;2;0;0;0;1042;165;28;8;486;223;76;39;1528;388;104;47
2022.07_16-08-2022;Томская область;21_45_days;SputnikV;0;0;0;0;3;0;0;0;3;0;0;0;1042;165;28;8;486;223;76;39;1528;388;104;47
2022.07_16-08-2022;Томская область;45_75_days;AllVaccines;3;0;0;0;3;1;0;0;6;1;0;0;1042;165;28;8;486;223;76;39;1528;388;104;47
2022.07_16-08-2022;Томская область;45_75_days;SputnikLite;2;0;0;0;1;0;0;0;3;0;0;0;1042;165;28;8;486;223;76;39;1528;388;104;47
2022.07_16-08-2022;Томская область;45_75_days;SputnikV;1;0;0;0;2;1;0;0;3;1;0;0;1042;165;28;8;486;223;76;39;1528;388;104;47
2022.07_16-08-2022;Томская область;75_90_days;AllVaccines;1;0;0;0;3;1;1;0;4;1;1;0;1042;165;28;8;486;223;76;39;1528;388;104;47
2022.07_16-08-2022;Томская область;75_90_days;SputnikLite;0;0;0;0;1;1;1;0;1;1;1;0;1042;165;28;8;486;223;76;39;1528;388;104;47
2022.07_16-08-2022;Томская область;75_90_days;SputnikV;1;0;0;0;2;0;0;0;3;0;0;0;1042;165;28;8;486;223;76;39;1528;388;104;47
2022.07_16-08-2022;Томская область;90_105_days;AllVaccines;4;0;0;0;4;0;0;0;8;0;0;0;1042;165;28;8;486;223;76;39;1528;388;104;47
2022.07_16-08-2022;Томская область;90_105_days;EpiVacCorona;1;0;0;0;0;0;0;0;1;0;0;0;1042;165;28;8;486;223;76;39;1528;388;104;47
2022.07_16-08-2022;Томская область;90_105_days;SputnikV;3;0;0;0;4;0;0;0;7;0;0;0;1042;165;28;8;486;223;76;39;1528;388;104;47
2022.07_16-08-2022;Тульская область;105_165_days;AllVaccines;88;3;0;0;32;3;0;0;120;6;0;0;1400;67;15;7;785;152;47;22;2185;219;62;29
2022.07_16-08-2022;Тульская область;105_165_days;CoviVac;1;0;0;0;1;0;0;0;2;0;0;0;1400;67;15;7;785;152;47;22;2185;219;62;29
2022.07_16-08-2022;Тульская область;105_165_days;EpiVacCorona;5;1;0;0;3;0;0;0;8;1;0;0;1400;67;15;7;785;152;47;22;2185;219;62;29
2022.07_16-08-2022;Тульская область;105_165_days;SputnikLite;34;2;0;0;14;2;0;0;48;4;0;0;1400;67;15;7;785;152;47;22;2185;219;62;29
2022.07_16-08-2022;Тульская область;105_165_days;SputnikV;48;0;0;0;14;1;0;0;62;1;0;0;1400;67;15;7;785;152;47;22;2185;219;62;29
2022.07_16-08-2022;Тульская область;165_195_days;AllVaccines;57;2;0;0;35;6;2;2;92;8;2;2;1400;67;15;7;785;152;47;22;2185;219;62;29
2022.07_16-08-2022;Тульская область;165_195_days;EpiVacCorona;3;0;0;0;2;1;0;0;5;1;0;0;1400;67;15;7;785;152;47;22;2185;219;62;29
2022.07_16-08-2022;Тульская область;165_195_days;SputnikLite;42;1;0;0;28;4;2;2;70;5;2;2;1400;67;15;7;785;152;47;22;2185;219;62;29
2022.07_16-08-2022;Тульская область;165_195_days;SputnikV;12;1;0;0;5;1;0;0;17;2;0;0;1400;67;15;7;785;152;47;22;2185;219;62;29
2022.07_16-08-2022;Тульская область;21_45_days;AllVaccines;6;1;0;0;6;1;0;0;12;2;0;0;1400;67;15;7;785;152;47;22;2185;219;62;29
2022.07_16-08-2022;Тульская область;21_45_days;CoviVac;0;0;0;0;1;0;0;0;1;0;0;0;1400;67;15;7;785;152;47;22;2185;219;62;29
2022.07_16-08-2022;Тульская область;21_45_days;SputnikV;6;1;0;0;5;1;0;0;11;2;0;0;1400;67;15;7;785;152;47;22;2185;219;62;29
2022.07_16-08-2022;Тульская область;45_75_days;AllVaccines;9;0;0;0;6;0;0;0;15;0;0;0;1400;67;15;7;785;152;47;22;2185;219;62;29
2022.07_16-08-2022;Тульская область;45_75_days;CoviVac;1;0;0;0;0;0;0;0;1;0;0;0;1400;67;15;7;785;152;47;22;2185;219;62;29
2022.07_16-08-2022;Тульская область;45_75_days;EpiVacCorona;1;0;0;0;0;0;0;0;1;0;0;0;1400;67;15;7;785;152;47;22;2185;219;62;29
2022.07_16-08-2022;Тульская область;45_75_days;SputnikV;7;0;0;0;6;0;0;0;13;0;0;0;1400;67;15;7;785;152;47;22;2185;219;62;29
2022.07_16-08-2022;Тульская область;75_90_days;AllVaccines;5;0;0;0;7;2;1;0;12;2;1;0;1400;67;15;7;785;152;47;22;2185;219;62;29
2022.07_16-08-2022;Тульская область;75_90_days;CoviVac;0;0;0;0;1;1;1;0;1;1;1;0;1400;67;15;7;785;152;47;22;2185;219;62;29
2022.07_16-08-2022;Тульская область;75_90_days;EpiVacCorona;0;0;0;0;2;0;0;0;2;0;0;0;1400;67;15;7;785;152;47;22;2185;219;62;29
2022.07_16-08-2022;Тульская область;75_90_days;SputnikV;5;0;0;0;4;1;0;0;9;1;0;0;1400;67;15;7;785;152;47;22;2185;219;62;29
2022.07_16-08-2022;Тульская область;90_105_days;AllVaccines;3;0;0;0;8;1;0;0;11;1;0;0;1400;67;15;7;785;152;47;22;2185;219;62;29
2022.07_16-08-2022;Тульская область;90_105_days;SputnikLite;1;0;0;0;2;0;0;0;3;0;0;0;1400;67;15;7;785;152;47;22;2185;219;62;29
2022.07_16-08-2022;Тульская область;90_105_days;SputnikV;2;0;0;0;6;1;0;0;8;1;0;0;1400;67;15;7;785;152;47;22;2185;219;62;29
2022.07_16-08-2022;Тюменская область;105_165_days;AllVaccines;90;5;0;0;47;5;0;0;137;10;0;0;1329;68;2;0;570;84;13;2;1899;152;15;2
2022.07_16-08-2022;Тюменская область;105_165_days;CoviVac;1;0;0;0;0;0;0;0;1;0;0;0;1329;68;2;0;570;84;13;2;1899;152;15;2
2022.07_16-08-2022;Тюменская область;105_165_days;EpiVacCorona;1;1;0;0;0;0;0;0;1;1;0;0;1329;68;2;0;570;84;13;2;1899;152;15;2
2022.07_16-08-2022;Тюменская область;105_165_days;SputnikLite;40;1;0;0;22;4;0;0;62;5;0;0;1329;68;2;0;570;84;13;2;1899;152;15;2
2022.07_16-08-2022;Тюменская область;105_165_days;SputnikV;48;3;0;0;25;1;0;0;73;4;0;0;1329;68;2;0;570;84;13;2;1899;152;15;2
2022.07_16-08-2022;Тюменская область;165_195_days;AllVaccines;58;5;0;0;29;5;0;0;87;10;0;0;1329;68;2;0;570;84;13;2;1899;152;15;2
2022.07_16-08-2022;Тюменская область;165_195_days;CoviVac;1;0;0;0;0;0;0;0;1;0;0;0;1329;68;2;0;570;84;13;2;1899;152;15;2
2022.07_16-08-2022;Тюменская область;165_195_days;SputnikLite;43;3;0;0;27;3;0;0;70;6;0;0;1329;68;2;0;570;84;13;2;1899;152;15;2
2022.07_16-08-2022;Тюменская область;165_195_days;SputnikV;14;2;0;0;2;2;0;0;16;4;0;0;1329;68;2;0;570;84;13;2;1899;152;15;2
2022.07_16-08-2022;Тюменская область;21_45_days;AllVaccines;2;0;0;0;6;2;0;0;8;2;0;0;1329;68;2;0;570;84;13;2;1899;152;15;2
2022.07_16-08-2022;Тюменская область;21_45_days;SputnikV;2;0;0;0;6;2;0;0;8;2;0;0;1329;68;2;0;570;84;13;2;1899;152;15;2
2022.07_16-08-2022;Тюменская область;45_75_days;AllVaccines;5;0;0;0;5;0;0;0;10;0;0;0;1329;68;2;0;570;84;13;2;1899;152;15;2
2022.07_16-08-2022;Тюменская область;45_75_days;SputnikLite;1;0;0;0;0;0;0;0;1;0;0;0;1329;68;2;0;570;84;13;2;1899;152;15;2
2022.07_16-08-2022;Тюменская область;45_75_days;SputnikV;4;0;0;0;5;0;0;0;9;0;0;0;1329;68;2;0;570;84;13;2;1899;152;15;2
2022.07_16-08-2022;Тюменская область;75_90_days;AllVaccines;3;0;0;0;2;0;0;0;5;0;0;0;1329;68;2;0;570;84;13;2;1899;152;15;2
2022.07_16-08-2022;Тюменская область;75_90_days;SputnikV;3;0;0;0;2;0;0;0;5;0;0;0;1329;68;2;0;570;84;13;2;1899;152;15;2
2022.07_16-08-2022;Тюменская область;90_105_days;AllVaccines;8;0;0;0;1;0;0;0;9;0;0;0;1329;68;2;0;570;84;13;2;1899;152;15;2
2022.07_16-08-2022;Тюменская область;90_105_days;SputnikLite;4;0;0;0;0;0;0;0;4;0;0;0;1329;68;2;0;570;84;13;2;1899;152;15;2
2022.07_16-08-2022;Тюменская область;90_105_days;SputnikV;4;0;0;0;1;0;0;0;5;0;0;0;1329;68;2;0;570;84;13;2;1899;152;15;2
2022.07_16-08-2022;Удмуртская Республика;105_165_days;AllVaccines;30;2;0;0;18;6;0;0;48;8;0;0;597;50;2;0;343;123;21;5;940;173;23;5
2022.07_16-08-2022;Удмуртская Республика;105_165_days;CoviVac;1;1;0;0;0;0;0;0;1;1;0;0;597;50;2;0;343;123;21;5;940;173;23;5
2022.07_16-08-2022;Удмуртская Республика;105_165_days;EpiVacCorona;1;0;0;0;1;1;0;0;2;1;0;0;597;50;2;0;343;123;21;5;940;173;23;5
2022.07_16-08-2022;Удмуртская Республика;105_165_days;SputnikLite;8;0;0;0;7;3;0;0;15;3;0;0;597;50;2;0;343;123;21;5;940;173;23;5
2022.07_16-08-2022;Удмуртская Республика;105_165_days;SputnikV;20;1;0;0;10;2;0;0;30;3;0;0;597;50;2;0;343;123;21;5;940;173;23;5
2022.07_16-08-2022;Удмуртская Республика;165_195_days;AllVaccines;20;0;0;0;24;9;0;0;44;9;0;0;597;50;2;0;343;123;21;5;940;173;23;5
2022.07_16-08-2022;Удмуртская Республика;165_195_days;EpiVacCorona;2;0;0;0;0;0;0;0;2;0;0;0;597;50;2;0;343;123;21;5;940;173;23;5
2022.07_16-08-2022;Удмуртская Республика;165_195_days;SputnikLite;12;0;0;0;19;8;0;0;31;8;0;0;597;50;2;0;343;123;21;5;940;173;23;5
2022.07_16-08-2022;Удмуртская Республика;165_195_days;SputnikV;6;0;0;0;5;1;0;0;11;1;0;0;597;50;2;0;343;123;21;5;940;173;23;5
2022.07_16-08-2022;Удмуртская Республика;21_45_days;AllVaccines;4;0;0;0;3;1;0;0;7;1;0;0;597;50;2;0;343;123;21;5;940;173;23;5
2022.07_16-08-2022;Удмуртская Республика;21_45_days;EpiVacCorona;1;0;0;0;0;0;0;0;1;0;0;0;597;50;2;0;343;123;21;5;940;173;23;5
2022.07_16-08-2022;Удмуртская Республика;21_45_days;SputnikV;3;0;0;0;3;1;0;0;6;1;0;0;597;50;2;0;343;123;21;5;940;173;23;5
2022.07_16-08-2022;Удмуртская Республика;45_75_days;AllVaccines;2;0;0;0;1;0;0;0;3;0;0;0;597;50;2;0;343;123;21;5;940;173;23;5
2022.07_16-08-2022;Удмуртская Республика;45_75_days;CoviVac;1;0;0;0;0;0;0;0;1;0;0;0;597;50;2;0;343;123;21;5;940;173;23;5
2022.07_16-08-2022;Удмуртская Республика;45_75_days;SputnikV;1;0;0;0;1;0;0;0;2;0;0;0;597;50;2;0;343;123;21;5;940;173;23;5
2022.07_16-08-2022;Удмуртская Республика;75_90_days;AllVaccines;4;1;0;0;2;0;0;0;6;1;0;0;597;50;2;0;343;123;21;5;940;173;23;5
2022.07_16-08-2022;Удмуртская Республика;75_90_days;CoviVac;1;0;0;0;0;0;0;0;1;0;0;0;597;50;2;0;343;123;21;5;940;173;23;5
2022.07_16-08-2022;Удмуртская Республика;75_90_days;EpiVacCorona;1;1;0;0;1;0;0;0;2;1;0;0;597;50;2;0;343;123;21;5;940;173;23;5
2022.07_16-08-2022;Удмуртская Республика;75_90_days;SputnikV;2;0;0;0;1;0;0;0;3;0;0;0;597;50;2;0;343;123;21;5;940;173;23;5
2022.07_16-08-2022;Удмуртская Республика;90_105_days;AllVaccines;1;0;0;0;3;1;0;0;4;1;0;0;597;50;2;0;343;123;21;5;940;173;23;5
2022.07_16-08-2022;Удмуртская Республика;90_105_days;CoviVac;0;0;0;0;2;0;0;0;2;0;0;0;597;50;2;0;343;123;21;5;940;173;23;5
2022.07_16-08-2022;Удмуртская Республика;90_105_days;SputnikV;1;0;0;0;1;1;0;0;2;1;0;0;597;50;2;0;343;123;21;5;940;173;23;5
2022.07_16-08-2022;Ульяновская область;105_165_days;AllVaccines;17;1;0;0;3;0;0;0;20;1;0;0;451;31;4;2;313;49;2;3;764;80;6;5
2022.07_16-08-2022;Ульяновская область;105_165_days;EpiVacCorona;1;0;0;0;1;0;0;0;2;0;0;0;451;31;4;2;313;49;2;3;764;80;6;5
2022.07_16-08-2022;Ульяновская область;105_165_days;SputnikLite;7;0;0;0;1;0;0;0;8;0;0;0;451;31;4;2;313;49;2;3;764;80;6;5
2022.07_16-08-2022;Ульяновская область;105_165_days;SputnikV;9;1;0;0;1;0;0;0;10;1;0;0;451;31;4;2;313;49;2;3;764;80;6;5
2022.07_16-08-2022;Ульяновская область;165_195_days;AllVaccines;20;0;0;0;13;3;0;0;33;3;0;0;451;31;4;2;313;49;2;3;764;80;6;5
2022.07_16-08-2022;Ульяновская область;165_195_days;EpiVacCorona;0;0;0;0;1;1;0;0;1;1;0;0;451;31;4;2;313;49;2;3;764;80;6;5
2022.07_16-08-2022;Ульяновская область;165_195_days;SputnikLite;14;0;0;0;11;1;0;0;25;1;0;0;451;31;4;2;313;49;2;3;764;80;6;5
2022.07_16-08-2022;Ульяновская область;165_195_days;SputnikV;6;0;0;0;1;1;0;0;7;1;0;0;451;31;4;2;313;49;2;3;764;80;6;5
2022.07_16-08-2022;Ульяновская область;21_45_days;AllVaccines;5;3;0;0;0;0;0;0;5;3;0;0;451;31;4;2;313;49;2;3;764;80;6;5
2022.07_16-08-2022;Ульяновская область;21_45_days;SputnikV;5;3;0;0;0;0;0;0;5;3;0;0;451;31;4;2;313;49;2;3;764;80;6;5
2022.07_16-08-2022;Ульяновская область;45_75_days;AllVaccines;1;1;0;0;3;0;0;0;4;1;0;0;451;31;4;2;313;49;2;3;764;80;6;5
2022.07_16-08-2022;Ульяновская область;45_75_days;CoviVac;1;1;0;0;0;0;0;0;1;1;0;0;451;31;4;2;313;49;2;3;764;80;6;5
2022.07_16-08-2022;Ульяновская область;45_75_days;SputnikV;0;0;0;0;3;0;0;0;3;0;0;0;451;31;4;2;313;49;2;3;764;80;6;5
2022.07_16-08-2022;Ульяновская область;75_90_days;AllVaccines;4;0;0;0;0;0;0;0;4;0;0;0;451;31;4;2;313;49;2;3;764;80;6;5
2022.07_16-08-2022;Ульяновская область;75_90_days;CoviVac;1;0;0;0;0;0;0;0;1;0;0;0;451;31;4;2;313;49;2;3;764;80;6;5
2022.07_16-08-2022;Ульяновская область;75_90_days;SputnikV;3;0;0;0;0;0;0;0;3;0;0;0;451;31;4;2;313;49;2;3;764;80;6;5
2022.07_16-08-2022;Ульяновская область;90_105_days;AllVaccines;1;0;0;0;2;0;0;0;3;0;0;0;451;31;4;2;313;49;2;3;764;80;6;5
2022.07_16-08-2022;Ульяновская область;90_105_days;SputnikV;1;0;0;0;2;0;0;0;3;0;0;0;451;31;4;2;313;49;2;3;764;80;6;5
2022.07_16-08-2022;Хабаровский край;105_165_days;AllVaccines;25;1;0;0;9;0;0;0;34;1;0;0;324;14;1;0;130;27;4;3;454;41;5;3
2022.07_16-08-2022;Хабаровский край;105_165_days;CoviVac;1;0;0;0;0;0;0;0;1;0;0;0;324;14;1;0;130;27;4;3;454;41;5;3
2022.07_16-08-2022;Хабаровский край;105_165_days;EpiVacCorona;1;0;0;0;0;0;0;0;1;0;0;0;324;14;1;0;130;27;4;3;454;41;5;3
2022.07_16-08-2022;Хабаровский край;105_165_days;SputnikLite;16;0;0;0;4;0;0;0;20;0;0;0;324;14;1;0;130;27;4;3;454;41;5;3
2022.07_16-08-2022;Хабаровский край;105_165_days;SputnikV;7;1;0;0;5;0;0;0;12;1;0;0;324;14;1;0;130;27;4;3;454;41;5;3
2022.07_16-08-2022;Хабаровский край;165_195_days;AllVaccines;11;0;0;0;11;1;1;1;22;1;1;1;324;14;1;0;130;27;4;3;454;41;5;3
2022.07_16-08-2022;Хабаровский край;165_195_days;CoviVac;1;0;0;0;0;0;0;0;1;0;0;0;324;14;1;0;130;27;4;3;454;41;5;3
2022.07_16-08-2022;Хабаровский край;165_195_days;EpiVacCorona;0;0;0;0;1;0;0;0;1;0;0;0;324;14;1;0;130;27;4;3;454;41;5;3
2022.07_16-08-2022;Хабаровский край;165_195_days;SputnikLite;5;0;0;0;4;0;0;0;9;0;0;0;324;14;1;0;130;27;4;3;454;41;5;3
2022.07_16-08-2022;Хабаровский край;165_195_days;SputnikV;5;0;0;0;6;1;1;1;11;1;1;1;324;14;1;0;130;27;4;3;454;41;5;3
2022.07_16-08-2022;Хабаровский край;21_45_days;AllVaccines;1;0;0;0;1;0;0;0;2;0;0;0;324;14;1;0;130;27;4;3;454;41;5;3
2022.07_16-08-2022;Хабаровский край;21_45_days;CoviVac;1;0;0;0;0;0;0;0;1;0;0;0;324;14;1;0;130;27;4;3;454;41;5;3
2022.07_16-08-2022;Хабаровский край;21_45_days;SputnikV;0;0;0;0;1;0;0;0;1;0;0;0;324;14;1;0;130;27;4;3;454;41;5;3
2022.07_16-08-2022;Хабаровский край;45_75_days;AllVaccines;2;0;0;0;1;1;0;0;3;1;0;0;324;14;1;0;130;27;4;3;454;41;5;3
2022.07_16-08-2022;Хабаровский край;45_75_days;CoviVac;1;0;0;0;0;0;0;0;1;0;0;0;324;14;1;0;130;27;4;3;454;41;5;3
2022.07_16-08-2022;Хабаровский край;45_75_days;EpiVacCorona;0;0;0;0;1;1;0;0;1;1;0;0;324;14;1;0;130;27;4;3;454;41;5;3
2022.07_16-08-2022;Хабаровский край;45_75_days;SputnikV;1;0;0;0;0;0;0;0;1;0;0;0;324;14;1;0;130;27;4;3;454;41;5;3
2022.07_16-08-2022;Хабаровский край;75_90_days;AllVaccines;2;0;0;0;1;0;0;0;3;0;0;0;324;14;1;0;130;27;4;3;454;41;5;3
2022.07_16-08-2022;Хабаровский край;75_90_days;SputnikLite;1;0;0;0;1;0;0;0;2;0;0;0;324;14;1;0;130;27;4;3;454;41;5;3
2022.07_16-08-2022;Хабаровский край;75_90_days;SputnikV;1;0;0;0;0;0;0;0;1;0;0;0;324;14;1;0;130;27;4;3;454;41;5;3
2022.07_16-08-2022;Хабаровский край;90_105_days;AllVaccines;2;1;0;0;0;0;0;0;2;1;0;0;324;14;1;0;130;27;4;3;454;41;5;3
2022.07_16-08-2022;Хабаровский край;90_105_days;SputnikV;2;1;0;0;0;0;0;0;2;1;0;0;324;14;1;0;130;27;4;3;454;41;5;3
2022.07_16-08-2022;Ханты-Мансийский автономный округ - Югра;105_165_days;AllVaccines;57;7;0;0;13;2;0;0;70;9;0;0;984;60;2;1;352;81;2;1;1336;141;4;2
2022.07_16-08-2022;Ханты-Мансийский автономный округ - Югра;105_165_days;EpiVacCorona;1;0;0;0;0;0;0;0;1;0;0;0;984;60;2;1;352;81;2;1;1336;141;4;2
2022.07_16-08-2022;Ханты-Мансийский автономный округ - Югра;105_165_days;SputnikLite;34;5;0;0;7;1;0;0;41;6;0;0;984;60;2;1;352;81;2;1;1336;141;4;2
2022.07_16-08-2022;Ханты-Мансийский автономный округ - Югра;105_165_days;SputnikV;22;2;0;0;6;1;0;0;28;3;0;0;984;60;2;1;352;81;2;1;1336;141;4;2
2022.07_16-08-2022;Ханты-Мансийский автономный округ - Югра;165_195_days;AllVaccines;57;1;0;0;21;3;0;0;78;4;0;0;984;60;2;1;352;81;2;1;1336;141;4;2
2022.07_16-08-2022;Ханты-Мансийский автономный округ - Югра;165_195_days;SputnikLite;47;1;0;0;17;0;0;0;64;1;0;0;984;60;2;1;352;81;2;1;1336;141;4;2
2022.07_16-08-2022;Ханты-Мансийский автономный округ - Югра;165_195_days;SputnikV;10;0;0;0;4;3;0;0;14;3;0;0;984;60;2;1;352;81;2;1;1336;141;4;2
2022.07_16-08-2022;Ханты-Мансийский автономный округ - Югра;21_45_days;AllVaccines;6;0;0;0;3;1;0;0;9;1;0;0;984;60;2;1;352;81;2;1;1336;141;4;2
2022.07_16-08-2022;Ханты-Мансийский автономный округ - Югра;21_45_days;EpiVacCorona;1;0;0;0;0;0;0;0;1;0;0;0;984;60;2;1;352;81;2;1;1336;141;4;2
2022.07_16-08-2022;Ханты-Мансийский автономный округ - Югра;21_45_days;SputnikV;5;0;0;0;3;1;0;0;8;1;0;0;984;60;2;1;352;81;2;1;1336;141;4;2
2022.07_16-08-2022;Ханты-Мансийский автономный округ - Югра;45_75_days;AllVaccines;5;0;0;0;0;0;0;0;5;0;0;0;984;60;2;1;352;81;2;1;1336;141;4;2
2022.07_16-08-2022;Ханты-Мансийский автономный округ - Югра;45_75_days;SputnikV;5;0;0;0;0;0;0;0;5;0;0;0;984;60;2;1;352;81;2;1;1336;141;4;2
2022.07_16-08-2022;Ханты-Мансийский автономный округ - Югра;75_90_days;AllVaccines;9;1;0;0;1;1;0;0;10;2;0;0;984;60;2;1;352;81;2;1;1336;141;4;2
2022.07_16-08-2022;Ханты-Мансийский автономный округ - Югра;75_90_days;SputnikV;9;1;0;0;1;1;0;0;10;2;0;0;984;60;2;1;352;81;2;1;1336;141;4;2
2022.07_16-08-2022;Ханты-Мансийский автономный округ - Югра;90_105_days;AllVaccines;2;0;0;0;1;0;0;0;3;0;0;0;984;60;2;1;352;81;2;1;1336;141;4;2
2022.07_16-08-2022;Ханты-Мансийский автономный округ - Югра;90_105_days;SputnikV;2;0;0;0;1;0;0;0;3;0;0;0;984;60;2;1;352;81;2;1;1336;141;4;2
2022.07_16-08-2022;Челябинская область;105_165_days;AllVaccines;116;11;0;0;75;14;1;0;191;25;1;0;2901;301;31;12;1506;472;62;41;4407;773;93;53
2022.07_16-08-2022;Челябинская область;105_165_days;CoviVac;4;0;0;0;2;0;0;0;6;0;0;0;2901;301;31;12;1506;472;62;41;4407;773;93;53
2022.07_16-08-2022;Челябинская область;105_165_days;EpiVacCorona;7;0;0;0;5;2;0;0;12;2;0;0;2901;301;31;12;1506;472;62;41;4407;773;93;53
2022.07_16-08-2022;Челябинская область;105_165_days;SputnikLite;51;4;0;0;31;6;1;0;82;10;1;0;2901;301;31;12;1506;472;62;41;4407;773;93;53
2022.07_16-08-2022;Челябинская область;105_165_days;SputnikV;54;7;0;0;37;6;0;0;91;13;0;0;2901;301;31;12;1506;472;62;41;4407;773;93;53
2022.07_16-08-2022;Челябинская область;165_195_days;AllVaccines;115;11;1;0;72;19;2;1;187;30;3;1;2901;301;31;12;1506;472;62;41;4407;773;93;53
2022.07_16-08-2022;Челябинская область;165_195_days;CoviVac;1;0;0;0;0;0;0;0;1;0;0;0;2901;301;31;12;1506;472;62;41;4407;773;93;53
2022.07_16-08-2022;Челябинская область;165_195_days;EpiVacCorona;5;1;0;0;3;1;0;0;8;2;0;0;2901;301;31;12;1506;472;62;41;4407;773;93;53
2022.07_16-08-2022;Челябинская область;165_195_days;SputnikLite;78;7;1;0;55;13;2;0;133;20;3;0;2901;301;31;12;1506;472;62;41;4407;773;93;53
2022.07_16-08-2022;Челябинская область;165_195_days;SputnikV;31;3;0;0;14;5;0;1;45;8;0;1;2901;301;31;12;1506;472;62;41;4407;773;93;53
2022.07_16-08-2022;Челябинская область;21_45_days;AllVaccines;10;1;0;0;23;8;0;0;33;9;0;0;2901;301;31;12;1506;472;62;41;4407;773;93;53
2022.07_16-08-2022;Челябинская область;21_45_days;CoviVac;0;0;0;0;2;0;0;0;2;0;0;0;2901;301;31;12;1506;472;62;41;4407;773;93;53
2022.07_16-08-2022;Челябинская область;21_45_days;EpiVacCorona;0;0;0;0;1;0;0;0;1;0;0;0;2901;301;31;12;1506;472;62;41;4407;773;93;53
2022.07_16-08-2022;Челябинская область;21_45_days;SputnikLite;1;0;0;0;3;3;0;0;4;3;0;0;2901;301;31;12;1506;472;62;41;4407;773;93;53
2022.07_16-08-2022;Челябинская область;21_45_days;SputnikV;9;1;0;0;17;5;0;0;26;6;0;0;2901;301;31;12;1506;472;62;41;4407;773;93;53
2022.07_16-08-2022;Челябинская область;45_75_days;AllVaccines;18;1;0;0;21;10;1;1;39;11;1;1;2901;301;31;12;1506;472;62;41;4407;773;93;53
2022.07_16-08-2022;Челябинская область;45_75_days;CoviVac;2;1;0;0;0;0;0;0;2;1;0;0;2901;301;31;12;1506;472;62;41;4407;773;93;53
2022.07_16-08-2022;Челябинская область;45_75_days;EpiVacCorona;5;0;0;0;3;2;0;0;8;2;0;0;2901;301;31;12;1506;472;62;41;4407;773;93;53
2022.07_16-08-2022;Челябинская область;45_75_days;SputnikLite;6;0;0;0;7;3;0;1;13;3;0;1;2901;301;31;12;1506;472;62;41;4407;773;93;53
2022.07_16-08-2022;Челябинская область;45_75_days;SputnikV;5;0;0;0;11;5;1;0;16;5;1;0;2901;301;31;12;1506;472;62;41;4407;773;93;53
2022.07_16-08-2022;Челябинская область;75_90_days;AllVaccines;10;1;0;0;9;0;0;0;19;1;0;0;2901;301;31;12;1506;472;62;41;4407;773;93;53
2022.07_16-08-2022;Челябинская область;75_90_days;CoviVac;0;0;0;0;1;0;0;0;1;0;0;0;2901;301;31;12;1506;472;62;41;4407;773;93;53
2022.07_16-08-2022;Челябинская область;75_90_days;SputnikLite;2;0;0;0;4;0;0;0;6;0;0;0;2901;301;31;12;1506;472;62;41;4407;773;93;53
2022.07_16-08-2022;Челябинская область;75_90_days;SputnikV;8;1;0;0;4;0;0;0;12;1;0;0;2901;301;31;12;1506;472;62;41;4407;773;93;53
2022.07_16-08-2022;Челябинская область;90_105_days;AllVaccines;14;1;0;0;11;6;2;2;25;7;2;2;2901;301;31;12;1506;472;62;41;4407;773;93;53
2022.07_16-08-2022;Челябинская область;90_105_days;EpiVacCorona;0;0;0;0;2;1;0;0;2;1;0;0;2901;301;31;12;1506;472;62;41;4407;773;93;53
2022.07_16-08-2022;Челябинская область;90_105_days;SputnikLite;9;0;0;0;6;4;2;2;15;4;2;2;2901;301;31;12;1506;472;62;41;4407;773;93;53
2022.07_16-08-2022;Челябинская область;90_105_days;SputnikV;5;1;0;0;3;1;0;0;8;2;0;0;2901;301;31;12;1506;472;62;41;4407;773;93;53
2022.07_16-08-2022;Чеченская Республика;105_165_days;AllVaccines;33;0;0;0;2;1;1;0;35;1;1;0;260;8;0;0;52;5;1;0;312;13;1;0
2022.07_16-08-2022;Чеченская Республика;105_165_days;CoviVac;4;0;0;0;0;0;0;0;4;0;0;0;260;8;0;0;52;5;1;0;312;13;1;0
2022.07_16-08-2022;Чеченская Республика;105_165_days;EpiVacCorona;1;0;0;0;0;0;0;0;1;0;0;0;260;8;0;0;52;5;1;0;312;13;1;0
2022.07_16-08-2022;Чеченская Республика;105_165_days;SputnikLite;20;0;0;0;1;0;0;0;21;0;0;0;260;8;0;0;52;5;1;0;312;13;1;0
2022.07_16-08-2022;Чеченская Республика;105_165_days;SputnikV;8;0;0;0;1;1;1;0;9;1;1;0;260;8;0;0;52;5;1;0;312;13;1;0
2022.07_16-08-2022;Чеченская Республика;165_195_days;AllVaccines;15;1;0;0;3;0;0;0;18;1;0;0;260;8;0;0;52;5;1;0;312;13;1;0
2022.07_16-08-2022;Чеченская Республика;165_195_days;SputnikLite;14;1;0;0;3;0;0;0;17;1;0;0;260;8;0;0;52;5;1;0;312;13;1;0
2022.07_16-08-2022;Чеченская Республика;165_195_days;SputnikV;1;0;0;0;0;0;0;0;1;0;0;0;260;8;0;0;52;5;1;0;312;13;1;0
2022.07_16-08-2022;Чеченская Республика;21_45_days;AllVaccines;5;0;0;0;2;0;0;0;7;0;0;0;260;8;0;0;52;5;1;0;312;13;1;0
2022.07_16-08-2022;Чеченская Республика;21_45_days;SputnikV;5;0;0;0;2;0;0;0;7;0;0;0;260;8;0;0;52;5;1;0;312;13;1;0
2022.07_16-08-2022;Чеченская Республика;45_75_days;AllVaccines;5;1;0;0;0;0;0;0;5;1;0;0;260;8;0;0;52;5;1;0;312;13;1;0
2022.07_16-08-2022;Чеченская Республика;45_75_days;SputnikV;5;1;0;0;0;0;0;0;5;1;0;0;260;8;0;0;52;5;1;0;312;13;1;0
2022.07_16-08-2022;Чеченская Республика;75_90_days;AllVaccines;5;0;0;0;0;0;0;0;5;0;0;0;260;8;0;0;52;5;1;0;312;13;1;0
2022.07_16-08-2022;Чеченская Республика;75_90_days;CoviVac;1;0;0;0;0;0;0;0;1;0;0;0;260;8;0;0;52;5;1;0;312;13;1;0
2022.07_16-08-2022;Чеченская Республика;75_90_days;SputnikLite;2;0;0;0;0;0;0;0;2;0;0;0;260;8;0;0;52;5;1;0;312;13;1;0
2022.07_16-08-2022;Чеченская Республика;75_90_days;SputnikV;2;0;0;0;0;0;0;0;2;0;0;0;260;8;0;0;52;5;1;0;312;13;1;0
2022.07_16-08-2022;Чеченская Республика;90_105_days;AllVaccines;4;0;0;0;1;0;0;0;5;0;0;0;260;8;0;0;52;5;1;0;312;13;1;0
2022.07_16-08-2022;Чеченская Республика;90_105_days;CoviVac;0;0;0;0;1;0;0;0;1;0;0;0;260;8;0;0;52;5;1;0;312;13;1;0
2022.07_16-08-2022;Чеченская Республика;90_105_days;SputnikLite;3;0;0;0;0;0;0;0;3;0;0;0;260;8;0;0;52;5;1;0;312;13;1;0
2022.07_16-08-2022;Чеченская Республика;90_105_days;SputnikV;1;0;0;0;0;0;0;0;1;0;0;0;260;8;0;0;52;5;1;0;312;13;1;0
2022.07_16-08-2022;Чувашская Республика;105_165_days;AllVaccines;35;8;2;0;28;15;3;1;63;23;5;1;589;171;22;6;460;233;51;25;1049;404;73;31
2022.07_16-08-2022;Чувашская Республика;105_165_days;EpiVacCorona;3;1;0;0;3;2;0;0;6;3;0;0;589;171;22;6;460;233;51;25;1049;404;73;31
2022.07_16-08-2022;Чувашская Республика;105_165_days;SputnikLite;17;3;0;0;10;5;1;0;27;8;1;0;589;171;22;6;460;233;51;25;1049;404;73;31
2022.07_16-08-2022;Чувашская Республика;105_165_days;SputnikV;15;4;2;0;15;8;2;1;30;12;4;1;589;171;22;6;460;233;51;25;1049;404;73;31
2022.07_16-08-2022;Чувашская Республика;165_195_days;AllVaccines;27;3;1;0;23;9;3;3;50;12;4;3;589;171;22;6;460;233;51;25;1049;404;73;31
2022.07_16-08-2022;Чувашская Республика;165_195_days;EpiVacCorona;1;0;0;0;3;1;0;0;4;1;0;0;589;171;22;6;460;233;51;25;1049;404;73;31
2022.07_16-08-2022;Чувашская Республика;165_195_days;SputnikLite;15;2;1;0;15;6;3;3;30;8;4;3;589;171;22;6;460;233;51;25;1049;404;73;31
2022.07_16-08-2022;Чувашская Республика;165_195_days;SputnikV;11;1;0;0;5;2;0;0;16;3;0;0;589;171;22;6;460;233;51;25;1049;404;73;31
2022.07_16-08-2022;Чувашская Республика;21_45_days;AllVaccines;7;0;0;0;3;2;1;1;10;2;1;1;589;171;22;6;460;233;51;25;1049;404;73;31
2022.07_16-08-2022;Чувашская Республика;21_45_days;EpiVacCorona;5;0;0;0;2;1;0;0;7;1;0;0;589;171;22;6;460;233;51;25;1049;404;73;31
2022.07_16-08-2022;Чувашская Республика;21_45_days;SputnikLite;0;0;0;0;1;1;1;1;1;1;1;1;589;171;22;6;460;233;51;25;1049;404;73;31
2022.07_16-08-2022;Чувашская Республика;21_45_days;SputnikV;2;0;0;0;0;0;0;0;2;0;0;0;589;171;22;6;460;233;51;25;1049;404;73;31
2022.07_16-08-2022;Чувашская Республика;45_75_days;AllVaccines;5;2;1;0;7;3;1;1;12;5;2;1;589;171;22;6;460;233;51;25;1049;404;73;31
2022.07_16-08-2022;Чувашская Республика;45_75_days;CoviVac;0;0;0;0;1;0;0;0;1;0;0;0;589;171;22;6;460;233;51;25;1049;404;73;31
2022.07_16-08-2022;Чувашская Республика;45_75_days;EpiVacCorona;1;1;1;0;1;1;1;1;2;2;2;1;589;171;22;6;460;233;51;25;1049;404;73;31
2022.07_16-08-2022;Чувашская Республика;45_75_days;SputnikLite;3;1;0;0;1;0;0;0;4;1;0;0;589;171;22;6;460;233;51;25;1049;404;73;31
2022.07_16-08-2022;Чувашская Республика;45_75_days;SputnikV;1;0;0;0;4;2;0;0;5;2;0;0;589;171;22;6;460;233;51;25;1049;404;73;31
2022.07_16-08-2022;Чувашская Республика;75_90_days;AllVaccines;7;1;1;1;4;3;1;0;11;4;2;1;589;171;22;6;460;233;51;25;1049;404;73;31
2022.07_16-08-2022;Чувашская Республика;75_90_days;CoviVac;2;0;0;0;0;0;0;0;2;0;0;0;589;171;22;6;460;233;51;25;1049;404;73;31
2022.07_16-08-2022;Чувашская Республика;75_90_days;EpiVacCorona;1;0;0;0;0;0;0;0;1;0;0;0;589;171;22;6;460;233;51;25;1049;404;73;31
2022.07_16-08-2022;Чувашская Республика;75_90_days;SputnikV;4;1;1;1;4;3;1;0;8;4;2;1;589;171;22;6;460;233;51;25;1049;404;73;31
2022.07_16-08-2022;Чувашская Республика;90_105_days;AllVaccines;2;0;0;0;5;2;0;0;7;2;0;0;589;171;22;6;460;233;51;25;1049;404;73;31
2022.07_16-08-2022;Чувашская Республика;90_105_days;EpiVacCorona;1;0;0;0;0;0;0;0;1;0;0;0;589;171;22;6;460;233;51;25;1049;404;73;31
2022.07_16-08-2022;Чувашская Республика;90_105_days;SputnikLite;0;0;0;0;1;0;0;0;1;0;0;0;589;171;22;6;460;233;51;25;1049;404;73;31
2022.07_16-08-2022;Чувашская Республика;90_105_days;SputnikV;1;0;0;0;4;2;0;0;5;2;0;0;589;171;22;6;460;233;51;25;1049;404;73;31
2022.07_16-08-2022;Чукотский автономный округ;105_165_days;AllVaccines;5;1;0;0;1;1;0;0;6;2;0;0;45;4;0;0;11;6;0;0;56;10;0;0
2022.07_16-08-2022;Чукотский автономный округ;105_165_days;EpiVacCorona;1;0;0;0;0;0;0;0;1;0;0;0;45;4;0;0;11;6;0;0;56;10;0;0
2022.07_16-08-2022;Чукотский автономный округ;105_165_days;SputnikLite;4;1;0;0;1;1;0;0;5;2;0;0;45;4;0;0;11;6;0;0;56;10;0;0
2022.07_16-08-2022;Чукотский автономный округ;165_195_days;AllVaccines;1;0;0;0;0;0;0;0;1;0;0;0;45;4;0;0;11;6;0;0;56;10;0;0
2022.07_16-08-2022;Чукотский автономный округ;165_195_days;EpiVacCorona;1;0;0;0;0;0;0;0;1;0;0;0;45;4;0;0;11;6;0;0;56;10;0;0
2022.07_16-08-2022;Чукотский автономный округ;45_75_days;AllVaccines;2;0;0;0;0;0;0;0;2;0;0;0;45;4;0;0;11;6;0;0;56;10;0;0
2022.07_16-08-2022;Чукотский автономный округ;45_75_days;EpiVacCorona;1;0;0;0;0;0;0;0;1;0;0;0;45;4;0;0;11;6;0;0;56;10;0;0
2022.07_16-08-2022;Чукотский автономный округ;45_75_days;SputnikLite;1;0;0;0;0;0;0;0;1;0;0;0;45;4;0;0;11;6;0;0;56;10;0;0
2022.07_16-08-2022;Ямало-Ненецкий автономный округ;105_165_days;AllVaccines;27;0;0;0;7;0;0;0;34;0;0;0;483;61;4;0;82;24;4;0;565;85;8;0
2022.07_16-08-2022;Ямало-Ненецкий автономный округ;105_165_days;SputnikLite;18;0;0;0;6;0;0;0;24;0;0;0;483;61;4;0;82;24;4;0;565;85;8;0
2022.07_16-08-2022;Ямало-Ненецкий автономный округ;105_165_days;SputnikV;9;0;0;0;1;0;0;0;10;0;0;0;483;61;4;0;82;24;4;0;565;85;8;0
2022.07_16-08-2022;Ямало-Ненецкий автономный округ;165_195_days;AllVaccines;23;3;0;0;3;0;0;0;26;3;0;0;483;61;4;0;82;24;4;0;565;85;8;0
2022.07_16-08-2022;Ямало-Ненецкий автономный округ;165_195_days;EpiVacCorona;1;1;0;0;0;0;0;0;1;1;0;0;483;61;4;0;82;24;4;0;565;85;8;0
2022.07_16-08-2022;Ямало-Ненецкий автономный округ;165_195_days;SputnikLite;13;2;0;0;2;0;0;0;15;2;0;0;483;61;4;0;82;24;4;0;565;85;8;0
2022.07_16-08-2022;Ямало-Ненецкий автономный округ;165_195_days;SputnikV;9;0;0;0;1;0;0;0;10;0;0;0;483;61;4;0;82;24;4;0;565;85;8;0
2022.07_16-08-2022;Ямало-Ненецкий автономный округ;21_45_days;AllVaccines;3;0;0;0;0;0;0;0;3;0;0;0;483;61;4;0;82;24;4;0;565;85;8;0
2022.07_16-08-2022;Ямало-Ненецкий автономный округ;21_45_days;SputnikLite;3;0;0;0;0;0;0;0;3;0;0;0;483;61;4;0;82;24;4;0;565;85;8;0
2022.07_16-08-2022;Ямало-Ненецкий автономный округ;45_75_days;AllVaccines;6;2;0;0;0;0;0;0;6;2;0;0;483;61;4;0;82;24;4;0;565;85;8;0
2022.07_16-08-2022;Ямало-Ненецкий автономный округ;45_75_days;SputnikLite;4;1;0;0;0;0;0;0;4;1;0;0;483;61;4;0;82;24;4;0;565;85;8;0
2022.07_16-08-2022;Ямало-Ненецкий автономный округ;45_75_days;SputnikV;2;1;0;0;0;0;0;0;2;1;0;0;483;61;4;0;82;24;4;0;565;85;8;0
2022.07_16-08-2022;Ямало-Ненецкий автономный округ;75_90_days;AllVaccines;2;1;0;0;0;0;0;0;2;1;0;0;483;61;4;0;82;24;4;0;565;85;8;0
2022.07_16-08-2022;Ямало-Ненецкий автономный округ;75_90_days;SputnikLite;1;0;0;0;0;0;0;0;1;0;0;0;483;61;4;0;82;24;4;0;565;85;8;0
2022.07_16-08-2022;Ямало-Ненецкий автономный округ;75_90_days;SputnikV;1;1;0;0;0;0;0;0;1;1;0;0;483;61;4;0;82;24;4;0;565;85;8;0
2022.07_16-08-2022;Ямало-Ненецкий автономный округ;90_105_days;AllVaccines;8;1;0;0;1;0;0;0;9;1;0;0;483;61;4;0;82;24;4;0;565;85;8;0
2022.07_16-08-2022;Ямало-Ненецкий автономный округ;90_105_days;CoviVac;2;0;0;0;0;0;0;0;2;0;0;0;483;61;4;0;82;24;4;0;565;85;8;0
2022.07_16-08-2022;Ямало-Ненецкий автономный округ;90_105_days;SputnikLite;3;1;0;0;1;0;0;0;4;1;0;0;483;61;4;0;82;24;4;0;565;85;8;0
2022.07_16-08-2022;Ямало-Ненецкий автономный округ;90_105_days;SputnikV;3;0;0;0;0;0;0;0;3;0;0;0;483;61;4;0;82;24;4;0;565;85;8;0
2022.07_16-08-2022;Ярославская область;105_165_days;AllVaccines;20;1;0;0;22;4;1;1;42;5;1;1;862;73;20;10;470;136;38;23;1332;209;58;33
2022.07_16-08-2022;Ярославская область;105_165_days;CoviVac;1;0;0;0;0;0;0;0;1;0;0;0;862;73;20;10;470;136;38;23;1332;209;58;33
2022.07_16-08-2022;Ярославская область;105_165_days;EpiVacCorona;1;0;0;0;1;1;1;1;2;1;1;1;862;73;20;10;470;136;38;23;1332;209;58;33
2022.07_16-08-2022;Ярославская область;105_165_days;SputnikLite;8;0;0;0;12;2;0;0;20;2;0;0;862;73;20;10;470;136;38;23;1332;209;58;33
2022.07_16-08-2022;Ярославская область;105_165_days;SputnikV;10;1;0;0;9;1;0;0;19;2;0;0;862;73;20;10;470;136;38;23;1332;209;58;33
2022.07_16-08-2022;Ярославская область;165_195_days;AllVaccines;27;1;0;0;19;6;4;2;46;7;4;2;862;73;20;10;470;136;38;23;1332;209;58;33
2022.07_16-08-2022;Ярославская область;165_195_days;CoviVac;2;0;0;0;0;0;0;0;2;0;0;0;862;73;20;10;470;136;38;23;1332;209;58;33
2022.07_16-08-2022;Ярославская область;165_195_days;EpiVacCorona;1;0;0;0;2;0;0;0;3;0;0;0;862;73;20;10;470;136;38;23;1332;209;58;33
2022.07_16-08-2022;Ярославская область;165_195_days;SputnikLite;15;0;0;0;11;5;4;2;26;5;4;2;862;73;20;10;470;136;38;23;1332;209;58;33
2022.07_16-08-2022;Ярославская область;165_195_days;SputnikV;9;1;0;0;6;1;0;0;15;2;0;0;862;73;20;10;470;136;38;23;1332;209;58;33
2022.07_16-08-2022;Ярославская область;21_45_days;AllVaccines;2;0;0;0;3;1;0;0;5;1;0;0;862;73;20;10;470;136;38;23;1332;209;58;33
2022.07_16-08-2022;Ярославская область;21_45_days;SputnikV;2;0;0;0;3;1;0;0;5;1;0;0;862;73;20;10;470;136;38;23;1332;209;58;33
2022.07_16-08-2022;Ярославская область;45_75_days;AllVaccines;0;0;0;0;5;0;0;0;5;0;0;0;862;73;20;10;470;136;38;23;1332;209;58;33
2022.07_16-08-2022;Ярославская область;45_75_days;SputnikV;0;0;0;0;5;0;0;0;5;0;0;0;862;73;20;10;470;136;38;23;1332;209;58;33
2022.07_16-08-2022;Ярославская область;75_90_days;AllVaccines;0;0;0;0;1;0;0;0;1;0;0;0;862;73;20;10;470;136;38;23;1332;209;58;33
2022.07_16-08-2022;Ярославская область;75_90_days;SputnikV;0;0;0;0;1;0;0;0;1;0;0;0;862;73;20;10;470;136;38;23;1332;209;58;33
2022.07_16-08-2022;Ярославская область;90_105_days;AllVaccines;5;0;0;0;1;0;0;0;6;0;0;0;862;73;20;10;470;136;38;23;1332;209;58;33
2022.07_16-08-2022;Ярославская область;90_105_days;SputnikLite;1;0;0;0;0;0;0;0;1;0;0;0;862;73;20;10;470;136;38;23;1332;209;58;33
2022.07_16-08-2022;Ярославская область;90_105_days;SputnikV;4;0;0;0;1;0;0;0;5;0;0;0;862;73;20;10;470;136;38;23;1332;209;58;33
2022.07_16-08-2022;г. Москва;105_165_days;AllVaccines;1154;15;9;0;555;24;26;7;1709;39;35;7;33264;466;385;59;13046;775;916;306;46310;1241;1301;365
2022.07_16-08-2022;г. Москва;105_165_days;CoviVac;35;1;0;0;3;0;0;0;38;1;0;0;33264;466;385;59;13046;775;916;306;46310;1241;1301;365
2022.07_16-08-2022;г. Москва;105_165_days;EpiVacCorona;0;0;0;0;1;0;0;0;1;0;0;0;33264;466;385;59;13046;775;916;306;46310;1241;1301;365
2022.07_16-08-2022;г. Москва;105_165_days;SputnikLite;468;10;5;0;234;12;15;5;702;22;20;5;33264;466;385;59;13046;775;916;306;46310;1241;1301;365
2022.07_16-08-2022;г. Москва;105_165_days;SputnikV;651;4;4;0;317;12;11;2;968;16;15;2;33264;466;385;59;13046;775;916;306;46310;1241;1301;365
2022.07_16-08-2022;г. Москва;165_195_days;AllVaccines;1213;16;9;0;538;29;17;6;1751;45;26;6;33264;466;385;59;13046;775;916;306;46310;1241;1301;365
2022.07_16-08-2022;г. Москва;165_195_days;CoviVac;38;0;0;0;4;0;0;0;42;0;0;0;33264;466;385;59;13046;775;916;306;46310;1241;1301;365
2022.07_16-08-2022;г. Москва;165_195_days;EpiVacCorona;3;0;0;0;2;0;0;0;5;0;0;0;33264;466;385;59;13046;775;916;306;46310;1241;1301;365
2022.07_16-08-2022;г. Москва;165_195_days;SputnikLite;853;10;5;0;400;16;11;5;1253;26;16;5;33264;466;385;59;13046;775;916;306;46310;1241;1301;365
2022.07_16-08-2022;г. Москва;165_195_days;SputnikV;319;6;4;0;132;13;6;1;451;19;10;1;33264;466;385;59;13046;775;916;306;46310;1241;1301;365
2022.07_16-08-2022;г. Москва;21_45_days;AllVaccines;57;0;2;0;35;3;3;1;92;3;5;1;33264;466;385;59;13046;775;916;306;46310;1241;1301;365
2022.07_16-08-2022;г. Москва;21_45_days;CoviVac;5;0;0;0;0;0;0;0;5;0;0;0;33264;466;385;59;13046;775;916;306;46310;1241;1301;365
2022.07_16-08-2022;г. Москва;21_45_days;SputnikLite;4;0;0;0;1;1;0;0;5;1;0;0;33264;466;385;59;13046;775;916;306;46310;1241;1301;365
2022.07_16-08-2022;г. Москва;21_45_days;SputnikV;48;0;2;0;34;2;3;1;82;2;5;1;33264;466;385;59;13046;775;916;306;46310;1241;1301;365
2022.07_16-08-2022;г. Москва;45_75_days;AllVaccines;51;3;1;0;58;1;1;0;109;4;2;0;33264;466;385;59;13046;775;916;306;46310;1241;1301;365
2022.07_16-08-2022;г. Москва;45_75_days;CoviVac;4;0;0;0;1;0;0;0;5;0;0;0;33264;466;385;59;13046;775;916;306;46310;1241;1301;365
2022.07_16-08-2022;г. Москва;45_75_days;EpiVacCorona;0;0;0;0;2;0;0;0;2;0;0;0;33264;466;385;59;13046;775;916;306;46310;1241;1301;365
2022.07_16-08-2022;г. Москва;45_75_days;SputnikLite;3;0;0;0;2;0;0;0;5;0;0;0;33264;466;385;59;13046;775;916;306;46310;1241;1301;365
2022.07_16-08-2022;г. Москва;45_75_days;SputnikV;44;3;1;0;53;1;1;0;97;4;2;0;33264;466;385;59;13046;775;916;306;46310;1241;1301;365
2022.07_16-08-2022;г. Москва;75_90_days;AllVaccines;32;0;0;0;33;0;0;0;65;0;0;0;33264;466;385;59;13046;775;916;306;46310;1241;1301;365
2022.07_16-08-2022;г. Москва;75_90_days;CoviVac;6;0;0;0;0;0;0;0;6;0;0;0;33264;466;385;59;13046;775;916;306;46310;1241;1301;365
2022.07_16-08-2022;г. Москва;75_90_days;SputnikLite;3;0;0;0;3;0;0;0;6;0;0;0;33264;466;385;59;13046;775;916;306;46310;1241;1301;365
2022.07_16-08-2022;г. Москва;75_90_days;SputnikV;23;0;0;0;30;0;0;0;53;0;0;0;33264;466;385;59;13046;775;916;306;46310;1241;1301;365
2022.07_16-08-2022;г. Москва;90_105_days;AllVaccines;59;1;0;0;48;3;1;1;107;4;1;1;33264;466;385;59;13046;775;916;306;46310;1241;1301;365
2022.07_16-08-2022;г. Москва;90_105_days;CoviVac;4;0;0;0;0;0;0;0;4;0;0;0;33264;466;385;59;13046;775;916;306;46310;1241;1301;365
2022.07_16-08-2022;г. Москва;90_105_days;EpiVacCorona;1;0;0;0;0;0;0;0;1;0;0;0;33264;466;385;59;13046;775;916;306;46310;1241;1301;365
2022.07_16-08-2022;г. Москва;90_105_days;SputnikLite;5;0;0;0;2;0;0;0;7;0;0;0;33264;466;385;59;13046;775;916;306;46310;1241;1301;365
2022.07_16-08-2022;г. Москва;90_105_days;SputnikV;49;1;0;0;46;3;1;1;95;4;1;1;33264;466;385;59;13046;775;916;306;46310;1241;1301;365
2022.07_16-08-2022;г. Санкт-Петербург;105_165_days;AllVaccines;489;22;5;0;267;45;11;2;756;67;16;2;12575;951;129;21;5566;1301;358;138;18141;2252;487;159
2022.07_16-08-2022;г. Санкт-Петербург;105_165_days;CoviVac;16;0;0;0;0;0;0;0;16;0;0;0;12575;951;129;21;5566;1301;358;138;18141;2252;487;159
2022.07_16-08-2022;г. Санкт-Петербург;105_165_days;EpiVacCorona;5;0;0;0;7;2;0;0;12;2;0;0;12575;951;129;21;5566;1301;358;138;18141;2252;487;159
2022.07_16-08-2022;г. Санкт-Петербург;105_165_days;SputnikLite;184;8;0;0;123;23;4;0;307;31;4;0;12575;951;129;21;5566;1301;358;138;18141;2252;487;159
2022.07_16-08-2022;г. Санкт-Петербург;105_165_days;SputnikV;284;14;5;0;137;20;7;2;421;34;12;2;12575;951;129;21;5566;1301;358;138;18141;2252;487;159
2022.07_16-08-2022;г. Санкт-Петербург;165_195_days;AllVaccines;475;28;3;1;273;41;5;0;748;69;8;1;12575;951;129;21;5566;1301;358;138;18141;2252;487;159
2022.07_16-08-2022;г. Санкт-Петербург;165_195_days;CoviVac;6;0;0;0;2;0;0;0;8;0;0;0;12575;951;129;21;5566;1301;358;138;18141;2252;487;159
2022.07_16-08-2022;г. Санкт-Петербург;165_195_days;EpiVacCorona;5;1;0;1;2;0;0;0;7;1;0;1;12575;951;129;21;5566;1301;358;138;18141;2252;487;159
2022.07_16-08-2022;г. Санкт-Петербург;165_195_days;SputnikLite;251;15;1;0;178;27;2;0;429;42;3;0;12575;951;129;21;5566;1301;358;138;18141;2252;487;159
2022.07_16-08-2022;г. Санкт-Петербург;165_195_days;SputnikV;213;12;2;0;91;14;3;0;304;26;5;0;12575;951;129;21;5566;1301;358;138;18141;2252;487;159
2022.07_16-08-2022;г. Санкт-Петербург;21_45_days;AllVaccines;56;3;0;0;24;2;0;0;80;5;0;0;12575;951;129;21;5566;1301;358;138;18141;2252;487;159
2022.07_16-08-2022;г. Санкт-Петербург;21_45_days;CoviVac;4;1;0;0;0;0;0;0;4;1;0;0;12575;951;129;21;5566;1301;358;138;18141;2252;487;159
2022.07_16-08-2022;г. Санкт-Петербург;21_45_days;SputnikLite;15;1;0;0;6;0;0;0;21;1;0;0;12575;951;129;21;5566;1301;358;138;18141;2252;487;159
2022.07_16-08-2022;г. Санкт-Петербург;21_45_days;SputnikV;37;1;0;0;18;2;0;0;55;3;0;0;12575;951;129;21;5566;1301;358;138;18141;2252;487;159
2022.07_16-08-2022;г. Санкт-Петербург;45_75_days;AllVaccines;50;1;0;0;35;5;0;0;85;6;0;0;12575;951;129;21;5566;1301;358;138;18141;2252;487;159
2022.07_16-08-2022;г. Санкт-Петербург;45_75_days;CoviVac;2;0;0;0;2;0;0;0;4;0;0;0;12575;951;129;21;5566;1301;358;138;18141;2252;487;159
2022.07_16-08-2022;г. Санкт-Петербург;45_75_days;EpiVacCorona;2;0;0;0;0;0;0;0;2;0;0;0;12575;951;129;21;5566;1301;358;138;18141;2252;487;159
2022.07_16-08-2022;г. Санкт-Петербург;45_75_days;SputnikLite;9;0;0;0;5;1;0;0;14;1;0;0;12575;951;129;21;5566;1301;358;138;18141;2252;487;159
2022.07_16-08-2022;г. Санкт-Петербург;45_75_days;SputnikV;37;1;0;0;28;4;0;0;65;5;0;0;12575;951;129;21;5566;1301;358;138;18141;2252;487;159
2022.07_16-08-2022;г. Санкт-Петербург;75_90_days;AllVaccines;25;0;0;0;19;4;0;0;44;4;0;0;12575;951;129;21;5566;1301;358;138;18141;2252;487;159
2022.07_16-08-2022;г. Санкт-Петербург;75_90_days;CoviVac;1;0;0;0;0;0;0;0;1;0;0;0;12575;951;129;21;5566;1301;358;138;18141;2252;487;159
2022.07_16-08-2022;г. Санкт-Петербург;75_90_days;SputnikLite;8;0;0;0;2;0;0;0;10;0;0;0;12575;951;129;21;5566;1301;358;138;18141;2252;487;159
2022.07_16-08-2022;г. Санкт-Петербург;75_90_days;SputnikV;16;0;0;0;17;4;0;0;33;4;0;0;12575;951;129;21;5566;1301;358;138;18141;2252;487;159
2022.07_16-08-2022;г. Санкт-Петербург;90_105_days;AllVaccines;36;6;1;0;22;4;1;1;58;10;2;1;12575;951;129;21;5566;1301;358;138;18141;2252;487;159
2022.07_16-08-2022;г. Санкт-Петербург;90_105_days;CoviVac;1;1;0;0;0;0;0;0;1;1;0;0;12575;951;129;21;5566;1301;358;138;18141;2252;487;159
2022.07_16-08-2022;г. Санкт-Петербург;90_105_days;EpiVacCorona;2;0;0;0;0;0;0;0;2;0;0;0;12575;951;129;21;5566;1301;358;138;18141;2252;487;159
2022.07_16-08-2022;г. Санкт-Петербург;90_105_days;SputnikLite;10;2;0;0;5;0;0;0;15;2;0;0;12575;951;129;21;5566;1301;358;138;18141;2252;487;159
2022.07_16-08-2022;г. Санкт-Петербург;90_105_days;SputnikV;23;3;1;0;17;4;1;1;40;7;2;1;12575;951;129;21;5566;1301;358;138;18141;2252;487;159
2022.07_16-08-2022;г. Севастополь;105_165_days;AllVaccines;13;0;0;0;18;7;2;0;31;7;2;0;336;55;3;2;257;87;25;17;593;142;28;19
2022.07_16-08-2022;г. Севастополь;105_165_days;EpiVacCorona;0;0;0;0;2;1;1;0;2;1;1;0;336;55;3;2;257;87;25;17;593;142;28;19
2022.07_16-08-2022;г. Севастополь;105_165_days;SputnikLite;5;0;0;0;7;3;0;0;12;3;0;0;336;55;3;2;257;87;25;17;593;142;28;19
2022.07_16-08-2022;г. Севастополь;105_165_days;SputnikV;8;0;0;0;9;3;1;0;17;3;1;0;336;55;3;2;257;87;25;17;593;142;28;19
2022.07_16-08-2022;г. Севастополь;165_195_days;AllVaccines;17;0;0;0;10;5;1;1;27;5;1;1;336;55;3;2;257;87;25;17;593;142;28;19
2022.07_16-08-2022;г. Севастополь;165_195_days;EpiVacCorona;1;0;0;0;0;0;0;0;1;0;0;0;336;55;3;2;257;87;25;17;593;142;28;19
2022.07_16-08-2022;г. Севастополь;165_195_days;SputnikLite;10;0;0;0;8;5;1;1;18;5;1;1;336;55;3;2;257;87;25;17;593;142;28;19
2022.07_16-08-2022;г. Севастополь;165_195_days;SputnikV;6;0;0;0;2;0;0;0;8;0;0;0;336;55;3;2;257;87;25;17;593;142;28;19
2022.07_16-08-2022;г. Севастополь;21_45_days;AllVaccines;1;0;0;0;2;0;0;0;3;0;0;0;336;55;3;2;257;87;25;17;593;142;28;19
2022.07_16-08-2022;г. Севастополь;21_45_days;SputnikV;1;0;0;0;2;0;0;0;3;0;0;0;336;55;3;2;257;87;25;17;593;142;28;19
2022.07_16-08-2022;г. Севастополь;45_75_days;AllVaccines;3;0;0;0;1;0;0;0;4;0;0;0;336;55;3;2;257;87;25;17;593;142;28;19
2022.07_16-08-2022;г. Севастополь;45_75_days;SputnikLite;2;0;0;0;1;0;0;0;3;0;0;0;336;55;3;2;257;87;25;17;593;142;28;19
2022.07_16-08-2022;г. Севастополь;45_75_days;SputnikV;1;0;0;0;0;0;0;0;1;0;0;0;336;55;3;2;257;87;25;17;593;142;28;19
2022.07_16-08-2022;г. Севастополь;75_90_days;AllVaccines;2;0;0;0;2;1;0;0;4;1;0;0;336;55;3;2;257;87;25;17;593;142;28;19
2022.07_16-08-2022;г. Севастополь;75_90_days;SputnikLite;2;0;0;0;2;1;0;0;4;1;0;0;336;55;3;2;257;87;25;17;593;142;28;19
2022.07_16-08-2022;г. Севастополь;90_105_days;AllVaccines;1;0;0;0;2;0;0;0;3;0;0;0;336;55;3;2;257;87;25;17;593;142;28;19
2022.07_16-08-2022;г. Севастополь;90_105_days;SputnikLite;1;0;0;0;2;0;0;0;3;0;0;0;336;55;3;2;257;87;25;17;593;142;28;19
2022.08_13-10-2022;Алтайский край;105_165_days;AllVaccines;186;6;0;0;171;16;4;0;357;22;4;0;10467;499;36;7;6477;1017;206;81;16944;1516;242;88
2022.08_13-10-2022;Алтайский край;105_165_days;CoviVac;12;0;0;0;3;0;0;0;15;0;0;0;10467;499;36;7;6477;1017;206;81;16944;1516;242;88
2022.08_13-10-2022;Алтайский край;105_165_days;EpiVacCorona;24;0;0;0;17;2;1;0;41;2;1;0;10467;499;36;7;6477;1017;206;81;16944;1516;242;88
2022.08_13-10-2022;Алтайский край;105_165_days;SputnikLite;20;0;0;0;14;2;0;0;34;2;0;0;10467;499;36;7;6477;1017;206;81;16944;1516;242;88
2022.08_13-10-2022;Алтайский край;105_165_days;SputnikV;130;6;0;0;137;12;3;0;267;18;3;0;10467;499;36;7;6477;1017;206;81;16944;1516;242;88
2022.08_13-10-2022;Алтайский край;165_195_days;AllVaccines;521;14;1;1;322;35;4;3;843;49;5;4;10467;499;36;7;6477;1017;206;81;16944;1516;242;88
2022.08_13-10-2022;Алтайский край;165_195_days;CoviVac;6;0;0;0;1;0;0;0;7;0;0;0;10467;499;36;7;6477;1017;206;81;16944;1516;242;88
2022.08_13-10-2022;Алтайский край;165_195_days;EpiVacCorona;18;1;0;0;13;5;0;0;31;6;0;0;10467;499;36;7;6477;1017;206;81;16944;1516;242;88
2022.08_13-10-2022;Алтайский край;165_195_days;SputnikLite;294;6;0;0;135;12;1;0;429;18;1;0;10467;499;36;7;6477;1017;206;81;16944;1516;242;88
2022.08_13-10-2022;Алтайский край;165_195_days;SputnikV;203;7;1;1;173;18;3;3;376;25;4;4;10467;499;36;7;6477;1017;206;81;16944;1516;242;88
2022.08_13-10-2022;Алтайский край;21_45_days;AllVaccines;29;0;0;0;52;6;0;0;81;6;0;0;10467;499;36;7;6477;1017;206;81;16944;1516;242;88
2022.08_13-10-2022;Алтайский край;21_45_days;EpiVacCorona;16;0;0;0;25;4;0;0;41;4;0;0;10467;499;36;7;6477;1017;206;81;16944;1516;242;88
2022.08_13-10-2022;Алтайский край;21_45_days;SputnikLite;3;0;0;0;2;0;0;0;5;0;0;0;10467;499;36;7;6477;1017;206;81;16944;1516;242;88
2022.08_13-10-2022;Алтайский край;21_45_days;SputnikV;10;0;0;0;25;2;0;0;35;2;0;0;10467;499;36;7;6477;1017;206;81;16944;1516;242;88
2022.08_13-10-2022;Алтайский край;45_75_days;AllVaccines;50;1;0;0;91;10;0;0;141;11;0;0;10467;499;36;7;6477;1017;206;81;16944;1516;242;88
2022.08_13-10-2022;Алтайский край;45_75_days;CoviVac;1;0;0;0;1;0;0;0;2;0;0;0;10467;499;36;7;6477;1017;206;81;16944;1516;242;88
2022.08_13-10-2022;Алтайский край;45_75_days;EpiVacCorona;12;0;0;0;26;4;0;0;38;4;0;0;10467;499;36;7;6477;1017;206;81;16944;1516;242;88
2022.08_13-10-2022;Алтайский край;45_75_days;SputnikLite;3;1;0;0;2;0;0;0;5;1;0;0;10467;499;36;7;6477;1017;206;81;16944;1516;242;88
2022.08_13-10-2022;Алтайский край;45_75_days;SputnikV;34;0;0;0;62;6;0;0;96;6;0;0;10467;499;36;7;6477;1017;206;81;16944;1516;242;88
2022.08_13-10-2022;Алтайский край;75_90_days;AllVaccines;22;1;0;0;32;3;0;0;54;4;0;0;10467;499;36;7;6477;1017;206;81;16944;1516;242;88
2022.08_13-10-2022;Алтайский край;75_90_days;CoviVac;1;0;0;0;1;0;0;0;2;0;0;0;10467;499;36;7;6477;1017;206;81;16944;1516;242;88
2022.08_13-10-2022;Алтайский край;75_90_days;EpiVacCorona;1;0;0;0;5;0;0;0;6;0;0;0;10467;499;36;7;6477;1017;206;81;16944;1516;242;88
2022.08_13-10-2022;Алтайский край;75_90_days;SputnikLite;0;0;0;0;1;0;0;0;1;0;0;0;10467;499;36;7;6477;1017;206;81;16944;1516;242;88
2022.08_13-10-2022;Алтайский край;75_90_days;SputnikV;20;1;0;0;25;3;0;0;45;4;0;0;10467;499;36;7;6477;1017;206;81;16944;1516;242;88
2022.08_13-10-2022;Алтайский край;90_105_days;AllVaccines;28;2;0;0;30;4;0;0;58;6;0;0;10467;499;36;7;6477;1017;206;81;16944;1516;242;88
2022.08_13-10-2022;Алтайский край;90_105_days;EpiVacCorona;3;0;0;0;3;0;0;0;6;0;0;0;10467;499;36;7;6477;1017;206;81;16944;1516;242;88
2022.08_13-10-2022;Алтайский край;90_105_days;SputnikLite;1;1;0;0;1;1;0;0;2;2;0;0;10467;499;36;7;6477;1017;206;81;16944;1516;242;88
2022.08_13-10-2022;Алтайский край;90_105_days;SputnikV;24;1;0;0;26;3;0;0;50;4;0;0;10467;499;36;7;6477;1017;206;81;16944;1516;242;88
2022.08_13-10-2022;Амурская область;105_165_days;AllVaccines;90;2;0;0;59;4;0;0;149;6;0;0;2932;183;14;4;1663;225;34;11;4595;408;48;15
2022.08_13-10-2022;Амурская область;105_165_days;CoviVac;3;0;0;0;1;0;0;0;4;0;0;0;2932;183;14;4;1663;225;34;11;4595;408;48;15
2022.08_13-10-2022;Амурская область;105_165_days;EpiVacCorona;6;0;0;0;3;0;0;0;9;0;0;0;2932;183;14;4;1663;225;34;11;4595;408;48;15
2022.08_13-10-2022;Амурская область;105_165_days;SputnikLite;33;1;0;0;30;3;0;0;63;4;0;0;2932;183;14;4;1663;225;34;11;4595;408;48;15
2022.08_13-10-2022;Амурская область;105_165_days;SputnikV;48;1;0;0;25;1;0;0;73;2;0;0;2932;183;14;4;1663;225;34;11;4595;408;48;15
2022.08_13-10-2022;Амурская область;165_195_days;AllVaccines;137;8;0;0;72;7;0;0;209;15;0;0;2932;183;14;4;1663;225;34;11;4595;408;48;15
2022.08_13-10-2022;Амурская область;165_195_days;CoviVac;3;0;0;0;0;0;0;0;3;0;0;0;2932;183;14;4;1663;225;34;11;4595;408;48;15
2022.08_13-10-2022;Амурская область;165_195_days;EpiVacCorona;4;0;0;0;4;2;0;0;8;2;0;0;2932;183;14;4;1663;225;34;11;4595;408;48;15
2022.08_13-10-2022;Амурская область;165_195_days;SputnikLite;73;4;0;0;42;3;0;0;115;7;0;0;2932;183;14;4;1663;225;34;11;4595;408;48;15
2022.08_13-10-2022;Амурская область;165_195_days;SputnikV;57;4;0;0;26;2;0;0;83;6;0;0;2932;183;14;4;1663;225;34;11;4595;408;48;15
2022.08_13-10-2022;Амурская область;21_45_days;AllVaccines;17;0;0;0;6;1;1;0;23;1;1;0;2932;183;14;4;1663;225;34;11;4595;408;48;15
2022.08_13-10-2022;Амурская область;21_45_days;EpiVacCorona;3;0;0;0;1;0;0;0;4;0;0;0;2932;183;14;4;1663;225;34;11;4595;408;48;15
2022.08_13-10-2022;Амурская область;21_45_days;SputnikLite;4;0;0;0;2;0;0;0;6;0;0;0;2932;183;14;4;1663;225;34;11;4595;408;48;15
2022.08_13-10-2022;Амурская область;21_45_days;SputnikV;10;0;0;0;3;1;1;0;13;1;1;0;2932;183;14;4;1663;225;34;11;4595;408;48;15
2022.08_13-10-2022;Амурская область;45_75_days;AllVaccines;30;0;0;0;15;0;0;0;45;0;0;0;2932;183;14;4;1663;225;34;11;4595;408;48;15
2022.08_13-10-2022;Амурская область;45_75_days;EpiVacCorona;2;0;0;0;1;0;0;0;3;0;0;0;2932;183;14;4;1663;225;34;11;4595;408;48;15
2022.08_13-10-2022;Амурская область;45_75_days;SputnikLite;11;0;0;0;5;0;0;0;16;0;0;0;2932;183;14;4;1663;225;34;11;4595;408;48;15
2022.08_13-10-2022;Амурская область;45_75_days;SputnikV;17;0;0;0;9;0;0;0;26;0;0;0;2932;183;14;4;1663;225;34;11;4595;408;48;15
2022.08_13-10-2022;Амурская область;75_90_days;AllVaccines;10;0;0;0;5;1;0;0;15;1;0;0;2932;183;14;4;1663;225;34;11;4595;408;48;15
2022.08_13-10-2022;Амурская область;75_90_days;CoviVac;1;0;0;0;0;0;0;0;1;0;0;0;2932;183;14;4;1663;225;34;11;4595;408;48;15
2022.08_13-10-2022;Амурская область;75_90_days;EpiVacCorona;2;0;0;0;0;0;0;0;2;0;0;0;2932;183;14;4;1663;225;34;11;4595;408;48;15
2022.08_13-10-2022;Амурская область;75_90_days;SputnikLite;4;0;0;0;3;1;0;0;7;1;0;0;2932;183;14;4;1663;225;34;11;4595;408;48;15
2022.08_13-10-2022;Амурская область;75_90_days;SputnikV;3;0;0;0;2;0;0;0;5;0;0;0;2932;183;14;4;1663;225;34;11;4595;408;48;15
2022.08_13-10-2022;Амурская область;90_105_days;AllVaccines;6;0;0;0;9;1;0;0;15;1;0;0;2932;183;14;4;1663;225;34;11;4595;408;48;15
2022.08_13-10-2022;Амурская область;90_105_days;EpiVacCorona;1;0;0;0;1;1;0;0;2;1;0;0;2932;183;14;4;1663;225;34;11;4595;408;48;15
2022.08_13-10-2022;Амурская область;90_105_days;SputnikLite;3;0;0;0;1;0;0;0;4;0;0;0;2932;183;14;4;1663;225;34;11;4595;408;48;15
2022.08_13-10-2022;Амурская область;90_105_days;SputnikV;2;0;0;0;7;0;0;0;9;0;0;0;2932;183;14;4;1663;225;34;11;4595;408;48;15
2022.08_13-10-2022;Архангельская область;105_165_days;AllVaccines;150;5;0;0;113;13;1;0;263;18;1;0;6504;293;24;10;3610;630;108;69;10114;923;132;79
2022.08_13-10-2022;Архангельская область;105_165_days;CoviVac;3;0;0;0;2;0;0;0;5;0;0;0;6504;293;24;10;3610;630;108;69;10114;923;132;79
2022.08_13-10-2022;Архангельская область;105_165_days;EpiVacCorona;11;0;0;0;13;4;1;0;24;4;1;0;6504;293;24;10;3610;630;108;69;10114;923;132;79
2022.08_13-10-2022;Архангельская область;105_165_days;SputnikLite;30;1;0;0;15;1;0;0;45;2;0;0;6504;293;24;10;3610;630;108;69;10114;923;132;79
2022.08_13-10-2022;Архангельская область;105_165_days;SputnikV;106;4;0;0;83;8;0;0;189;12;0;0;6504;293;24;10;3610;630;108;69;10114;923;132;79
2022.08_13-10-2022;Архангельская область;165_195_days;AllVaccines;173;4;0;0;94;18;1;0;267;22;1;0;6504;293;24;10;3610;630;108;69;10114;923;132;79
2022.08_13-10-2022;Архангельская область;165_195_days;CoviVac;3;0;0;0;1;0;0;0;4;0;0;0;6504;293;24;10;3610;630;108;69;10114;923;132;79
2022.08_13-10-2022;Архангельская область;165_195_days;EpiVacCorona;8;0;0;0;8;2;1;0;16;2;1;0;6504;293;24;10;3610;630;108;69;10114;923;132;79
2022.08_13-10-2022;Архангельская область;165_195_days;SputnikLite;66;1;0;0;27;5;0;0;93;6;0;0;6504;293;24;10;3610;630;108;69;10114;923;132;79
2022.08_13-10-2022;Архангельская область;165_195_days;SputnikV;96;3;0;0;58;11;0;0;154;14;0;0;6504;293;24;10;3610;630;108;69;10114;923;132;79
2022.08_13-10-2022;Архангельская область;21_45_days;AllVaccines;23;1;0;0;19;3;2;1;42;4;2;1;6504;293;24;10;3610;630;108;69;10114;923;132;79
2022.08_13-10-2022;Архангельская область;21_45_days;EpiVacCorona;6;1;0;0;5;0;0;0;11;1;0;0;6504;293;24;10;3610;630;108;69;10114;923;132;79
2022.08_13-10-2022;Архангельская область;21_45_days;SputnikLite;5;0;0;0;4;1;1;1;9;1;1;1;6504;293;24;10;3610;630;108;69;10114;923;132;79
2022.08_13-10-2022;Архангельская область;21_45_days;SputnikV;12;0;0;0;10;2;1;0;22;2;1;0;6504;293;24;10;3610;630;108;69;10114;923;132;79
2022.08_13-10-2022;Архангельская область;45_75_days;AllVaccines;46;3;0;0;41;4;0;0;87;7;0;0;6504;293;24;10;3610;630;108;69;10114;923;132;79
2022.08_13-10-2022;Архангельская область;45_75_days;CoviVac;3;0;0;0;1;0;0;0;4;0;0;0;6504;293;24;10;3610;630;108;69;10114;923;132;79
2022.08_13-10-2022;Архангельская область;45_75_days;EpiVacCorona;8;0;0;0;8;0;0;0;16;0;0;0;6504;293;24;10;3610;630;108;69;10114;923;132;79
2022.08_13-10-2022;Архангельская область;45_75_days;SputnikLite;4;0;0;0;3;0;0;0;7;0;0;0;6504;293;24;10;3610;630;108;69;10114;923;132;79
2022.08_13-10-2022;Архангельская область;45_75_days;SputnikV;31;3;0;0;29;4;0;0;60;7;0;0;6504;293;24;10;3610;630;108;69;10114;923;132;79
2022.08_13-10-2022;Архангельская область;75_90_days;AllVaccines;15;0;0;0;27;6;0;0;42;6;0;0;6504;293;24;10;3610;630;108;69;10114;923;132;79
2022.08_13-10-2022;Архангельская область;75_90_days;CoviVac;2;0;0;0;5;1;0;0;7;1;0;0;6504;293;24;10;3610;630;108;69;10114;923;132;79
2022.08_13-10-2022;Архангельская область;75_90_days;EpiVacCorona;1;0;0;0;0;0;0;0;1;0;0;0;6504;293;24;10;3610;630;108;69;10114;923;132;79
2022.08_13-10-2022;Архангельская область;75_90_days;SputnikLite;1;0;0;0;3;1;0;0;4;1;0;0;6504;293;24;10;3610;630;108;69;10114;923;132;79
2022.08_13-10-2022;Архангельская область;75_90_days;SputnikV;11;0;0;0;19;4;0;0;30;4;0;0;6504;293;24;10;3610;630;108;69;10114;923;132;79
2022.08_13-10-2022;Архангельская область;90_105_days;AllVaccines;12;0;0;0;15;2;0;0;27;2;0;0;6504;293;24;10;3610;630;108;69;10114;923;132;79
2022.08_13-10-2022;Архангельская область;90_105_days;CoviVac;1;0;0;0;0;0;0;0;1;0;0;0;6504;293;24;10;3610;630;108;69;10114;923;132;79
2022.08_13-10-2022;Архангельская область;90_105_days;EpiVacCorona;1;0;0;0;2;0;0;0;3;0;0;0;6504;293;24;10;3610;630;108;69;10114;923;132;79
2022.08_13-10-2022;Архангельская область;90_105_days;SputnikLite;1;0;0;0;0;0;0;0;1;0;0;0;6504;293;24;10;3610;630;108;69;10114;923;132;79
2022.08_13-10-2022;Архангельская область;90_105_days;SputnikV;9;0;0;0;13;2;0;0;22;2;0;0;6504;293;24;10;3610;630;108;69;10114;923;132;79
2022.08_13-10-2022;Астраханская область;105_165_days;AllVaccines;255;12;1;0;155;9;0;1;410;21;1;1;8349;557;22;9;4825;549;106;80;13174;1106;128;89
2022.08_13-10-2022;Астраханская область;105_165_days;CoviVac;5;0;0;0;0;0;0;0;5;0;0;0;8349;557;22;9;4825;549;106;80;13174;1106;128;89
2022.08_13-10-2022;Астраханская область;105_165_days;EpiVacCorona;5;0;0;0;11;0;0;0;16;0;0;0;8349;557;22;9;4825;549;106;80;13174;1106;128;89
2022.08_13-10-2022;Астраханская область;105_165_days;SputnikLite;132;7;0;0;86;4;0;0;218;11;0;0;8349;557;22;9;4825;549;106;80;13174;1106;128;89
2022.08_13-10-2022;Астраханская область;105_165_days;SputnikV;113;5;1;0;58;5;0;1;171;10;1;1;8349;557;22;9;4825;549;106;80;13174;1106;128;89
2022.08_13-10-2022;Астраханская область;165_195_days;AllVaccines;379;14;0;0;203;16;5;3;582;30;5;3;8349;557;22;9;4825;549;106;80;13174;1106;128;89
2022.08_13-10-2022;Астраханская область;165_195_days;CoviVac;6;0;0;0;8;1;1;1;14;1;1;1;8349;557;22;9;4825;549;106;80;13174;1106;128;89
2022.08_13-10-2022;Астраханская область;165_195_days;EpiVacCorona;7;1;0;0;10;2;1;0;17;3;1;0;8349;557;22;9;4825;549;106;80;13174;1106;128;89
2022.08_13-10-2022;Астраханская область;165_195_days;SputnikLite;219;7;0;0;95;4;0;0;314;11;0;0;8349;557;22;9;4825;549;106;80;13174;1106;128;89
2022.08_13-10-2022;Астраханская область;165_195_days;SputnikV;147;6;0;0;90;9;3;2;237;15;3;2;8349;557;22;9;4825;549;106;80;13174;1106;128;89
2022.08_13-10-2022;Астраханская область;21_45_days;AllVaccines;59;1;0;0;21;4;0;0;80;5;0;0;8349;557;22;9;4825;549;106;80;13174;1106;128;89
2022.08_13-10-2022;Астраханская область;21_45_days;EpiVacCorona;5;0;0;0;1;1;0;0;6;1;0;0;8349;557;22;9;4825;549;106;80;13174;1106;128;89
2022.08_13-10-2022;Астраханская область;21_45_days;SputnikLite;1;0;0;0;1;0;0;0;2;0;0;0;8349;557;22;9;4825;549;106;80;13174;1106;128;89
2022.08_13-10-2022;Астраханская область;21_45_days;SputnikV;53;1;0;0;19;3;0;0;72;4;0;0;8349;557;22;9;4825;549;106;80;13174;1106;128;89
2022.08_13-10-2022;Астраханская область;45_75_days;AllVaccines;90;3;0;0;54;4;1;1;144;7;1;1;8349;557;22;9;4825;549;106;80;13174;1106;128;89
2022.08_13-10-2022;Астраханская область;45_75_days;EpiVacCorona;6;0;0;0;7;0;0;0;13;0;0;0;8349;557;22;9;4825;549;106;80;13174;1106;128;89
2022.08_13-10-2022;Астраханская область;45_75_days;SputnikLite;7;0;0;0;4;0;0;0;11;0;0;0;8349;557;22;9;4825;549;106;80;13174;1106;128;89
2022.08_13-10-2022;Астраханская область;45_75_days;SputnikV;77;3;0;0;43;4;1;1;120;7;1;1;8349;557;22;9;4825;549;106;80;13174;1106;128;89
2022.08_13-10-2022;Астраханская область;75_90_days;AllVaccines;28;2;0;0;22;3;1;1;50;5;1;1;8349;557;22;9;4825;549;106;80;13174;1106;128;89
2022.08_13-10-2022;Астраханская область;75_90_days;EpiVacCorona;3;0;0;0;4;0;0;0;7;0;0;0;8349;557;22;9;4825;549;106;80;13174;1106;128;89
2022.08_13-10-2022;Астраханская область;75_90_days;SputnikLite;5;0;0;0;4;0;0;0;9;0;0;0;8349;557;22;9;4825;549;106;80;13174;1106;128;89
2022.08_13-10-2022;Астраханская область;75_90_days;SputnikV;20;2;0;0;14;3;1;1;34;5;1;1;8349;557;22;9;4825;549;106;80;13174;1106;128;89
2022.08_13-10-2022;Астраханская область;90_105_days;AllVaccines;28;1;0;0;14;2;0;0;42;3;0;0;8349;557;22;9;4825;549;106;80;13174;1106;128;89
2022.08_13-10-2022;Астраханская область;90_105_days;SputnikLite;6;0;0;0;3;0;0;0;9;0;0;0;8349;557;22;9;4825;549;106;80;13174;1106;128;89
2022.08_13-10-2022;Астраханская область;90_105_days;SputnikV;22;1;0;0;11;2;0;0;33;3;0;0;8349;557;22;9;4825;549;106;80;13174;1106;128;89
2022.08_13-10-2022;Белгородская область;105_165_days;AllVaccines;79;1;0;0;45;4;0;0;124;5;0;0;5293;140;9;3;2917;285;33;17;8210;425;42;20
2022.08_13-10-2022;Белгородская область;105_165_days;CoviVac;3;0;0;0;0;0;0;0;3;0;0;0;5293;140;9;3;2917;285;33;17;8210;425;42;20
2022.08_13-10-2022;Белгородская область;105_165_days;EpiVacCorona;7;0;0;0;3;0;0;0;10;0;0;0;5293;140;9;3;2917;285;33;17;8210;425;42;20
2022.08_13-10-2022;Белгородская область;105_165_days;SputnikLite;28;0;0;0;10;1;0;0;38;1;0;0;5293;140;9;3;2917;285;33;17;8210;425;42;20
2022.08_13-10-2022;Белгородская область;105_165_days;SputnikV;41;1;0;0;32;3;0;0;73;4;0;0;5293;140;9;3;2917;285;33;17;8210;425;42;20
2022.08_13-10-2022;Белгородская область;165_195_days;AllVaccines;213;5;0;0;88;7;0;0;301;12;0;0;5293;140;9;3;2917;285;33;17;8210;425;42;20
2022.08_13-10-2022;Белгородская область;165_195_days;CoviVac;4;0;0;0;1;0;0;0;5;0;0;0;5293;140;9;3;2917;285;33;17;8210;425;42;20
2022.08_13-10-2022;Белгородская область;165_195_days;EpiVacCorona;1;0;0;0;4;0;0;0;5;0;0;0;5293;140;9;3;2917;285;33;17;8210;425;42;20
2022.08_13-10-2022;Белгородская область;165_195_days;SputnikLite;139;1;0;0;62;6;0;0;201;7;0;0;5293;140;9;3;2917;285;33;17;8210;425;42;20
2022.08_13-10-2022;Белгородская область;165_195_days;SputnikV;69;4;0;0;21;1;0;0;90;5;0;0;5293;140;9;3;2917;285;33;17;8210;425;42;20
2022.08_13-10-2022;Белгородская область;21_45_days;AllVaccines;20;0;0;0;10;2;0;0;30;2;0;0;5293;140;9;3;2917;285;33;17;8210;425;42;20
2022.08_13-10-2022;Белгородская область;21_45_days;EpiVacCorona;1;0;0;0;0;0;0;0;1;0;0;0;5293;140;9;3;2917;285;33;17;8210;425;42;20
2022.08_13-10-2022;Белгородская область;21_45_days;SputnikV;19;0;0;0;10;2;0;0;29;2;0;0;5293;140;9;3;2917;285;33;17;8210;425;42;20
2022.08_13-10-2022;Белгородская область;45_75_days;AllVaccines;22;0;0;0;34;3;0;0;56;3;0;0;5293;140;9;3;2917;285;33;17;8210;425;42;20
2022.08_13-10-2022;Белгородская область;45_75_days;EpiVacCorona;2;0;0;0;1;0;0;0;3;0;0;0;5293;140;9;3;2917;285;33;17;8210;425;42;20
2022.08_13-10-2022;Белгородская область;45_75_days;SputnikV;20;0;0;0;33;3;0;0;53;3;0;0;5293;140;9;3;2917;285;33;17;8210;425;42;20
2022.08_13-10-2022;Белгородская область;75_90_days;AllVaccines;8;0;0;0;4;1;0;0;12;1;0;0;5293;140;9;3;2917;285;33;17;8210;425;42;20
2022.08_13-10-2022;Белгородская область;75_90_days;EpiVacCorona;0;0;0;0;1;0;0;0;1;0;0;0;5293;140;9;3;2917;285;33;17;8210;425;42;20
2022.08_13-10-2022;Белгородская область;75_90_days;SputnikV;8;0;0;0;3;1;0;0;11;1;0;0;5293;140;9;3;2917;285;33;17;8210;425;42;20
2022.08_13-10-2022;Белгородская область;90_105_days;AllVaccines;13;1;0;0;13;0;0;0;26;1;0;0;5293;140;9;3;2917;285;33;17;8210;425;42;20
2022.08_13-10-2022;Белгородская область;90_105_days;EpiVacCorona;1;0;0;0;0;0;0;0;1;0;0;0;5293;140;9;3;2917;285;33;17;8210;425;42;20
2022.08_13-10-2022;Белгородская область;90_105_days;SputnikV;12;1;0;0;13;0;0;0;25;1;0;0;5293;140;9;3;2917;285;33;17;8210;425;42;20
2022.08_13-10-2022;Брянская область;105_165_days;AllVaccines;55;0;0;0;63;0;0;0;118;0;0;0;4898;46;3;2;3250;152;25;17;8148;198;28;19
2022.08_13-10-2022;Брянская область;105_165_days;CoviVac;4;0;0;0;3;0;0;0;7;0;0;0;4898;46;3;2;3250;152;25;17;8148;198;28;19
2022.08_13-10-2022;Брянская область;105_165_days;EpiVacCorona;2;0;0;0;3;0;0;0;5;0;0;0;4898;46;3;2;3250;152;25;17;8148;198;28;19
2022.08_13-10-2022;Брянская область;105_165_days;SputnikLite;21;0;0;0;24;0;0;0;45;0;0;0;4898;46;3;2;3250;152;25;17;8148;198;28;19
2022.08_13-10-2022;Брянская область;105_165_days;SputnikV;28;0;0;0;33;0;0;0;61;0;0;0;4898;46;3;2;3250;152;25;17;8148;198;28;19
2022.08_13-10-2022;Брянская область;165_195_days;AllVaccines;145;0;0;0;145;3;0;0;290;3;0;0;4898;46;3;2;3250;152;25;17;8148;198;28;19
2022.08_13-10-2022;Брянская область;165_195_days;CoviVac;3;0;0;0;2;0;0;0;5;0;0;0;4898;46;3;2;3250;152;25;17;8148;198;28;19
2022.08_13-10-2022;Брянская область;165_195_days;EpiVacCorona;3;0;0;0;2;0;0;0;5;0;0;0;4898;46;3;2;3250;152;25;17;8148;198;28;19
2022.08_13-10-2022;Брянская область;165_195_days;SputnikLite;76;0;0;0;67;3;0;0;143;3;0;0;4898;46;3;2;3250;152;25;17;8148;198;28;19
2022.08_13-10-2022;Брянская область;165_195_days;SputnikV;63;0;0;0;74;0;0;0;137;0;0;0;4898;46;3;2;3250;152;25;17;8148;198;28;19
2022.08_13-10-2022;Брянская область;21_45_days;AllVaccines;14;0;0;0;13;0;0;0;27;0;0;0;4898;46;3;2;3250;152;25;17;8148;198;28;19
2022.08_13-10-2022;Брянская область;21_45_days;EpiVacCorona;3;0;0;0;0;0;0;0;3;0;0;0;4898;46;3;2;3250;152;25;17;8148;198;28;19
2022.08_13-10-2022;Брянская область;21_45_days;SputnikLite;0;0;0;0;7;0;0;0;7;0;0;0;4898;46;3;2;3250;152;25;17;8148;198;28;19
2022.08_13-10-2022;Брянская область;21_45_days;SputnikV;11;0;0;0;6;0;0;0;17;0;0;0;4898;46;3;2;3250;152;25;17;8148;198;28;19
2022.08_13-10-2022;Брянская область;45_75_days;AllVaccines;33;0;0;0;36;2;0;0;69;2;0;0;4898;46;3;2;3250;152;25;17;8148;198;28;19
2022.08_13-10-2022;Брянская область;45_75_days;CoviVac;7;0;0;0;2;0;0;0;9;0;0;0;4898;46;3;2;3250;152;25;17;8148;198;28;19
2022.08_13-10-2022;Брянская область;45_75_days;SputnikLite;8;0;0;0;6;0;0;0;14;0;0;0;4898;46;3;2;3250;152;25;17;8148;198;28;19
2022.08_13-10-2022;Брянская область;45_75_days;SputnikV;18;0;0;0;28;2;0;0;46;2;0;0;4898;46;3;2;3250;152;25;17;8148;198;28;19
2022.08_13-10-2022;Брянская область;75_90_days;AllVaccines;13;0;0;0;18;1;0;0;31;1;0;0;4898;46;3;2;3250;152;25;17;8148;198;28;19
2022.08_13-10-2022;Брянская область;75_90_days;SputnikLite;6;0;0;0;7;0;0;0;13;0;0;0;4898;46;3;2;3250;152;25;17;8148;198;28;19
2022.08_13-10-2022;Брянская область;75_90_days;SputnikV;7;0;0;0;11;1;0;0;18;1;0;0;4898;46;3;2;3250;152;25;17;8148;198;28;19
2022.08_13-10-2022;Брянская область;90_105_days;AllVaccines;9;0;0;0;12;1;0;0;21;1;0;0;4898;46;3;2;3250;152;25;17;8148;198;28;19
2022.08_13-10-2022;Брянская область;90_105_days;EpiVacCorona;0;0;0;0;1;0;0;0;1;0;0;0;4898;46;3;2;3250;152;25;17;8148;198;28;19
2022.08_13-10-2022;Брянская область;90_105_days;SputnikLite;6;0;0;0;4;0;0;0;10;0;0;0;4898;46;3;2;3250;152;25;17;8148;198;28;19
2022.08_13-10-2022;Брянская область;90_105_days;SputnikV;3;0;0;0;7;1;0;0;10;1;0;0;4898;46;3;2;3250;152;25;17;8148;198;28;19
2022.08_13-10-2022;Владимирская область;105_165_days;AllVaccines;77;2;0;0;49;5;1;1;126;7;1;1;8023;170;8;4;4379;373;40;33;12402;543;48;37
2022.08_13-10-2022;Владимирская область;105_165_days;CoviVac;5;0;0;0;0;0;0;0;5;0;0;0;8023;170;8;4;4379;373;40;33;12402;543;48;37
2022.08_13-10-2022;Владимирская область;105_165_days;EpiVacCorona;11;0;0;0;3;0;0;0;14;0;0;0;8023;170;8;4;4379;373;40;33;12402;543;48;37
2022.08_13-10-2022;Владимирская область;105_165_days;SputnikLite;9;0;0;0;14;2;0;0;23;2;0;0;8023;170;8;4;4379;373;40;33;12402;543;48;37
2022.08_13-10-2022;Владимирская область;105_165_days;SputnikV;52;2;0;0;32;3;1;1;84;5;1;1;8023;170;8;4;4379;373;40;33;12402;543;48;37
2022.08_13-10-2022;Владимирская область;165_195_days;AllVaccines;148;3;0;0;104;6;0;0;252;9;0;0;8023;170;8;4;4379;373;40;33;12402;543;48;37
2022.08_13-10-2022;Владимирская область;165_195_days;CoviVac;4;0;0;0;1;0;0;0;5;0;0;0;8023;170;8;4;4379;373;40;33;12402;543;48;37
2022.08_13-10-2022;Владимирская область;165_195_days;EpiVacCorona;3;0;0;0;5;2;0;0;8;2;0;0;8023;170;8;4;4379;373;40;33;12402;543;48;37
2022.08_13-10-2022;Владимирская область;165_195_days;SputnikLite;77;0;0;0;48;0;0;0;125;0;0;0;8023;170;8;4;4379;373;40;33;12402;543;48;37
2022.08_13-10-2022;Владимирская область;165_195_days;SputnikV;64;3;0;0;50;4;0;0;114;7;0;0;8023;170;8;4;4379;373;40;33;12402;543;48;37
2022.08_13-10-2022;Владимирская область;21_45_days;AllVaccines;20;1;0;0;14;2;0;0;34;3;0;0;8023;170;8;4;4379;373;40;33;12402;543;48;37
2022.08_13-10-2022;Владимирская область;21_45_days;EpiVacCorona;2;1;0;0;2;0;0;0;4;1;0;0;8023;170;8;4;4379;373;40;33;12402;543;48;37
2022.08_13-10-2022;Владимирская область;21_45_days;SputnikLite;3;0;0;0;1;0;0;0;4;0;0;0;8023;170;8;4;4379;373;40;33;12402;543;48;37
2022.08_13-10-2022;Владимирская область;21_45_days;SputnikV;15;0;0;0;11;2;0;0;26;2;0;0;8023;170;8;4;4379;373;40;33;12402;543;48;37
2022.08_13-10-2022;Владимирская область;45_75_days;AllVaccines;30;1;0;0;21;0;0;0;51;1;0;0;8023;170;8;4;4379;373;40;33;12402;543;48;37
2022.08_13-10-2022;Владимирская область;45_75_days;CoviVac;4;0;0;0;0;0;0;0;4;0;0;0;8023;170;8;4;4379;373;40;33;12402;543;48;37
2022.08_13-10-2022;Владимирская область;45_75_days;EpiVacCorona;1;0;0;0;2;0;0;0;3;0;0;0;8023;170;8;4;4379;373;40;33;12402;543;48;37
2022.08_13-10-2022;Владимирская область;45_75_days;SputnikLite;1;1;0;0;0;0;0;0;1;1;0;0;8023;170;8;4;4379;373;40;33;12402;543;48;37
2022.08_13-10-2022;Владимирская область;45_75_days;SputnikV;24;0;0;0;19;0;0;0;43;0;0;0;8023;170;8;4;4379;373;40;33;12402;543;48;37
2022.08_13-10-2022;Владимирская область;75_90_days;AllVaccines;15;0;0;0;7;1;0;0;22;1;0;0;8023;170;8;4;4379;373;40;33;12402;543;48;37
2022.08_13-10-2022;Владимирская область;75_90_days;CoviVac;4;0;0;0;1;0;0;0;5;0;0;0;8023;170;8;4;4379;373;40;33;12402;543;48;37
2022.08_13-10-2022;Владимирская область;75_90_days;EpiVacCorona;1;0;0;0;0;0;0;0;1;0;0;0;8023;170;8;4;4379;373;40;33;12402;543;48;37
2022.08_13-10-2022;Владимирская область;75_90_days;SputnikLite;4;0;0;0;0;0;0;0;4;0;0;0;8023;170;8;4;4379;373;40;33;12402;543;48;37
2022.08_13-10-2022;Владимирская область;75_90_days;SputnikV;6;0;0;0;6;1;0;0;12;1;0;0;8023;170;8;4;4379;373;40;33;12402;543;48;37
2022.08_13-10-2022;Владимирская область;90_105_days;AllVaccines;12;2;0;0;9;2;0;0;21;4;0;0;8023;170;8;4;4379;373;40;33;12402;543;48;37
2022.08_13-10-2022;Владимирская область;90_105_days;CoviVac;4;1;0;0;1;0;0;0;5;1;0;0;8023;170;8;4;4379;373;40;33;12402;543;48;37
2022.08_13-10-2022;Владимирская область;90_105_days;EpiVacCorona;0;0;0;0;1;0;0;0;1;0;0;0;8023;170;8;4;4379;373;40;33;12402;543;48;37
2022.08_13-10-2022;Владимирская область;90_105_days;SputnikLite;1;1;0;0;0;0;0;0;1;1;0;0;8023;170;8;4;4379;373;40;33;12402;543;48;37
2022.08_13-10-2022;Владимирская область;90_105_days;SputnikV;7;0;0;0;7;2;0;0;14;2;0;0;8023;170;8;4;4379;373;40;33;12402;543;48;37
2022.08_13-10-2022;Волгоградская область;105_165_days;AllVaccines;348;8;1;2;244;26;2;0;592;34;3;2;14139;537;25;8;7520;1041;149;89;21659;1578;174;97
2022.08_13-10-2022;Волгоградская область;105_165_days;CoviVac;27;0;0;0;5;1;0;0;32;1;0;0;14139;537;25;8;7520;1041;149;89;21659;1578;174;97
2022.08_13-10-2022;Волгоградская область;105_165_days;EpiVacCorona;22;1;0;0;9;1;1;0;31;2;1;0;14139;537;25;8;7520;1041;149;89;21659;1578;174;97
2022.08_13-10-2022;Волгоградская область;105_165_days;SputnikLite;91;1;0;0;46;3;0;0;137;4;0;0;14139;537;25;8;7520;1041;149;89;21659;1578;174;97
2022.08_13-10-2022;Волгоградская область;105_165_days;SputnikV;208;6;1;2;184;21;1;0;392;27;2;2;14139;537;25;8;7520;1041;149;89;21659;1578;174;97
2022.08_13-10-2022;Волгоградская область;165_195_days;AllVaccines;679;19;0;0;340;32;4;3;1019;51;4;3;14139;537;25;8;7520;1041;149;89;21659;1578;174;97
2022.08_13-10-2022;Волгоградская область;165_195_days;CoviVac;17;1;0;0;4;0;0;0;21;1;0;0;14139;537;25;8;7520;1041;149;89;21659;1578;174;97
2022.08_13-10-2022;Волгоградская область;165_195_days;EpiVacCorona;13;2;0;0;5;0;0;0;18;2;0;0;14139;537;25;8;7520;1041;149;89;21659;1578;174;97
2022.08_13-10-2022;Волгоградская область;165_195_days;SputnikLite;381;6;0;0;160;17;3;2;541;23;3;2;14139;537;25;8;7520;1041;149;89;21659;1578;174;97
2022.08_13-10-2022;Волгоградская область;165_195_days;SputnikV;268;10;0;0;171;15;1;1;439;25;1;1;14139;537;25;8;7520;1041;149;89;21659;1578;174;97
2022.08_13-10-2022;Волгоградская область;21_45_days;AllVaccines;110;5;0;0;33;4;1;1;143;9;1;1;14139;537;25;8;7520;1041;149;89;21659;1578;174;97
2022.08_13-10-2022;Волгоградская область;21_45_days;EpiVacCorona;27;1;0;0;6;1;0;0;33;2;0;0;14139;537;25;8;7520;1041;149;89;21659;1578;174;97
2022.08_13-10-2022;Волгоградская область;21_45_days;SputnikLite;9;1;0;0;0;0;0;0;9;1;0;0;14139;537;25;8;7520;1041;149;89;21659;1578;174;97
2022.08_13-10-2022;Волгоградская область;21_45_days;SputnikV;74;3;0;0;27;3;1;1;101;6;1;1;14139;537;25;8;7520;1041;149;89;21659;1578;174;97
2022.08_13-10-2022;Волгоградская область;45_75_days;AllVaccines;136;2;0;0;93;10;0;0;229;12;0;0;14139;537;25;8;7520;1041;149;89;21659;1578;174;97
2022.08_13-10-2022;Волгоградская область;45_75_days;EpiVacCorona;18;0;0;0;13;2;0;0;31;2;0;0;14139;537;25;8;7520;1041;149;89;21659;1578;174;97
2022.08_13-10-2022;Волгоградская область;45_75_days;SputnikLite;17;0;0;0;10;1;0;0;27;1;0;0;14139;537;25;8;7520;1041;149;89;21659;1578;174;97
2022.08_13-10-2022;Волгоградская область;45_75_days;SputnikV;101;2;0;0;70;7;0;0;171;9;0;0;14139;537;25;8;7520;1041;149;89;21659;1578;174;97
2022.08_13-10-2022;Волгоградская область;75_90_days;AllVaccines;59;2;0;0;40;5;0;0;99;7;0;0;14139;537;25;8;7520;1041;149;89;21659;1578;174;97
2022.08_13-10-2022;Волгоградская область;75_90_days;CoviVac;4;0;0;0;1;0;0;0;5;0;0;0;14139;537;25;8;7520;1041;149;89;21659;1578;174;97
2022.08_13-10-2022;Волгоградская область;75_90_days;EpiVacCorona;9;0;0;0;5;2;0;0;14;2;0;0;14139;537;25;8;7520;1041;149;89;21659;1578;174;97
2022.08_13-10-2022;Волгоградская область;75_90_days;SputnikLite;10;1;0;0;8;0;0;0;18;1;0;0;14139;537;25;8;7520;1041;149;89;21659;1578;174;97
2022.08_13-10-2022;Волгоградская область;75_90_days;SputnikV;36;1;0;0;26;3;0;0;62;4;0;0;14139;537;25;8;7520;1041;149;89;21659;1578;174;97
2022.08_13-10-2022;Волгоградская область;90_105_days;AllVaccines;43;0;0;0;23;5;1;0;66;5;1;0;14139;537;25;8;7520;1041;149;89;21659;1578;174;97
2022.08_13-10-2022;Волгоградская область;90_105_days;CoviVac;1;0;0;0;2;0;0;0;3;0;0;0;14139;537;25;8;7520;1041;149;89;21659;1578;174;97
2022.08_13-10-2022;Волгоградская область;90_105_days;EpiVacCorona;3;0;0;0;2;2;1;0;5;2;1;0;14139;537;25;8;7520;1041;149;89;21659;1578;174;97
2022.08_13-10-2022;Волгоградская область;90_105_days;SputnikLite;4;0;0;0;3;1;0;0;7;1;0;0;14139;537;25;8;7520;1041;149;89;21659;1578;174;97
2022.08_13-10-2022;Волгоградская область;90_105_days;SputnikV;35;0;0;0;16;2;0;0;51;2;0;0;14139;537;25;8;7520;1041;149;89;21659;1578;174;97
2022.08_13-10-2022;Вологодская область;105_165_days;AllVaccines;75;2;0;0;51;4;0;1;126;6;0;1;4971;198;7;3;2485;317;46;32;7456;515;53;35
2022.08_13-10-2022;Вологодская область;105_165_days;CoviVac;2;0;0;0;0;0;0;0;2;0;0;0;4971;198;7;3;2485;317;46;32;7456;515;53;35
2022.08_13-10-2022;Вологодская область;105_165_days;EpiVacCorona;1;0;0;0;0;0;0;0;1;0;0;0;4971;198;7;3;2485;317;46;32;7456;515;53;35
2022.08_13-10-2022;Вологодская область;105_165_days;SputnikLite;19;0;0;0;6;0;0;0;25;0;0;0;4971;198;7;3;2485;317;46;32;7456;515;53;35
2022.08_13-10-2022;Вологодская область;105_165_days;SputnikV;53;2;0;0;45;4;0;1;98;6;0;1;4971;198;7;3;2485;317;46;32;7456;515;53;35
2022.08_13-10-2022;Вологодская область;165_195_days;AllVaccines;113;4;1;1;74;12;0;0;187;16;1;1;4971;198;7;3;2485;317;46;32;7456;515;53;35
2022.08_13-10-2022;Вологодская область;165_195_days;CoviVac;2;0;0;0;1;0;0;0;3;0;0;0;4971;198;7;3;2485;317;46;32;7456;515;53;35
2022.08_13-10-2022;Вологодская область;165_195_days;EpiVacCorona;6;1;1;1;2;0;0;0;8;1;1;1;4971;198;7;3;2485;317;46;32;7456;515;53;35
2022.08_13-10-2022;Вологодская область;165_195_days;SputnikLite;49;1;0;0;22;2;0;0;71;3;0;0;4971;198;7;3;2485;317;46;32;7456;515;53;35
2022.08_13-10-2022;Вологодская область;165_195_days;SputnikV;56;2;0;0;49;10;0;0;105;12;0;0;4971;198;7;3;2485;317;46;32;7456;515;53;35
2022.08_13-10-2022;Вологодская область;21_45_days;AllVaccines;7;0;0;0;5;0;0;0;12;0;0;0;4971;198;7;3;2485;317;46;32;7456;515;53;35
2022.08_13-10-2022;Вологодская область;21_45_days;SputnikV;7;0;0;0;5;0;0;0;12;0;0;0;4971;198;7;3;2485;317;46;32;7456;515;53;35
2022.08_13-10-2022;Вологодская область;45_75_days;AllVaccines;14;0;0;0;18;3;0;0;32;3;0;0;4971;198;7;3;2485;317;46;32;7456;515;53;35
2022.08_13-10-2022;Вологодская область;45_75_days;CoviVac;0;0;0;0;1;0;0;0;1;0;0;0;4971;198;7;3;2485;317;46;32;7456;515;53;35
2022.08_13-10-2022;Вологодская область;45_75_days;EpiVacCorona;1;0;0;0;1;1;0;0;2;1;0;0;4971;198;7;3;2485;317;46;32;7456;515;53;35
2022.08_13-10-2022;Вологодская область;45_75_days;SputnikLite;1;0;0;0;0;0;0;0;1;0;0;0;4971;198;7;3;2485;317;46;32;7456;515;53;35
2022.08_13-10-2022;Вологодская область;45_75_days;SputnikV;12;0;0;0;16;2;0;0;28;2;0;0;4971;198;7;3;2485;317;46;32;7456;515;53;35
2022.08_13-10-2022;Вологодская область;75_90_days;AllVaccines;10;1;0;0;14;2;0;0;24;3;0;0;4971;198;7;3;2485;317;46;32;7456;515;53;35
2022.08_13-10-2022;Вологодская область;75_90_days;CoviVac;1;0;0;0;0;0;0;0;1;0;0;0;4971;198;7;3;2485;317;46;32;7456;515;53;35
2022.08_13-10-2022;Вологодская область;75_90_days;SputnikLite;1;0;0;0;1;1;0;0;2;1;0;0;4971;198;7;3;2485;317;46;32;7456;515;53;35
2022.08_13-10-2022;Вологодская область;75_90_days;SputnikV;8;1;0;0;13;1;0;0;21;2;0;0;4971;198;7;3;2485;317;46;32;7456;515;53;35
2022.08_13-10-2022;Вологодская область;90_105_days;AllVaccines;15;1;0;0;9;0;0;0;24;1;0;0;4971;198;7;3;2485;317;46;32;7456;515;53;35
2022.08_13-10-2022;Вологодская область;90_105_days;CoviVac;1;0;0;0;0;0;0;0;1;0;0;0;4971;198;7;3;2485;317;46;32;7456;515;53;35
2022.08_13-10-2022;Вологодская область;90_105_days;EpiVacCorona;1;0;0;0;0;0;0;0;1;0;0;0;4971;198;7;3;2485;317;46;32;7456;515;53;35
2022.08_13-10-2022;Вологодская область;90_105_days;SputnikLite;0;0;0;0;1;0;0;0;1;0;0;0;4971;198;7;3;2485;317;46;32;7456;515;53;35
2022.08_13-10-2022;Вологодская область;90_105_days;SputnikV;13;1;0;0;8;0;0;0;21;1;0;0;4971;198;7;3;2485;317;46;32;7456;515;53;35
2022.08_13-10-2022;Воронежская область;105_165_days;AllVaccines;321;7;1;0;245;14;0;0;566;21;1;0;13362;341;20;10;6948;683;83;57;20310;1024;103;67
2022.08_13-10-2022;Воронежская область;105_165_days;CoviVac;12;1;0;0;7;1;0;0;19;2;0;0;13362;341;20;10;6948;683;83;57;20310;1024;103;67
2022.08_13-10-2022;Воронежская область;105_165_days;EpiVacCorona;34;0;0;0;27;3;0;0;61;3;0;0;13362;341;20;10;6948;683;83;57;20310;1024;103;67
2022.08_13-10-2022;Воронежская область;105_165_days;SputnikLite;85;1;0;0;60;3;0;0;145;4;0;0;13362;341;20;10;6948;683;83;57;20310;1024;103;67
2022.08_13-10-2022;Воронежская область;105_165_days;SputnikV;190;5;1;0;151;7;0;0;341;12;1;0;13362;341;20;10;6948;683;83;57;20310;1024;103;67
2022.08_13-10-2022;Воронежская область;165_195_days;AllVaccines;375;11;0;0;264;24;4;1;639;35;4;1;13362;341;20;10;6948;683;83;57;20310;1024;103;67
2022.08_13-10-2022;Воронежская область;165_195_days;CoviVac;10;0;0;0;2;1;0;0;12;1;0;0;13362;341;20;10;6948;683;83;57;20310;1024;103;67
2022.08_13-10-2022;Воронежская область;165_195_days;EpiVacCorona;9;1;0;0;12;0;0;0;21;1;0;0;13362;341;20;10;6948;683;83;57;20310;1024;103;67
2022.08_13-10-2022;Воронежская область;165_195_days;SputnikLite;191;3;0;0;110;9;1;0;301;12;1;0;13362;341;20;10;6948;683;83;57;20310;1024;103;67
2022.08_13-10-2022;Воронежская область;165_195_days;SputnikV;165;7;0;0;140;14;3;1;305;21;3;1;13362;341;20;10;6948;683;83;57;20310;1024;103;67
2022.08_13-10-2022;Воронежская область;21_45_days;AllVaccines;69;2;0;0;63;7;1;1;132;9;1;1;13362;341;20;10;6948;683;83;57;20310;1024;103;67
2022.08_13-10-2022;Воронежская область;21_45_days;CoviVac;1;0;0;0;0;0;0;0;1;0;0;0;13362;341;20;10;6948;683;83;57;20310;1024;103;67
2022.08_13-10-2022;Воронежская область;21_45_days;EpiVacCorona;6;1;0;0;7;2;0;0;13;3;0;0;13362;341;20;10;6948;683;83;57;20310;1024;103;67
2022.08_13-10-2022;Воронежская область;21_45_days;SputnikLite;4;0;0;0;1;0;0;0;5;0;0;0;13362;341;20;10;6948;683;83;57;20310;1024;103;67
2022.08_13-10-2022;Воронежская область;21_45_days;SputnikV;58;1;0;0;55;5;1;1;113;6;1;1;13362;341;20;10;6948;683;83;57;20310;1024;103;67
2022.08_13-10-2022;Воронежская область;45_75_days;AllVaccines;142;2;0;0;111;11;2;2;253;13;2;2;13362;341;20;10;6948;683;83;57;20310;1024;103;67
2022.08_13-10-2022;Воронежская область;45_75_days;CoviVac;3;0;0;0;2;0;0;0;5;0;0;0;13362;341;20;10;6948;683;83;57;20310;1024;103;67
2022.08_13-10-2022;Воронежская область;45_75_days;EpiVacCorona;10;0;0;0;13;0;0;0;23;0;0;0;13362;341;20;10;6948;683;83;57;20310;1024;103;67
2022.08_13-10-2022;Воронежская область;45_75_days;SputnikLite;15;0;0;0;8;1;0;0;23;1;0;0;13362;341;20;10;6948;683;83;57;20310;1024;103;67
2022.08_13-10-2022;Воронежская область;45_75_days;SputnikV;114;2;0;0;88;10;2;2;202;12;2;2;13362;341;20;10;6948;683;83;57;20310;1024;103;67
2022.08_13-10-2022;Воронежская область;75_90_days;AllVaccines;54;0;0;0;46;3;0;0;100;3;0;0;13362;341;20;10;6948;683;83;57;20310;1024;103;67
2022.08_13-10-2022;Воронежская область;75_90_days;CoviVac;1;0;0;0;2;0;0;0;3;0;0;0;13362;341;20;10;6948;683;83;57;20310;1024;103;67
2022.08_13-10-2022;Воронежская область;75_90_days;EpiVacCorona;1;0;0;0;4;0;0;0;5;0;0;0;13362;341;20;10;6948;683;83;57;20310;1024;103;67
2022.08_13-10-2022;Воронежская область;75_90_days;SputnikLite;17;0;0;0;10;0;0;0;27;0;0;0;13362;341;20;10;6948;683;83;57;20310;1024;103;67
2022.08_13-10-2022;Воронежская область;75_90_days;SputnikV;35;0;0;0;30;3;0;0;65;3;0;0;13362;341;20;10;6948;683;83;57;20310;1024;103;67
2022.08_13-10-2022;Воронежская область;90_105_days;AllVaccines;61;4;0;0;36;1;0;0;97;5;0;0;13362;341;20;10;6948;683;83;57;20310;1024;103;67
2022.08_13-10-2022;Воронежская область;90_105_days;CoviVac;0;0;0;0;1;0;0;0;1;0;0;0;13362;341;20;10;6948;683;83;57;20310;1024;103;67
2022.08_13-10-2022;Воронежская область;90_105_days;EpiVacCorona;7;1;0;0;5;0;0;0;12;1;0;0;13362;341;20;10;6948;683;83;57;20310;1024;103;67
2022.08_13-10-2022;Воронежская область;90_105_days;SputnikLite;12;0;0;0;16;1;0;0;28;1;0;0;13362;341;20;10;6948;683;83;57;20310;1024;103;67
2022.08_13-10-2022;Воронежская область;90_105_days;SputnikV;42;3;0;0;14;0;0;0;56;3;0;0;13362;341;20;10;6948;683;83;57;20310;1024;103;67
2022.08_13-10-2022;Еврейская автономная область;105_165_days;AllVaccines;10;0;0;0;9;4;0;0;19;4;0;0;602;54;0;2;303;94;0;7;905;148;0;9
2022.08_13-10-2022;Еврейская автономная область;105_165_days;CoviVac;1;0;0;0;0;0;0;0;1;0;0;0;602;54;0;2;303;94;0;7;905;148;0;9
2022.08_13-10-2022;Еврейская автономная область;105_165_days;EpiVacCorona;4;0;0;0;2;1;0;0;6;1;0;0;602;54;0;2;303;94;0;7;905;148;0;9
2022.08_13-10-2022;Еврейская автономная область;105_165_days;SputnikLite;0;0;0;0;3;1;0;0;3;1;0;0;602;54;0;2;303;94;0;7;905;148;0;9
2022.08_13-10-2022;Еврейская автономная область;105_165_days;SputnikV;5;0;0;0;4;2;0;0;9;2;0;0;602;54;0;2;303;94;0;7;905;148;0;9
2022.08_13-10-2022;Еврейская автономная область;165_195_days;AllVaccines;49;5;0;0;22;8;0;0;71;13;0;0;602;54;0;2;303;94;0;7;905;148;0;9
2022.08_13-10-2022;Еврейская автономная область;165_195_days;CoviVac;4;0;0;0;1;0;0;0;5;0;0;0;602;54;0;2;303;94;0;7;905;148;0;9
2022.08_13-10-2022;Еврейская автономная область;165_195_days;EpiVacCorona;8;1;0;0;6;2;0;0;14;3;0;0;602;54;0;2;303;94;0;7;905;148;0;9
2022.08_13-10-2022;Еврейская автономная область;165_195_days;SputnikLite;30;2;0;0;11;4;0;0;41;6;0;0;602;54;0;2;303;94;0;7;905;148;0;9
2022.08_13-10-2022;Еврейская автономная область;165_195_days;SputnikV;7;2;0;0;4;2;0;0;11;4;0;0;602;54;0;2;303;94;0;7;905;148;0;9
2022.08_13-10-2022;Еврейская автономная область;21_45_days;AllVaccines;5;4;0;0;3;2;0;0;8;6;0;0;602;54;0;2;303;94;0;7;905;148;0;9
2022.08_13-10-2022;Еврейская автономная область;21_45_days;SputnikV;5;4;0;0;3;2;0;0;8;6;0;0;602;54;0;2;303;94;0;7;905;148;0;9
2022.08_13-10-2022;Еврейская автономная область;45_75_days;AllVaccines;13;3;0;0;3;2;0;0;16;5;0;0;602;54;0;2;303;94;0;7;905;148;0;9
2022.08_13-10-2022;Еврейская автономная область;45_75_days;EpiVacCorona;3;0;0;0;0;0;0;0;3;0;0;0;602;54;0;2;303;94;0;7;905;148;0;9
2022.08_13-10-2022;Еврейская автономная область;45_75_days;SputnikV;10;3;0;0;3;2;0;0;13;5;0;0;602;54;0;2;303;94;0;7;905;148;0;9
2022.08_13-10-2022;Еврейская автономная область;75_90_days;AllVaccines;2;0;0;0;2;0;0;0;4;0;0;0;602;54;0;2;303;94;0;7;905;148;0;9
2022.08_13-10-2022;Еврейская автономная область;75_90_days;EpiVacCorona;1;0;0;0;0;0;0;0;1;0;0;0;602;54;0;2;303;94;0;7;905;148;0;9
2022.08_13-10-2022;Еврейская автономная область;75_90_days;SputnikV;1;0;0;0;2;0;0;0;3;0;0;0;602;54;0;2;303;94;0;7;905;148;0;9
2022.08_13-10-2022;Еврейская автономная область;90_105_days;AllVaccines;4;0;0;0;0;0;0;0;4;0;0;0;602;54;0;2;303;94;0;7;905;148;0;9
2022.08_13-10-2022;Еврейская автономная область;90_105_days;SputnikV;4;0;0;0;0;0;0;0;4;0;0;0;602;54;0;2;303;94;0;7;905;148;0;9
2022.08_13-10-2022;Забайкальский край;105_165_days;AllVaccines;153;5;0;0;98;12;0;0;251;17;0;0;3455;243;6;3;1661;251;25;11;5116;494;31;14
2022.08_13-10-2022;Забайкальский край;105_165_days;CoviVac;12;1;0;0;3;0;0;0;15;1;0;0;3455;243;6;3;1661;251;25;11;5116;494;31;14
2022.08_13-10-2022;Забайкальский край;105_165_days;EpiVacCorona;13;1;0;0;11;1;0;0;24;2;0;0;3455;243;6;3;1661;251;25;11;5116;494;31;14
2022.08_13-10-2022;Забайкальский край;105_165_days;SputnikLite;11;1;0;0;3;1;0;0;14;2;0;0;3455;243;6;3;1661;251;25;11;5116;494;31;14
2022.08_13-10-2022;Забайкальский край;105_165_days;SputnikV;117;2;0;0;81;10;0;0;198;12;0;0;3455;243;6;3;1661;251;25;11;5116;494;31;14
2022.08_13-10-2022;Забайкальский край;165_195_days;AllVaccines;208;6;0;0;98;11;0;0;306;17;0;0;3455;243;6;3;1661;251;25;11;5116;494;31;14
2022.08_13-10-2022;Забайкальский край;165_195_days;CoviVac;11;0;0;0;1;0;0;0;12;0;0;0;3455;243;6;3;1661;251;25;11;5116;494;31;14
2022.08_13-10-2022;Забайкальский край;165_195_days;EpiVacCorona;24;1;0;0;9;2;0;0;33;3;0;0;3455;243;6;3;1661;251;25;11;5116;494;31;14
2022.08_13-10-2022;Забайкальский край;165_195_days;SputnikLite;54;1;0;0;6;1;0;0;60;2;0;0;3455;243;6;3;1661;251;25;11;5116;494;31;14
2022.08_13-10-2022;Забайкальский край;165_195_days;SputnikV;119;4;0;0;82;8;0;0;201;12;0;0;3455;243;6;3;1661;251;25;11;5116;494;31;14
2022.08_13-10-2022;Забайкальский край;21_45_days;AllVaccines;15;0;0;0;7;1;0;0;22;1;0;0;3455;243;6;3;1661;251;25;11;5116;494;31;14
2022.08_13-10-2022;Забайкальский край;21_45_days;CoviVac;0;0;0;0;1;0;0;0;1;0;0;0;3455;243;6;3;1661;251;25;11;5116;494;31;14
2022.08_13-10-2022;Забайкальский край;21_45_days;EpiVacCorona;0;0;0;0;1;0;0;0;1;0;0;0;3455;243;6;3;1661;251;25;11;5116;494;31;14
2022.08_13-10-2022;Забайкальский край;21_45_days;SputnikV;15;0;0;0;5;1;0;0;20;1;0;0;3455;243;6;3;1661;251;25;11;5116;494;31;14
2022.08_13-10-2022;Забайкальский край;45_75_days;AllVaccines;52;4;0;0;23;5;0;0;75;9;0;0;3455;243;6;3;1661;251;25;11;5116;494;31;14
2022.08_13-10-2022;Забайкальский край;45_75_days;CoviVac;9;1;0;0;2;2;0;0;11;3;0;0;3455;243;6;3;1661;251;25;11;5116;494;31;14
2022.08_13-10-2022;Забайкальский край;45_75_days;EpiVacCorona;12;0;0;0;7;0;0;0;19;0;0;0;3455;243;6;3;1661;251;25;11;5116;494;31;14
2022.08_13-10-2022;Забайкальский край;45_75_days;SputnikLite;4;0;0;0;0;0;0;0;4;0;0;0;3455;243;6;3;1661;251;25;11;5116;494;31;14
2022.08_13-10-2022;Забайкальский край;45_75_days;SputnikV;27;3;0;0;14;3;0;0;41;6;0;0;3455;243;6;3;1661;251;25;11;5116;494;31;14
2022.08_13-10-2022;Забайкальский край;75_90_days;AllVaccines;25;0;0;0;16;0;0;0;41;0;0;0;3455;243;6;3;1661;251;25;11;5116;494;31;14
2022.08_13-10-2022;Забайкальский край;75_90_days;CoviVac;4;0;0;0;2;0;0;0;6;0;0;0;3455;243;6;3;1661;251;25;11;5116;494;31;14
2022.08_13-10-2022;Забайкальский край;75_90_days;EpiVacCorona;1;0;0;0;5;0;0;0;6;0;0;0;3455;243;6;3;1661;251;25;11;5116;494;31;14
2022.08_13-10-2022;Забайкальский край;75_90_days;SputnikLite;2;0;0;0;1;0;0;0;3;0;0;0;3455;243;6;3;1661;251;25;11;5116;494;31;14
2022.08_13-10-2022;Забайкальский край;75_90_days;SputnikV;18;0;0;0;8;0;0;0;26;0;0;0;3455;243;6;3;1661;251;25;11;5116;494;31;14
2022.08_13-10-2022;Забайкальский край;90_105_days;AllVaccines;21;1;0;0;25;1;0;0;46;2;0;0;3455;243;6;3;1661;251;25;11;5116;494;31;14
2022.08_13-10-2022;Забайкальский край;90_105_days;CoviVac;3;0;0;0;1;0;0;0;4;0;0;0;3455;243;6;3;1661;251;25;11;5116;494;31;14
2022.08_13-10-2022;Забайкальский край;90_105_days;EpiVacCorona;3;0;0;0;5;0;0;0;8;0;0;0;3455;243;6;3;1661;251;25;11;5116;494;31;14
2022.08_13-10-2022;Забайкальский край;90_105_days;SputnikLite;2;0;0;0;0;0;0;0;2;0;0;0;3455;243;6;3;1661;251;25;11;5116;494;31;14
2022.08_13-10-2022;Забайкальский край;90_105_days;SputnikV;13;1;0;0;19;1;0;0;32;2;0;0;3455;243;6;3;1661;251;25;11;5116;494;31;14
2022.08_13-10-2022;Ивановская область;105_165_days;AllVaccines;59;2;0;0;45;1;0;0;104;3;0;0;4615;155;1;8;3229;318;4;37;7844;473;5;45
2022.08_13-10-2022;Ивановская область;105_165_days;CoviVac;3;1;0;0;0;0;0;0;3;1;0;0;4615;155;1;8;3229;318;4;37;7844;473;5;45
2022.08_13-10-2022;Ивановская область;105_165_days;EpiVacCorona;1;0;0;0;0;0;0;0;1;0;0;0;4615;155;1;8;3229;318;4;37;7844;473;5;45
2022.08_13-10-2022;Ивановская область;105_165_days;SputnikLite;21;0;0;0;24;1;0;0;45;1;0;0;4615;155;1;8;3229;318;4;37;7844;473;5;45
2022.08_13-10-2022;Ивановская область;105_165_days;SputnikV;34;1;0;0;21;0;0;0;55;1;0;0;4615;155;1;8;3229;318;4;37;7844;473;5;45
2022.08_13-10-2022;Ивановская область;165_195_days;AllVaccines;116;1;0;0;92;6;0;0;208;7;0;0;4615;155;1;8;3229;318;4;37;7844;473;5;45
2022.08_13-10-2022;Ивановская область;165_195_days;CoviVac;4;0;0;0;0;0;0;0;4;0;0;0;4615;155;1;8;3229;318;4;37;7844;473;5;45
2022.08_13-10-2022;Ивановская область;165_195_days;EpiVacCorona;5;0;0;0;2;0;0;0;7;0;0;0;4615;155;1;8;3229;318;4;37;7844;473;5;45
2022.08_13-10-2022;Ивановская область;165_195_days;SputnikLite;50;0;0;0;42;4;0;0;92;4;0;0;4615;155;1;8;3229;318;4;37;7844;473;5;45
2022.08_13-10-2022;Ивановская область;165_195_days;SputnikV;57;1;0;0;48;2;0;0;105;3;0;0;4615;155;1;8;3229;318;4;37;7844;473;5;45
2022.08_13-10-2022;Ивановская область;21_45_days;AllVaccines;11;0;0;0;8;1;0;0;19;1;0;0;4615;155;1;8;3229;318;4;37;7844;473;5;45
2022.08_13-10-2022;Ивановская область;21_45_days;SputnikLite;3;0;0;0;0;0;0;0;3;0;0;0;4615;155;1;8;3229;318;4;37;7844;473;5;45
2022.08_13-10-2022;Ивановская область;21_45_days;SputnikV;8;0;0;0;8;1;0;0;16;1;0;0;4615;155;1;8;3229;318;4;37;7844;473;5;45
2022.08_13-10-2022;Ивановская область;45_75_days;AllVaccines;13;1;0;0;23;3;0;0;36;4;0;0;4615;155;1;8;3229;318;4;37;7844;473;5;45
2022.08_13-10-2022;Ивановская область;45_75_days;CoviVac;1;0;0;0;1;0;0;0;2;0;0;0;4615;155;1;8;3229;318;4;37;7844;473;5;45
2022.08_13-10-2022;Ивановская область;45_75_days;EpiVacCorona;2;0;0;0;1;0;0;0;3;0;0;0;4615;155;1;8;3229;318;4;37;7844;473;5;45
2022.08_13-10-2022;Ивановская область;45_75_days;SputnikLite;3;0;0;0;5;0;0;0;8;0;0;0;4615;155;1;8;3229;318;4;37;7844;473;5;45
2022.08_13-10-2022;Ивановская область;45_75_days;SputnikV;7;1;0;0;16;3;0;0;23;4;0;0;4615;155;1;8;3229;318;4;37;7844;473;5;45
2022.08_13-10-2022;Ивановская область;75_90_days;AllVaccines;15;0;0;0;17;0;0;0;32;0;0;0;4615;155;1;8;3229;318;4;37;7844;473;5;45
2022.08_13-10-2022;Ивановская область;75_90_days;CoviVac;2;0;0;0;1;0;0;0;3;0;0;0;4615;155;1;8;3229;318;4;37;7844;473;5;45
2022.08_13-10-2022;Ивановская область;75_90_days;EpiVacCorona;0;0;0;0;4;0;0;0;4;0;0;0;4615;155;1;8;3229;318;4;37;7844;473;5;45
2022.08_13-10-2022;Ивановская область;75_90_days;SputnikLite;5;0;0;0;8;0;0;0;13;0;0;0;4615;155;1;8;3229;318;4;37;7844;473;5;45
2022.08_13-10-2022;Ивановская область;75_90_days;SputnikV;8;0;0;0;4;0;0;0;12;0;0;0;4615;155;1;8;3229;318;4;37;7844;473;5;45
2022.08_13-10-2022;Ивановская область;90_105_days;AllVaccines;7;0;0;0;10;0;0;0;17;0;0;0;4615;155;1;8;3229;318;4;37;7844;473;5;45
2022.08_13-10-2022;Ивановская область;90_105_days;EpiVacCorona;0;0;0;0;1;0;0;0;1;0;0;0;4615;155;1;8;3229;318;4;37;7844;473;5;45
2022.08_13-10-2022;Ивановская область;90_105_days;SputnikLite;3;0;0;0;1;0;0;0;4;0;0;0;4615;155;1;8;3229;318;4;37;7844;473;5;45
2022.08_13-10-2022;Ивановская область;90_105_days;SputnikV;4;0;0;0;8;0;0;0;12;0;0;0;4615;155;1;8;3229;318;4;37;7844;473;5;45
2022.08_13-10-2022;Иркутская область;105_165_days;AllVaccines;180;11;0;0;131;26;1;1;311;37;1;1;13410;734;42;16;5857;1399;125;67;19267;2133;167;83
2022.08_13-10-2022;Иркутская область;105_165_days;CoviVac;4;0;0;0;5;1;0;0;9;1;0;0;13410;734;42;16;5857;1399;125;67;19267;2133;167;83
2022.08_13-10-2022;Иркутская область;105_165_days;EpiVacCorona;10;0;0;0;7;2;0;0;17;2;0;0;13410;734;42;16;5857;1399;125;67;19267;2133;167;83
2022.08_13-10-2022;Иркутская область;105_165_days;SputnikLite;35;5;0;0;19;5;0;0;54;10;0;0;13410;734;42;16;5857;1399;125;67;19267;2133;167;83
2022.08_13-10-2022;Иркутская область;105_165_days;SputnikV;131;6;0;0;100;18;1;1;231;24;1;1;13410;734;42;16;5857;1399;125;67;19267;2133;167;83
2022.08_13-10-2022;Иркутская область;165_195_days;AllVaccines;458;20;1;0;226;45;3;1;684;65;4;1;13410;734;42;16;5857;1399;125;67;19267;2133;167;83
2022.08_13-10-2022;Иркутская область;165_195_days;CoviVac;8;0;0;0;1;0;0;0;9;0;0;0;13410;734;42;16;5857;1399;125;67;19267;2133;167;83
2022.08_13-10-2022;Иркутская область;165_195_days;EpiVacCorona;9;0;0;0;10;2;0;0;19;2;0;0;13410;734;42;16;5857;1399;125;67;19267;2133;167;83
2022.08_13-10-2022;Иркутская область;165_195_days;SputnikLite;187;13;1;0;89;19;0;0;276;32;1;0;13410;734;42;16;5857;1399;125;67;19267;2133;167;83
2022.08_13-10-2022;Иркутская область;165_195_days;SputnikV;254;7;0;0;126;24;3;1;380;31;3;1;13410;734;42;16;5857;1399;125;67;19267;2133;167;83
2022.08_13-10-2022;Иркутская область;21_45_days;AllVaccines;48;2;0;0;32;8;1;0;80;10;1;0;13410;734;42;16;5857;1399;125;67;19267;2133;167;83
2022.08_13-10-2022;Иркутская область;21_45_days;CoviVac;1;0;0;0;2;0;0;0;3;0;0;0;13410;734;42;16;5857;1399;125;67;19267;2133;167;83
2022.08_13-10-2022;Иркутская область;21_45_days;EpiVacCorona;5;0;0;0;2;1;0;0;7;1;0;0;13410;734;42;16;5857;1399;125;67;19267;2133;167;83
2022.08_13-10-2022;Иркутская область;21_45_days;SputnikV;42;2;0;0;28;7;1;0;70;9;1;0;13410;734;42;16;5857;1399;125;67;19267;2133;167;83
2022.08_13-10-2022;Иркутская область;45_75_days;AllVaccines;78;2;0;0;68;13;0;0;146;15;0;0;13410;734;42;16;5857;1399;125;67;19267;2133;167;83
2022.08_13-10-2022;Иркутская область;45_75_days;CoviVac;4;0;0;0;3;0;0;0;7;0;0;0;13410;734;42;16;5857;1399;125;67;19267;2133;167;83
2022.08_13-10-2022;Иркутская область;45_75_days;EpiVacCorona;7;1;0;0;5;2;0;0;12;3;0;0;13410;734;42;16;5857;1399;125;67;19267;2133;167;83
2022.08_13-10-2022;Иркутская область;45_75_days;SputnikLite;2;0;0;0;1;0;0;0;3;0;0;0;13410;734;42;16;5857;1399;125;67;19267;2133;167;83
2022.08_13-10-2022;Иркутская область;45_75_days;SputnikV;65;1;0;0;59;11;0;0;124;12;0;0;13410;734;42;16;5857;1399;125;67;19267;2133;167;83
2022.08_13-10-2022;Иркутская область;75_90_days;AllVaccines;43;2;0;0;23;4;0;0;66;6;0;0;13410;734;42;16;5857;1399;125;67;19267;2133;167;83
2022.08_13-10-2022;Иркутская область;75_90_days;CoviVac;6;0;0;0;2;1;0;0;8;1;0;0;13410;734;42;16;5857;1399;125;67;19267;2133;167;83
2022.08_13-10-2022;Иркутская область;75_90_days;EpiVacCorona;3;0;0;0;0;0;0;0;3;0;0;0;13410;734;42;16;5857;1399;125;67;19267;2133;167;83
2022.08_13-10-2022;Иркутская область;75_90_days;SputnikLite;4;0;0;0;0;0;0;0;4;0;0;0;13410;734;42;16;5857;1399;125;67;19267;2133;167;83
2022.08_13-10-2022;Иркутская область;75_90_days;SputnikV;30;2;0;0;21;3;0;0;51;5;0;0;13410;734;42;16;5857;1399;125;67;19267;2133;167;83
2022.08_13-10-2022;Иркутская область;90_105_days;AllVaccines;27;0;0;0;21;5;0;0;48;5;0;0;13410;734;42;16;5857;1399;125;67;19267;2133;167;83
2022.08_13-10-2022;Иркутская область;90_105_days;CoviVac;1;0;0;0;0;0;0;0;1;0;0;0;13410;734;42;16;5857;1399;125;67;19267;2133;167;83
2022.08_13-10-2022;Иркутская область;90_105_days;EpiVacCorona;1;0;0;0;1;0;0;0;2;0;0;0;13410;734;42;16;5857;1399;125;67;19267;2133;167;83
2022.08_13-10-2022;Иркутская область;90_105_days;SputnikLite;3;0;0;0;0;0;0;0;3;0;0;0;13410;734;42;16;5857;1399;125;67;19267;2133;167;83
2022.08_13-10-2022;Иркутская область;90_105_days;SputnikV;22;0;0;0;20;5;0;0;42;5;0;0;13410;734;42;16;5857;1399;125;67;19267;2133;167;83
2022.08_13-10-2022;Кабардино-Балкарская Республика;105_165_days;AllVaccines;45;0;0;0;27;5;0;0;72;5;0;0;2620;147;14;1;1535;114;31;9;4155;261;45;10
2022.08_13-10-2022;Кабардино-Балкарская Республика;105_165_days;CoviVac;3;0;0;0;1;0;0;0;4;0;0;0;2620;147;14;1;1535;114;31;9;4155;261;45;10
2022.08_13-10-2022;Кабардино-Балкарская Республика;105_165_days;EpiVacCorona;3;0;0;0;1;0;0;0;4;0;0;0;2620;147;14;1;1535;114;31;9;4155;261;45;10
2022.08_13-10-2022;Кабардино-Балкарская Республика;105_165_days;SputnikLite;18;0;0;0;7;1;0;0;25;1;0;0;2620;147;14;1;1535;114;31;9;4155;261;45;10
2022.08_13-10-2022;Кабардино-Балкарская Республика;105_165_days;SputnikV;21;0;0;0;18;4;0;0;39;4;0;0;2620;147;14;1;1535;114;31;9;4155;261;45;10
2022.08_13-10-2022;Кабардино-Балкарская Республика;165_195_days;AllVaccines;92;3;0;0;53;2;0;0;145;5;0;0;2620;147;14;1;1535;114;31;9;4155;261;45;10
2022.08_13-10-2022;Кабардино-Балкарская Республика;165_195_days;CoviVac;1;0;0;0;1;0;0;0;2;0;0;0;2620;147;14;1;1535;114;31;9;4155;261;45;10
2022.08_13-10-2022;Кабардино-Балкарская Республика;165_195_days;EpiVacCorona;5;0;0;0;2;0;0;0;7;0;0;0;2620;147;14;1;1535;114;31;9;4155;261;45;10
2022.08_13-10-2022;Кабардино-Балкарская Республика;165_195_days;SputnikLite;58;0;0;0;17;0;0;0;75;0;0;0;2620;147;14;1;1535;114;31;9;4155;261;45;10
2022.08_13-10-2022;Кабардино-Балкарская Республика;165_195_days;SputnikV;28;3;0;0;33;2;0;0;61;5;0;0;2620;147;14;1;1535;114;31;9;4155;261;45;10
2022.08_13-10-2022;Кабардино-Балкарская Республика;21_45_days;AllVaccines;12;1;1;0;3;1;0;0;15;2;1;0;2620;147;14;1;1535;114;31;9;4155;261;45;10
2022.08_13-10-2022;Кабардино-Балкарская Республика;21_45_days;CoviVac;1;0;0;0;0;0;0;0;1;0;0;0;2620;147;14;1;1535;114;31;9;4155;261;45;10
2022.08_13-10-2022;Кабардино-Балкарская Республика;21_45_days;SputnikV;11;1;1;0;3;1;0;0;14;2;1;0;2620;147;14;1;1535;114;31;9;4155;261;45;10
2022.08_13-10-2022;Кабардино-Балкарская Республика;45_75_days;AllVaccines;14;0;0;0;11;0;0;0;25;0;0;0;2620;147;14;1;1535;114;31;9;4155;261;45;10
2022.08_13-10-2022;Кабардино-Балкарская Республика;45_75_days;CoviVac;0;0;0;0;2;0;0;0;2;0;0;0;2620;147;14;1;1535;114;31;9;4155;261;45;10
2022.08_13-10-2022;Кабардино-Балкарская Республика;45_75_days;SputnikV;14;0;0;0;9;0;0;0;23;0;0;0;2620;147;14;1;1535;114;31;9;4155;261;45;10
2022.08_13-10-2022;Кабардино-Балкарская Республика;75_90_days;AllVaccines;9;0;0;0;2;0;0;0;11;0;0;0;2620;147;14;1;1535;114;31;9;4155;261;45;10
2022.08_13-10-2022;Кабардино-Балкарская Республика;75_90_days;CoviVac;4;0;0;0;1;0;0;0;5;0;0;0;2620;147;14;1;1535;114;31;9;4155;261;45;10
2022.08_13-10-2022;Кабардино-Балкарская Республика;75_90_days;EpiVacCorona;2;0;0;0;0;0;0;0;2;0;0;0;2620;147;14;1;1535;114;31;9;4155;261;45;10
2022.08_13-10-2022;Кабардино-Балкарская Республика;75_90_days;SputnikV;3;0;0;0;1;0;0;0;4;0;0;0;2620;147;14;1;1535;114;31;9;4155;261;45;10
2022.08_13-10-2022;Кабардино-Балкарская Республика;90_105_days;AllVaccines;5;0;0;0;2;0;0;0;7;0;0;0;2620;147;14;1;1535;114;31;9;4155;261;45;10
2022.08_13-10-2022;Кабардино-Балкарская Республика;90_105_days;EpiVacCorona;1;0;0;0;0;0;0;0;1;0;0;0;2620;147;14;1;1535;114;31;9;4155;261;45;10
2022.08_13-10-2022;Кабардино-Балкарская Республика;90_105_days;SputnikLite;1;0;0;0;0;0;0;0;1;0;0;0;2620;147;14;1;1535;114;31;9;4155;261;45;10
2022.08_13-10-2022;Кабардино-Балкарская Республика;90_105_days;SputnikV;3;0;0;0;2;0;0;0;5;0;0;0;2620;147;14;1;1535;114;31;9;4155;261;45;10
2022.08_13-10-2022;Калининградская область;105_165_days;AllVaccines;65;3;0;0;79;17;2;1;144;20;2;1;3755;284;4;1;2387;550;26;19;6142;834;30;20
2022.08_13-10-2022;Калининградская область;105_165_days;CoviVac;5;0;0;0;3;1;0;0;8;1;0;0;3755;284;4;1;2387;550;26;19;6142;834;30;20
2022.08_13-10-2022;Калининградская область;105_165_days;EpiVacCorona;2;0;0;0;1;0;0;0;3;0;0;0;3755;284;4;1;2387;550;26;19;6142;834;30;20
2022.08_13-10-2022;Калининградская область;105_165_days;SputnikLite;20;1;0;0;24;5;0;0;44;6;0;0;3755;284;4;1;2387;550;26;19;6142;834;30;20
2022.08_13-10-2022;Калининградская область;105_165_days;SputnikV;38;2;0;0;51;11;2;1;89;13;2;1;3755;284;4;1;2387;550;26;19;6142;834;30;20
2022.08_13-10-2022;Калининградская область;165_195_days;AllVaccines;92;1;0;0;57;14;0;0;149;15;0;0;3755;284;4;1;2387;550;26;19;6142;834;30;20
2022.08_13-10-2022;Калининградская область;165_195_days;CoviVac;3;0;0;0;2;0;0;0;5;0;0;0;3755;284;4;1;2387;550;26;19;6142;834;30;20
2022.08_13-10-2022;Калининградская область;165_195_days;EpiVacCorona;0;0;0;0;2;1;0;0;2;1;0;0;3755;284;4;1;2387;550;26;19;6142;834;30;20
2022.08_13-10-2022;Калининградская область;165_195_days;SputnikLite;40;1;0;0;17;5;0;0;57;6;0;0;3755;284;4;1;2387;550;26;19;6142;834;30;20
2022.08_13-10-2022;Калининградская область;165_195_days;SputnikV;49;0;0;0;36;8;0;0;85;8;0;0;3755;284;4;1;2387;550;26;19;6142;834;30;20
2022.08_13-10-2022;Калининградская область;21_45_days;AllVaccines;15;1;0;0;16;2;0;0;31;3;0;0;3755;284;4;1;2387;550;26;19;6142;834;30;20
2022.08_13-10-2022;Калининградская область;21_45_days;SputnikLite;4;0;0;0;5;1;0;0;9;1;0;0;3755;284;4;1;2387;550;26;19;6142;834;30;20
2022.08_13-10-2022;Калининградская область;21_45_days;SputnikV;11;1;0;0;11;1;0;0;22;2;0;0;3755;284;4;1;2387;550;26;19;6142;834;30;20
2022.08_13-10-2022;Калининградская область;45_75_days;AllVaccines;18;0;0;0;31;10;0;0;49;10;0;0;3755;284;4;1;2387;550;26;19;6142;834;30;20
2022.08_13-10-2022;Калининградская область;45_75_days;CoviVac;2;0;0;0;4;0;0;0;6;0;0;0;3755;284;4;1;2387;550;26;19;6142;834;30;20
2022.08_13-10-2022;Калининградская область;45_75_days;EpiVacCorona;1;0;0;0;0;0;0;0;1;0;0;0;3755;284;4;1;2387;550;26;19;6142;834;30;20
2022.08_13-10-2022;Калининградская область;45_75_days;SputnikLite;5;0;0;0;3;1;0;0;8;1;0;0;3755;284;4;1;2387;550;26;19;6142;834;30;20
2022.08_13-10-2022;Калининградская область;45_75_days;SputnikV;10;0;0;0;24;9;0;0;34;9;0;0;3755;284;4;1;2387;550;26;19;6142;834;30;20
2022.08_13-10-2022;Калининградская область;75_90_days;AllVaccines;7;1;0;0;12;0;0;0;19;1;0;0;3755;284;4;1;2387;550;26;19;6142;834;30;20
2022.08_13-10-2022;Калининградская область;75_90_days;SputnikLite;2;0;0;0;4;0;0;0;6;0;0;0;3755;284;4;1;2387;550;26;19;6142;834;30;20
2022.08_13-10-2022;Калининградская область;75_90_days;SputnikV;5;1;0;0;8;0;0;0;13;1;0;0;3755;284;4;1;2387;550;26;19;6142;834;30;20
2022.08_13-10-2022;Калининградская область;90_105_days;AllVaccines;8;0;0;0;12;1;0;0;20;1;0;0;3755;284;4;1;2387;550;26;19;6142;834;30;20
2022.08_13-10-2022;Калининградская область;90_105_days;EpiVacCorona;1;0;0;0;0;0;0;0;1;0;0;0;3755;284;4;1;2387;550;26;19;6142;834;30;20
2022.08_13-10-2022;Калининградская область;90_105_days;SputnikLite;6;0;0;0;3;0;0;0;9;0;0;0;3755;284;4;1;2387;550;26;19;6142;834;30;20
2022.08_13-10-2022;Калининградская область;90_105_days;SputnikV;1;0;0;0;9;1;0;0;10;1;0;0;3755;284;4;1;2387;550;26;19;6142;834;30;20
2022.08_13-10-2022;Калужская область;105_165_days;AllVaccines;68;2;0;0;64;10;2;0;132;12;2;0;4512;150;14;7;2575;399;76;52;7087;549;90;59
2022.08_13-10-2022;Калужская область;105_165_days;CoviVac;3;0;0;0;0;0;0;0;3;0;0;0;4512;150;14;7;2575;399;76;52;7087;549;90;59
2022.08_13-10-2022;Калужская область;105_165_days;EpiVacCorona;5;0;0;0;4;1;1;0;9;1;1;0;4512;150;14;7;2575;399;76;52;7087;549;90;59
2022.08_13-10-2022;Калужская область;105_165_days;SputnikLite;9;0;0;0;13;0;1;0;22;0;1;0;4512;150;14;7;2575;399;76;52;7087;549;90;59
2022.08_13-10-2022;Калужская область;105_165_days;SputnikV;51;2;0;0;47;9;0;0;98;11;0;0;4512;150;14;7;2575;399;76;52;7087;549;90;59
2022.08_13-10-2022;Калужская область;165_195_days;AllVaccines;105;3;0;0;74;13;2;0;179;16;2;0;4512;150;14;7;2575;399;76;52;7087;549;90;59
2022.08_13-10-2022;Калужская область;165_195_days;CoviVac;1;0;0;0;0;0;0;0;1;0;0;0;4512;150;14;7;2575;399;76;52;7087;549;90;59
2022.08_13-10-2022;Калужская область;165_195_days;EpiVacCorona;2;0;0;0;0;0;0;0;2;0;0;0;4512;150;14;7;2575;399;76;52;7087;549;90;59
2022.08_13-10-2022;Калужская область;165_195_days;SputnikLite;47;3;0;0;24;5;0;0;71;8;0;0;4512;150;14;7;2575;399;76;52;7087;549;90;59
2022.08_13-10-2022;Калужская область;165_195_days;SputnikV;55;0;0;0;50;8;2;0;105;8;2;0;4512;150;14;7;2575;399;76;52;7087;549;90;59
2022.08_13-10-2022;Калужская область;21_45_days;AllVaccines;27;1;0;0;20;3;0;0;47;4;0;0;4512;150;14;7;2575;399;76;52;7087;549;90;59
2022.08_13-10-2022;Калужская область;21_45_days;SputnikLite;17;1;0;0;17;3;0;0;34;4;0;0;4512;150;14;7;2575;399;76;52;7087;549;90;59
2022.08_13-10-2022;Калужская область;21_45_days;SputnikV;10;0;0;0;3;0;0;0;13;0;0;0;4512;150;14;7;2575;399;76;52;7087;549;90;59
2022.08_13-10-2022;Калужская область;45_75_days;AllVaccines;29;1;0;0;30;1;0;0;59;2;0;0;4512;150;14;7;2575;399;76;52;7087;549;90;59
2022.08_13-10-2022;Калужская область;45_75_days;CoviVac;3;1;0;0;2;1;0;0;5;2;0;0;4512;150;14;7;2575;399;76;52;7087;549;90;59
2022.08_13-10-2022;Калужская область;45_75_days;EpiVacCorona;1;0;0;0;0;0;0;0;1;0;0;0;4512;150;14;7;2575;399;76;52;7087;549;90;59
2022.08_13-10-2022;Калужская область;45_75_days;SputnikLite;5;0;0;0;7;0;0;0;12;0;0;0;4512;150;14;7;2575;399;76;52;7087;549;90;59
2022.08_13-10-2022;Калужская область;45_75_days;SputnikV;20;0;0;0;21;0;0;0;41;0;0;0;4512;150;14;7;2575;399;76;52;7087;549;90;59
2022.08_13-10-2022;Калужская область;75_90_days;AllVaccines;9;0;0;0;5;2;0;0;14;2;0;0;4512;150;14;7;2575;399;76;52;7087;549;90;59
2022.08_13-10-2022;Калужская область;75_90_days;CoviVac;1;0;0;0;1;0;0;0;2;0;0;0;4512;150;14;7;2575;399;76;52;7087;549;90;59
2022.08_13-10-2022;Калужская область;75_90_days;EpiVacCorona;2;0;0;0;0;0;0;0;2;0;0;0;4512;150;14;7;2575;399;76;52;7087;549;90;59
2022.08_13-10-2022;Калужская область;75_90_days;SputnikLite;1;0;0;0;0;0;0;0;1;0;0;0;4512;150;14;7;2575;399;76;52;7087;549;90;59
2022.08_13-10-2022;Калужская область;75_90_days;SputnikV;5;0;0;0;4;2;0;0;9;2;0;0;4512;150;14;7;2575;399;76;52;7087;549;90;59
2022.08_13-10-2022;Калужская область;90_105_days;AllVaccines;12;0;0;0;12;1;0;0;24;1;0;0;4512;150;14;7;2575;399;76;52;7087;549;90;59
2022.08_13-10-2022;Калужская область;90_105_days;EpiVacCorona;2;0;0;0;1;0;0;0;3;0;0;0;4512;150;14;7;2575;399;76;52;7087;549;90;59
2022.08_13-10-2022;Калужская область;90_105_days;SputnikLite;0;0;0;0;1;0;0;0;1;0;0;0;4512;150;14;7;2575;399;76;52;7087;549;90;59
2022.08_13-10-2022;Калужская область;90_105_days;SputnikV;10;0;0;0;10;1;0;0;20;1;0;0;4512;150;14;7;2575;399;76;52;7087;549;90;59
2022.08_13-10-2022;Камчатский край;105_165_days;AllVaccines;50;0;0;0;26;3;0;0;76;3;0;0;2296;85;6;3;997;156;15;16;3293;241;21;19
2022.08_13-10-2022;Камчатский край;105_165_days;CoviVac;1;0;0;0;0;0;0;0;1;0;0;0;2296;85;6;3;997;156;15;16;3293;241;21;19
2022.08_13-10-2022;Камчатский край;105_165_days;EpiVacCorona;4;0;0;0;1;0;0;0;5;0;0;0;2296;85;6;3;997;156;15;16;3293;241;21;19
2022.08_13-10-2022;Камчатский край;105_165_days;SputnikLite;8;0;0;0;3;0;0;0;11;0;0;0;2296;85;6;3;997;156;15;16;3293;241;21;19
2022.08_13-10-2022;Камчатский край;105_165_days;SputnikV;37;0;0;0;22;3;0;0;59;3;0;0;2296;85;6;3;997;156;15;16;3293;241;21;19
2022.08_13-10-2022;Камчатский край;165_195_days;AllVaccines;46;2;1;1;17;2;0;0;63;4;1;1;2296;85;6;3;997;156;15;16;3293;241;21;19
2022.08_13-10-2022;Камчатский край;165_195_days;CoviVac;1;0;0;0;0;0;0;0;1;0;0;0;2296;85;6;3;997;156;15;16;3293;241;21;19
2022.08_13-10-2022;Камчатский край;165_195_days;EpiVacCorona;2;0;0;0;1;0;0;0;3;0;0;0;2296;85;6;3;997;156;15;16;3293;241;21;19
2022.08_13-10-2022;Камчатский край;165_195_days;SputnikLite;10;0;0;0;2;2;0;0;12;2;0;0;2296;85;6;3;997;156;15;16;3293;241;21;19
2022.08_13-10-2022;Камчатский край;165_195_days;SputnikV;33;2;1;1;14;0;0;0;47;2;1;1;2296;85;6;3;997;156;15;16;3293;241;21;19
2022.08_13-10-2022;Камчатский край;21_45_days;AllVaccines;8;0;0;0;3;1;0;0;11;1;0;0;2296;85;6;3;997;156;15;16;3293;241;21;19
2022.08_13-10-2022;Камчатский край;21_45_days;EpiVacCorona;0;0;0;0;1;0;0;0;1;0;0;0;2296;85;6;3;997;156;15;16;3293;241;21;19
2022.08_13-10-2022;Камчатский край;21_45_days;SputnikLite;2;0;0;0;0;0;0;0;2;0;0;0;2296;85;6;3;997;156;15;16;3293;241;21;19
2022.08_13-10-2022;Камчатский край;21_45_days;SputnikV;6;0;0;0;2;1;0;0;8;1;0;0;2296;85;6;3;997;156;15;16;3293;241;21;19
2022.08_13-10-2022;Камчатский край;45_75_days;AllVaccines;11;0;0;0;4;1;0;0;15;1;0;0;2296;85;6;3;997;156;15;16;3293;241;21;19
2022.08_13-10-2022;Камчатский край;45_75_days;EpiVacCorona;3;0;0;0;1;0;0;0;4;0;0;0;2296;85;6;3;997;156;15;16;3293;241;21;19
2022.08_13-10-2022;Камчатский край;45_75_days;SputnikLite;1;0;0;0;0;0;0;0;1;0;0;0;2296;85;6;3;997;156;15;16;3293;241;21;19
2022.08_13-10-2022;Камчатский край;45_75_days;SputnikV;7;0;0;0;3;1;0;0;10;1;0;0;2296;85;6;3;997;156;15;16;3293;241;21;19
2022.08_13-10-2022;Камчатский край;75_90_days;AllVaccines;6;0;0;0;3;1;0;0;9;1;0;0;2296;85;6;3;997;156;15;16;3293;241;21;19
2022.08_13-10-2022;Камчатский край;75_90_days;EpiVacCorona;1;0;0;0;0;0;0;0;1;0;0;0;2296;85;6;3;997;156;15;16;3293;241;21;19
2022.08_13-10-2022;Камчатский край;75_90_days;SputnikLite;2;0;0;0;2;1;0;0;4;1;0;0;2296;85;6;3;997;156;15;16;3293;241;21;19
2022.08_13-10-2022;Камчатский край;75_90_days;SputnikV;3;0;0;0;1;0;0;0;4;0;0;0;2296;85;6;3;997;156;15;16;3293;241;21;19
2022.08_13-10-2022;Камчатский край;90_105_days;AllVaccines;3;0;0;0;3;0;0;0;6;0;0;0;2296;85;6;3;997;156;15;16;3293;241;21;19
2022.08_13-10-2022;Камчатский край;90_105_days;SputnikV;3;0;0;0;3;0;0;0;6;0;0;0;2296;85;6;3;997;156;15;16;3293;241;21;19
2022.08_13-10-2022;Карачаево-Черкесская Республика;105_165_days;AllVaccines;67;1;0;0;40;3;0;0;107;4;0;0;1293;30;0;0;841;53;5;1;2134;83;5;1
2022.08_13-10-2022;Карачаево-Черкесская Республика;105_165_days;CoviVac;11;0;0;0;2;0;0;0;13;0;0;0;1293;30;0;0;841;53;5;1;2134;83;5;1
2022.08_13-10-2022;Карачаево-Черкесская Республика;105_165_days;EpiVacCorona;3;0;0;0;6;0;0;0;9;0;0;0;1293;30;0;0;841;53;5;1;2134;83;5;1
2022.08_13-10-2022;Карачаево-Черкесская Республика;105_165_days;SputnikLite;17;1;0;0;9;0;0;0;26;1;0;0;1293;30;0;0;841;53;5;1;2134;83;5;1
2022.08_13-10-2022;Карачаево-Черкесская Республика;105_165_days;SputnikV;36;0;0;0;23;3;0;0;59;3;0;0;1293;30;0;0;841;53;5;1;2134;83;5;1
2022.08_13-10-2022;Карачаево-Черкесская Республика;165_195_days;AllVaccines;47;0;0;0;29;0;0;0;76;0;0;0;1293;30;0;0;841;53;5;1;2134;83;5;1
2022.08_13-10-2022;Карачаево-Черкесская Республика;165_195_days;CoviVac;1;0;0;0;0;0;0;0;1;0;0;0;1293;30;0;0;841;53;5;1;2134;83;5;1
2022.08_13-10-2022;Карачаево-Черкесская Республика;165_195_days;EpiVacCorona;6;0;0;0;2;0;0;0;8;0;0;0;1293;30;0;0;841;53;5;1;2134;83;5;1
2022.08_13-10-2022;Карачаево-Черкесская Республика;165_195_days;SputnikLite;18;0;0;0;13;0;0;0;31;0;0;0;1293;30;0;0;841;53;5;1;2134;83;5;1
2022.08_13-10-2022;Карачаево-Черкесская Республика;165_195_days;SputnikV;22;0;0;0;14;0;0;0;36;0;0;0;1293;30;0;0;841;53;5;1;2134;83;5;1
2022.08_13-10-2022;Карачаево-Черкесская Республика;21_45_days;AllVaccines;2;0;0;0;3;0;0;0;5;0;0;0;1293;30;0;0;841;53;5;1;2134;83;5;1
2022.08_13-10-2022;Карачаево-Черкесская Республика;21_45_days;SputnikLite;2;0;0;0;2;0;0;0;4;0;0;0;1293;30;0;0;841;53;5;1;2134;83;5;1
2022.08_13-10-2022;Карачаево-Черкесская Республика;21_45_days;SputnikV;0;0;0;0;1;0;0;0;1;0;0;0;1293;30;0;0;841;53;5;1;2134;83;5;1
2022.08_13-10-2022;Карачаево-Черкесская Республика;45_75_days;AllVaccines;24;1;0;0;15;0;0;0;39;1;0;0;1293;30;0;0;841;53;5;1;2134;83;5;1
2022.08_13-10-2022;Карачаево-Черкесская Республика;45_75_days;EpiVacCorona;11;1;0;0;5;0;0;0;16;1;0;0;1293;30;0;0;841;53;5;1;2134;83;5;1
2022.08_13-10-2022;Карачаево-Черкесская Республика;45_75_days;SputnikLite;7;0;0;0;7;0;0;0;14;0;0;0;1293;30;0;0;841;53;5;1;2134;83;5;1
2022.08_13-10-2022;Карачаево-Черкесская Республика;45_75_days;SputnikV;6;0;0;0;3;0;0;0;9;0;0;0;1293;30;0;0;841;53;5;1;2134;83;5;1
2022.08_13-10-2022;Карачаево-Черкесская Республика;75_90_days;AllVaccines;30;0;0;0;14;1;0;0;44;1;0;0;1293;30;0;0;841;53;5;1;2134;83;5;1
2022.08_13-10-2022;Карачаево-Черкесская Республика;75_90_days;CoviVac;6;0;0;0;1;0;0;0;7;0;0;0;1293;30;0;0;841;53;5;1;2134;83;5;1
2022.08_13-10-2022;Карачаево-Черкесская Республика;75_90_days;EpiVacCorona;3;0;0;0;3;0;0;0;6;0;0;0;1293;30;0;0;841;53;5;1;2134;83;5;1
2022.08_13-10-2022;Карачаево-Черкесская Республика;75_90_days;SputnikLite;2;0;0;0;4;0;0;0;6;0;0;0;1293;30;0;0;841;53;5;1;2134;83;5;1
2022.08_13-10-2022;Карачаево-Черкесская Республика;75_90_days;SputnikV;19;0;0;0;6;1;0;0;25;1;0;0;1293;30;0;0;841;53;5;1;2134;83;5;1
2022.08_13-10-2022;Карачаево-Черкесская Республика;90_105_days;AllVaccines;3;0;0;0;8;1;0;0;11;1;0;0;1293;30;0;0;841;53;5;1;2134;83;5;1
2022.08_13-10-2022;Карачаево-Черкесская Республика;90_105_days;EpiVacCorona;2;0;0;0;1;0;0;0;3;0;0;0;1293;30;0;0;841;53;5;1;2134;83;5;1
2022.08_13-10-2022;Карачаево-Черкесская Республика;90_105_days;SputnikLite;1;0;0;0;3;1;0;0;4;1;0;0;1293;30;0;0;841;53;5;1;2134;83;5;1
2022.08_13-10-2022;Карачаево-Черкесская Республика;90_105_days;SputnikV;0;0;0;0;4;0;0;0;4;0;0;0;1293;30;0;0;841;53;5;1;2134;83;5;1
2022.08_13-10-2022;Кемеровская область;105_165_days;AllVaccines;203;7;0;0;90;14;1;1;293;21;1;1;11526;498;37;25;5732;880;133;83;17258;1378;170;108
2022.08_13-10-2022;Кемеровская область;105_165_days;CoviVac;14;0;0;0;4;0;0;0;18;0;0;0;11526;498;37;25;5732;880;133;83;17258;1378;170;108
2022.08_13-10-2022;Кемеровская область;105_165_days;EpiVacCorona;16;1;0;0;9;1;0;0;25;2;0;0;11526;498;37;25;5732;880;133;83;17258;1378;170;108
2022.08_13-10-2022;Кемеровская область;105_165_days;SputnikLite;10;0;0;0;7;2;0;0;17;2;0;0;11526;498;37;25;5732;880;133;83;17258;1378;170;108
2022.08_13-10-2022;Кемеровская область;105_165_days;SputnikV;163;6;0;0;70;11;1;1;233;17;1;1;11526;498;37;25;5732;880;133;83;17258;1378;170;108
2022.08_13-10-2022;Кемеровская область;165_195_days;AllVaccines;623;31;3;1;278;38;3;2;901;69;6;3;11526;498;37;25;5732;880;133;83;17258;1378;170;108
2022.08_13-10-2022;Кемеровская область;165_195_days;CoviVac;11;1;0;0;1;0;0;0;12;1;0;0;11526;498;37;25;5732;880;133;83;17258;1378;170;108
2022.08_13-10-2022;Кемеровская область;165_195_days;EpiVacCorona;31;3;1;1;12;0;0;0;43;3;1;1;11526;498;37;25;5732;880;133;83;17258;1378;170;108
2022.08_13-10-2022;Кемеровская область;165_195_days;SputnikLite;257;11;0;0;118;18;2;2;375;29;2;2;11526;498;37;25;5732;880;133;83;17258;1378;170;108
2022.08_13-10-2022;Кемеровская область;165_195_days;SputnikV;324;16;2;0;147;20;1;0;471;36;3;0;11526;498;37;25;5732;880;133;83;17258;1378;170;108
2022.08_13-10-2022;Кемеровская область;21_45_days;AllVaccines;51;4;0;0;23;1;0;0;74;5;0;0;11526;498;37;25;5732;880;133;83;17258;1378;170;108
2022.08_13-10-2022;Кемеровская область;21_45_days;CoviVac;1;1;0;0;2;0;0;0;3;1;0;0;11526;498;37;25;5732;880;133;83;17258;1378;170;108
2022.08_13-10-2022;Кемеровская область;21_45_days;EpiVacCorona;4;0;0;0;6;0;0;0;10;0;0;0;11526;498;37;25;5732;880;133;83;17258;1378;170;108
2022.08_13-10-2022;Кемеровская область;21_45_days;SputnikLite;1;0;0;0;0;0;0;0;1;0;0;0;11526;498;37;25;5732;880;133;83;17258;1378;170;108
2022.08_13-10-2022;Кемеровская область;21_45_days;SputnikV;45;3;0;0;15;1;0;0;60;4;0;0;11526;498;37;25;5732;880;133;83;17258;1378;170;108
2022.08_13-10-2022;Кемеровская область;45_75_days;AllVaccines;68;5;0;0;43;3;0;0;111;8;0;0;11526;498;37;25;5732;880;133;83;17258;1378;170;108
2022.08_13-10-2022;Кемеровская область;45_75_days;CoviVac;2;0;0;0;0;0;0;0;2;0;0;0;11526;498;37;25;5732;880;133;83;17258;1378;170;108
2022.08_13-10-2022;Кемеровская область;45_75_days;EpiVacCorona;5;1;0;0;9;1;0;0;14;2;0;0;11526;498;37;25;5732;880;133;83;17258;1378;170;108
2022.08_13-10-2022;Кемеровская область;45_75_days;SputnikLite;1;0;0;0;0;0;0;0;1;0;0;0;11526;498;37;25;5732;880;133;83;17258;1378;170;108
2022.08_13-10-2022;Кемеровская область;45_75_days;SputnikV;60;4;0;0;34;2;0;0;94;6;0;0;11526;498;37;25;5732;880;133;83;17258;1378;170;108
2022.08_13-10-2022;Кемеровская область;75_90_days;AllVaccines;30;1;0;0;15;3;0;0;45;4;0;0;11526;498;37;25;5732;880;133;83;17258;1378;170;108
2022.08_13-10-2022;Кемеровская область;75_90_days;CoviVac;3;0;0;0;3;1;0;0;6;1;0;0;11526;498;37;25;5732;880;133;83;17258;1378;170;108
2022.08_13-10-2022;Кемеровская область;75_90_days;EpiVacCorona;5;0;0;0;3;0;0;0;8;0;0;0;11526;498;37;25;5732;880;133;83;17258;1378;170;108
2022.08_13-10-2022;Кемеровская область;75_90_days;SputnikLite;0;0;0;0;1;0;0;0;1;0;0;0;11526;498;37;25;5732;880;133;83;17258;1378;170;108
2022.08_13-10-2022;Кемеровская область;75_90_days;SputnikV;22;1;0;0;8;2;0;0;30;3;0;0;11526;498;37;25;5732;880;133;83;17258;1378;170;108
2022.08_13-10-2022;Кемеровская область;90_105_days;AllVaccines;30;1;0;0;10;0;0;0;40;1;0;0;11526;498;37;25;5732;880;133;83;17258;1378;170;108
2022.08_13-10-2022;Кемеровская область;90_105_days;CoviVac;3;0;0;0;0;0;0;0;3;0;0;0;11526;498;37;25;5732;880;133;83;17258;1378;170;108
2022.08_13-10-2022;Кемеровская область;90_105_days;EpiVacCorona;4;0;0;0;0;0;0;0;4;0;0;0;11526;498;37;25;5732;880;133;83;17258;1378;170;108
2022.08_13-10-2022;Кемеровская область;90_105_days;SputnikLite;2;0;0;0;0;0;0;0;2;0;0;0;11526;498;37;25;5732;880;133;83;17258;1378;170;108
2022.08_13-10-2022;Кемеровская область;90_105_days;SputnikV;21;1;0;0;10;0;0;0;31;1;0;0;11526;498;37;25;5732;880;133;83;17258;1378;170;108
2022.08_13-10-2022;Кировская область;105_165_days;AllVaccines;76;1;0;0;94;14;1;1;170;15;1;1;4775;298;6;3;3083;597;62;51;7858;895;68;54
2022.08_13-10-2022;Кировская область;105_165_days;CoviVac;3;0;0;0;0;0;0;0;3;0;0;0;4775;298;6;3;3083;597;62;51;7858;895;68;54
2022.08_13-10-2022;Кировская область;105_165_days;EpiVacCorona;4;0;0;0;0;0;0;0;4;0;0;0;4775;298;6;3;3083;597;62;51;7858;895;68;54
2022.08_13-10-2022;Кировская область;105_165_days;SputnikLite;31;0;0;0;29;5;0;0;60;5;0;0;4775;298;6;3;3083;597;62;51;7858;895;68;54
2022.08_13-10-2022;Кировская область;105_165_days;SputnikV;38;1;0;0;65;9;1;1;103;10;1;1;4775;298;6;3;3083;597;62;51;7858;895;68;54
2022.08_13-10-2022;Кировская область;165_195_days;AllVaccines;148;4;0;0;122;18;1;0;270;22;1;0;4775;298;6;3;3083;597;62;51;7858;895;68;54
2022.08_13-10-2022;Кировская область;165_195_days;CoviVac;8;0;0;0;2;0;0;0;10;0;0;0;4775;298;6;3;3083;597;62;51;7858;895;68;54
2022.08_13-10-2022;Кировская область;165_195_days;EpiVacCorona;1;0;0;0;1;0;0;0;2;0;0;0;4775;298;6;3;3083;597;62;51;7858;895;68;54
2022.08_13-10-2022;Кировская область;165_195_days;SputnikLite;90;2;0;0;50;9;0;0;140;11;0;0;4775;298;6;3;3083;597;62;51;7858;895;68;54
2022.08_13-10-2022;Кировская область;165_195_days;SputnikV;49;2;0;0;69;9;1;0;118;11;1;0;4775;298;6;3;3083;597;62;51;7858;895;68;54
2022.08_13-10-2022;Кировская область;21_45_days;AllVaccines;12;1;0;0;11;2;0;0;23;3;0;0;4775;298;6;3;3083;597;62;51;7858;895;68;54
2022.08_13-10-2022;Кировская область;21_45_days;EpiVacCorona;5;1;0;0;1;0;0;0;6;1;0;0;4775;298;6;3;3083;597;62;51;7858;895;68;54
2022.08_13-10-2022;Кировская область;21_45_days;SputnikLite;0;0;0;0;1;0;0;0;1;0;0;0;4775;298;6;3;3083;597;62;51;7858;895;68;54
2022.08_13-10-2022;Кировская область;21_45_days;SputnikV;7;0;0;0;9;2;0;0;16;2;0;0;4775;298;6;3;3083;597;62;51;7858;895;68;54
2022.08_13-10-2022;Кировская область;45_75_days;AllVaccines;46;5;0;0;53;6;0;0;99;11;0;0;4775;298;6;3;3083;597;62;51;7858;895;68;54
2022.08_13-10-2022;Кировская область;45_75_days;EpiVacCorona;2;0;0;0;3;1;0;0;5;1;0;0;4775;298;6;3;3083;597;62;51;7858;895;68;54
2022.08_13-10-2022;Кировская область;45_75_days;SputnikLite;3;0;0;0;0;0;0;0;3;0;0;0;4775;298;6;3;3083;597;62;51;7858;895;68;54
2022.08_13-10-2022;Кировская область;45_75_days;SputnikV;41;5;0;0;50;5;0;0;91;10;0;0;4775;298;6;3;3083;597;62;51;7858;895;68;54
2022.08_13-10-2022;Кировская область;75_90_days;AllVaccines;8;0;0;0;9;2;0;0;17;2;0;0;4775;298;6;3;3083;597;62;51;7858;895;68;54
2022.08_13-10-2022;Кировская область;75_90_days;EpiVacCorona;1;0;0;0;0;0;0;0;1;0;0;0;4775;298;6;3;3083;597;62;51;7858;895;68;54
2022.08_13-10-2022;Кировская область;75_90_days;SputnikLite;1;0;0;0;1;1;0;0;2;1;0;0;4775;298;6;3;3083;597;62;51;7858;895;68;54
2022.08_13-10-2022;Кировская область;75_90_days;SputnikV;6;0;0;0;8;1;0;0;14;1;0;0;4775;298;6;3;3083;597;62;51;7858;895;68;54
2022.08_13-10-2022;Кировская область;90_105_days;AllVaccines;9;2;0;0;33;7;1;1;42;9;1;1;4775;298;6;3;3083;597;62;51;7858;895;68;54
2022.08_13-10-2022;Кировская область;90_105_days;EpiVacCorona;0;0;0;0;2;1;1;1;2;1;1;1;4775;298;6;3;3083;597;62;51;7858;895;68;54
2022.08_13-10-2022;Кировская область;90_105_days;SputnikLite;1;0;0;0;2;1;0;0;3;1;0;0;4775;298;6;3;3083;597;62;51;7858;895;68;54
2022.08_13-10-2022;Кировская область;90_105_days;SputnikV;8;2;0;0;29;5;0;0;37;7;0;0;4775;298;6;3;3083;597;62;51;7858;895;68;54
2022.08_13-10-2022;Костромская область;105_165_days;AllVaccines;30;2;0;0;25;2;0;0;55;4;0;0;1983;63;2;1;1200;180;18;15;3183;243;20;16
2022.08_13-10-2022;Костромская область;105_165_days;CoviVac;1;0;0;0;0;0;0;0;1;0;0;0;1983;63;2;1;1200;180;18;15;3183;243;20;16
2022.08_13-10-2022;Костромская область;105_165_days;EpiVacCorona;8;1;0;0;2;0;0;0;10;1;0;0;1983;63;2;1;1200;180;18;15;3183;243;20;16
2022.08_13-10-2022;Костромская область;105_165_days;SputnikLite;1;0;0;0;0;0;0;0;1;0;0;0;1983;63;2;1;1200;180;18;15;3183;243;20;16
2022.08_13-10-2022;Костромская область;105_165_days;SputnikV;20;1;0;0;23;2;0;0;43;3;0;0;1983;63;2;1;1200;180;18;15;3183;243;20;16
2022.08_13-10-2022;Костромская область;165_195_days;AllVaccines;62;0;0;0;53;9;0;0;115;9;0;0;1983;63;2;1;1200;180;18;15;3183;243;20;16
2022.08_13-10-2022;Костромская область;165_195_days;CoviVac;1;0;0;0;1;0;0;0;2;0;0;0;1983;63;2;1;1200;180;18;15;3183;243;20;16
2022.08_13-10-2022;Костромская область;165_195_days;EpiVacCorona;7;0;0;0;5;1;0;0;12;1;0;0;1983;63;2;1;1200;180;18;15;3183;243;20;16
2022.08_13-10-2022;Костромская область;165_195_days;SputnikLite;30;0;0;0;24;6;0;0;54;6;0;0;1983;63;2;1;1200;180;18;15;3183;243;20;16
2022.08_13-10-2022;Костромская область;165_195_days;SputnikV;24;0;0;0;23;2;0;0;47;2;0;0;1983;63;2;1;1200;180;18;15;3183;243;20;16
2022.08_13-10-2022;Костромская область;21_45_days;AllVaccines;3;0;0;0;8;0;0;0;11;0;0;0;1983;63;2;1;1200;180;18;15;3183;243;20;16
2022.08_13-10-2022;Костромская область;21_45_days;EpiVacCorona;0;0;0;0;1;0;0;0;1;0;0;0;1983;63;2;1;1200;180;18;15;3183;243;20;16
2022.08_13-10-2022;Костромская область;21_45_days;SputnikLite;0;0;0;0;1;0;0;0;1;0;0;0;1983;63;2;1;1200;180;18;15;3183;243;20;16
2022.08_13-10-2022;Костромская область;21_45_days;SputnikV;3;0;0;0;6;0;0;0;9;0;0;0;1983;63;2;1;1200;180;18;15;3183;243;20;16
2022.08_13-10-2022;Костромская область;45_75_days;AllVaccines;6;0;0;0;4;1;0;0;10;1;0;0;1983;63;2;1;1200;180;18;15;3183;243;20;16
2022.08_13-10-2022;Костромская область;45_75_days;EpiVacCorona;1;0;0;0;1;0;0;0;2;0;0;0;1983;63;2;1;1200;180;18;15;3183;243;20;16
2022.08_13-10-2022;Костромская область;45_75_days;SputnikV;5;0;0;0;3;1;0;0;8;1;0;0;1983;63;2;1;1200;180;18;15;3183;243;20;16
2022.08_13-10-2022;Костромская область;75_90_days;AllVaccines;5;0;0;0;0;0;0;0;5;0;0;0;1983;63;2;1;1200;180;18;15;3183;243;20;16
2022.08_13-10-2022;Костромская область;75_90_days;CoviVac;1;0;0;0;0;0;0;0;1;0;0;0;1983;63;2;1;1200;180;18;15;3183;243;20;16
2022.08_13-10-2022;Костромская область;75_90_days;SputnikV;4;0;0;0;0;0;0;0;4;0;0;0;1983;63;2;1;1200;180;18;15;3183;243;20;16
2022.08_13-10-2022;Костромская область;90_105_days;AllVaccines;3;0;0;0;3;0;0;0;6;0;0;0;1983;63;2;1;1200;180;18;15;3183;243;20;16
2022.08_13-10-2022;Костромская область;90_105_days;EpiVacCorona;1;0;0;0;2;0;0;0;3;0;0;0;1983;63;2;1;1200;180;18;15;3183;243;20;16
2022.08_13-10-2022;Костромская область;90_105_days;SputnikV;2;0;0;0;1;0;0;0;3;0;0;0;1983;63;2;1;1200;180;18;15;3183;243;20;16
2022.08_13-10-2022;Краснодарский край;105_165_days;AllVaccines;471;19;0;0;467;51;5;5;938;70;5;5;20215;1058;37;13;10001;1225;134;100;30216;2283;171;113
2022.08_13-10-2022;Краснодарский край;105_165_days;CoviVac;14;1;0;0;7;1;0;0;21;2;0;0;20215;1058;37;13;10001;1225;134;100;30216;2283;171;113
2022.08_13-10-2022;Краснодарский край;105_165_days;EpiVacCorona;37;0;0;0;62;8;1;1;99;8;1;1;20215;1058;37;13;10001;1225;134;100;30216;2283;171;113
2022.08_13-10-2022;Краснодарский край;105_165_days;SputnikLite;50;3;0;0;39;3;0;0;89;6;0;0;20215;1058;37;13;10001;1225;134;100;30216;2283;171;113
2022.08_13-10-2022;Краснодарский край;105_165_days;SputnikV;370;15;0;0;359;39;4;4;729;54;4;4;20215;1058;37;13;10001;1225;134;100;30216;2283;171;113
2022.08_13-10-2022;Краснодарский край;165_195_days;AllVaccines;603;26;0;0;407;43;4;2;1010;69;4;2;20215;1058;37;13;10001;1225;134;100;30216;2283;171;113
2022.08_13-10-2022;Краснодарский край;165_195_days;CoviVac;11;2;0;0;7;1;0;0;18;3;0;0;20215;1058;37;13;10001;1225;134;100;30216;2283;171;113
2022.08_13-10-2022;Краснодарский край;165_195_days;EpiVacCorona;28;1;0;0;31;4;0;0;59;5;0;0;20215;1058;37;13;10001;1225;134;100;30216;2283;171;113
2022.08_13-10-2022;Краснодарский край;165_195_days;SputnikLite;173;8;0;0;77;8;2;1;250;16;2;1;20215;1058;37;13;10001;1225;134;100;30216;2283;171;113
2022.08_13-10-2022;Краснодарский край;165_195_days;SputnikV;391;15;0;0;292;30;2;1;683;45;2;1;20215;1058;37;13;10001;1225;134;100;30216;2283;171;113
2022.08_13-10-2022;Краснодарский край;21_45_days;AllVaccines;82;6;1;1;58;13;0;0;140;19;1;1;20215;1058;37;13;10001;1225;134;100;30216;2283;171;113
2022.08_13-10-2022;Краснодарский край;21_45_days;EpiVacCorona;1;0;0;0;2;0;0;0;3;0;0;0;20215;1058;37;13;10001;1225;134;100;30216;2283;171;113
2022.08_13-10-2022;Краснодарский край;21_45_days;SputnikLite;4;1;0;0;2;0;0;0;6;1;0;0;20215;1058;37;13;10001;1225;134;100;30216;2283;171;113
2022.08_13-10-2022;Краснодарский край;21_45_days;SputnikV;77;5;1;1;54;13;0;0;131;18;1;1;20215;1058;37;13;10001;1225;134;100;30216;2283;171;113
2022.08_13-10-2022;Краснодарский край;45_75_days;AllVaccines;150;4;0;0;148;13;2;1;298;17;2;1;20215;1058;37;13;10001;1225;134;100;30216;2283;171;113
2022.08_13-10-2022;Краснодарский край;45_75_days;CoviVac;11;0;0;0;6;1;0;0;17;1;0;0;20215;1058;37;13;10001;1225;134;100;30216;2283;171;113
2022.08_13-10-2022;Краснодарский край;45_75_days;EpiVacCorona;17;0;0;0;13;0;0;0;30;0;0;0;20215;1058;37;13;10001;1225;134;100;30216;2283;171;113
2022.08_13-10-2022;Краснодарский край;45_75_days;SputnikLite;7;0;0;0;4;0;0;0;11;0;0;0;20215;1058;37;13;10001;1225;134;100;30216;2283;171;113
2022.08_13-10-2022;Краснодарский край;45_75_days;SputnikV;115;4;0;0;125;12;2;1;240;16;2;1;20215;1058;37;13;10001;1225;134;100;30216;2283;171;113
2022.08_13-10-2022;Краснодарский край;75_90_days;AllVaccines;71;2;0;0;65;9;1;0;136;11;1;0;20215;1058;37;13;10001;1225;134;100;30216;2283;171;113
2022.08_13-10-2022;Краснодарский край;75_90_days;CoviVac;14;1;0;0;7;0;0;0;21;1;0;0;20215;1058;37;13;10001;1225;134;100;30216;2283;171;113
2022.08_13-10-2022;Краснодарский край;75_90_days;EpiVacCorona;0;0;0;0;10;1;0;0;10;1;0;0;20215;1058;37;13;10001;1225;134;100;30216;2283;171;113
2022.08_13-10-2022;Краснодарский край;75_90_days;SputnikLite;7;0;0;0;9;0;0;0;16;0;0;0;20215;1058;37;13;10001;1225;134;100;30216;2283;171;113
2022.08_13-10-2022;Краснодарский край;75_90_days;SputnikV;50;1;0;0;39;8;1;0;89;9;1;0;20215;1058;37;13;10001;1225;134;100;30216;2283;171;113
2022.08_13-10-2022;Краснодарский край;90_105_days;AllVaccines;62;0;0;1;51;7;2;2;113;7;2;3;20215;1058;37;13;10001;1225;134;100;30216;2283;171;113
2022.08_13-10-2022;Краснодарский край;90_105_days;CoviVac;5;0;0;0;2;1;1;1;7;1;1;1;20215;1058;37;13;10001;1225;134;100;30216;2283;171;113
2022.08_13-10-2022;Краснодарский край;90_105_days;EpiVacCorona;2;0;0;0;4;2;1;1;6;2;1;1;20215;1058;37;13;10001;1225;134;100;30216;2283;171;113
2022.08_13-10-2022;Краснодарский край;90_105_days;SputnikLite;2;0;0;0;3;0;0;0;5;0;0;0;20215;1058;37;13;10001;1225;134;100;30216;2283;171;113
2022.08_13-10-2022;Краснодарский край;90_105_days;SputnikV;53;0;0;1;42;4;0;0;95;4;0;1;20215;1058;37;13;10001;1225;134;100;30216;2283;171;113
2022.08_13-10-2022;Красноярский край;105_165_days;AllVaccines;410;9;0;0;233;42;8;3;643;51;8;3;17554;907;69;21;8073;1755;245;147;25627;2662;314;168
2022.08_13-10-2022;Красноярский край;105_165_days;CoviVac;20;0;0;0;3;1;0;0;23;1;0;0;17554;907;69;21;8073;1755;245;147;25627;2662;314;168
2022.08_13-10-2022;Красноярский край;105_165_days;EpiVacCorona;18;0;0;0;18;4;0;1;36;4;0;1;17554;907;69;21;8073;1755;245;147;25627;2662;314;168
2022.08_13-10-2022;Красноярский край;105_165_days;SputnikLite;59;0;0;0;20;1;0;0;79;1;0;0;17554;907;69;21;8073;1755;245;147;25627;2662;314;168
2022.08_13-10-2022;Красноярский край;105_165_days;SputnikV;313;9;0;0;192;36;8;2;505;45;8;2;17554;907;69;21;8073;1755;245;147;25627;2662;314;168
2022.08_13-10-2022;Красноярский край;165_195_days;AllVaccines;872;28;4;1;376;59;6;2;1248;87;10;3;17554;907;69;21;8073;1755;245;147;25627;2662;314;168
2022.08_13-10-2022;Красноярский край;165_195_days;CoviVac;18;0;0;0;7;1;0;0;25;1;0;0;17554;907;69;21;8073;1755;245;147;25627;2662;314;168
2022.08_13-10-2022;Красноярский край;165_195_days;EpiVacCorona;20;1;1;0;19;8;1;1;39;9;2;1;17554;907;69;21;8073;1755;245;147;25627;2662;314;168
2022.08_13-10-2022;Красноярский край;165_195_days;SputnikLite;407;13;2;0;140;17;2;0;547;30;4;0;17554;907;69;21;8073;1755;245;147;25627;2662;314;168
2022.08_13-10-2022;Красноярский край;165_195_days;SputnikV;427;14;1;1;210;33;3;1;637;47;4;2;17554;907;69;21;8073;1755;245;147;25627;2662;314;168
2022.08_13-10-2022;Красноярский край;21_45_days;AllVaccines;66;1;0;0;53;6;0;0;119;7;0;0;17554;907;69;21;8073;1755;245;147;25627;2662;314;168
2022.08_13-10-2022;Красноярский край;21_45_days;EpiVacCorona;5;1;0;0;7;0;0;0;12;1;0;0;17554;907;69;21;8073;1755;245;147;25627;2662;314;168
2022.08_13-10-2022;Красноярский край;21_45_days;SputnikLite;5;0;0;0;3;0;0;0;8;0;0;0;17554;907;69;21;8073;1755;245;147;25627;2662;314;168
2022.08_13-10-2022;Красноярский край;21_45_days;SputnikV;56;0;0;0;43;6;0;0;99;6;0;0;17554;907;69;21;8073;1755;245;147;25627;2662;314;168
2022.08_13-10-2022;Красноярский край;45_75_days;AllVaccines;89;2;0;0;64;12;0;0;153;14;0;0;17554;907;69;21;8073;1755;245;147;25627;2662;314;168
2022.08_13-10-2022;Красноярский край;45_75_days;CoviVac;4;0;0;0;2;2;0;0;6;2;0;0;17554;907;69;21;8073;1755;245;147;25627;2662;314;168
2022.08_13-10-2022;Красноярский край;45_75_days;EpiVacCorona;12;1;0;0;3;1;0;0;15;2;0;0;17554;907;69;21;8073;1755;245;147;25627;2662;314;168
2022.08_13-10-2022;Красноярский край;45_75_days;SputnikLite;8;0;0;0;4;1;0;0;12;1;0;0;17554;907;69;21;8073;1755;245;147;25627;2662;314;168
2022.08_13-10-2022;Красноярский край;45_75_days;SputnikV;65;1;0;0;55;8;0;0;120;9;0;0;17554;907;69;21;8073;1755;245;147;25627;2662;314;168
2022.08_13-10-2022;Красноярский край;75_90_days;AllVaccines;51;1;1;0;39;5;0;0;90;6;1;0;17554;907;69;21;8073;1755;245;147;25627;2662;314;168
2022.08_13-10-2022;Красноярский край;75_90_days;CoviVac;4;0;0;0;0;0;0;0;4;0;0;0;17554;907;69;21;8073;1755;245;147;25627;2662;314;168
2022.08_13-10-2022;Красноярский край;75_90_days;EpiVacCorona;5;0;0;0;3;0;0;0;8;0;0;0;17554;907;69;21;8073;1755;245;147;25627;2662;314;168
2022.08_13-10-2022;Красноярский край;75_90_days;SputnikLite;8;1;1;0;9;0;0;0;17;1;1;0;17554;907;69;21;8073;1755;245;147;25627;2662;314;168
2022.08_13-10-2022;Красноярский край;75_90_days;SputnikV;34;0;0;0;27;5;0;0;61;5;0;0;17554;907;69;21;8073;1755;245;147;25627;2662;314;168
2022.08_13-10-2022;Красноярский край;90_105_days;AllVaccines;72;2;0;0;42;11;0;0;114;13;0;0;17554;907;69;21;8073;1755;245;147;25627;2662;314;168
2022.08_13-10-2022;Красноярский край;90_105_days;CoviVac;3;0;0;0;2;1;0;0;5;1;0;0;17554;907;69;21;8073;1755;245;147;25627;2662;314;168
2022.08_13-10-2022;Красноярский край;90_105_days;EpiVacCorona;4;0;0;0;7;4;0;0;11;4;0;0;17554;907;69;21;8073;1755;245;147;25627;2662;314;168
2022.08_13-10-2022;Красноярский край;90_105_days;SputnikLite;13;0;0;0;5;1;0;0;18;1;0;0;17554;907;69;21;8073;1755;245;147;25627;2662;314;168
2022.08_13-10-2022;Красноярский край;90_105_days;SputnikV;52;2;0;0;28;5;0;0;80;7;0;0;17554;907;69;21;8073;1755;245;147;25627;2662;314;168
2022.08_13-10-2022;Курганская область;105_165_days;AllVaccines;37;1;0;0;41;6;0;0;78;7;0;0;2250;89;0;0;1328;158;10;7;3578;247;10;7
2022.08_13-10-2022;Курганская область;105_165_days;CoviVac;0;0;0;0;1;0;0;0;1;0;0;0;2250;89;0;0;1328;158;10;7;3578;247;10;7
2022.08_13-10-2022;Курганская область;105_165_days;EpiVacCorona;2;0;0;0;2;0;0;0;4;0;0;0;2250;89;0;0;1328;158;10;7;3578;247;10;7
2022.08_13-10-2022;Курганская область;105_165_days;SputnikLite;14;0;0;0;15;1;0;0;29;1;0;0;2250;89;0;0;1328;158;10;7;3578;247;10;7
2022.08_13-10-2022;Курганская область;105_165_days;SputnikV;21;1;0;0;23;5;0;0;44;6;0;0;2250;89;0;0;1328;158;10;7;3578;247;10;7
2022.08_13-10-2022;Курганская область;165_195_days;AllVaccines;138;1;0;0;109;12;0;0;247;13;0;0;2250;89;0;0;1328;158;10;7;3578;247;10;7
2022.08_13-10-2022;Курганская область;165_195_days;CoviVac;5;0;0;0;0;0;0;0;5;0;0;0;2250;89;0;0;1328;158;10;7;3578;247;10;7
2022.08_13-10-2022;Курганская область;165_195_days;EpiVacCorona;4;0;0;0;7;0;0;0;11;0;0;0;2250;89;0;0;1328;158;10;7;3578;247;10;7
2022.08_13-10-2022;Курганская область;165_195_days;SputnikLite;88;1;0;0;60;5;0;0;148;6;0;0;2250;89;0;0;1328;158;10;7;3578;247;10;7
2022.08_13-10-2022;Курганская область;165_195_days;SputnikV;41;0;0;0;42;7;0;0;83;7;0;0;2250;89;0;0;1328;158;10;7;3578;247;10;7
2022.08_13-10-2022;Курганская область;21_45_days;AllVaccines;8;0;0;0;7;1;0;0;15;1;0;0;2250;89;0;0;1328;158;10;7;3578;247;10;7
2022.08_13-10-2022;Курганская область;21_45_days;CoviVac;1;0;0;0;0;0;0;0;1;0;0;0;2250;89;0;0;1328;158;10;7;3578;247;10;7
2022.08_13-10-2022;Курганская область;21_45_days;EpiVacCorona;0;0;0;0;2;1;0;0;2;1;0;0;2250;89;0;0;1328;158;10;7;3578;247;10;7
2022.08_13-10-2022;Курганская область;21_45_days;SputnikLite;2;0;0;0;0;0;0;0;2;0;0;0;2250;89;0;0;1328;158;10;7;3578;247;10;7
2022.08_13-10-2022;Курганская область;21_45_days;SputnikV;5;0;0;0;5;0;0;0;10;0;0;0;2250;89;0;0;1328;158;10;7;3578;247;10;7
2022.08_13-10-2022;Курганская область;45_75_days;AllVaccines;25;0;0;0;43;7;0;0;68;7;0;0;2250;89;0;0;1328;158;10;7;3578;247;10;7
2022.08_13-10-2022;Курганская область;45_75_days;CoviVac;1;0;0;0;3;1;0;0;4;1;0;0;2250;89;0;0;1328;158;10;7;3578;247;10;7
2022.08_13-10-2022;Курганская область;45_75_days;EpiVacCorona;4;0;0;0;12;3;0;0;16;3;0;0;2250;89;0;0;1328;158;10;7;3578;247;10;7
2022.08_13-10-2022;Курганская область;45_75_days;SputnikV;20;0;0;0;28;3;0;0;48;3;0;0;2250;89;0;0;1328;158;10;7;3578;247;10;7
2022.08_13-10-2022;Курганская область;75_90_days;AllVaccines;14;1;0;0;9;1;0;0;23;2;0;0;2250;89;0;0;1328;158;10;7;3578;247;10;7
2022.08_13-10-2022;Курганская область;75_90_days;CoviVac;1;0;0;0;3;1;0;0;4;1;0;0;2250;89;0;0;1328;158;10;7;3578;247;10;7
2022.08_13-10-2022;Курганская область;75_90_days;EpiVacCorona;4;1;0;0;0;0;0;0;4;1;0;0;2250;89;0;0;1328;158;10;7;3578;247;10;7
2022.08_13-10-2022;Курганская область;75_90_days;SputnikLite;2;0;0;0;1;0;0;0;3;0;0;0;2250;89;0;0;1328;158;10;7;3578;247;10;7
2022.08_13-10-2022;Курганская область;75_90_days;SputnikV;7;0;0;0;5;0;0;0;12;0;0;0;2250;89;0;0;1328;158;10;7;3578;247;10;7
2022.08_13-10-2022;Курганская область;90_105_days;AllVaccines;6;0;0;0;10;0;0;0;16;0;0;0;2250;89;0;0;1328;158;10;7;3578;247;10;7
2022.08_13-10-2022;Курганская область;90_105_days;EpiVacCorona;2;0;0;0;2;0;0;0;4;0;0;0;2250;89;0;0;1328;158;10;7;3578;247;10;7
2022.08_13-10-2022;Курганская область;90_105_days;SputnikLite;2;0;0;0;0;0;0;0;2;0;0;0;2250;89;0;0;1328;158;10;7;3578;247;10;7
2022.08_13-10-2022;Курганская область;90_105_days;SputnikV;2;0;0;0;8;0;0;0;10;0;0;0;2250;89;0;0;1328;158;10;7;3578;247;10;7
2022.08_13-10-2022;Курская область;105_165_days;AllVaccines;153;2;0;0;71;8;1;1;224;10;1;1;5291;302;26;9;3236;516;94;46;8527;818;120;55
2022.08_13-10-2022;Курская область;105_165_days;CoviVac;7;0;0;0;1;0;0;0;8;0;0;0;5291;302;26;9;3236;516;94;46;8527;818;120;55
2022.08_13-10-2022;Курская область;105_165_days;EpiVacCorona;15;0;0;0;3;0;0;0;18;0;0;0;5291;302;26;9;3236;516;94;46;8527;818;120;55
2022.08_13-10-2022;Курская область;105_165_days;SputnikLite;46;1;0;0;7;1;0;0;53;2;0;0;5291;302;26;9;3236;516;94;46;8527;818;120;55
2022.08_13-10-2022;Курская область;105_165_days;SputnikV;85;1;0;0;60;7;1;1;145;8;1;1;5291;302;26;9;3236;516;94;46;8527;818;120;55
2022.08_13-10-2022;Курская область;165_195_days;AllVaccines;214;13;1;0;100;16;3;0;314;29;4;0;5291;302;26;9;3236;516;94;46;8527;818;120;55
2022.08_13-10-2022;Курская область;165_195_days;CoviVac;4;0;0;0;1;0;0;0;5;0;0;0;5291;302;26;9;3236;516;94;46;8527;818;120;55
2022.08_13-10-2022;Курская область;165_195_days;EpiVacCorona;6;1;0;0;7;1;0;0;13;2;0;0;5291;302;26;9;3236;516;94;46;8527;818;120;55
2022.08_13-10-2022;Курская область;165_195_days;SputnikLite;138;8;1;0;48;8;0;0;186;16;1;0;5291;302;26;9;3236;516;94;46;8527;818;120;55
2022.08_13-10-2022;Курская область;165_195_days;SputnikV;66;4;0;0;44;7;3;0;110;11;3;0;5291;302;26;9;3236;516;94;46;8527;818;120;55
2022.08_13-10-2022;Курская область;21_45_days;AllVaccines;12;0;0;0;22;3;0;0;34;3;0;0;5291;302;26;9;3236;516;94;46;8527;818;120;55
2022.08_13-10-2022;Курская область;21_45_days;EpiVacCorona;0;0;0;0;1;1;0;0;1;1;0;0;5291;302;26;9;3236;516;94;46;8527;818;120;55
2022.08_13-10-2022;Курская область;21_45_days;SputnikLite;3;0;0;0;8;0;0;0;11;0;0;0;5291;302;26;9;3236;516;94;46;8527;818;120;55
2022.08_13-10-2022;Курская область;21_45_days;SputnikV;9;0;0;0;13;2;0;0;22;2;0;0;5291;302;26;9;3236;516;94;46;8527;818;120;55
2022.08_13-10-2022;Курская область;45_75_days;AllVaccines;50;2;0;0;41;8;0;0;91;10;0;0;5291;302;26;9;3236;516;94;46;8527;818;120;55
2022.08_13-10-2022;Курская область;45_75_days;EpiVacCorona;4;0;0;0;2;0;0;0;6;0;0;0;5291;302;26;9;3236;516;94;46;8527;818;120;55
2022.08_13-10-2022;Курская область;45_75_days;SputnikLite;22;1;0;0;23;5;0;0;45;6;0;0;5291;302;26;9;3236;516;94;46;8527;818;120;55
2022.08_13-10-2022;Курская область;45_75_days;SputnikV;24;1;0;0;16;3;0;0;40;4;0;0;5291;302;26;9;3236;516;94;46;8527;818;120;55
2022.08_13-10-2022;Курская область;75_90_days;AllVaccines;16;2;0;0;17;1;0;0;33;3;0;0;5291;302;26;9;3236;516;94;46;8527;818;120;55
2022.08_13-10-2022;Курская область;75_90_days;EpiVacCorona;0;0;0;0;1;0;0;0;1;0;0;0;5291;302;26;9;3236;516;94;46;8527;818;120;55
2022.08_13-10-2022;Курская область;75_90_days;SputnikLite;9;2;0;0;9;1;0;0;18;3;0;0;5291;302;26;9;3236;516;94;46;8527;818;120;55
2022.08_13-10-2022;Курская область;75_90_days;SputnikV;7;0;0;0;7;0;0;0;14;0;0;0;5291;302;26;9;3236;516;94;46;8527;818;120;55
2022.08_13-10-2022;Курская область;90_105_days;AllVaccines;17;0;0;0;16;4;0;0;33;4;0;0;5291;302;26;9;3236;516;94;46;8527;818;120;55
2022.08_13-10-2022;Курская область;90_105_days;EpiVacCorona;2;0;0;0;1;0;0;0;3;0;0;0;5291;302;26;9;3236;516;94;46;8527;818;120;55
2022.08_13-10-2022;Курская область;90_105_days;SputnikLite;7;0;0;0;0;0;0;0;7;0;0;0;5291;302;26;9;3236;516;94;46;8527;818;120;55
2022.08_13-10-2022;Курская область;90_105_days;SputnikV;8;0;0;0;15;4;0;0;23;4;0;0;5291;302;26;9;3236;516;94;46;8527;818;120;55
2022.08_13-10-2022;Ленинградская область;105_165_days;AllVaccines;228;3;1;1;140;8;1;0;368;11;2;1;16445;205;11;12;6929;330;26;39;23374;535;37;51
2022.08_13-10-2022;Ленинградская область;105_165_days;CoviVac;16;0;0;0;2;1;1;0;18;1;1;0;16445;205;11;12;6929;330;26;39;23374;535;37;51
2022.08_13-10-2022;Ленинградская область;105_165_days;SputnikLite;62;1;0;0;44;2;0;0;106;3;0;0;16445;205;11;12;6929;330;26;39;23374;535;37;51
2022.08_13-10-2022;Ленинградская область;105_165_days;SputnikV;150;2;1;1;94;5;0;0;244;7;1;1;16445;205;11;12;6929;330;26;39;23374;535;37;51
2022.08_13-10-2022;Ленинградская область;165_195_days;AllVaccines;418;6;0;0;221;10;0;0;639;16;0;0;16445;205;11;12;6929;330;26;39;23374;535;37;51
2022.08_13-10-2022;Ленинградская область;165_195_days;CoviVac;10;0;0;0;1;1;0;0;11;1;0;0;16445;205;11;12;6929;330;26;39;23374;535;37;51
2022.08_13-10-2022;Ленинградская область;165_195_days;EpiVacCorona;5;0;0;0;2;0;0;0;7;0;0;0;16445;205;11;12;6929;330;26;39;23374;535;37;51
2022.08_13-10-2022;Ленинградская область;165_195_days;SputnikLite;139;3;0;0;89;3;0;0;228;6;0;0;16445;205;11;12;6929;330;26;39;23374;535;37;51
2022.08_13-10-2022;Ленинградская область;165_195_days;SputnikV;264;3;0;0;129;6;0;0;393;9;0;0;16445;205;11;12;6929;330;26;39;23374;535;37;51
2022.08_13-10-2022;Ленинградская область;21_45_days;AllVaccines;51;0;0;0;23;3;0;0;74;3;0;0;16445;205;11;12;6929;330;26;39;23374;535;37;51
2022.08_13-10-2022;Ленинградская область;21_45_days;CoviVac;2;0;0;0;0;0;0;0;2;0;0;0;16445;205;11;12;6929;330;26;39;23374;535;37;51
2022.08_13-10-2022;Ленинградская область;21_45_days;EpiVacCorona;1;0;0;0;1;0;0;0;2;0;0;0;16445;205;11;12;6929;330;26;39;23374;535;37;51
2022.08_13-10-2022;Ленинградская область;21_45_days;SputnikLite;13;0;0;0;5;1;0;0;18;1;0;0;16445;205;11;12;6929;330;26;39;23374;535;37;51
2022.08_13-10-2022;Ленинградская область;21_45_days;SputnikV;35;0;0;0;17;2;0;0;52;2;0;0;16445;205;11;12;6929;330;26;39;23374;535;37;51
2022.08_13-10-2022;Ленинградская область;45_75_days;AllVaccines;77;2;0;0;30;2;0;0;107;4;0;0;16445;205;11;12;6929;330;26;39;23374;535;37;51
2022.08_13-10-2022;Ленинградская область;45_75_days;CoviVac;2;0;0;0;1;0;0;0;3;0;0;0;16445;205;11;12;6929;330;26;39;23374;535;37;51
2022.08_13-10-2022;Ленинградская область;45_75_days;SputnikLite;18;1;0;0;2;0;0;0;20;1;0;0;16445;205;11;12;6929;330;26;39;23374;535;37;51
2022.08_13-10-2022;Ленинградская область;45_75_days;SputnikV;57;1;0;0;27;2;0;0;84;3;0;0;16445;205;11;12;6929;330;26;39;23374;535;37;51
2022.08_13-10-2022;Ленинградская область;75_90_days;AllVaccines;29;0;0;0;20;1;0;0;49;1;0;0;16445;205;11;12;6929;330;26;39;23374;535;37;51
2022.08_13-10-2022;Ленинградская область;75_90_days;CoviVac;2;0;0;0;0;0;0;0;2;0;0;0;16445;205;11;12;6929;330;26;39;23374;535;37;51
2022.08_13-10-2022;Ленинградская область;75_90_days;EpiVacCorona;1;0;0;0;0;0;0;0;1;0;0;0;16445;205;11;12;6929;330;26;39;23374;535;37;51
2022.08_13-10-2022;Ленинградская область;75_90_days;SputnikLite;11;0;0;0;3;0;0;0;14;0;0;0;16445;205;11;12;6929;330;26;39;23374;535;37;51
2022.08_13-10-2022;Ленинградская область;75_90_days;SputnikV;15;0;0;0;17;1;0;0;32;1;0;0;16445;205;11;12;6929;330;26;39;23374;535;37;51
2022.08_13-10-2022;Ленинградская область;90_105_days;AllVaccines;28;1;0;0;17;0;0;0;45;1;0;0;16445;205;11;12;6929;330;26;39;23374;535;37;51
2022.08_13-10-2022;Ленинградская область;90_105_days;SputnikLite;8;1;0;0;2;0;0;0;10;1;0;0;16445;205;11;12;6929;330;26;39;23374;535;37;51
2022.08_13-10-2022;Ленинградская область;90_105_days;SputnikV;20;0;0;0;15;0;0;0;35;0;0;0;16445;205;11;12;6929;330;26;39;23374;535;37;51
2022.08_13-10-2022;Липецкая область;105_165_days;AllVaccines;124;3;2;0;106;12;3;3;230;15;5;3;4079;174;15;4;2666;331;35;28;6745;505;50;32
2022.08_13-10-2022;Липецкая область;105_165_days;CoviVac;5;0;0;0;4;0;0;0;9;0;0;0;4079;174;15;4;2666;331;35;28;6745;505;50;32
2022.08_13-10-2022;Липецкая область;105_165_days;EpiVacCorona;10;0;0;0;12;1;0;0;22;1;0;0;4079;174;15;4;2666;331;35;28;6745;505;50;32
2022.08_13-10-2022;Липецкая область;105_165_days;SputnikLite;10;0;0;0;21;0;0;0;31;0;0;0;4079;174;15;4;2666;331;35;28;6745;505;50;32
2022.08_13-10-2022;Липецкая область;105_165_days;SputnikV;99;3;2;0;69;11;3;3;168;14;5;3;4079;174;15;4;2666;331;35;28;6745;505;50;32
2022.08_13-10-2022;Липецкая область;165_195_days;AllVaccines;139;6;0;0;69;4;1;1;208;10;1;1;4079;174;15;4;2666;331;35;28;6745;505;50;32
2022.08_13-10-2022;Липецкая область;165_195_days;CoviVac;3;0;0;0;0;0;0;0;3;0;0;0;4079;174;15;4;2666;331;35;28;6745;505;50;32
2022.08_13-10-2022;Липецкая область;165_195_days;EpiVacCorona;7;1;0;0;2;0;0;0;9;1;0;0;4079;174;15;4;2666;331;35;28;6745;505;50;32
2022.08_13-10-2022;Липецкая область;165_195_days;SputnikLite;67;3;0;0;31;2;0;0;98;5;0;0;4079;174;15;4;2666;331;35;28;6745;505;50;32
2022.08_13-10-2022;Липецкая область;165_195_days;SputnikV;62;2;0;0;36;2;1;1;98;4;1;1;4079;174;15;4;2666;331;35;28;6745;505;50;32
2022.08_13-10-2022;Липецкая область;21_45_days;AllVaccines;45;1;1;0;15;1;0;0;60;2;1;0;4079;174;15;4;2666;331;35;28;6745;505;50;32
2022.08_13-10-2022;Липецкая область;21_45_days;EpiVacCorona;8;1;1;0;1;0;0;0;9;1;1;0;4079;174;15;4;2666;331;35;28;6745;505;50;32
2022.08_13-10-2022;Липецкая область;21_45_days;SputnikLite;2;0;0;0;0;0;0;0;2;0;0;0;4079;174;15;4;2666;331;35;28;6745;505;50;32
2022.08_13-10-2022;Липецкая область;21_45_days;SputnikV;35;0;0;0;14;1;0;0;49;1;0;0;4079;174;15;4;2666;331;35;28;6745;505;50;32
2022.08_13-10-2022;Липецкая область;45_75_days;AllVaccines;73;2;1;0;52;9;0;0;125;11;1;0;4079;174;15;4;2666;331;35;28;6745;505;50;32
2022.08_13-10-2022;Липецкая область;45_75_days;CoviVac;2;0;0;0;0;0;0;0;2;0;0;0;4079;174;15;4;2666;331;35;28;6745;505;50;32
2022.08_13-10-2022;Липецкая область;45_75_days;EpiVacCorona;11;1;0;0;5;3;0;0;16;4;0;0;4079;174;15;4;2666;331;35;28;6745;505;50;32
2022.08_13-10-2022;Липецкая область;45_75_days;SputnikLite;0;0;0;0;1;0;0;0;1;0;0;0;4079;174;15;4;2666;331;35;28;6745;505;50;32
2022.08_13-10-2022;Липецкая область;45_75_days;SputnikV;60;1;1;0;46;6;0;0;106;7;1;0;4079;174;15;4;2666;331;35;28;6745;505;50;32
2022.08_13-10-2022;Липецкая область;75_90_days;AllVaccines;27;0;0;0;35;0;0;0;62;0;0;0;4079;174;15;4;2666;331;35;28;6745;505;50;32
2022.08_13-10-2022;Липецкая область;75_90_days;CoviVac;4;0;0;0;0;0;0;0;4;0;0;0;4079;174;15;4;2666;331;35;28;6745;505;50;32
2022.08_13-10-2022;Липецкая область;75_90_days;EpiVacCorona;6;0;0;0;9;0;0;0;15;0;0;0;4079;174;15;4;2666;331;35;28;6745;505;50;32
2022.08_13-10-2022;Липецкая область;75_90_days;SputnikV;17;0;0;0;26;0;0;0;43;0;0;0;4079;174;15;4;2666;331;35;28;6745;505;50;32
2022.08_13-10-2022;Липецкая область;90_105_days;AllVaccines;35;1;0;0;29;5;1;1;64;6;1;1;4079;174;15;4;2666;331;35;28;6745;505;50;32
2022.08_13-10-2022;Липецкая область;90_105_days;CoviVac;2;0;0;0;0;0;0;0;2;0;0;0;4079;174;15;4;2666;331;35;28;6745;505;50;32
2022.08_13-10-2022;Липецкая область;90_105_days;EpiVacCorona;7;0;0;0;8;3;0;0;15;3;0;0;4079;174;15;4;2666;331;35;28;6745;505;50;32
2022.08_13-10-2022;Липецкая область;90_105_days;SputnikLite;0;0;0;0;3;0;0;0;3;0;0;0;4079;174;15;4;2666;331;35;28;6745;505;50;32
2022.08_13-10-2022;Липецкая область;90_105_days;SputnikV;26;1;0;0;18;2;1;1;44;3;1;1;4079;174;15;4;2666;331;35;28;6745;505;50;32
2022.08_13-10-2022;Магаданская область;105_165_days;AllVaccines;11;0;0;0;6;1;0;0;17;1;0;0;392;18;0;0;115;18;4;1;507;36;4;1
2022.08_13-10-2022;Магаданская область;105_165_days;SputnikLite;9;0;0;0;4;1;0;0;13;1;0;0;392;18;0;0;115;18;4;1;507;36;4;1
2022.08_13-10-2022;Магаданская область;105_165_days;SputnikV;2;0;0;0;2;0;0;0;4;0;0;0;392;18;0;0;115;18;4;1;507;36;4;1
2022.08_13-10-2022;Магаданская область;165_195_days;AllVaccines;21;2;0;0;3;0;0;0;24;2;0;0;392;18;0;0;115;18;4;1;507;36;4;1
2022.08_13-10-2022;Магаданская область;165_195_days;SputnikLite;10;0;0;0;3;0;0;0;13;0;0;0;392;18;0;0;115;18;4;1;507;36;4;1
2022.08_13-10-2022;Магаданская область;165_195_days;SputnikV;11;2;0;0;0;0;0;0;11;2;0;0;392;18;0;0;115;18;4;1;507;36;4;1
2022.08_13-10-2022;Магаданская область;45_75_days;AllVaccines;2;0;0;0;2;0;0;0;4;0;0;0;392;18;0;0;115;18;4;1;507;36;4;1
2022.08_13-10-2022;Магаданская область;45_75_days;SputnikLite;2;0;0;0;1;0;0;0;3;0;0;0;392;18;0;0;115;18;4;1;507;36;4;1
2022.08_13-10-2022;Магаданская область;45_75_days;SputnikV;0;0;0;0;1;0;0;0;1;0;0;0;392;18;0;0;115;18;4;1;507;36;4;1
2022.08_13-10-2022;Магаданская область;75_90_days;AllVaccines;2;0;0;0;1;0;0;0;3;0;0;0;392;18;0;0;115;18;4;1;507;36;4;1
2022.08_13-10-2022;Магаданская область;75_90_days;SputnikLite;2;0;0;0;0;0;0;0;2;0;0;0;392;18;0;0;115;18;4;1;507;36;4;1
2022.08_13-10-2022;Магаданская область;75_90_days;SputnikV;0;0;0;0;1;0;0;0;1;0;0;0;392;18;0;0;115;18;4;1;507;36;4;1
2022.08_13-10-2022;Магаданская область;90_105_days;AllVaccines;1;0;0;0;0;0;0;0;1;0;0;0;392;18;0;0;115;18;4;1;507;36;4;1
2022.08_13-10-2022;Магаданская область;90_105_days;SputnikLite;1;0;0;0;0;0;0;0;1;0;0;0;392;18;0;0;115;18;4;1;507;36;4;1
2022.08_13-10-2022;Московская область;105_165_days;AllVaccines;1065;16;6;1;507;37;15;6;1572;53;21;7;48630;1535;269;48;20531;2667;673;293;69161;4202;942;341
2022.08_13-10-2022;Московская область;105_165_days;CoviVac;9;0;0;0;3;0;0;0;12;0;0;0;48630;1535;269;48;20531;2667;673;293;69161;4202;942;341
2022.08_13-10-2022;Московская область;105_165_days;EpiVacCorona;15;1;0;0;10;1;1;0;25;2;1;0;48630;1535;269;48;20531;2667;673;293;69161;4202;942;341
2022.08_13-10-2022;Московская область;105_165_days;SputnikLite;440;4;1;1;292;19;6;3;732;23;7;4;48630;1535;269;48;20531;2667;673;293;69161;4202;942;341
2022.08_13-10-2022;Московская область;105_165_days;SputnikV;601;11;5;0;202;17;8;3;803;28;13;3;48630;1535;269;48;20531;2667;673;293;69161;4202;942;341
2022.08_13-10-2022;Московская область;165_195_days;AllVaccines;1698;22;7;1;706;46;15;1;2404;68;22;2;48630;1535;269;48;20531;2667;673;293;69161;4202;942;341
2022.08_13-10-2022;Московская область;165_195_days;CoviVac;35;0;0;0;10;1;0;0;45;1;0;0;48630;1535;269;48;20531;2667;673;293;69161;4202;942;341
2022.08_13-10-2022;Московская область;165_195_days;EpiVacCorona;18;0;0;0;17;0;0;0;35;0;0;0;48630;1535;269;48;20531;2667;673;293;69161;4202;942;341
2022.08_13-10-2022;Московская область;165_195_days;SputnikLite;711;10;5;1;380;26;8;0;1091;36;13;1;48630;1535;269;48;20531;2667;673;293;69161;4202;942;341
2022.08_13-10-2022;Московская область;165_195_days;SputnikV;934;12;2;0;299;19;7;1;1233;31;9;1;48630;1535;269;48;20531;2667;673;293;69161;4202;942;341
2022.08_13-10-2022;Московская область;21_45_days;AllVaccines;281;2;1;0;85;8;3;0;366;10;4;0;48630;1535;269;48;20531;2667;673;293;69161;4202;942;341
2022.08_13-10-2022;Московская область;21_45_days;CoviVac;2;0;0;0;0;0;0;0;2;0;0;0;48630;1535;269;48;20531;2667;673;293;69161;4202;942;341
2022.08_13-10-2022;Московская область;21_45_days;EpiVacCorona;1;0;0;0;6;2;1;0;7;2;1;0;48630;1535;269;48;20531;2667;673;293;69161;4202;942;341
2022.08_13-10-2022;Московская область;21_45_days;SputnikLite;76;0;0;0;26;3;0;0;102;3;0;0;48630;1535;269;48;20531;2667;673;293;69161;4202;942;341
2022.08_13-10-2022;Московская область;21_45_days;SputnikV;202;2;1;0;53;3;2;0;255;5;3;0;48630;1535;269;48;20531;2667;673;293;69161;4202;942;341
2022.08_13-10-2022;Московская область;45_75_days;AllVaccines;374;4;0;0;149;6;0;0;523;10;0;0;48630;1535;269;48;20531;2667;673;293;69161;4202;942;341
2022.08_13-10-2022;Московская область;45_75_days;CoviVac;3;0;0;0;0;0;0;0;3;0;0;0;48630;1535;269;48;20531;2667;673;293;69161;4202;942;341
2022.08_13-10-2022;Московская область;45_75_days;EpiVacCorona;29;0;0;0;10;0;0;0;39;0;0;0;48630;1535;269;48;20531;2667;673;293;69161;4202;942;341
2022.08_13-10-2022;Московская область;45_75_days;SputnikLite;90;1;0;0;35;1;0;0;125;2;0;0;48630;1535;269;48;20531;2667;673;293;69161;4202;942;341
2022.08_13-10-2022;Московская область;45_75_days;SputnikV;252;3;0;0;104;5;0;0;356;8;0;0;48630;1535;269;48;20531;2667;673;293;69161;4202;942;341
2022.08_13-10-2022;Московская область;75_90_days;AllVaccines;167;4;0;0;99;6;1;1;266;10;1;1;48630;1535;269;48;20531;2667;673;293;69161;4202;942;341
2022.08_13-10-2022;Московская область;75_90_days;CoviVac;3;0;0;0;2;0;0;0;5;0;0;0;48630;1535;269;48;20531;2667;673;293;69161;4202;942;341
2022.08_13-10-2022;Московская область;75_90_days;EpiVacCorona;10;0;0;0;3;0;0;0;13;0;0;0;48630;1535;269;48;20531;2667;673;293;69161;4202;942;341
2022.08_13-10-2022;Московская область;75_90_days;SputnikLite;52;1;0;0;52;2;0;0;104;3;0;0;48630;1535;269;48;20531;2667;673;293;69161;4202;942;341
2022.08_13-10-2022;Московская область;75_90_days;SputnikV;102;3;0;0;42;4;1;1;144;7;1;1;48630;1535;269;48;20531;2667;673;293;69161;4202;942;341
2022.08_13-10-2022;Московская область;90_105_days;AllVaccines;141;2;2;0;101;10;4;4;242;12;6;4;48630;1535;269;48;20531;2667;673;293;69161;4202;942;341
2022.08_13-10-2022;Московская область;90_105_days;CoviVac;0;0;0;0;2;0;0;0;2;0;0;0;48630;1535;269;48;20531;2667;673;293;69161;4202;942;341
2022.08_13-10-2022;Московская область;90_105_days;EpiVacCorona;4;0;0;0;10;4;2;3;14;4;2;3;48630;1535;269;48;20531;2667;673;293;69161;4202;942;341
2022.08_13-10-2022;Московская область;90_105_days;SputnikLite;57;1;1;0;42;4;0;0;99;5;1;0;48630;1535;269;48;20531;2667;673;293;69161;4202;942;341
2022.08_13-10-2022;Московская область;90_105_days;SputnikV;80;1;1;0;47;2;2;1;127;3;3;1;48630;1535;269;48;20531;2667;673;293;69161;4202;942;341
2022.08_13-10-2022;Мурманская область;105_165_days;AllVaccines;59;4;0;0;26;4;1;1;85;8;1;1;2030;105;7;1;891;156;27;16;2921;261;34;17
2022.08_13-10-2022;Мурманская область;105_165_days;CoviVac;2;0;0;0;2;0;0;0;4;0;0;0;2030;105;7;1;891;156;27;16;2921;261;34;17
2022.08_13-10-2022;Мурманская область;105_165_days;SputnikLite;37;3;0;0;14;3;1;1;51;6;1;1;2030;105;7;1;891;156;27;16;2921;261;34;17
2022.08_13-10-2022;Мурманская область;105_165_days;SputnikV;20;1;0;0;10;1;0;0;30;2;0;0;2030;105;7;1;891;156;27;16;2921;261;34;17
2022.08_13-10-2022;Мурманская область;165_195_days;AllVaccines;91;4;0;0;35;7;0;0;126;11;0;0;2030;105;7;1;891;156;27;16;2921;261;34;17
2022.08_13-10-2022;Мурманская область;165_195_days;CoviVac;4;0;0;0;0;0;0;0;4;0;0;0;2030;105;7;1;891;156;27;16;2921;261;34;17
2022.08_13-10-2022;Мурманская область;165_195_days;SputnikLite;54;2;0;0;21;6;0;0;75;8;0;0;2030;105;7;1;891;156;27;16;2921;261;34;17
2022.08_13-10-2022;Мурманская область;165_195_days;SputnikV;33;2;0;0;14;1;0;0;47;3;0;0;2030;105;7;1;891;156;27;16;2921;261;34;17
2022.08_13-10-2022;Мурманская область;21_45_days;AllVaccines;10;0;0;0;6;2;0;0;16;2;0;0;2030;105;7;1;891;156;27;16;2921;261;34;17
2022.08_13-10-2022;Мурманская область;21_45_days;SputnikLite;1;0;0;0;0;0;0;0;1;0;0;0;2030;105;7;1;891;156;27;16;2921;261;34;17
2022.08_13-10-2022;Мурманская область;21_45_days;SputnikV;9;0;0;0;6;2;0;0;15;2;0;0;2030;105;7;1;891;156;27;16;2921;261;34;17
2022.08_13-10-2022;Мурманская область;45_75_days;AllVaccines;14;1;0;0;19;4;0;0;33;5;0;0;2030;105;7;1;891;156;27;16;2921;261;34;17
2022.08_13-10-2022;Мурманская область;45_75_days;EpiVacCorona;0;0;0;0;1;0;0;0;1;0;0;0;2030;105;7;1;891;156;27;16;2921;261;34;17
2022.08_13-10-2022;Мурманская область;45_75_days;SputnikLite;2;0;0;0;1;1;0;0;3;1;0;0;2030;105;7;1;891;156;27;16;2921;261;34;17
2022.08_13-10-2022;Мурманская область;45_75_days;SputnikV;12;1;0;0;17;3;0;0;29;4;0;0;2030;105;7;1;891;156;27;16;2921;261;34;17
2022.08_13-10-2022;Мурманская область;75_90_days;AllVaccines;11;0;0;0;9;1;0;0;20;1;0;0;2030;105;7;1;891;156;27;16;2921;261;34;17
2022.08_13-10-2022;Мурманская область;75_90_days;CoviVac;1;0;0;0;0;0;0;0;1;0;0;0;2030;105;7;1;891;156;27;16;2921;261;34;17
2022.08_13-10-2022;Мурманская область;75_90_days;EpiVacCorona;0;0;0;0;1;0;0;0;1;0;0;0;2030;105;7;1;891;156;27;16;2921;261;34;17
2022.08_13-10-2022;Мурманская область;75_90_days;SputnikLite;6;0;0;0;1;0;0;0;7;0;0;0;2030;105;7;1;891;156;27;16;2921;261;34;17
2022.08_13-10-2022;Мурманская область;75_90_days;SputnikV;4;0;0;0;7;1;0;0;11;1;0;0;2030;105;7;1;891;156;27;16;2921;261;34;17
2022.08_13-10-2022;Мурманская область;90_105_days;AllVaccines;10;0;0;0;4;1;0;0;14;1;0;0;2030;105;7;1;891;156;27;16;2921;261;34;17
2022.08_13-10-2022;Мурманская область;90_105_days;SputnikLite;4;0;0;0;1;0;0;0;5;0;0;0;2030;105;7;1;891;156;27;16;2921;261;34;17
2022.08_13-10-2022;Мурманская область;90_105_days;SputnikV;6;0;0;0;3;1;0;0;9;1;0;0;2030;105;7;1;891;156;27;16;2921;261;34;17
2022.08_13-10-2022;Ненецкий автономный округ;105_165_days;AllVaccines;2;0;0;0;3;1;0;0;5;1;0;0;152;18;0;0;55;4;0;0;207;22;0;0
2022.08_13-10-2022;Ненецкий автономный округ;105_165_days;SputnikLite;2;0;0;0;3;1;0;0;5;1;0;0;152;18;0;0;55;4;0;0;207;22;0;0
2022.08_13-10-2022;Ненецкий автономный округ;165_195_days;AllVaccines;7;2;0;0;4;1;0;0;11;3;0;0;152;18;0;0;55;4;0;0;207;22;0;0
2022.08_13-10-2022;Ненецкий автономный округ;165_195_days;SputnikLite;6;2;0;0;4;1;0;0;10;3;0;0;152;18;0;0;55;4;0;0;207;22;0;0
2022.08_13-10-2022;Ненецкий автономный округ;165_195_days;SputnikV;1;0;0;0;0;0;0;0;1;0;0;0;152;18;0;0;55;4;0;0;207;22;0;0
2022.08_13-10-2022;Ненецкий автономный округ;21_45_days;AllVaccines;1;0;0;0;1;0;0;0;2;0;0;0;152;18;0;0;55;4;0;0;207;22;0;0
2022.08_13-10-2022;Ненецкий автономный округ;21_45_days;SputnikLite;1;0;0;0;1;0;0;0;2;0;0;0;152;18;0;0;55;4;0;0;207;22;0;0
2022.08_13-10-2022;Ненецкий автономный округ;45_75_days;AllVaccines;1;0;0;0;2;0;0;0;3;0;0;0;152;18;0;0;55;4;0;0;207;22;0;0
2022.08_13-10-2022;Ненецкий автономный округ;45_75_days;SputnikLite;1;0;0;0;1;0;0;0;2;0;0;0;152;18;0;0;55;4;0;0;207;22;0;0
2022.08_13-10-2022;Ненецкий автономный округ;45_75_days;SputnikV;0;0;0;0;1;0;0;0;1;0;0;0;152;18;0;0;55;4;0;0;207;22;0;0
2022.08_13-10-2022;Нижегородская область;105_165_days;AllVaccines;238;7;0;0;164;21;1;0;402;28;1;0;17003;726;22;15;8088;1198;79;50;25091;1924;101;65
2022.08_13-10-2022;Нижегородская область;105_165_days;CoviVac;8;0;0;0;1;1;0;0;9;1;0;0;17003;726;22;15;8088;1198;79;50;25091;1924;101;65
2022.08_13-10-2022;Нижегородская область;105_165_days;EpiVacCorona;14;0;0;0;13;0;0;0;27;0;0;0;17003;726;22;15;8088;1198;79;50;25091;1924;101;65
2022.08_13-10-2022;Нижегородская область;105_165_days;SputnikLite;61;4;0;0;43;4;0;0;104;8;0;0;17003;726;22;15;8088;1198;79;50;25091;1924;101;65
2022.08_13-10-2022;Нижегородская область;105_165_days;SputnikV;155;3;0;0;107;16;1;0;262;19;1;0;17003;726;22;15;8088;1198;79;50;25091;1924;101;65
2022.08_13-10-2022;Нижегородская область;165_195_days;AllVaccines;468;17;0;0;209;23;0;1;677;40;0;1;17003;726;22;15;8088;1198;79;50;25091;1924;101;65
2022.08_13-10-2022;Нижегородская область;165_195_days;CoviVac;21;1;0;0;6;0;0;0;27;1;0;0;17003;726;22;15;8088;1198;79;50;25091;1924;101;65
2022.08_13-10-2022;Нижегородская область;165_195_days;EpiVacCorona;10;0;0;0;10;2;0;0;20;2;0;0;17003;726;22;15;8088;1198;79;50;25091;1924;101;65
2022.08_13-10-2022;Нижегородская область;165_195_days;SputnikLite;243;10;0;0;91;8;0;0;334;18;0;0;17003;726;22;15;8088;1198;79;50;25091;1924;101;65
2022.08_13-10-2022;Нижегородская область;165_195_days;SputnikV;194;6;0;0;102;13;0;1;296;19;0;1;17003;726;22;15;8088;1198;79;50;25091;1924;101;65
2022.08_13-10-2022;Нижегородская область;21_45_days;AllVaccines;41;4;0;0;49;6;0;0;90;10;0;0;17003;726;22;15;8088;1198;79;50;25091;1924;101;65
2022.08_13-10-2022;Нижегородская область;21_45_days;EpiVacCorona;4;3;0;0;7;3;0;0;11;6;0;0;17003;726;22;15;8088;1198;79;50;25091;1924;101;65
2022.08_13-10-2022;Нижегородская область;21_45_days;SputnikLite;16;0;0;0;19;1;0;0;35;1;0;0;17003;726;22;15;8088;1198;79;50;25091;1924;101;65
2022.08_13-10-2022;Нижегородская область;21_45_days;SputnikV;21;1;0;0;23;2;0;0;44;3;0;0;17003;726;22;15;8088;1198;79;50;25091;1924;101;65
2022.08_13-10-2022;Нижегородская область;45_75_days;AllVaccines;101;5;0;0;96;14;0;0;197;19;0;0;17003;726;22;15;8088;1198;79;50;25091;1924;101;65
2022.08_13-10-2022;Нижегородская область;45_75_days;CoviVac;1;0;0;0;0;0;0;0;1;0;0;0;17003;726;22;15;8088;1198;79;50;25091;1924;101;65
2022.08_13-10-2022;Нижегородская область;45_75_days;EpiVacCorona;3;0;0;0;7;1;0;0;10;1;0;0;17003;726;22;15;8088;1198;79;50;25091;1924;101;65
2022.08_13-10-2022;Нижегородская область;45_75_days;SputnikLite;53;2;0;0;36;6;0;0;89;8;0;0;17003;726;22;15;8088;1198;79;50;25091;1924;101;65
2022.08_13-10-2022;Нижегородская область;45_75_days;SputnikV;44;3;0;0;53;7;0;0;97;10;0;0;17003;726;22;15;8088;1198;79;50;25091;1924;101;65
2022.08_13-10-2022;Нижегородская область;75_90_days;AllVaccines;26;1;0;0;26;2;0;0;52;3;0;0;17003;726;22;15;8088;1198;79;50;25091;1924;101;65
2022.08_13-10-2022;Нижегородская область;75_90_days;CoviVac;2;0;0;0;1;0;0;0;3;0;0;0;17003;726;22;15;8088;1198;79;50;25091;1924;101;65
2022.08_13-10-2022;Нижегородская область;75_90_days;SputnikLite;4;0;0;0;4;0;0;0;8;0;0;0;17003;726;22;15;8088;1198;79;50;25091;1924;101;65
2022.08_13-10-2022;Нижегородская область;75_90_days;SputnikV;20;1;0;0;21;2;0;0;41;3;0;0;17003;726;22;15;8088;1198;79;50;25091;1924;101;65
2022.08_13-10-2022;Нижегородская область;90_105_days;AllVaccines;38;1;0;0;20;2;0;0;58;3;0;0;17003;726;22;15;8088;1198;79;50;25091;1924;101;65
2022.08_13-10-2022;Нижегородская область;90_105_days;CoviVac;3;0;0;0;0;0;0;0;3;0;0;0;17003;726;22;15;8088;1198;79;50;25091;1924;101;65
2022.08_13-10-2022;Нижегородская область;90_105_days;EpiVacCorona;2;0;0;0;2;0;0;0;4;0;0;0;17003;726;22;15;8088;1198;79;50;25091;1924;101;65
2022.08_13-10-2022;Нижегородская область;90_105_days;SputnikLite;2;0;0;0;0;0;0;0;2;0;0;0;17003;726;22;15;8088;1198;79;50;25091;1924;101;65
2022.08_13-10-2022;Нижегородская область;90_105_days;SputnikV;31;1;0;0;18;2;0;0;49;3;0;0;17003;726;22;15;8088;1198;79;50;25091;1924;101;65
2022.08_13-10-2022;Новгородская область;105_165_days;AllVaccines;36;0;0;0;34;5;0;0;70;5;0;0;3014;172;7;1;1803;291;15;14;4817;463;22;15
2022.08_13-10-2022;Новгородская область;105_165_days;CoviVac;3;0;0;0;1;1;0;0;4;1;0;0;3014;172;7;1;1803;291;15;14;4817;463;22;15
2022.08_13-10-2022;Новгородская область;105_165_days;EpiVacCorona;4;0;0;0;2;0;0;0;6;0;0;0;3014;172;7;1;1803;291;15;14;4817;463;22;15
2022.08_13-10-2022;Новгородская область;105_165_days;SputnikLite;8;0;0;0;6;1;0;0;14;1;0;0;3014;172;7;1;1803;291;15;14;4817;463;22;15
2022.08_13-10-2022;Новгородская область;105_165_days;SputnikV;21;0;0;0;25;3;0;0;46;3;0;0;3014;172;7;1;1803;291;15;14;4817;463;22;15
2022.08_13-10-2022;Новгородская область;165_195_days;AllVaccines;51;1;0;0;57;7;1;0;108;8;1;0;3014;172;7;1;1803;291;15;14;4817;463;22;15
2022.08_13-10-2022;Новгородская область;165_195_days;CoviVac;2;0;0;0;2;1;0;0;4;1;0;0;3014;172;7;1;1803;291;15;14;4817;463;22;15
2022.08_13-10-2022;Новгородская область;165_195_days;EpiVacCorona;4;1;0;0;6;0;0;0;10;1;0;0;3014;172;7;1;1803;291;15;14;4817;463;22;15
2022.08_13-10-2022;Новгородская область;165_195_days;SputnikLite;20;0;0;0;19;0;0;0;39;0;0;0;3014;172;7;1;1803;291;15;14;4817;463;22;15
2022.08_13-10-2022;Новгородская область;165_195_days;SputnikV;25;0;0;0;30;6;1;0;55;6;1;0;3014;172;7;1;1803;291;15;14;4817;463;22;15
2022.08_13-10-2022;Новгородская область;21_45_days;AllVaccines;7;0;0;0;5;2;0;0;12;2;0;0;3014;172;7;1;1803;291;15;14;4817;463;22;15
2022.08_13-10-2022;Новгородская область;21_45_days;EpiVacCorona;1;0;0;0;1;0;0;0;2;0;0;0;3014;172;7;1;1803;291;15;14;4817;463;22;15
2022.08_13-10-2022;Новгородская область;21_45_days;SputnikLite;3;0;0;0;3;2;0;0;6;2;0;0;3014;172;7;1;1803;291;15;14;4817;463;22;15
2022.08_13-10-2022;Новгородская область;21_45_days;SputnikV;3;0;0;0;1;0;0;0;4;0;0;0;3014;172;7;1;1803;291;15;14;4817;463;22;15
2022.08_13-10-2022;Новгородская область;45_75_days;AllVaccines;9;0;0;0;7;2;0;0;16;2;0;0;3014;172;7;1;1803;291;15;14;4817;463;22;15
2022.08_13-10-2022;Новгородская область;45_75_days;SputnikLite;1;0;0;0;1;0;0;0;2;0;0;0;3014;172;7;1;1803;291;15;14;4817;463;22;15
2022.08_13-10-2022;Новгородская область;45_75_days;SputnikV;8;0;0;0;6;2;0;0;14;2;0;0;3014;172;7;1;1803;291;15;14;4817;463;22;15
2022.08_13-10-2022;Новгородская область;75_90_days;AllVaccines;10;0;0;0;6;0;0;0;16;0;0;0;3014;172;7;1;1803;291;15;14;4817;463;22;15
2022.08_13-10-2022;Новгородская область;75_90_days;EpiVacCorona;0;0;0;0;1;0;0;0;1;0;0;0;3014;172;7;1;1803;291;15;14;4817;463;22;15
2022.08_13-10-2022;Новгородская область;75_90_days;SputnikLite;5;0;0;0;2;0;0;0;7;0;0;0;3014;172;7;1;1803;291;15;14;4817;463;22;15
2022.08_13-10-2022;Новгородская область;75_90_days;SputnikV;5;0;0;0;3;0;0;0;8;0;0;0;3014;172;7;1;1803;291;15;14;4817;463;22;15
2022.08_13-10-2022;Новгородская область;90_105_days;AllVaccines;2;0;0;0;3;1;0;0;5;1;0;0;3014;172;7;1;1803;291;15;14;4817;463;22;15
2022.08_13-10-2022;Новгородская область;90_105_days;SputnikLite;0;0;0;0;1;1;0;0;1;1;0;0;3014;172;7;1;1803;291;15;14;4817;463;22;15
2022.08_13-10-2022;Новгородская область;90_105_days;SputnikV;2;0;0;0;2;0;0;0;4;0;0;0;3014;172;7;1;1803;291;15;14;4817;463;22;15
2022.08_13-10-2022;Новосибирская область;105_165_days;AllVaccines;216;7;0;0;163;24;4;2;379;31;4;2;15897;934;34;11;7970;1294;166;99;23867;2228;200;110
2022.08_13-10-2022;Новосибирская область;105_165_days;CoviVac;14;0;0;0;0;0;0;0;14;0;0;0;15897;934;34;11;7970;1294;166;99;23867;2228;200;110
2022.08_13-10-2022;Новосибирская область;105_165_days;EpiVacCorona;12;1;0;0;8;2;0;0;20;3;0;0;15897;934;34;11;7970;1294;166;99;23867;2228;200;110
2022.08_13-10-2022;Новосибирская область;105_165_days;SputnikLite;15;1;0;0;12;2;0;0;27;3;0;0;15897;934;34;11;7970;1294;166;99;23867;2228;200;110
2022.08_13-10-2022;Новосибирская область;105_165_days;SputnikV;175;5;0;0;143;20;4;2;318;25;4;2;15897;934;34;11;7970;1294;166;99;23867;2228;200;110
2022.08_13-10-2022;Новосибирская область;165_195_days;AllVaccines;584;18;1;1;323;48;9;4;907;66;10;5;15897;934;34;11;7970;1294;166;99;23867;2228;200;110
2022.08_13-10-2022;Новосибирская область;165_195_days;CoviVac;11;0;0;0;2;0;0;0;13;0;0;0;15897;934;34;11;7970;1294;166;99;23867;2228;200;110
2022.08_13-10-2022;Новосибирская область;165_195_days;EpiVacCorona;21;0;0;0;12;3;1;1;33;3;1;1;15897;934;34;11;7970;1294;166;99;23867;2228;200;110
2022.08_13-10-2022;Новосибирская область;165_195_days;SputnikLite;288;8;0;0;144;22;4;2;432;30;4;2;15897;934;34;11;7970;1294;166;99;23867;2228;200;110
2022.08_13-10-2022;Новосибирская область;165_195_days;SputnikV;264;10;1;1;165;23;4;1;429;33;5;2;15897;934;34;11;7970;1294;166;99;23867;2228;200;110
2022.08_13-10-2022;Новосибирская область;21_45_days;AllVaccines;42;2;0;0;42;4;1;0;84;6;1;0;15897;934;34;11;7970;1294;166;99;23867;2228;200;110
2022.08_13-10-2022;Новосибирская область;21_45_days;EpiVacCorona;2;1;0;0;4;1;0;0;6;2;0;0;15897;934;34;11;7970;1294;166;99;23867;2228;200;110
2022.08_13-10-2022;Новосибирская область;21_45_days;SputnikV;40;1;0;0;38;3;1;0;78;4;1;0;15897;934;34;11;7970;1294;166;99;23867;2228;200;110
2022.08_13-10-2022;Новосибирская область;45_75_days;AllVaccines;66;4;0;0;81;12;2;1;147;16;2;1;15897;934;34;11;7970;1294;166;99;23867;2228;200;110
2022.08_13-10-2022;Новосибирская область;45_75_days;CoviVac;5;0;0;0;0;0;0;0;5;0;0;0;15897;934;34;11;7970;1294;166;99;23867;2228;200;110
2022.08_13-10-2022;Новосибирская область;45_75_days;EpiVacCorona;7;2;0;0;15;6;2;1;22;8;2;1;15897;934;34;11;7970;1294;166;99;23867;2228;200;110
2022.08_13-10-2022;Новосибирская область;45_75_days;SputnikV;54;2;0;0;66;6;0;0;120;8;0;0;15897;934;34;11;7970;1294;166;99;23867;2228;200;110
2022.08_13-10-2022;Новосибирская область;75_90_days;AllVaccines;38;3;1;0;33;3;2;0;71;6;3;0;15897;934;34;11;7970;1294;166;99;23867;2228;200;110
2022.08_13-10-2022;Новосибирская область;75_90_days;CoviVac;3;0;0;0;0;0;0;0;3;0;0;0;15897;934;34;11;7970;1294;166;99;23867;2228;200;110
2022.08_13-10-2022;Новосибирская область;75_90_days;EpiVacCorona;4;0;0;0;5;1;0;0;9;1;0;0;15897;934;34;11;7970;1294;166;99;23867;2228;200;110
2022.08_13-10-2022;Новосибирская область;75_90_days;SputnikLite;3;0;0;0;0;0;0;0;3;0;0;0;15897;934;34;11;7970;1294;166;99;23867;2228;200;110
2022.08_13-10-2022;Новосибирская область;75_90_days;SputnikV;28;3;1;0;28;2;2;0;56;5;3;0;15897;934;34;11;7970;1294;166;99;23867;2228;200;110
2022.08_13-10-2022;Новосибирская область;90_105_days;AllVaccines;24;2;0;0;36;3;0;0;60;5;0;0;15897;934;34;11;7970;1294;166;99;23867;2228;200;110
2022.08_13-10-2022;Новосибирская область;90_105_days;CoviVac;1;0;0;0;0;0;0;0;1;0;0;0;15897;934;34;11;7970;1294;166;99;23867;2228;200;110
2022.08_13-10-2022;Новосибирская область;90_105_days;EpiVacCorona;4;0;0;0;10;1;0;0;14;1;0;0;15897;934;34;11;7970;1294;166;99;23867;2228;200;110
2022.08_13-10-2022;Новосибирская область;90_105_days;SputnikLite;2;0;0;0;1;0;0;0;3;0;0;0;15897;934;34;11;7970;1294;166;99;23867;2228;200;110
2022.08_13-10-2022;Новосибирская область;90_105_days;SputnikV;17;2;0;0;25;2;0;0;42;4;0;0;15897;934;34;11;7970;1294;166;99;23867;2228;200;110
2022.08_13-10-2022;Омская область;105_165_days;AllVaccines;262;6;1;0;112;8;1;1;374;14;2;1;8568;502;45;22;4907;849;127;94;13475;1351;172;116
2022.08_13-10-2022;Омская область;105_165_days;CoviVac;9;0;0;0;0;0;0;0;9;0;0;0;8568;502;45;22;4907;849;127;94;13475;1351;172;116
2022.08_13-10-2022;Омская область;105_165_days;EpiVacCorona;16;0;0;0;15;0;0;0;31;0;0;0;8568;502;45;22;4907;849;127;94;13475;1351;172;116
2022.08_13-10-2022;Омская область;105_165_days;SputnikLite;69;4;0;0;32;3;0;0;101;7;0;0;8568;502;45;22;4907;849;127;94;13475;1351;172;116
2022.08_13-10-2022;Омская область;105_165_days;SputnikV;168;2;1;0;65;5;1;1;233;7;2;1;8568;502;45;22;4907;849;127;94;13475;1351;172;116
2022.08_13-10-2022;Омская область;165_195_days;AllVaccines;381;15;2;1;211;18;3;2;592;33;5;3;8568;502;45;22;4907;849;127;94;13475;1351;172;116
2022.08_13-10-2022;Омская область;165_195_days;CoviVac;3;0;0;0;3;0;0;0;6;0;0;0;8568;502;45;22;4907;849;127;94;13475;1351;172;116
2022.08_13-10-2022;Омская область;165_195_days;EpiVacCorona;9;0;0;0;8;0;0;0;17;0;0;0;8568;502;45;22;4907;849;127;94;13475;1351;172;116
2022.08_13-10-2022;Омская область;165_195_days;SputnikLite;195;7;2;1;81;10;1;1;276;17;3;2;8568;502;45;22;4907;849;127;94;13475;1351;172;116
2022.08_13-10-2022;Омская область;165_195_days;SputnikV;174;8;0;0;119;8;2;1;293;16;2;1;8568;502;45;22;4907;849;127;94;13475;1351;172;116
2022.08_13-10-2022;Омская область;21_45_days;AllVaccines;51;1;0;0;30;3;0;0;81;4;0;0;8568;502;45;22;4907;849;127;94;13475;1351;172;116
2022.08_13-10-2022;Омская область;21_45_days;EpiVacCorona;9;0;0;0;5;0;0;0;14;0;0;0;8568;502;45;22;4907;849;127;94;13475;1351;172;116
2022.08_13-10-2022;Омская область;21_45_days;SputnikLite;5;0;0;0;2;0;0;0;7;0;0;0;8568;502;45;22;4907;849;127;94;13475;1351;172;116
2022.08_13-10-2022;Омская область;21_45_days;SputnikV;37;1;0;0;23;3;0;0;60;4;0;0;8568;502;45;22;4907;849;127;94;13475;1351;172;116
2022.08_13-10-2022;Омская область;45_75_days;AllVaccines;76;3;0;0;78;8;2;2;154;11;2;2;8568;502;45;22;4907;849;127;94;13475;1351;172;116
2022.08_13-10-2022;Омская область;45_75_days;CoviVac;1;0;0;0;0;0;0;0;1;0;0;0;8568;502;45;22;4907;849;127;94;13475;1351;172;116
2022.08_13-10-2022;Омская область;45_75_days;EpiVacCorona;17;0;0;0;10;0;0;0;27;0;0;0;8568;502;45;22;4907;849;127;94;13475;1351;172;116
2022.08_13-10-2022;Омская область;45_75_days;SputnikLite;1;0;0;0;8;0;0;0;9;0;0;0;8568;502;45;22;4907;849;127;94;13475;1351;172;116
2022.08_13-10-2022;Омская область;45_75_days;SputnikV;57;3;0;0;60;8;2;2;117;11;2;2;8568;502;45;22;4907;849;127;94;13475;1351;172;116
2022.08_13-10-2022;Омская область;75_90_days;AllVaccines;33;0;0;0;23;2;0;0;56;2;0;0;8568;502;45;22;4907;849;127;94;13475;1351;172;116
2022.08_13-10-2022;Омская область;75_90_days;CoviVac;1;0;0;0;1;1;0;0;2;1;0;0;8568;502;45;22;4907;849;127;94;13475;1351;172;116
2022.08_13-10-2022;Омская область;75_90_days;EpiVacCorona;2;0;0;0;2;0;0;0;4;0;0;0;8568;502;45;22;4907;849;127;94;13475;1351;172;116
2022.08_13-10-2022;Омская область;75_90_days;SputnikLite;4;0;0;0;3;0;0;0;7;0;0;0;8568;502;45;22;4907;849;127;94;13475;1351;172;116
2022.08_13-10-2022;Омская область;75_90_days;SputnikV;26;0;0;0;17;1;0;0;43;1;0;0;8568;502;45;22;4907;849;127;94;13475;1351;172;116
2022.08_13-10-2022;Омская область;90_105_days;AllVaccines;30;1;0;0;22;3;0;0;52;4;0;0;8568;502;45;22;4907;849;127;94;13475;1351;172;116
2022.08_13-10-2022;Омская область;90_105_days;CoviVac;2;0;0;0;0;0;0;0;2;0;0;0;8568;502;45;22;4907;849;127;94;13475;1351;172;116
2022.08_13-10-2022;Омская область;90_105_days;EpiVacCorona;6;1;0;0;3;1;0;0;9;2;0;0;8568;502;45;22;4907;849;127;94;13475;1351;172;116
2022.08_13-10-2022;Омская область;90_105_days;SputnikLite;3;0;0;0;4;0;0;0;7;0;0;0;8568;502;45;22;4907;849;127;94;13475;1351;172;116
2022.08_13-10-2022;Омская область;90_105_days;SputnikV;19;0;0;0;15;2;0;0;34;2;0;0;8568;502;45;22;4907;849;127;94;13475;1351;172;116
2022.08_13-10-2022;Оренбургская область;105_165_days;AllVaccines;120;5;1;0;63;10;0;0;183;15;1;0;4746;217;14;3;2618;290;57;33;7364;507;71;36
2022.08_13-10-2022;Оренбургская область;105_165_days;CoviVac;8;0;0;0;1;0;0;0;9;0;0;0;4746;217;14;3;2618;290;57;33;7364;507;71;36
2022.08_13-10-2022;Оренбургская область;105_165_days;EpiVacCorona;4;0;0;0;1;0;0;0;5;0;0;0;4746;217;14;3;2618;290;57;33;7364;507;71;36
2022.08_13-10-2022;Оренбургская область;105_165_days;SputnikLite;9;0;0;0;0;0;0;0;9;0;0;0;4746;217;14;3;2618;290;57;33;7364;507;71;36
2022.08_13-10-2022;Оренбургская область;105_165_days;SputnikV;99;5;1;0;61;10;0;0;160;15;1;0;4746;217;14;3;2618;290;57;33;7364;507;71;36
2022.08_13-10-2022;Оренбургская область;165_195_days;AllVaccines;298;9;0;0;116;10;3;2;414;19;3;2;4746;217;14;3;2618;290;57;33;7364;507;71;36
2022.08_13-10-2022;Оренбургская область;165_195_days;CoviVac;7;1;0;0;1;0;0;0;8;1;0;0;4746;217;14;3;2618;290;57;33;7364;507;71;36
2022.08_13-10-2022;Оренбургская область;165_195_days;EpiVacCorona;15;1;0;0;4;2;0;0;19;3;0;0;4746;217;14;3;2618;290;57;33;7364;507;71;36
2022.08_13-10-2022;Оренбургская область;165_195_days;SputnikLite;181;0;0;0;71;5;2;1;252;5;2;1;4746;217;14;3;2618;290;57;33;7364;507;71;36
2022.08_13-10-2022;Оренбургская область;165_195_days;SputnikV;95;7;0;0;40;3;1;1;135;10;1;1;4746;217;14;3;2618;290;57;33;7364;507;71;36
2022.08_13-10-2022;Оренбургская область;21_45_days;AllVaccines;20;0;0;0;5;0;0;0;25;0;0;0;4746;217;14;3;2618;290;57;33;7364;507;71;36
2022.08_13-10-2022;Оренбургская область;21_45_days;EpiVacCorona;1;0;0;0;0;0;0;0;1;0;0;0;4746;217;14;3;2618;290;57;33;7364;507;71;36
2022.08_13-10-2022;Оренбургская область;21_45_days;SputnikLite;1;0;0;0;0;0;0;0;1;0;0;0;4746;217;14;3;2618;290;57;33;7364;507;71;36
2022.08_13-10-2022;Оренбургская область;21_45_days;SputnikV;18;0;0;0;5;0;0;0;23;0;0;0;4746;217;14;3;2618;290;57;33;7364;507;71;36
2022.08_13-10-2022;Оренбургская область;45_75_days;AllVaccines;48;0;0;0;20;1;0;0;68;1;0;0;4746;217;14;3;2618;290;57;33;7364;507;71;36
2022.08_13-10-2022;Оренбургская область;45_75_days;CoviVac;4;0;0;0;2;0;0;0;6;0;0;0;4746;217;14;3;2618;290;57;33;7364;507;71;36
2022.08_13-10-2022;Оренбургская область;45_75_days;EpiVacCorona;0;0;0;0;4;0;0;0;4;0;0;0;4746;217;14;3;2618;290;57;33;7364;507;71;36
2022.08_13-10-2022;Оренбургская область;45_75_days;SputnikLite;2;0;0;0;0;0;0;0;2;0;0;0;4746;217;14;3;2618;290;57;33;7364;507;71;36
2022.08_13-10-2022;Оренбургская область;45_75_days;SputnikV;42;0;0;0;14;1;0;0;56;1;0;0;4746;217;14;3;2618;290;57;33;7364;507;71;36
2022.08_13-10-2022;Оренбургская область;75_90_days;AllVaccines;12;1;0;0;12;0;0;0;24;1;0;0;4746;217;14;3;2618;290;57;33;7364;507;71;36
2022.08_13-10-2022;Оренбургская область;75_90_days;EpiVacCorona;0;0;0;0;1;0;0;0;1;0;0;0;4746;217;14;3;2618;290;57;33;7364;507;71;36
2022.08_13-10-2022;Оренбургская область;75_90_days;SputnikV;12;1;0;0;11;0;0;0;23;1;0;0;4746;217;14;3;2618;290;57;33;7364;507;71;36
2022.08_13-10-2022;Оренбургская область;90_105_days;AllVaccines;13;0;0;0;20;0;0;0;33;0;0;0;4746;217;14;3;2618;290;57;33;7364;507;71;36
2022.08_13-10-2022;Оренбургская область;90_105_days;CoviVac;1;0;0;0;0;0;0;0;1;0;0;0;4746;217;14;3;2618;290;57;33;7364;507;71;36
2022.08_13-10-2022;Оренбургская область;90_105_days;EpiVacCorona;0;0;0;0;1;0;0;0;1;0;0;0;4746;217;14;3;2618;290;57;33;7364;507;71;36
2022.08_13-10-2022;Оренбургская область;90_105_days;SputnikV;12;0;0;0;19;0;0;0;31;0;0;0;4746;217;14;3;2618;290;57;33;7364;507;71;36
2022.08_13-10-2022;Орловская область;105_165_days;AllVaccines;49;1;1;1;18;0;0;0;67;1;1;1;3657;166;22;8;2258;417;88;37;5915;583;110;45
2022.08_13-10-2022;Орловская область;105_165_days;CoviVac;5;0;0;0;0;0;0;0;5;0;0;0;3657;166;22;8;2258;417;88;37;5915;583;110;45
2022.08_13-10-2022;Орловская область;105_165_days;EpiVacCorona;6;0;0;0;0;0;0;0;6;0;0;0;3657;166;22;8;2258;417;88;37;5915;583;110;45
2022.08_13-10-2022;Орловская область;105_165_days;SputnikLite;2;0;0;0;1;0;0;0;3;0;0;0;3657;166;22;8;2258;417;88;37;5915;583;110;45
2022.08_13-10-2022;Орловская область;105_165_days;SputnikV;36;1;1;1;17;0;0;0;53;1;1;1;3657;166;22;8;2258;417;88;37;5915;583;110;45
2022.08_13-10-2022;Орловская область;165_195_days;AllVaccines;73;3;0;0;48;6;0;0;121;9;0;0;3657;166;22;8;2258;417;88;37;5915;583;110;45
2022.08_13-10-2022;Орловская область;165_195_days;CoviVac;1;0;0;0;0;0;0;0;1;0;0;0;3657;166;22;8;2258;417;88;37;5915;583;110;45
2022.08_13-10-2022;Орловская область;165_195_days;EpiVacCorona;3;1;0;0;2;0;0;0;5;1;0;0;3657;166;22;8;2258;417;88;37;5915;583;110;45
2022.08_13-10-2022;Орловская область;165_195_days;SputnikLite;33;0;0;0;26;4;0;0;59;4;0;0;3657;166;22;8;2258;417;88;37;5915;583;110;45
2022.08_13-10-2022;Орловская область;165_195_days;SputnikV;36;2;0;0;20;2;0;0;56;4;0;0;3657;166;22;8;2258;417;88;37;5915;583;110;45
2022.08_13-10-2022;Орловская область;21_45_days;AllVaccines;14;0;0;0;12;0;0;0;26;0;0;0;3657;166;22;8;2258;417;88;37;5915;583;110;45
2022.08_13-10-2022;Орловская область;21_45_days;EpiVacCorona;0;0;0;0;2;0;0;0;2;0;0;0;3657;166;22;8;2258;417;88;37;5915;583;110;45
2022.08_13-10-2022;Орловская область;21_45_days;SputnikV;14;0;0;0;10;0;0;0;24;0;0;0;3657;166;22;8;2258;417;88;37;5915;583;110;45
2022.08_13-10-2022;Орловская область;45_75_days;AllVaccines;27;0;0;0;13;1;1;0;40;1;1;0;3657;166;22;8;2258;417;88;37;5915;583;110;45
2022.08_13-10-2022;Орловская область;45_75_days;EpiVacCorona;0;0;0;0;1;0;0;0;1;0;0;0;3657;166;22;8;2258;417;88;37;5915;583;110;45
2022.08_13-10-2022;Орловская область;45_75_days;SputnikLite;1;0;0;0;0;0;0;0;1;0;0;0;3657;166;22;8;2258;417;88;37;5915;583;110;45
2022.08_13-10-2022;Орловская область;45_75_days;SputnikV;26;0;0;0;12;1;1;0;38;1;1;0;3657;166;22;8;2258;417;88;37;5915;583;110;45
2022.08_13-10-2022;Орловская область;75_90_days;AllVaccines;5;0;0;0;5;1;0;0;10;1;0;0;3657;166;22;8;2258;417;88;37;5915;583;110;45
2022.08_13-10-2022;Орловская область;75_90_days;EpiVacCorona;2;0;0;0;0;0;0;0;2;0;0;0;3657;166;22;8;2258;417;88;37;5915;583;110;45
2022.08_13-10-2022;Орловская область;75_90_days;SputnikV;3;0;0;0;5;1;0;0;8;1;0;0;3657;166;22;8;2258;417;88;37;5915;583;110;45
2022.08_13-10-2022;Орловская область;90_105_days;AllVaccines;9;1;1;0;7;2;0;0;16;3;1;0;3657;166;22;8;2258;417;88;37;5915;583;110;45
2022.08_13-10-2022;Орловская область;90_105_days;SputnikLite;2;0;0;0;0;0;0;0;2;0;0;0;3657;166;22;8;2258;417;88;37;5915;583;110;45
2022.08_13-10-2022;Орловская область;90_105_days;SputnikV;7;1;1;0;7;2;0;0;14;3;1;0;3657;166;22;8;2258;417;88;37;5915;583;110;45
2022.08_13-10-2022;Пензенская область;105_165_days;AllVaccines;246;9;0;0;675;86;24;11;921;95;24;11;5340;198;24;9;3820;559;84;42;9160;757;108;51
2022.08_13-10-2022;Пензенская область;105_165_days;CoviVac;5;0;0;0;7;0;0;0;12;0;0;0;5340;198;24;9;3820;559;84;42;9160;757;108;51
2022.08_13-10-2022;Пензенская область;105_165_days;EpiVacCorona;12;1;0;0;56;7;3;1;68;8;3;1;5340;198;24;9;3820;559;84;42;9160;757;108;51
2022.08_13-10-2022;Пензенская область;105_165_days;SputnikLite;36;0;0;0;46;3;0;0;82;3;0;0;5340;198;24;9;3820;559;84;42;9160;757;108;51
2022.08_13-10-2022;Пензенская область;105_165_days;SputnikV;193;8;0;0;566;76;21;10;759;84;21;10;5340;198;24;9;3820;559;84;42;9160;757;108;51
2022.08_13-10-2022;Пензенская область;165_195_days;AllVaccines;193;4;0;0;259;47;10;6;452;51;10;6;5340;198;24;9;3820;559;84;42;9160;757;108;51
2022.08_13-10-2022;Пензенская область;165_195_days;CoviVac;0;0;0;0;2;2;0;0;2;2;0;0;5340;198;24;9;3820;559;84;42;9160;757;108;51
2022.08_13-10-2022;Пензенская область;165_195_days;EpiVacCorona;10;0;0;0;26;8;3;2;36;8;3;2;5340;198;24;9;3820;559;84;42;9160;757;108;51
2022.08_13-10-2022;Пензенская область;165_195_days;SputnikLite;108;2;0;0;94;15;4;3;202;17;4;3;5340;198;24;9;3820;559;84;42;9160;757;108;51
2022.08_13-10-2022;Пензенская область;165_195_days;SputnikV;75;2;0;0;137;22;3;1;212;24;3;1;5340;198;24;9;3820;559;84;42;9160;757;108;51
2022.08_13-10-2022;Пензенская область;21_45_days;AllVaccines;132;4;0;0;224;40;4;2;356;44;4;2;5340;198;24;9;3820;559;84;42;9160;757;108;51
2022.08_13-10-2022;Пензенская область;21_45_days;SputnikV;132;4;0;0;224;40;4;2;356;44;4;2;5340;198;24;9;3820;559;84;42;9160;757;108;51
2022.08_13-10-2022;Пензенская область;45_75_days;AllVaccines;131;6;1;0;232;32;3;1;363;38;4;1;5340;198;24;9;3820;559;84;42;9160;757;108;51
2022.08_13-10-2022;Пензенская область;45_75_days;EpiVacCorona;3;0;0;0;8;1;0;0;11;1;0;0;5340;198;24;9;3820;559;84;42;9160;757;108;51
2022.08_13-10-2022;Пензенская область;45_75_days;SputnikLite;3;0;0;0;2;0;0;0;5;0;0;0;5340;198;24;9;3820;559;84;42;9160;757;108;51
2022.08_13-10-2022;Пензенская область;45_75_days;SputnikV;125;6;1;0;222;31;3;1;347;37;4;1;5340;198;24;9;3820;559;84;42;9160;757;108;51
2022.08_13-10-2022;Пензенская область;75_90_days;AllVaccines;53;3;1;0;72;10;2;1;125;13;3;1;5340;198;24;9;3820;559;84;42;9160;757;108;51
2022.08_13-10-2022;Пензенская область;75_90_days;EpiVacCorona;2;1;1;0;2;1;0;0;4;2;1;0;5340;198;24;9;3820;559;84;42;9160;757;108;51
2022.08_13-10-2022;Пензенская область;75_90_days;SputnikLite;2;0;0;0;3;0;0;0;5;0;0;0;5340;198;24;9;3820;559;84;42;9160;757;108;51
2022.08_13-10-2022;Пензенская область;75_90_days;SputnikV;49;2;0;0;67;9;2;1;116;11;2;1;5340;198;24;9;3820;559;84;42;9160;757;108;51
2022.08_13-10-2022;Пензенская область;90_105_days;AllVaccines;50;0;0;0;95;15;0;0;145;15;0;0;5340;198;24;9;3820;559;84;42;9160;757;108;51
2022.08_13-10-2022;Пензенская область;90_105_days;EpiVacCorona;10;0;0;0;17;3;0;0;27;3;0;0;5340;198;24;9;3820;559;84;42;9160;757;108;51
2022.08_13-10-2022;Пензенская область;90_105_days;SputnikLite;3;0;0;0;1;0;0;0;4;0;0;0;5340;198;24;9;3820;559;84;42;9160;757;108;51
2022.08_13-10-2022;Пензенская область;90_105_days;SputnikV;37;0;0;0;77;12;0;0;114;12;0;0;5340;198;24;9;3820;559;84;42;9160;757;108;51
2022.08_13-10-2022;Пермский край;105_165_days;AllVaccines;148;7;1;0;125;6;0;0;273;13;1;0;11800;460;21;5;5623;707;61;30;17423;1167;82;35
2022.08_13-10-2022;Пермский край;105_165_days;CoviVac;4;0;0;0;3;0;0;0;7;0;0;0;11800;460;21;5;5623;707;61;30;17423;1167;82;35
2022.08_13-10-2022;Пермский край;105_165_days;EpiVacCorona;7;1;0;0;3;1;0;0;10;2;0;0;11800;460;21;5;5623;707;61;30;17423;1167;82;35
2022.08_13-10-2022;Пермский край;105_165_days;SputnikLite;32;2;0;0;17;0;0;0;49;2;0;0;11800;460;21;5;5623;707;61;30;17423;1167;82;35
2022.08_13-10-2022;Пермский край;105_165_days;SputnikV;105;4;1;0;102;5;0;0;207;9;1;0;11800;460;21;5;5623;707;61;30;17423;1167;82;35
2022.08_13-10-2022;Пермский край;165_195_days;AllVaccines;341;19;0;0;186;25;3;1;527;44;3;1;11800;460;21;5;5623;707;61;30;17423;1167;82;35
2022.08_13-10-2022;Пермский край;165_195_days;CoviVac;11;0;0;0;4;0;0;0;15;0;0;0;11800;460;21;5;5623;707;61;30;17423;1167;82;35
2022.08_13-10-2022;Пермский край;165_195_days;EpiVacCorona;11;4;0;0;9;5;0;0;20;9;0;0;11800;460;21;5;5623;707;61;30;17423;1167;82;35
2022.08_13-10-2022;Пермский край;165_195_days;SputnikLite;161;6;0;0;82;4;0;0;243;10;0;0;11800;460;21;5;5623;707;61;30;17423;1167;82;35
2022.08_13-10-2022;Пермский край;165_195_days;SputnikV;158;9;0;0;91;16;3;1;249;25;3;1;11800;460;21;5;5623;707;61;30;17423;1167;82;35
2022.08_13-10-2022;Пермский край;21_45_days;AllVaccines;16;1;0;0;11;2;0;0;27;3;0;0;11800;460;21;5;5623;707;61;30;17423;1167;82;35
2022.08_13-10-2022;Пермский край;21_45_days;EpiVacCorona;1;0;0;0;0;0;0;0;1;0;0;0;11800;460;21;5;5623;707;61;30;17423;1167;82;35
2022.08_13-10-2022;Пермский край;21_45_days;SputnikLite;1;0;0;0;0;0;0;0;1;0;0;0;11800;460;21;5;5623;707;61;30;17423;1167;82;35
2022.08_13-10-2022;Пермский край;21_45_days;SputnikV;14;1;0;0;11;2;0;0;25;3;0;0;11800;460;21;5;5623;707;61;30;17423;1167;82;35
2022.08_13-10-2022;Пермский край;45_75_days;AllVaccines;33;4;0;0;39;3;0;0;72;7;0;0;11800;460;21;5;5623;707;61;30;17423;1167;82;35
2022.08_13-10-2022;Пермский край;45_75_days;EpiVacCorona;8;2;0;0;7;0;0;0;15;2;0;0;11800;460;21;5;5623;707;61;30;17423;1167;82;35
2022.08_13-10-2022;Пермский край;45_75_days;SputnikLite;1;0;0;0;1;0;0;0;2;0;0;0;11800;460;21;5;5623;707;61;30;17423;1167;82;35
2022.08_13-10-2022;Пермский край;45_75_days;SputnikV;24;2;0;0;31;3;0;0;55;5;0;0;11800;460;21;5;5623;707;61;30;17423;1167;82;35
2022.08_13-10-2022;Пермский край;75_90_days;AllVaccines;21;1;0;0;17;0;0;0;38;1;0;0;11800;460;21;5;5623;707;61;30;17423;1167;82;35
2022.08_13-10-2022;Пермский край;75_90_days;EpiVacCorona;2;0;0;0;2;0;0;0;4;0;0;0;11800;460;21;5;5623;707;61;30;17423;1167;82;35
2022.08_13-10-2022;Пермский край;75_90_days;SputnikLite;6;0;0;0;3;0;0;0;9;0;0;0;11800;460;21;5;5623;707;61;30;17423;1167;82;35
2022.08_13-10-2022;Пермский край;75_90_days;SputnikV;13;1;0;0;12;0;0;0;25;1;0;0;11800;460;21;5;5623;707;61;30;17423;1167;82;35
2022.08_13-10-2022;Пермский край;90_105_days;AllVaccines;19;0;0;0;24;2;0;0;43;2;0;0;11800;460;21;5;5623;707;61;30;17423;1167;82;35
2022.08_13-10-2022;Пермский край;90_105_days;CoviVac;1;0;0;0;0;0;0;0;1;0;0;0;11800;460;21;5;5623;707;61;30;17423;1167;82;35
2022.08_13-10-2022;Пермский край;90_105_days;EpiVacCorona;1;0;0;0;3;0;0;0;4;0;0;0;11800;460;21;5;5623;707;61;30;17423;1167;82;35
2022.08_13-10-2022;Пермский край;90_105_days;SputnikLite;3;0;0;0;0;0;0;0;3;0;0;0;11800;460;21;5;5623;707;61;30;17423;1167;82;35
2022.08_13-10-2022;Пермский край;90_105_days;SputnikV;14;0;0;0;21;2;0;0;35;2;0;0;11800;460;21;5;5623;707;61;30;17423;1167;82;35
2022.08_13-10-2022;Приморский край;105_165_days;AllVaccines;166;6;1;0;123;15;2;1;289;21;3;1;9149;470;26;8;4687;701;92;55;13836;1171;118;63
2022.08_13-10-2022;Приморский край;105_165_days;CoviVac;9;1;0;0;1;0;0;0;10;1;0;0;9149;470;26;8;4687;701;92;55;13836;1171;118;63
2022.08_13-10-2022;Приморский край;105_165_days;EpiVacCorona;22;1;0;0;16;2;0;0;38;3;0;0;9149;470;26;8;4687;701;92;55;13836;1171;118;63
2022.08_13-10-2022;Приморский край;105_165_days;SputnikLite;96;4;1;0;76;7;0;0;172;11;1;0;9149;470;26;8;4687;701;92;55;13836;1171;118;63
2022.08_13-10-2022;Приморский край;105_165_days;SputnikV;39;0;0;0;30;6;2;1;69;6;2;1;9149;470;26;8;4687;701;92;55;13836;1171;118;63
2022.08_13-10-2022;Приморский край;165_195_days;AllVaccines;289;11;0;0;175;19;2;1;464;30;2;1;9149;470;26;8;4687;701;92;55;13836;1171;118;63
2022.08_13-10-2022;Приморский край;165_195_days;CoviVac;1;0;0;0;0;0;0;0;1;0;0;0;9149;470;26;8;4687;701;92;55;13836;1171;118;63
2022.08_13-10-2022;Приморский край;165_195_days;EpiVacCorona;17;2;0;0;10;2;0;0;27;4;0;0;9149;470;26;8;4687;701;92;55;13836;1171;118;63
2022.08_13-10-2022;Приморский край;165_195_days;SputnikLite;177;5;0;0;115;14;2;1;292;19;2;1;9149;470;26;8;4687;701;92;55;13836;1171;118;63
2022.08_13-10-2022;Приморский край;165_195_days;SputnikV;94;4;0;0;50;3;0;0;144;7;0;0;9149;470;26;8;4687;701;92;55;13836;1171;118;63
2022.08_13-10-2022;Приморский край;21_45_days;AllVaccines;22;1;0;0;24;4;0;0;46;5;0;0;9149;470;26;8;4687;701;92;55;13836;1171;118;63
2022.08_13-10-2022;Приморский край;21_45_days;EpiVacCorona;2;0;0;0;1;0;0;0;3;0;0;0;9149;470;26;8;4687;701;92;55;13836;1171;118;63
2022.08_13-10-2022;Приморский край;21_45_days;SputnikLite;2;0;0;0;2;0;0;0;4;0;0;0;9149;470;26;8;4687;701;92;55;13836;1171;118;63
2022.08_13-10-2022;Приморский край;21_45_days;SputnikV;18;1;0;0;21;4;0;0;39;5;0;0;9149;470;26;8;4687;701;92;55;13836;1171;118;63
2022.08_13-10-2022;Приморский край;45_75_days;AllVaccines;44;2;0;0;53;7;1;1;97;9;1;1;9149;470;26;8;4687;701;92;55;13836;1171;118;63
2022.08_13-10-2022;Приморский край;45_75_days;CoviVac;3;0;0;0;0;0;0;0;3;0;0;0;9149;470;26;8;4687;701;92;55;13836;1171;118;63
2022.08_13-10-2022;Приморский край;45_75_days;EpiVacCorona;8;0;0;0;28;5;0;0;36;5;0;0;9149;470;26;8;4687;701;92;55;13836;1171;118;63
2022.08_13-10-2022;Приморский край;45_75_days;SputnikLite;10;0;0;0;5;0;0;0;15;0;0;0;9149;470;26;8;4687;701;92;55;13836;1171;118;63
2022.08_13-10-2022;Приморский край;45_75_days;SputnikV;23;2;0;0;20;2;1;1;43;4;1;1;9149;470;26;8;4687;701;92;55;13836;1171;118;63
2022.08_13-10-2022;Приморский край;75_90_days;AllVaccines;22;1;0;0;23;2;0;0;45;3;0;0;9149;470;26;8;4687;701;92;55;13836;1171;118;63
2022.08_13-10-2022;Приморский край;75_90_days;EpiVacCorona;2;0;0;0;1;0;0;0;3;0;0;0;9149;470;26;8;4687;701;92;55;13836;1171;118;63
2022.08_13-10-2022;Приморский край;75_90_days;SputnikLite;10;0;0;0;16;2;0;0;26;2;0;0;9149;470;26;8;4687;701;92;55;13836;1171;118;63
2022.08_13-10-2022;Приморский край;75_90_days;SputnikV;10;1;0;0;6;0;0;0;16;1;0;0;9149;470;26;8;4687;701;92;55;13836;1171;118;63
2022.08_13-10-2022;Приморский край;90_105_days;AllVaccines;14;0;0;0;23;1;0;0;37;1;0;0;9149;470;26;8;4687;701;92;55;13836;1171;118;63
2022.08_13-10-2022;Приморский край;90_105_days;EpiVacCorona;0;0;0;0;8;0;0;0;8;0;0;0;9149;470;26;8;4687;701;92;55;13836;1171;118;63
2022.08_13-10-2022;Приморский край;90_105_days;SputnikLite;12;0;0;0;9;0;0;0;21;0;0;0;9149;470;26;8;4687;701;92;55;13836;1171;118;63
2022.08_13-10-2022;Приморский край;90_105_days;SputnikV;2;0;0;0;6;1;0;0;8;1;0;0;9149;470;26;8;4687;701;92;55;13836;1171;118;63
2022.08_13-10-2022;Псковская область;105_165_days;AllVaccines;32;2;0;0;25;8;0;0;57;10;0;0;2789;184;10;5;1499;350;29;26;4288;534;39;31
2022.08_13-10-2022;Псковская область;105_165_days;EpiVacCorona;3;0;0;0;5;0;0;0;8;0;0;0;2789;184;10;5;1499;350;29;26;4288;534;39;31
2022.08_13-10-2022;Псковская область;105_165_days;SputnikLite;1;0;0;0;1;0;0;0;2;0;0;0;2789;184;10;5;1499;350;29;26;4288;534;39;31
2022.08_13-10-2022;Псковская область;105_165_days;SputnikV;28;2;0;0;19;8;0;0;47;10;0;0;2789;184;10;5;1499;350;29;26;4288;534;39;31
2022.08_13-10-2022;Псковская область;165_195_days;AllVaccines;85;3;0;0;49;9;0;0;134;12;0;0;2789;184;10;5;1499;350;29;26;4288;534;39;31
2022.08_13-10-2022;Псковская область;165_195_days;CoviVac;5;0;0;0;2;1;0;0;7;1;0;0;2789;184;10;5;1499;350;29;26;4288;534;39;31
2022.08_13-10-2022;Псковская область;165_195_days;EpiVacCorona;6;0;0;0;4;0;0;0;10;0;0;0;2789;184;10;5;1499;350;29;26;4288;534;39;31
2022.08_13-10-2022;Псковская область;165_195_days;SputnikLite;12;0;0;0;10;4;0;0;22;4;0;0;2789;184;10;5;1499;350;29;26;4288;534;39;31
2022.08_13-10-2022;Псковская область;165_195_days;SputnikV;62;3;0;0;33;4;0;0;95;7;0;0;2789;184;10;5;1499;350;29;26;4288;534;39;31
2022.08_13-10-2022;Псковская область;21_45_days;AllVaccines;9;0;0;0;4;1;0;0;13;1;0;0;2789;184;10;5;1499;350;29;26;4288;534;39;31
2022.08_13-10-2022;Псковская область;21_45_days;EpiVacCorona;1;0;0;0;0;0;0;0;1;0;0;0;2789;184;10;5;1499;350;29;26;4288;534;39;31
2022.08_13-10-2022;Псковская область;21_45_days;SputnikLite;1;0;0;0;0;0;0;0;1;0;0;0;2789;184;10;5;1499;350;29;26;4288;534;39;31
2022.08_13-10-2022;Псковская область;21_45_days;SputnikV;7;0;0;0;4;1;0;0;11;1;0;0;2789;184;10;5;1499;350;29;26;4288;534;39;31
2022.08_13-10-2022;Псковская область;45_75_days;AllVaccines;11;1;0;0;9;1;1;1;20;2;1;1;2789;184;10;5;1499;350;29;26;4288;534;39;31
2022.08_13-10-2022;Псковская область;45_75_days;SputnikLite;1;0;0;0;0;0;0;0;1;0;0;0;2789;184;10;5;1499;350;29;26;4288;534;39;31
2022.08_13-10-2022;Псковская область;45_75_days;SputnikV;10;1;0;0;9;1;1;1;19;2;1;1;2789;184;10;5;1499;350;29;26;4288;534;39;31
2022.08_13-10-2022;Псковская область;75_90_days;AllVaccines;7;0;0;0;9;0;0;0;16;0;0;0;2789;184;10;5;1499;350;29;26;4288;534;39;31
2022.08_13-10-2022;Псковская область;75_90_days;SputnikLite;4;0;0;0;0;0;0;0;4;0;0;0;2789;184;10;5;1499;350;29;26;4288;534;39;31
2022.08_13-10-2022;Псковская область;75_90_days;SputnikV;3;0;0;0;9;0;0;0;12;0;0;0;2789;184;10;5;1499;350;29;26;4288;534;39;31
2022.08_13-10-2022;Псковская область;90_105_days;AllVaccines;3;0;0;0;13;5;0;0;16;5;0;0;2789;184;10;5;1499;350;29;26;4288;534;39;31
2022.08_13-10-2022;Псковская область;90_105_days;SputnikV;3;0;0;0;13;5;0;0;16;5;0;0;2789;184;10;5;1499;350;29;26;4288;534;39;31
2022.08_13-10-2022;РФ;105_165_days;AllVaccines;14853;421;44;8;10406;1086;164;74;25259;1507;208;82;757924;27895;2976;680;366978;45855;9130;4642;1124902;73750;12106;5322
2022.08_13-10-2022;РФ;105_165_days;CoviVac;628;12;2;0;175;17;4;2;803;29;6;2;757924;27895;2976;680;366978;45855;9130;4642;1124902;73750;12106;5322
2022.08_13-10-2022;РФ;105_165_days;EpiVacCorona;779;26;1;0;668;94;17;4;1447;120;18;4;757924;27895;2976;680;366978;45855;9130;4642;1124902;73750;12106;5322
2022.08_13-10-2022;РФ;105_165_days;SputnikLite;3769;103;9;2;2487;229;26;11;6256;332;35;13;757924;27895;2976;680;366978;45855;9130;4642;1124902;73750;12106;5322
2022.08_13-10-2022;РФ;105_165_days;SputnikV;9677;280;32;6;7076;746;117;57;16753;1026;149;63;757924;27895;2976;680;366978;45855;9130;4642;1124902;73750;12106;5322
2022.08_13-10-2022;РФ;165_195_days;AllVaccines;26290;706;56;12;13835;1379;205;79;40125;2085;261;91;757924;27895;2976;680;366978;45855;9130;4642;1124902;73750;12106;5322
2022.08_13-10-2022;РФ;165_195_days;CoviVac;611;10;1;0;148;19;3;2;759;29;4;2;757924;27895;2976;680;366978;45855;9130;4642;1124902;73750;12106;5322
2022.08_13-10-2022;РФ;165_195_days;EpiVacCorona;770;43;4;2;601;119;14;11;1371;162;18;13;757924;27895;2976;680;366978;45855;9130;4642;1124902;73750;12106;5322
2022.08_13-10-2022;РФ;165_195_days;SputnikLite;12151;277;29;4;5956;529;82;29;18107;806;111;33;757924;27895;2976;680;366978;45855;9130;4642;1124902;73750;12106;5322
2022.08_13-10-2022;РФ;165_195_days;SputnikV;12758;376;22;6;7130;712;106;37;19888;1088;128;43;757924;27895;2976;680;366978;45855;9130;4642;1124902;73750;12106;5322
2022.08_13-10-2022;РФ;21_45_days;AllVaccines;2829;102;6;2;1882;247;33;18;4711;349;39;20;757924;27895;2976;680;366978;45855;9130;4642;1124902;73750;12106;5322
2022.08_13-10-2022;РФ;21_45_days;CoviVac;13;1;0;0;6;1;0;0;19;2;0;0;757924;27895;2976;680;366978;45855;9130;4642;1124902;73750;12106;5322
2022.08_13-10-2022;РФ;21_45_days;EpiVacCorona;226;17;2;0;189;28;3;1;415;45;5;1;757924;27895;2976;680;366978;45855;9130;4642;1124902;73750;12106;5322
2022.08_13-10-2022;РФ;21_45_days;SputnikLite;327;7;0;0;163;15;1;1;490;22;1;1;757924;27895;2976;680;366978;45855;9130;4642;1124902;73750;12106;5322
2022.08_13-10-2022;РФ;21_45_days;SputnikV;2263;77;4;2;1524;203;29;16;3787;280;33;18;757924;27895;2976;680;366978;45855;9130;4642;1124902;73750;12106;5322
2022.08_13-10-2022;РФ;45_75_days;AllVaccines;4824;189;5;2;3931;469;37;23;8755;658;42;25;757924;27895;2976;680;366978;45855;9130;4642;1124902;73750;12106;5322
2022.08_13-10-2022;РФ;45_75_days;CoviVac;189;4;0;0;77;12;0;0;266;16;0;0;757924;27895;2976;680;366978;45855;9130;4642;1124902;73750;12106;5322
2022.08_13-10-2022;РФ;45_75_days;EpiVacCorona;459;31;0;0;430;67;7;5;889;98;7;5;757924;27895;2976;680;366978;45855;9130;4642;1124902;73750;12106;5322
2022.08_13-10-2022;РФ;45_75_days;SputnikLite;527;16;0;0;286;26;1;0;813;42;1;0;757924;27895;2976;680;366978;45855;9130;4642;1124902;73750;12106;5322
2022.08_13-10-2022;РФ;45_75_days;SputnikV;3649;138;5;2;3138;364;29;18;6787;502;34;20;757924;27895;2976;680;366978;45855;9130;4642;1124902;73750;12106;5322
2022.08_13-10-2022;РФ;75_90_days;AllVaccines;2309;71;6;4;1805;185;18;10;4114;256;24;14;757924;27895;2976;680;366978;45855;9130;4642;1124902;73750;12106;5322
2022.08_13-10-2022;РФ;75_90_days;CoviVac;154;3;0;0;56;9;0;0;210;12;0;0;757924;27895;2976;680;366978;45855;9130;4642;1124902;73750;12106;5322
2022.08_13-10-2022;РФ;75_90_days;EpiVacCorona;152;4;1;0;130;12;2;2;282;16;3;2;757924;27895;2976;680;366978;45855;9130;4642;1124902;73750;12106;5322
2022.08_13-10-2022;РФ;75_90_days;SputnikLite;417;11;2;1;311;19;2;1;728;30;4;2;757924;27895;2976;680;366978;45855;9130;4642;1124902;73750;12106;5322
2022.08_13-10-2022;РФ;75_90_days;SputnikV;1586;53;3;3;1308;145;14;7;2894;198;17;10;757924;27895;2976;680;366978;45855;9130;4642;1124902;73750;12106;5322
2022.08_13-10-2022;РФ;90_105_days;AllVaccines;2122;79;9;3;1809;212;21;14;3931;291;30;17;757924;27895;2976;680;366978;45855;9130;4642;1124902;73750;12106;5322
2022.08_13-10-2022;РФ;90_105_days;CoviVac;72;2;0;0;35;4;1;1;107;6;1;1;757924;27895;2976;680;366978;45855;9130;4642;1124902;73750;12106;5322
2022.08_13-10-2022;РФ;90_105_days;EpiVacCorona;143;5;0;0;171;33;7;7;314;38;7;7;757924;27895;2976;680;366978;45855;9130;4642;1124902;73750;12106;5322
2022.08_13-10-2022;РФ;90_105_days;SputnikLite;375;9;1;0;249;26;0;0;624;35;1;0;757924;27895;2976;680;366978;45855;9130;4642;1124902;73750;12106;5322
2022.08_13-10-2022;РФ;90_105_days;SputnikV;1532;63;8;3;1354;149;13;6;2886;212;21;9;757924;27895;2976;680;366978;45855;9130;4642;1124902;73750;12106;5322
2022.08_13-10-2022;Республика Адыгея;105_165_days;AllVaccines;18;2;1;1;30;2;1;1;48;4;2;2;1590;112;5;3;840;102;10;8;2430;214;15;11
2022.08_13-10-2022;Республика Адыгея;105_165_days;SputnikLite;9;2;1;1;20;2;1;1;29;4;2;2;1590;112;5;3;840;102;10;8;2430;214;15;11
2022.08_13-10-2022;Республика Адыгея;105_165_days;SputnikV;9;0;0;0;10;0;0;0;19;0;0;0;1590;112;5;3;840;102;10;8;2430;214;15;11
2022.08_13-10-2022;Республика Адыгея;165_195_days;AllVaccines;48;2;0;0;31;6;0;0;79;8;0;0;1590;112;5;3;840;102;10;8;2430;214;15;11
2022.08_13-10-2022;Республика Адыгея;165_195_days;EpiVacCorona;0;0;0;0;1;1;0;0;1;1;0;0;1590;112;5;3;840;102;10;8;2430;214;15;11
2022.08_13-10-2022;Республика Адыгея;165_195_days;SputnikLite;29;1;0;0;14;0;0;0;43;1;0;0;1590;112;5;3;840;102;10;8;2430;214;15;11
2022.08_13-10-2022;Республика Адыгея;165_195_days;SputnikV;19;1;0;0;16;5;0;0;35;6;0;0;1590;112;5;3;840;102;10;8;2430;214;15;11
2022.08_13-10-2022;Республика Адыгея;21_45_days;AllVaccines;8;0;0;0;5;0;0;0;13;0;0;0;1590;112;5;3;840;102;10;8;2430;214;15;11
2022.08_13-10-2022;Республика Адыгея;21_45_days;SputnikLite;2;0;0;0;0;0;0;0;2;0;0;0;1590;112;5;3;840;102;10;8;2430;214;15;11
2022.08_13-10-2022;Республика Адыгея;21_45_days;SputnikV;6;0;0;0;5;0;0;0;11;0;0;0;1590;112;5;3;840;102;10;8;2430;214;15;11
2022.08_13-10-2022;Республика Адыгея;45_75_days;AllVaccines;11;1;0;0;7;0;0;0;18;1;0;0;1590;112;5;3;840;102;10;8;2430;214;15;11
2022.08_13-10-2022;Республика Адыгея;45_75_days;SputnikLite;6;0;0;0;0;0;0;0;6;0;0;0;1590;112;5;3;840;102;10;8;2430;214;15;11
2022.08_13-10-2022;Республика Адыгея;45_75_days;SputnikV;5;1;0;0;7;0;0;0;12;1;0;0;1590;112;5;3;840;102;10;8;2430;214;15;11
2022.08_13-10-2022;Республика Адыгея;75_90_days;AllVaccines;3;0;0;0;3;0;0;0;6;0;0;0;1590;112;5;3;840;102;10;8;2430;214;15;11
2022.08_13-10-2022;Республика Адыгея;75_90_days;EpiVacCorona;0;0;0;0;1;0;0;0;1;0;0;0;1590;112;5;3;840;102;10;8;2430;214;15;11
2022.08_13-10-2022;Республика Адыгея;75_90_days;SputnikLite;2;0;0;0;0;0;0;0;2;0;0;0;1590;112;5;3;840;102;10;8;2430;214;15;11
2022.08_13-10-2022;Республика Адыгея;75_90_days;SputnikV;1;0;0;0;2;0;0;0;3;0;0;0;1590;112;5;3;840;102;10;8;2430;214;15;11
2022.08_13-10-2022;Республика Адыгея;90_105_days;AllVaccines;3;0;0;0;3;0;0;0;6;0;0;0;1590;112;5;3;840;102;10;8;2430;214;15;11
2022.08_13-10-2022;Республика Адыгея;90_105_days;SputnikLite;2;0;0;0;3;0;0;0;5;0;0;0;1590;112;5;3;840;102;10;8;2430;214;15;11
2022.08_13-10-2022;Республика Адыгея;90_105_days;SputnikV;1;0;0;0;0;0;0;0;1;0;0;0;1590;112;5;3;840;102;10;8;2430;214;15;11
2022.08_13-10-2022;Республика Алтай;105_165_days;AllVaccines;41;0;0;0;41;8;0;0;82;8;0;0;1685;64;5;1;888;144;5;5;2573;208;10;6
2022.08_13-10-2022;Республика Алтай;105_165_days;CoviVac;0;0;0;0;3;0;0;0;3;0;0;0;1685;64;5;1;888;144;5;5;2573;208;10;6
2022.08_13-10-2022;Республика Алтай;105_165_days;EpiVacCorona;1;0;0;0;1;0;0;0;2;0;0;0;1685;64;5;1;888;144;5;5;2573;208;10;6
2022.08_13-10-2022;Республика Алтай;105_165_days;SputnikLite;20;0;0;0;10;5;0;0;30;5;0;0;1685;64;5;1;888;144;5;5;2573;208;10;6
2022.08_13-10-2022;Республика Алтай;105_165_days;SputnikV;20;0;0;0;27;3;0;0;47;3;0;0;1685;64;5;1;888;144;5;5;2573;208;10;6
2022.08_13-10-2022;Республика Алтай;165_195_days;AllVaccines;90;0;0;0;36;2;0;0;126;2;0;0;1685;64;5;1;888;144;5;5;2573;208;10;6
2022.08_13-10-2022;Республика Алтай;165_195_days;CoviVac;6;0;0;0;1;0;0;0;7;0;0;0;1685;64;5;1;888;144;5;5;2573;208;10;6
2022.08_13-10-2022;Республика Алтай;165_195_days;EpiVacCorona;2;0;0;0;3;0;0;0;5;0;0;0;1685;64;5;1;888;144;5;5;2573;208;10;6
2022.08_13-10-2022;Республика Алтай;165_195_days;SputnikLite;51;0;0;0;6;0;0;0;57;0;0;0;1685;64;5;1;888;144;5;5;2573;208;10;6
2022.08_13-10-2022;Республика Алтай;165_195_days;SputnikV;31;0;0;0;26;2;0;0;57;2;0;0;1685;64;5;1;888;144;5;5;2573;208;10;6
2022.08_13-10-2022;Республика Алтай;21_45_days;AllVaccines;11;0;0;0;6;2;0;0;17;2;0;0;1685;64;5;1;888;144;5;5;2573;208;10;6
2022.08_13-10-2022;Республика Алтай;21_45_days;EpiVacCorona;4;0;0;0;0;0;0;0;4;0;0;0;1685;64;5;1;888;144;5;5;2573;208;10;6
2022.08_13-10-2022;Республика Алтай;21_45_days;SputnikLite;0;0;0;0;1;0;0;0;1;0;0;0;1685;64;5;1;888;144;5;5;2573;208;10;6
2022.08_13-10-2022;Республика Алтай;21_45_days;SputnikV;7;0;0;0;5;2;0;0;12;2;0;0;1685;64;5;1;888;144;5;5;2573;208;10;6
2022.08_13-10-2022;Республика Алтай;45_75_days;AllVaccines;24;1;0;0;10;2;1;0;34;3;1;0;1685;64;5;1;888;144;5;5;2573;208;10;6
2022.08_13-10-2022;Республика Алтай;45_75_days;EpiVacCorona;0;0;0;0;1;0;0;0;1;0;0;0;1685;64;5;1;888;144;5;5;2573;208;10;6
2022.08_13-10-2022;Республика Алтай;45_75_days;SputnikLite;4;0;0;0;0;0;0;0;4;0;0;0;1685;64;5;1;888;144;5;5;2573;208;10;6
2022.08_13-10-2022;Республика Алтай;45_75_days;SputnikV;20;1;0;0;9;2;1;0;29;3;1;0;1685;64;5;1;888;144;5;5;2573;208;10;6
2022.08_13-10-2022;Республика Алтай;75_90_days;AllVaccines;9;0;0;0;9;2;0;0;18;2;0;0;1685;64;5;1;888;144;5;5;2573;208;10;6
2022.08_13-10-2022;Республика Алтай;75_90_days;CoviVac;1;0;0;0;0;0;0;0;1;0;0;0;1685;64;5;1;888;144;5;5;2573;208;10;6
2022.08_13-10-2022;Республика Алтай;75_90_days;EpiVacCorona;1;0;0;0;1;0;0;0;2;0;0;0;1685;64;5;1;888;144;5;5;2573;208;10;6
2022.08_13-10-2022;Республика Алтай;75_90_days;SputnikLite;4;0;0;0;1;0;0;0;5;0;0;0;1685;64;5;1;888;144;5;5;2573;208;10;6
2022.08_13-10-2022;Республика Алтай;75_90_days;SputnikV;3;0;0;0;7;2;0;0;10;2;0;0;1685;64;5;1;888;144;5;5;2573;208;10;6
2022.08_13-10-2022;Республика Алтай;90_105_days;AllVaccines;4;0;0;0;7;1;0;0;11;1;0;0;1685;64;5;1;888;144;5;5;2573;208;10;6
2022.08_13-10-2022;Республика Алтай;90_105_days;CoviVac;1;0;0;0;0;0;0;0;1;0;0;0;1685;64;5;1;888;144;5;5;2573;208;10;6
2022.08_13-10-2022;Республика Алтай;90_105_days;SputnikLite;1;0;0;0;0;0;0;0;1;0;0;0;1685;64;5;1;888;144;5;5;2573;208;10;6
2022.08_13-10-2022;Республика Алтай;90_105_days;SputnikV;2;0;0;0;7;1;0;0;9;1;0;0;1685;64;5;1;888;144;5;5;2573;208;10;6
2022.08_13-10-2022;Республика Башкортостан;105_165_days;AllVaccines;159;13;1;0;109;25;2;0;268;38;3;0;4220;332;31;8;2356;452;66;28;6576;784;97;36
2022.08_13-10-2022;Республика Башкортостан;105_165_days;CoviVac;13;1;0;0;5;1;0;0;18;2;0;0;4220;332;31;8;2356;452;66;28;6576;784;97;36
2022.08_13-10-2022;Республика Башкортостан;105_165_days;EpiVacCorona;7;0;0;0;14;7;1;0;21;7;1;0;4220;332;31;8;2356;452;66;28;6576;784;97;36
2022.08_13-10-2022;Республика Башкортостан;105_165_days;SputnikLite;49;7;1;0;16;3;0;0;65;10;1;0;4220;332;31;8;2356;452;66;28;6576;784;97;36
2022.08_13-10-2022;Республика Башкортостан;105_165_days;SputnikV;90;5;0;0;74;14;1;0;164;19;1;0;4220;332;31;8;2356;452;66;28;6576;784;97;36
2022.08_13-10-2022;Республика Башкортостан;165_195_days;AllVaccines;187;13;1;0;103;17;3;2;290;30;4;2;4220;332;31;8;2356;452;66;28;6576;784;97;36
2022.08_13-10-2022;Республика Башкортостан;165_195_days;CoviVac;2;0;0;0;0;0;0;0;2;0;0;0;4220;332;31;8;2356;452;66;28;6576;784;97;36
2022.08_13-10-2022;Республика Башкортостан;165_195_days;EpiVacCorona;8;0;0;0;9;3;0;0;17;3;0;0;4220;332;31;8;2356;452;66;28;6576;784;97;36
2022.08_13-10-2022;Республика Башкортостан;165_195_days;SputnikLite;63;4;0;0;25;2;0;0;88;6;0;0;4220;332;31;8;2356;452;66;28;6576;784;97;36
2022.08_13-10-2022;Республика Башкортостан;165_195_days;SputnikV;114;9;1;0;69;12;3;2;183;21;4;2;4220;332;31;8;2356;452;66;28;6576;784;97;36
2022.08_13-10-2022;Республика Башкортостан;21_45_days;AllVaccines;78;5;1;1;47;9;3;2;125;14;4;3;4220;332;31;8;2356;452;66;28;6576;784;97;36
2022.08_13-10-2022;Республика Башкортостан;21_45_days;SputnikLite;2;0;0;0;0;0;0;0;2;0;0;0;4220;332;31;8;2356;452;66;28;6576;784;97;36
2022.08_13-10-2022;Республика Башкортостан;21_45_days;SputnikV;76;5;1;1;47;9;3;2;123;14;4;3;4220;332;31;8;2356;452;66;28;6576;784;97;36
2022.08_13-10-2022;Республика Башкортостан;45_75_days;AllVaccines;190;11;0;0;151;38;7;4;341;49;7;4;4220;332;31;8;2356;452;66;28;6576;784;97;36
2022.08_13-10-2022;Республика Башкортостан;45_75_days;CoviVac;0;0;0;0;1;1;0;0;1;1;0;0;4220;332;31;8;2356;452;66;28;6576;784;97;36
2022.08_13-10-2022;Республика Башкортостан;45_75_days;EpiVacCorona;18;2;0;0;24;7;2;1;42;9;2;1;4220;332;31;8;2356;452;66;28;6576;784;97;36
2022.08_13-10-2022;Республика Башкортостан;45_75_days;SputnikLite;5;0;0;0;2;1;1;0;7;1;1;0;4220;332;31;8;2356;452;66;28;6576;784;97;36
2022.08_13-10-2022;Республика Башкортостан;45_75_days;SputnikV;167;9;0;0;124;29;4;3;291;38;4;3;4220;332;31;8;2356;452;66;28;6576;784;97;36
2022.08_13-10-2022;Республика Башкортостан;75_90_days;AllVaccines;65;2;0;0;38;7;1;0;103;9;1;0;4220;332;31;8;2356;452;66;28;6576;784;97;36
2022.08_13-10-2022;Республика Башкортостан;75_90_days;CoviVac;11;0;0;0;5;2;0;0;16;2;0;0;4220;332;31;8;2356;452;66;28;6576;784;97;36
2022.08_13-10-2022;Республика Башкортостан;75_90_days;EpiVacCorona;4;0;0;0;0;0;0;0;4;0;0;0;4220;332;31;8;2356;452;66;28;6576;784;97;36
2022.08_13-10-2022;Республика Башкортостан;75_90_days;SputnikLite;6;1;0;0;3;0;0;0;9;1;0;0;4220;332;31;8;2356;452;66;28;6576;784;97;36
2022.08_13-10-2022;Республика Башкортостан;75_90_days;SputnikV;44;1;0;0;30;5;1;0;74;6;1;0;4220;332;31;8;2356;452;66;28;6576;784;97;36
2022.08_13-10-2022;Республика Башкортостан;90_105_days;AllVaccines;40;0;0;0;28;10;2;1;68;10;2;1;4220;332;31;8;2356;452;66;28;6576;784;97;36
2022.08_13-10-2022;Республика Башкортостан;90_105_days;CoviVac;5;0;0;0;1;0;0;0;6;0;0;0;4220;332;31;8;2356;452;66;28;6576;784;97;36
2022.08_13-10-2022;Республика Башкортостан;90_105_days;EpiVacCorona;2;0;0;0;1;0;0;0;3;0;0;0;4220;332;31;8;2356;452;66;28;6576;784;97;36
2022.08_13-10-2022;Республика Башкортостан;90_105_days;SputnikLite;6;0;0;0;4;0;0;0;10;0;0;0;4220;332;31;8;2356;452;66;28;6576;784;97;36
2022.08_13-10-2022;Республика Башкортостан;90_105_days;SputnikV;27;0;0;0;22;10;2;1;49;10;2;1;4220;332;31;8;2356;452;66;28;6576;784;97;36
2022.08_13-10-2022;Республика Бурятия;105_165_days;AllVaccines;177;4;1;0;112;20;3;0;289;24;4;0;4700;232;15;3;2647;471;72;34;7347;703;87;37
2022.08_13-10-2022;Республика Бурятия;105_165_days;CoviVac;5;0;0;0;6;0;0;0;11;0;0;0;4700;232;15;3;2647;471;72;34;7347;703;87;37
2022.08_13-10-2022;Республика Бурятия;105_165_days;EpiVacCorona;17;0;0;0;17;9;3;0;34;9;3;0;4700;232;15;3;2647;471;72;34;7347;703;87;37
2022.08_13-10-2022;Республика Бурятия;105_165_days;SputnikLite;35;2;0;0;21;4;0;0;56;6;0;0;4700;232;15;3;2647;471;72;34;7347;703;87;37
2022.08_13-10-2022;Республика Бурятия;105_165_days;SputnikV;120;2;1;0;68;7;0;0;188;9;1;0;4700;232;15;3;2647;471;72;34;7347;703;87;37
2022.08_13-10-2022;Республика Бурятия;165_195_days;AllVaccines;282;8;1;0;165;27;2;0;447;35;3;0;4700;232;15;3;2647;471;72;34;7347;703;87;37
2022.08_13-10-2022;Республика Бурятия;165_195_days;CoviVac;3;0;0;0;3;0;0;0;6;0;0;0;4700;232;15;3;2647;471;72;34;7347;703;87;37
2022.08_13-10-2022;Республика Бурятия;165_195_days;EpiVacCorona;10;1;1;0;5;1;0;0;15;2;1;0;4700;232;15;3;2647;471;72;34;7347;703;87;37
2022.08_13-10-2022;Республика Бурятия;165_195_days;SputnikLite;119;3;0;0;57;10;0;0;176;13;0;0;4700;232;15;3;2647;471;72;34;7347;703;87;37
2022.08_13-10-2022;Республика Бурятия;165_195_days;SputnikV;150;4;0;0;100;16;2;0;250;20;2;0;4700;232;15;3;2647;471;72;34;7347;703;87;37
2022.08_13-10-2022;Республика Бурятия;21_45_days;AllVaccines;25;0;0;0;28;4;0;0;53;4;0;0;4700;232;15;3;2647;471;72;34;7347;703;87;37
2022.08_13-10-2022;Республика Бурятия;21_45_days;EpiVacCorona;7;0;0;0;10;0;0;0;17;0;0;0;4700;232;15;3;2647;471;72;34;7347;703;87;37
2022.08_13-10-2022;Республика Бурятия;21_45_days;SputnikLite;1;0;0;0;1;1;0;0;2;1;0;0;4700;232;15;3;2647;471;72;34;7347;703;87;37
2022.08_13-10-2022;Республика Бурятия;21_45_days;SputnikV;17;0;0;0;17;3;0;0;34;3;0;0;4700;232;15;3;2647;471;72;34;7347;703;87;37
2022.08_13-10-2022;Республика Бурятия;45_75_days;AllVaccines;51;10;0;0;53;5;0;0;104;15;0;0;4700;232;15;3;2647;471;72;34;7347;703;87;37
2022.08_13-10-2022;Республика Бурятия;45_75_days;CoviVac;5;1;0;0;0;0;0;0;5;1;0;0;4700;232;15;3;2647;471;72;34;7347;703;87;37
2022.08_13-10-2022;Республика Бурятия;45_75_days;EpiVacCorona;18;9;0;0;7;0;0;0;25;9;0;0;4700;232;15;3;2647;471;72;34;7347;703;87;37
2022.08_13-10-2022;Республика Бурятия;45_75_days;SputnikLite;0;0;0;0;1;0;0;0;1;0;0;0;4700;232;15;3;2647;471;72;34;7347;703;87;37
2022.08_13-10-2022;Республика Бурятия;45_75_days;SputnikV;28;0;0;0;45;5;0;0;73;5;0;0;4700;232;15;3;2647;471;72;34;7347;703;87;37
2022.08_13-10-2022;Республика Бурятия;75_90_days;AllVaccines;18;0;0;0;21;4;0;0;39;4;0;0;4700;232;15;3;2647;471;72;34;7347;703;87;37
2022.08_13-10-2022;Республика Бурятия;75_90_days;CoviVac;2;0;0;0;0;0;0;0;2;0;0;0;4700;232;15;3;2647;471;72;34;7347;703;87;37
2022.08_13-10-2022;Республика Бурятия;75_90_days;EpiVacCorona;2;0;0;0;2;0;0;0;4;0;0;0;4700;232;15;3;2647;471;72;34;7347;703;87;37
2022.08_13-10-2022;Республика Бурятия;75_90_days;SputnikLite;1;0;0;0;0;0;0;0;1;0;0;0;4700;232;15;3;2647;471;72;34;7347;703;87;37
2022.08_13-10-2022;Республика Бурятия;75_90_days;SputnikV;13;0;0;0;19;4;0;0;32;4;0;0;4700;232;15;3;2647;471;72;34;7347;703;87;37
2022.08_13-10-2022;Республика Бурятия;90_105_days;AllVaccines;13;1;0;0;20;1;0;0;33;2;0;0;4700;232;15;3;2647;471;72;34;7347;703;87;37
2022.08_13-10-2022;Республика Бурятия;90_105_days;CoviVac;1;0;0;0;3;0;0;0;4;0;0;0;4700;232;15;3;2647;471;72;34;7347;703;87;37
2022.08_13-10-2022;Республика Бурятия;90_105_days;EpiVacCorona;1;0;0;0;0;0;0;0;1;0;0;0;4700;232;15;3;2647;471;72;34;7347;703;87;37
2022.08_13-10-2022;Республика Бурятия;90_105_days;SputnikV;11;1;0;0;17;1;0;0;28;2;0;0;4700;232;15;3;2647;471;72;34;7347;703;87;37
2022.08_13-10-2022;Республика Дагестан;105_165_days;AllVaccines;432;33;3;0;215;19;5;1;647;52;8;1;3386;342;11;4;1689;249;27;7;5075;591;38;11
2022.08_13-10-2022;Республика Дагестан;105_165_days;CoviVac;17;0;0;0;9;0;0;0;26;0;0;0;3386;342;11;4;1689;249;27;7;5075;591;38;11
2022.08_13-10-2022;Республика Дагестан;105_165_days;EpiVacCorona;40;4;0;0;33;3;1;0;73;7;1;0;3386;342;11;4;1689;249;27;7;5075;591;38;11
2022.08_13-10-2022;Республика Дагестан;105_165_days;SputnikLite;19;2;0;0;8;0;0;0;27;2;0;0;3386;342;11;4;1689;249;27;7;5075;591;38;11
2022.08_13-10-2022;Республика Дагестан;105_165_days;SputnikV;356;27;3;0;165;16;4;1;521;43;7;1;3386;342;11;4;1689;249;27;7;5075;591;38;11
2022.08_13-10-2022;Республика Дагестан;165_195_days;AllVaccines;352;29;1;0;176;26;1;0;528;55;2;0;3386;342;11;4;1689;249;27;7;5075;591;38;11
2022.08_13-10-2022;Республика Дагестан;165_195_days;CoviVac;10;0;0;0;5;1;0;0;15;1;0;0;3386;342;11;4;1689;249;27;7;5075;591;38;11
2022.08_13-10-2022;Республика Дагестан;165_195_days;EpiVacCorona;21;6;0;0;10;1;0;0;31;7;0;0;3386;342;11;4;1689;249;27;7;5075;591;38;11
2022.08_13-10-2022;Республика Дагестан;165_195_days;SputnikLite;65;3;0;0;22;2;1;0;87;5;1;0;3386;342;11;4;1689;249;27;7;5075;591;38;11
2022.08_13-10-2022;Республика Дагестан;165_195_days;SputnikV;256;20;1;0;139;22;0;0;395;42;1;0;3386;342;11;4;1689;249;27;7;5075;591;38;11
2022.08_13-10-2022;Республика Дагестан;21_45_days;AllVaccines;33;4;0;0;21;5;1;0;54;9;1;0;3386;342;11;4;1689;249;27;7;5075;591;38;11
2022.08_13-10-2022;Республика Дагестан;21_45_days;EpiVacCorona;1;0;0;0;1;0;0;0;2;0;0;0;3386;342;11;4;1689;249;27;7;5075;591;38;11
2022.08_13-10-2022;Республика Дагестан;21_45_days;SputnikLite;1;0;0;0;0;0;0;0;1;0;0;0;3386;342;11;4;1689;249;27;7;5075;591;38;11
2022.08_13-10-2022;Республика Дагестан;21_45_days;SputnikV;31;4;0;0;20;5;1;0;51;9;1;0;3386;342;11;4;1689;249;27;7;5075;591;38;11
2022.08_13-10-2022;Республика Дагестан;45_75_days;AllVaccines;114;9;0;0;54;5;0;0;168;14;0;0;3386;342;11;4;1689;249;27;7;5075;591;38;11
2022.08_13-10-2022;Республика Дагестан;45_75_days;CoviVac;0;0;0;0;1;0;0;0;1;0;0;0;3386;342;11;4;1689;249;27;7;5075;591;38;11
2022.08_13-10-2022;Республика Дагестан;45_75_days;EpiVacCorona;1;0;0;0;0;0;0;0;1;0;0;0;3386;342;11;4;1689;249;27;7;5075;591;38;11
2022.08_13-10-2022;Республика Дагестан;45_75_days;SputnikV;113;9;0;0;53;5;0;0;166;14;0;0;3386;342;11;4;1689;249;27;7;5075;591;38;11
2022.08_13-10-2022;Республика Дагестан;75_90_days;AllVaccines;122;7;0;0;59;10;1;0;181;17;1;0;3386;342;11;4;1689;249;27;7;5075;591;38;11
2022.08_13-10-2022;Республика Дагестан;75_90_days;EpiVacCorona;1;0;0;0;0;0;0;0;1;0;0;0;3386;342;11;4;1689;249;27;7;5075;591;38;11
2022.08_13-10-2022;Республика Дагестан;75_90_days;SputnikLite;1;0;0;0;2;0;0;0;3;0;0;0;3386;342;11;4;1689;249;27;7;5075;591;38;11
2022.08_13-10-2022;Республика Дагестан;75_90_days;SputnikV;120;7;0;0;57;10;1;0;177;17;1;0;3386;342;11;4;1689;249;27;7;5075;591;38;11
2022.08_13-10-2022;Республика Дагестан;90_105_days;AllVaccines;182;20;2;1;76;7;1;0;258;27;3;1;3386;342;11;4;1689;249;27;7;5075;591;38;11
2022.08_13-10-2022;Республика Дагестан;90_105_days;CoviVac;1;0;0;0;0;0;0;0;1;0;0;0;3386;342;11;4;1689;249;27;7;5075;591;38;11
2022.08_13-10-2022;Республика Дагестан;90_105_days;EpiVacCorona;4;1;0;0;1;0;0;0;5;1;0;0;3386;342;11;4;1689;249;27;7;5075;591;38;11
2022.08_13-10-2022;Республика Дагестан;90_105_days;SputnikLite;1;0;0;0;0;0;0;0;1;0;0;0;3386;342;11;4;1689;249;27;7;5075;591;38;11
2022.08_13-10-2022;Республика Дагестан;90_105_days;SputnikV;176;19;2;1;75;7;1;0;251;26;3;1;3386;342;11;4;1689;249;27;7;5075;591;38;11
2022.08_13-10-2022;Республика Ингушетия;105_165_days;AllVaccines;31;3;0;0;9;2;0;0;40;5;0;0;255;20;0;0;114;19;1;0;369;39;1;0
2022.08_13-10-2022;Республика Ингушетия;105_165_days;EpiVacCorona;11;0;0;0;4;0;0;0;15;0;0;0;255;20;0;0;114;19;1;0;369;39;1;0
2022.08_13-10-2022;Республика Ингушетия;105_165_days;SputnikLite;2;0;0;0;0;0;0;0;2;0;0;0;255;20;0;0;114;19;1;0;369;39;1;0
2022.08_13-10-2022;Республика Ингушетия;105_165_days;SputnikV;18;3;0;0;5;2;0;0;23;5;0;0;255;20;0;0;114;19;1;0;369;39;1;0
2022.08_13-10-2022;Республика Ингушетия;165_195_days;AllVaccines;23;1;0;0;4;0;0;0;27;1;0;0;255;20;0;0;114;19;1;0;369;39;1;0
2022.08_13-10-2022;Республика Ингушетия;165_195_days;SputnikLite;7;0;0;0;1;0;0;0;8;0;0;0;255;20;0;0;114;19;1;0;369;39;1;0
2022.08_13-10-2022;Республика Ингушетия;165_195_days;SputnikV;16;1;0;0;3;0;0;0;19;1;0;0;255;20;0;0;114;19;1;0;369;39;1;0
2022.08_13-10-2022;Республика Ингушетия;21_45_days;AllVaccines;1;1;0;0;2;0;0;0;3;1;0;0;255;20;0;0;114;19;1;0;369;39;1;0
2022.08_13-10-2022;Республика Ингушетия;21_45_days;SputnikV;1;1;0;0;2;0;0;0;3;1;0;0;255;20;0;0;114;19;1;0;369;39;1;0
2022.08_13-10-2022;Республика Ингушетия;45_75_days;AllVaccines;6;1;0;0;1;0;0;0;7;1;0;0;255;20;0;0;114;19;1;0;369;39;1;0
2022.08_13-10-2022;Республика Ингушетия;45_75_days;SputnikV;6;1;0;0;1;0;0;0;7;1;0;0;255;20;0;0;114;19;1;0;369;39;1;0
2022.08_13-10-2022;Республика Ингушетия;75_90_days;AllVaccines;9;1;0;0;2;0;0;0;11;1;0;0;255;20;0;0;114;19;1;0;369;39;1;0
2022.08_13-10-2022;Республика Ингушетия;75_90_days;CoviVac;3;0;0;0;0;0;0;0;3;0;0;0;255;20;0;0;114;19;1;0;369;39;1;0
2022.08_13-10-2022;Республика Ингушетия;75_90_days;EpiVacCorona;2;1;0;0;0;0;0;0;2;1;0;0;255;20;0;0;114;19;1;0;369;39;1;0
2022.08_13-10-2022;Республика Ингушетия;75_90_days;SputnikV;4;0;0;0;2;0;0;0;6;0;0;0;255;20;0;0;114;19;1;0;369;39;1;0
2022.08_13-10-2022;Республика Ингушетия;90_105_days;AllVaccines;5;1;0;0;2;0;0;0;7;1;0;0;255;20;0;0;114;19;1;0;369;39;1;0
2022.08_13-10-2022;Республика Ингушетия;90_105_days;SputnikV;5;1;0;0;2;0;0;0;7;1;0;0;255;20;0;0;114;19;1;0;369;39;1;0
2022.08_13-10-2022;Республика Калмыкия;105_165_days;AllVaccines;125;1;0;0;113;4;0;0;238;5;0;0;4577;63;3;3;2584;134;21;18;7161;197;24;21
2022.08_13-10-2022;Республика Калмыкия;105_165_days;EpiVacCorona;5;0;0;0;2;0;0;0;7;0;0;0;4577;63;3;3;2584;134;21;18;7161;197;24;21
2022.08_13-10-2022;Республика Калмыкия;105_165_days;SputnikLite;94;1;0;0;88;4;0;0;182;5;0;0;4577;63;3;3;2584;134;21;18;7161;197;24;21
2022.08_13-10-2022;Республика Калмыкия;105_165_days;SputnikV;26;0;0;0;23;0;0;0;49;0;0;0;4577;63;3;3;2584;134;21;18;7161;197;24;21
2022.08_13-10-2022;Республика Калмыкия;165_195_days;AllVaccines;151;2;1;1;98;1;0;1;249;3;1;2;4577;63;3;3;2584;134;21;18;7161;197;24;21
2022.08_13-10-2022;Республика Калмыкия;165_195_days;CoviVac;2;0;0;0;2;0;0;0;4;0;0;0;4577;63;3;3;2584;134;21;18;7161;197;24;21
2022.08_13-10-2022;Республика Калмыкия;165_195_days;EpiVacCorona;5;0;0;0;1;0;0;0;6;0;0;0;4577;63;3;3;2584;134;21;18;7161;197;24;21
2022.08_13-10-2022;Республика Калмыкия;165_195_days;SputnikLite;116;2;1;1;73;1;0;1;189;3;1;2;4577;63;3;3;2584;134;21;18;7161;197;24;21
2022.08_13-10-2022;Республика Калмыкия;165_195_days;SputnikV;28;0;0;0;22;0;0;0;50;0;0;0;4577;63;3;3;2584;134;21;18;7161;197;24;21
2022.08_13-10-2022;Республика Калмыкия;21_45_days;AllVaccines;15;0;0;0;7;0;0;0;22;0;0;0;4577;63;3;3;2584;134;21;18;7161;197;24;21
2022.08_13-10-2022;Республика Калмыкия;21_45_days;EpiVacCorona;2;0;0;0;0;0;0;0;2;0;0;0;4577;63;3;3;2584;134;21;18;7161;197;24;21
2022.08_13-10-2022;Республика Калмыкия;21_45_days;SputnikLite;9;0;0;0;4;0;0;0;13;0;0;0;4577;63;3;3;2584;134;21;18;7161;197;24;21
2022.08_13-10-2022;Республика Калмыкия;21_45_days;SputnikV;4;0;0;0;3;0;0;0;7;0;0;0;4577;63;3;3;2584;134;21;18;7161;197;24;21
2022.08_13-10-2022;Республика Калмыкия;45_75_days;AllVaccines;27;0;0;0;25;2;0;0;52;2;0;0;4577;63;3;3;2584;134;21;18;7161;197;24;21
2022.08_13-10-2022;Республика Калмыкия;45_75_days;EpiVacCorona;1;0;0;0;3;0;0;0;4;0;0;0;4577;63;3;3;2584;134;21;18;7161;197;24;21
2022.08_13-10-2022;Республика Калмыкия;45_75_days;SputnikLite;5;0;0;0;4;0;0;0;9;0;0;0;4577;63;3;3;2584;134;21;18;7161;197;24;21
2022.08_13-10-2022;Республика Калмыкия;45_75_days;SputnikV;21;0;0;0;18;2;0;0;39;2;0;0;4577;63;3;3;2584;134;21;18;7161;197;24;21
2022.08_13-10-2022;Республика Калмыкия;75_90_days;AllVaccines;27;1;1;1;24;1;0;0;51;2;1;1;4577;63;3;3;2584;134;21;18;7161;197;24;21
2022.08_13-10-2022;Республика Калмыкия;75_90_days;EpiVacCorona;2;0;0;0;3;1;0;0;5;1;0;0;4577;63;3;3;2584;134;21;18;7161;197;24;21
2022.08_13-10-2022;Республика Калмыкия;75_90_days;SputnikLite;14;1;1;1;15;0;0;0;29;1;1;1;4577;63;3;3;2584;134;21;18;7161;197;24;21
2022.08_13-10-2022;Республика Калмыкия;75_90_days;SputnikV;11;0;0;0;6;0;0;0;17;0;0;0;4577;63;3;3;2584;134;21;18;7161;197;24;21
2022.08_13-10-2022;Республика Калмыкия;90_105_days;AllVaccines;33;0;0;0;28;1;0;0;61;1;0;0;4577;63;3;3;2584;134;21;18;7161;197;24;21
2022.08_13-10-2022;Республика Калмыкия;90_105_days;EpiVacCorona;0;0;0;0;2;0;0;0;2;0;0;0;4577;63;3;3;2584;134;21;18;7161;197;24;21
2022.08_13-10-2022;Республика Калмыкия;90_105_days;SputnikLite;31;0;0;0;19;1;0;0;50;1;0;0;4577;63;3;3;2584;134;21;18;7161;197;24;21
2022.08_13-10-2022;Республика Калмыкия;90_105_days;SputnikV;2;0;0;0;7;0;0;0;9;0;0;0;4577;63;3;3;2584;134;21;18;7161;197;24;21
2022.08_13-10-2022;Республика Карелия;105_165_days;AllVaccines;133;2;0;0;97;18;1;0;230;20;1;0;4975;159;1;3;2229;316;19;39;7204;475;20;42
2022.08_13-10-2022;Республика Карелия;105_165_days;CoviVac;2;0;0;0;2;0;0;0;4;0;0;0;4975;159;1;3;2229;316;19;39;7204;475;20;42
2022.08_13-10-2022;Республика Карелия;105_165_days;EpiVacCorona;2;1;0;0;3;0;0;0;5;1;0;0;4975;159;1;3;2229;316;19;39;7204;475;20;42
2022.08_13-10-2022;Республика Карелия;105_165_days;SputnikLite;70;0;0;0;55;12;1;0;125;12;1;0;4975;159;1;3;2229;316;19;39;7204;475;20;42
2022.08_13-10-2022;Республика Карелия;105_165_days;SputnikV;59;1;0;0;37;6;0;0;96;7;0;0;4975;159;1;3;2229;316;19;39;7204;475;20;42
2022.08_13-10-2022;Республика Карелия;165_195_days;AllVaccines;171;7;0;0;120;19;1;1;291;26;1;1;4975;159;1;3;2229;316;19;39;7204;475;20;42
2022.08_13-10-2022;Республика Карелия;165_195_days;CoviVac;10;0;0;0;1;1;0;0;11;1;0;0;4975;159;1;3;2229;316;19;39;7204;475;20;42
2022.08_13-10-2022;Республика Карелия;165_195_days;EpiVacCorona;5;0;0;0;7;2;0;1;12;2;0;1;4975;159;1;3;2229;316;19;39;7204;475;20;42
2022.08_13-10-2022;Республика Карелия;165_195_days;SputnikLite;94;4;0;0;51;9;1;0;145;13;1;0;4975;159;1;3;2229;316;19;39;7204;475;20;42
2022.08_13-10-2022;Республика Карелия;165_195_days;SputnikV;62;3;0;0;61;7;0;0;123;10;0;0;4975;159;1;3;2229;316;19;39;7204;475;20;42
2022.08_13-10-2022;Республика Карелия;21_45_days;AllVaccines;9;0;0;0;11;1;0;0;20;1;0;0;4975;159;1;3;2229;316;19;39;7204;475;20;42
2022.08_13-10-2022;Республика Карелия;21_45_days;EpiVacCorona;0;0;0;0;1;0;0;0;1;0;0;0;4975;159;1;3;2229;316;19;39;7204;475;20;42
2022.08_13-10-2022;Республика Карелия;21_45_days;SputnikLite;1;0;0;0;0;0;0;0;1;0;0;0;4975;159;1;3;2229;316;19;39;7204;475;20;42
2022.08_13-10-2022;Республика Карелия;21_45_days;SputnikV;8;0;0;0;10;1;0;0;18;1;0;0;4975;159;1;3;2229;316;19;39;7204;475;20;42
2022.08_13-10-2022;Республика Карелия;45_75_days;AllVaccines;30;6;0;0;33;2;0;0;63;8;0;0;4975;159;1;3;2229;316;19;39;7204;475;20;42
2022.08_13-10-2022;Республика Карелия;45_75_days;EpiVacCorona;8;4;0;0;3;0;0;0;11;4;0;0;4975;159;1;3;2229;316;19;39;7204;475;20;42
2022.08_13-10-2022;Республика Карелия;45_75_days;SputnikLite;0;0;0;0;1;0;0;0;1;0;0;0;4975;159;1;3;2229;316;19;39;7204;475;20;42
2022.08_13-10-2022;Республика Карелия;45_75_days;SputnikV;22;2;0;0;29;2;0;0;51;4;0;0;4975;159;1;3;2229;316;19;39;7204;475;20;42
2022.08_13-10-2022;Республика Карелия;75_90_days;AllVaccines;12;2;0;0;20;1;0;1;32;3;0;1;4975;159;1;3;2229;316;19;39;7204;475;20;42
2022.08_13-10-2022;Республика Карелия;75_90_days;EpiVacCorona;0;0;0;0;1;0;0;0;1;0;0;0;4975;159;1;3;2229;316;19;39;7204;475;20;42
2022.08_13-10-2022;Республика Карелия;75_90_days;SputnikLite;7;2;0;0;5;0;0;0;12;2;0;0;4975;159;1;3;2229;316;19;39;7204;475;20;42
2022.08_13-10-2022;Республика Карелия;75_90_days;SputnikV;5;0;0;0;14;1;0;1;19;1;0;1;4975;159;1;3;2229;316;19;39;7204;475;20;42
2022.08_13-10-2022;Республика Карелия;90_105_days;AllVaccines;17;0;0;0;31;5;0;0;48;5;0;0;4975;159;1;3;2229;316;19;39;7204;475;20;42
2022.08_13-10-2022;Республика Карелия;90_105_days;EpiVacCorona;0;0;0;0;1;0;0;0;1;0;0;0;4975;159;1;3;2229;316;19;39;7204;475;20;42
2022.08_13-10-2022;Республика Карелия;90_105_days;SputnikLite;9;0;0;0;12;3;0;0;21;3;0;0;4975;159;1;3;2229;316;19;39;7204;475;20;42
2022.08_13-10-2022;Республика Карелия;90_105_days;SputnikV;8;0;0;0;18;2;0;0;26;2;0;0;4975;159;1;3;2229;316;19;39;7204;475;20;42
2022.08_13-10-2022;Республика Коми;105_165_days;AllVaccines;61;8;0;0;56;13;1;0;117;21;1;0;2949;230;16;2;1356;324;37;11;4305;554;53;13
2022.08_13-10-2022;Республика Коми;105_165_days;CoviVac;3;1;0;0;1;0;0;0;4;1;0;0;2949;230;16;2;1356;324;37;11;4305;554;53;13
2022.08_13-10-2022;Республика Коми;105_165_days;EpiVacCorona;1;0;0;0;0;0;0;0;1;0;0;0;2949;230;16;2;1356;324;37;11;4305;554;53;13
2022.08_13-10-2022;Республика Коми;105_165_days;SputnikLite;26;2;0;0;21;4;0;0;47;6;0;0;2949;230;16;2;1356;324;37;11;4305;554;53;13
2022.08_13-10-2022;Республика Коми;105_165_days;SputnikV;31;5;0;0;34;9;1;0;65;14;1;0;2949;230;16;2;1356;324;37;11;4305;554;53;13
2022.08_13-10-2022;Республика Коми;165_195_days;AllVaccines;97;4;1;0;60;12;3;0;157;16;4;0;2949;230;16;2;1356;324;37;11;4305;554;53;13
2022.08_13-10-2022;Республика Коми;165_195_days;CoviVac;1;0;0;0;0;0;0;0;1;0;0;0;2949;230;16;2;1356;324;37;11;4305;554;53;13
2022.08_13-10-2022;Республика Коми;165_195_days;EpiVacCorona;0;0;0;0;2;1;0;0;2;1;0;0;2949;230;16;2;1356;324;37;11;4305;554;53;13
2022.08_13-10-2022;Республика Коми;165_195_days;SputnikLite;46;1;0;0;16;5;1;0;62;6;1;0;2949;230;16;2;1356;324;37;11;4305;554;53;13
2022.08_13-10-2022;Республика Коми;165_195_days;SputnikV;50;3;1;0;42;6;2;0;92;9;3;0;2949;230;16;2;1356;324;37;11;4305;554;53;13
2022.08_13-10-2022;Республика Коми;21_45_days;AllVaccines;5;1;0;0;7;0;0;0;12;1;0;0;2949;230;16;2;1356;324;37;11;4305;554;53;13
2022.08_13-10-2022;Республика Коми;21_45_days;SputnikV;5;1;0;0;7;0;0;0;12;1;0;0;2949;230;16;2;1356;324;37;11;4305;554;53;13
2022.08_13-10-2022;Республика Коми;45_75_days;AllVaccines;15;4;1;1;25;8;0;0;40;12;1;1;2949;230;16;2;1356;324;37;11;4305;554;53;13
2022.08_13-10-2022;Республика Коми;45_75_days;CoviVac;1;0;0;0;1;0;0;0;2;0;0;0;2949;230;16;2;1356;324;37;11;4305;554;53;13
2022.08_13-10-2022;Республика Коми;45_75_days;EpiVacCorona;1;0;0;0;2;0;0;0;3;0;0;0;2949;230;16;2;1356;324;37;11;4305;554;53;13
2022.08_13-10-2022;Республика Коми;45_75_days;SputnikLite;1;0;0;0;0;0;0;0;1;0;0;0;2949;230;16;2;1356;324;37;11;4305;554;53;13
2022.08_13-10-2022;Республика Коми;45_75_days;SputnikV;12;4;1;1;22;8;0;0;34;12;1;1;2949;230;16;2;1356;324;37;11;4305;554;53;13
2022.08_13-10-2022;Республика Коми;75_90_days;AllVaccines;11;0;0;0;6;2;0;0;17;2;0;0;2949;230;16;2;1356;324;37;11;4305;554;53;13
2022.08_13-10-2022;Республика Коми;75_90_days;CoviVac;1;0;0;0;0;0;0;0;1;0;0;0;2949;230;16;2;1356;324;37;11;4305;554;53;13
2022.08_13-10-2022;Республика Коми;75_90_days;SputnikLite;2;0;0;0;2;0;0;0;4;0;0;0;2949;230;16;2;1356;324;37;11;4305;554;53;13
2022.08_13-10-2022;Республика Коми;75_90_days;SputnikV;8;0;0;0;4;2;0;0;12;2;0;0;2949;230;16;2;1356;324;37;11;4305;554;53;13
2022.08_13-10-2022;Республика Коми;90_105_days;AllVaccines;7;0;0;0;14;3;0;0;21;3;0;0;2949;230;16;2;1356;324;37;11;4305;554;53;13
2022.08_13-10-2022;Республика Коми;90_105_days;EpiVacCorona;0;0;0;0;3;1;0;0;3;1;0;0;2949;230;16;2;1356;324;37;11;4305;554;53;13
2022.08_13-10-2022;Республика Коми;90_105_days;SputnikV;7;0;0;0;11;2;0;0;18;2;0;0;2949;230;16;2;1356;324;37;11;4305;554;53;13
2022.08_13-10-2022;Республика Крым;105_165_days;AllVaccines;87;2;0;0;74;10;0;0;161;12;0;0;5948;423;13;4;3882;834;71;35;9830;1257;84;39
2022.08_13-10-2022;Республика Крым;105_165_days;CoviVac;9;0;0;0;3;0;0;0;12;0;0;0;5948;423;13;4;3882;834;71;35;9830;1257;84;39
2022.08_13-10-2022;Республика Крым;105_165_days;EpiVacCorona;6;0;0;0;16;4;0;0;22;4;0;0;5948;423;13;4;3882;834;71;35;9830;1257;84;39
2022.08_13-10-2022;Республика Крым;105_165_days;SputnikLite;7;0;0;0;6;0;0;0;13;0;0;0;5948;423;13;4;3882;834;71;35;9830;1257;84;39
2022.08_13-10-2022;Республика Крым;105_165_days;SputnikV;65;2;0;0;49;6;0;0;114;8;0;0;5948;423;13;4;3882;834;71;35;9830;1257;84;39
2022.08_13-10-2022;Республика Крым;165_195_days;AllVaccines;181;3;0;0;109;29;4;1;290;32;4;1;5948;423;13;4;3882;834;71;35;9830;1257;84;39
2022.08_13-10-2022;Республика Крым;165_195_days;CoviVac;5;0;0;0;4;1;0;0;9;1;0;0;5948;423;13;4;3882;834;71;35;9830;1257;84;39
2022.08_13-10-2022;Республика Крым;165_195_days;EpiVacCorona;13;1;0;0;10;7;0;0;23;8;0;0;5948;423;13;4;3882;834;71;35;9830;1257;84;39
2022.08_13-10-2022;Республика Крым;165_195_days;SputnikLite;74;1;0;0;46;11;1;0;120;12;1;0;5948;423;13;4;3882;834;71;35;9830;1257;84;39
2022.08_13-10-2022;Республика Крым;165_195_days;SputnikV;89;1;0;0;49;10;3;1;138;11;3;1;5948;423;13;4;3882;834;71;35;9830;1257;84;39
2022.08_13-10-2022;Республика Крым;21_45_days;AllVaccines;28;2;1;0;15;2;0;0;43;4;1;0;5948;423;13;4;3882;834;71;35;9830;1257;84;39
2022.08_13-10-2022;Республика Крым;21_45_days;CoviVac;1;0;0;0;0;0;0;0;1;0;0;0;5948;423;13;4;3882;834;71;35;9830;1257;84;39
2022.08_13-10-2022;Республика Крым;21_45_days;EpiVacCorona;4;2;1;0;7;1;0;0;11;3;1;0;5948;423;13;4;3882;834;71;35;9830;1257;84;39
2022.08_13-10-2022;Республика Крым;21_45_days;SputnikV;23;0;0;0;8;1;0;0;31;1;0;0;5948;423;13;4;3882;834;71;35;9830;1257;84;39
2022.08_13-10-2022;Республика Крым;45_75_days;AllVaccines;61;3;0;0;44;8;0;0;105;11;0;0;5948;423;13;4;3882;834;71;35;9830;1257;84;39
2022.08_13-10-2022;Республика Крым;45_75_days;CoviVac;7;0;0;0;1;0;0;0;8;0;0;0;5948;423;13;4;3882;834;71;35;9830;1257;84;39
2022.08_13-10-2022;Республика Крым;45_75_days;EpiVacCorona;10;1;0;0;8;2;0;0;18;3;0;0;5948;423;13;4;3882;834;71;35;9830;1257;84;39
2022.08_13-10-2022;Республика Крым;45_75_days;SputnikV;44;2;0;0;35;6;0;0;79;8;0;0;5948;423;13;4;3882;834;71;35;9830;1257;84;39
2022.08_13-10-2022;Республика Крым;75_90_days;AllVaccines;15;1;0;0;12;4;0;0;27;5;0;0;5948;423;13;4;3882;834;71;35;9830;1257;84;39
2022.08_13-10-2022;Республика Крым;75_90_days;CoviVac;3;0;0;0;1;0;0;0;4;0;0;0;5948;423;13;4;3882;834;71;35;9830;1257;84;39
2022.08_13-10-2022;Республика Крым;75_90_days;EpiVacCorona;2;0;0;0;0;0;0;0;2;0;0;0;5948;423;13;4;3882;834;71;35;9830;1257;84;39
2022.08_13-10-2022;Республика Крым;75_90_days;SputnikV;10;1;0;0;11;4;0;0;21;5;0;0;5948;423;13;4;3882;834;71;35;9830;1257;84;39
2022.08_13-10-2022;Республика Крым;90_105_days;AllVaccines;16;1;1;1;16;6;0;0;32;7;1;1;5948;423;13;4;3882;834;71;35;9830;1257;84;39
2022.08_13-10-2022;Республика Крым;90_105_days;CoviVac;0;0;0;0;1;1;0;0;1;1;0;0;5948;423;13;4;3882;834;71;35;9830;1257;84;39
2022.08_13-10-2022;Республика Крым;90_105_days;EpiVacCorona;3;0;0;0;2;0;0;0;5;0;0;0;5948;423;13;4;3882;834;71;35;9830;1257;84;39
2022.08_13-10-2022;Республика Крым;90_105_days;SputnikLite;1;0;0;0;0;0;0;0;1;0;0;0;5948;423;13;4;3882;834;71;35;9830;1257;84;39
2022.08_13-10-2022;Республика Крым;90_105_days;SputnikV;12;1;1;1;13;5;0;0;25;6;1;1;5948;423;13;4;3882;834;71;35;9830;1257;84;39
2022.08_13-10-2022;Республика Марий Эл;105_165_days;AllVaccines;9;0;0;0;12;0;0;0;21;0;0;0;633;34;3;2;465;87;4;2;1098;121;7;4
2022.08_13-10-2022;Республика Марий Эл;105_165_days;CoviVac;2;0;0;0;0;0;0;0;2;0;0;0;633;34;3;2;465;87;4;2;1098;121;7;4
2022.08_13-10-2022;Республика Марий Эл;105_165_days;EpiVacCorona;0;0;0;0;1;0;0;0;1;0;0;0;633;34;3;2;465;87;4;2;1098;121;7;4
2022.08_13-10-2022;Республика Марий Эл;105_165_days;SputnikLite;2;0;0;0;3;0;0;0;5;0;0;0;633;34;3;2;465;87;4;2;1098;121;7;4
2022.08_13-10-2022;Республика Марий Эл;105_165_days;SputnikV;5;0;0;0;8;0;0;0;13;0;0;0;633;34;3;2;465;87;4;2;1098;121;7;4
2022.08_13-10-2022;Республика Марий Эл;165_195_days;AllVaccines;23;2;0;0;21;3;0;0;44;5;0;0;633;34;3;2;465;87;4;2;1098;121;7;4
2022.08_13-10-2022;Республика Марий Эл;165_195_days;EpiVacCorona;2;0;0;0;0;0;0;0;2;0;0;0;633;34;3;2;465;87;4;2;1098;121;7;4
2022.08_13-10-2022;Республика Марий Эл;165_195_days;SputnikLite;17;2;0;0;11;0;0;0;28;2;0;0;633;34;3;2;465;87;4;2;1098;121;7;4
2022.08_13-10-2022;Республика Марий Эл;165_195_days;SputnikV;4;0;0;0;10;3;0;0;14;3;0;0;633;34;3;2;465;87;4;2;1098;121;7;4
2022.08_13-10-2022;Республика Марий Эл;21_45_days;AllVaccines;1;0;0;0;3;1;0;0;4;1;0;0;633;34;3;2;465;87;4;2;1098;121;7;4
2022.08_13-10-2022;Республика Марий Эл;21_45_days;SputnikV;1;0;0;0;3;1;0;0;4;1;0;0;633;34;3;2;465;87;4;2;1098;121;7;4
2022.08_13-10-2022;Республика Марий Эл;45_75_days;AllVaccines;7;0;0;0;3;1;0;0;10;1;0;0;633;34;3;2;465;87;4;2;1098;121;7;4
2022.08_13-10-2022;Республика Марий Эл;45_75_days;SputnikV;7;0;0;0;3;1;0;0;10;1;0;0;633;34;3;2;465;87;4;2;1098;121;7;4
2022.08_13-10-2022;Республика Марий Эл;75_90_days;AllVaccines;2;0;0;0;1;0;0;0;3;0;0;0;633;34;3;2;465;87;4;2;1098;121;7;4
2022.08_13-10-2022;Республика Марий Эл;75_90_days;SputnikV;2;0;0;0;1;0;0;0;3;0;0;0;633;34;3;2;465;87;4;2;1098;121;7;4
2022.08_13-10-2022;Республика Марий Эл;90_105_days;AllVaccines;2;0;0;0;0;0;0;0;2;0;0;0;633;34;3;2;465;87;4;2;1098;121;7;4
2022.08_13-10-2022;Республика Марий Эл;90_105_days;EpiVacCorona;1;0;0;0;0;0;0;0;1;0;0;0;633;34;3;2;465;87;4;2;1098;121;7;4
2022.08_13-10-2022;Республика Марий Эл;90_105_days;SputnikV;1;0;0;0;0;0;0;0;1;0;0;0;633;34;3;2;465;87;4;2;1098;121;7;4
2022.08_13-10-2022;Республика Мордовия;105_165_days;AllVaccines;166;6;1;0;109;17;4;2;275;23;5;2;2059;81;2;0;1235;171;28;16;3294;252;30;16
2022.08_13-10-2022;Республика Мордовия;105_165_days;CoviVac;5;0;0;0;0;0;0;0;5;0;0;0;2059;81;2;0;1235;171;28;16;3294;252;30;16
2022.08_13-10-2022;Республика Мордовия;105_165_days;EpiVacCorona;10;1;1;0;9;0;0;0;19;1;1;0;2059;81;2;0;1235;171;28;16;3294;252;30;16
2022.08_13-10-2022;Республика Мордовия;105_165_days;SputnikLite;58;1;0;0;38;4;1;0;96;5;1;0;2059;81;2;0;1235;171;28;16;3294;252;30;16
2022.08_13-10-2022;Республика Мордовия;105_165_days;SputnikV;93;4;0;0;62;13;3;2;155;17;3;2;2059;81;2;0;1235;171;28;16;3294;252;30;16
2022.08_13-10-2022;Республика Мордовия;165_195_days;AllVaccines;164;8;0;0;80;10;1;1;244;18;1;1;2059;81;2;0;1235;171;28;16;3294;252;30;16
2022.08_13-10-2022;Республика Мордовия;165_195_days;CoviVac;3;0;0;0;0;0;0;0;3;0;0;0;2059;81;2;0;1235;171;28;16;3294;252;30;16
2022.08_13-10-2022;Республика Мордовия;165_195_days;EpiVacCorona;16;1;0;0;15;3;0;0;31;4;0;0;2059;81;2;0;1235;171;28;16;3294;252;30;16
2022.08_13-10-2022;Республика Мордовия;165_195_days;SputnikLite;96;5;0;0;37;4;0;0;133;9;0;0;2059;81;2;0;1235;171;28;16;3294;252;30;16
2022.08_13-10-2022;Республика Мордовия;165_195_days;SputnikV;49;2;0;0;28;3;1;1;77;5;1;1;2059;81;2;0;1235;171;28;16;3294;252;30;16
2022.08_13-10-2022;Республика Мордовия;21_45_days;AllVaccines;33;3;0;0;15;2;0;0;48;5;0;0;2059;81;2;0;1235;171;28;16;3294;252;30;16
2022.08_13-10-2022;Республика Мордовия;21_45_days;EpiVacCorona;3;0;0;0;2;0;0;0;5;0;0;0;2059;81;2;0;1235;171;28;16;3294;252;30;16
2022.08_13-10-2022;Республика Мордовия;21_45_days;SputnikV;30;3;0;0;13;2;0;0;43;5;0;0;2059;81;2;0;1235;171;28;16;3294;252;30;16
2022.08_13-10-2022;Республика Мордовия;45_75_days;AllVaccines;61;2;0;0;50;9;2;1;111;11;2;1;2059;81;2;0;1235;171;28;16;3294;252;30;16
2022.08_13-10-2022;Республика Мордовия;45_75_days;EpiVacCorona;12;0;0;0;12;4;1;1;24;4;1;1;2059;81;2;0;1235;171;28;16;3294;252;30;16
2022.08_13-10-2022;Республика Мордовия;45_75_days;SputnikV;49;2;0;0;38;5;1;0;87;7;1;0;2059;81;2;0;1235;171;28;16;3294;252;30;16
2022.08_13-10-2022;Республика Мордовия;75_90_days;AllVaccines;32;0;0;0;24;2;0;0;56;2;0;0;2059;81;2;0;1235;171;28;16;3294;252;30;16
2022.08_13-10-2022;Республика Мордовия;75_90_days;EpiVacCorona;4;0;0;0;1;0;0;0;5;0;0;0;2059;81;2;0;1235;171;28;16;3294;252;30;16
2022.08_13-10-2022;Республика Мордовия;75_90_days;SputnikLite;2;0;0;0;1;0;0;0;3;0;0;0;2059;81;2;0;1235;171;28;16;3294;252;30;16
2022.08_13-10-2022;Республика Мордовия;75_90_days;SputnikV;26;0;0;0;22;2;0;0;48;2;0;0;2059;81;2;0;1235;171;28;16;3294;252;30;16
2022.08_13-10-2022;Республика Мордовия;90_105_days;AllVaccines;29;2;1;0;19;3;1;1;48;5;2;1;2059;81;2;0;1235;171;28;16;3294;252;30;16
2022.08_13-10-2022;Республика Мордовия;90_105_days;EpiVacCorona;1;0;0;0;3;1;1;1;4;1;1;1;2059;81;2;0;1235;171;28;16;3294;252;30;16
2022.08_13-10-2022;Республика Мордовия;90_105_days;SputnikLite;5;1;0;0;1;0;0;0;6;1;0;0;2059;81;2;0;1235;171;28;16;3294;252;30;16
2022.08_13-10-2022;Республика Мордовия;90_105_days;SputnikV;23;1;1;0;15;2;0;0;38;3;1;0;2059;81;2;0;1235;171;28;16;3294;252;30;16
2022.08_13-10-2022;Республика Саха (Якутия);105_165_days;AllVaccines;293;7;0;0;103;12;0;0;396;19;0;0;10990;531;33;5;4437;598;78;33;15427;1129;111;38
2022.08_13-10-2022;Республика Саха (Якутия);105_165_days;CoviVac;5;0;0;0;0;0;0;0;5;0;0;0;10990;531;33;5;4437;598;78;33;15427;1129;111;38
2022.08_13-10-2022;Республика Саха (Якутия);105_165_days;EpiVacCorona;9;0;0;0;5;0;0;0;14;0;0;0;10990;531;33;5;4437;598;78;33;15427;1129;111;38
2022.08_13-10-2022;Республика Саха (Якутия);105_165_days;SputnikLite;83;0;0;0;28;2;0;0;111;2;0;0;10990;531;33;5;4437;598;78;33;15427;1129;111;38
2022.08_13-10-2022;Республика Саха (Якутия);105_165_days;SputnikV;196;7;0;0;70;10;0;0;266;17;0;0;10990;531;33;5;4437;598;78;33;15427;1129;111;38
2022.08_13-10-2022;Республика Саха (Якутия);165_195_days;AllVaccines;444;9;0;0;194;21;1;1;638;30;1;1;10990;531;33;5;4437;598;78;33;15427;1129;111;38
2022.08_13-10-2022;Республика Саха (Якутия);165_195_days;CoviVac;5;0;0;0;1;0;0;0;6;0;0;0;10990;531;33;5;4437;598;78;33;15427;1129;111;38
2022.08_13-10-2022;Республика Саха (Якутия);165_195_days;EpiVacCorona;6;0;0;0;11;2;0;0;17;2;0;0;10990;531;33;5;4437;598;78;33;15427;1129;111;38
2022.08_13-10-2022;Республика Саха (Якутия);165_195_days;SputnikLite;160;4;0;0;55;5;0;0;215;9;0;0;10990;531;33;5;4437;598;78;33;15427;1129;111;38
2022.08_13-10-2022;Республика Саха (Якутия);165_195_days;SputnikV;273;5;0;0;127;14;1;1;400;19;1;1;10990;531;33;5;4437;598;78;33;15427;1129;111;38
2022.08_13-10-2022;Республика Саха (Якутия);21_45_days;AllVaccines;10;0;0;0;4;0;0;0;14;0;0;0;10990;531;33;5;4437;598;78;33;15427;1129;111;38
2022.08_13-10-2022;Республика Саха (Якутия);21_45_days;SputnikLite;1;0;0;0;0;0;0;0;1;0;0;0;10990;531;33;5;4437;598;78;33;15427;1129;111;38
2022.08_13-10-2022;Республика Саха (Якутия);21_45_days;SputnikV;9;0;0;0;4;0;0;0;13;0;0;0;10990;531;33;5;4437;598;78;33;15427;1129;111;38
2022.08_13-10-2022;Республика Саха (Якутия);45_75_days;AllVaccines;48;2;0;0;18;0;0;0;66;2;0;0;10990;531;33;5;4437;598;78;33;15427;1129;111;38
2022.08_13-10-2022;Республика Саха (Якутия);45_75_days;CoviVac;1;0;0;0;0;0;0;0;1;0;0;0;10990;531;33;5;4437;598;78;33;15427;1129;111;38
2022.08_13-10-2022;Республика Саха (Якутия);45_75_days;EpiVacCorona;4;0;0;0;0;0;0;0;4;0;0;0;10990;531;33;5;4437;598;78;33;15427;1129;111;38
2022.08_13-10-2022;Республика Саха (Якутия);45_75_days;SputnikLite;2;0;0;0;1;0;0;0;3;0;0;0;10990;531;33;5;4437;598;78;33;15427;1129;111;38
2022.08_13-10-2022;Республика Саха (Якутия);45_75_days;SputnikV;41;2;0;0;17;0;0;0;58;2;0;0;10990;531;33;5;4437;598;78;33;15427;1129;111;38
2022.08_13-10-2022;Республика Саха (Якутия);75_90_days;AllVaccines;29;1;0;0;9;0;0;0;38;1;0;0;10990;531;33;5;4437;598;78;33;15427;1129;111;38
2022.08_13-10-2022;Республика Саха (Якутия);75_90_days;CoviVac;1;0;0;0;0;0;0;0;1;0;0;0;10990;531;33;5;4437;598;78;33;15427;1129;111;38
2022.08_13-10-2022;Республика Саха (Якутия);75_90_days;EpiVacCorona;1;0;0;0;4;0;0;0;5;0;0;0;10990;531;33;5;4437;598;78;33;15427;1129;111;38
2022.08_13-10-2022;Республика Саха (Якутия);75_90_days;SputnikV;27;1;0;0;5;0;0;0;32;1;0;0;10990;531;33;5;4437;598;78;33;15427;1129;111;38
2022.08_13-10-2022;Республика Саха (Якутия);90_105_days;AllVaccines;22;0;0;0;14;0;0;0;36;0;0;0;10990;531;33;5;4437;598;78;33;15427;1129;111;38
2022.08_13-10-2022;Республика Саха (Якутия);90_105_days;CoviVac;1;0;0;0;0;0;0;0;1;0;0;0;10990;531;33;5;4437;598;78;33;15427;1129;111;38
2022.08_13-10-2022;Республика Саха (Якутия);90_105_days;EpiVacCorona;1;0;0;0;1;0;0;0;2;0;0;0;10990;531;33;5;4437;598;78;33;15427;1129;111;38
2022.08_13-10-2022;Республика Саха (Якутия);90_105_days;SputnikLite;1;0;0;0;0;0;0;0;1;0;0;0;10990;531;33;5;4437;598;78;33;15427;1129;111;38
2022.08_13-10-2022;Республика Саха (Якутия);90_105_days;SputnikV;19;0;0;0;13;0;0;0;32;0;0;0;10990;531;33;5;4437;598;78;33;15427;1129;111;38
2022.08_13-10-2022;Республика Северная Осетия - Алания;105_165_days;AllVaccines;28;0;0;0;21;1;1;1;49;1;1;1;1419;98;8;4;1009;87;12;10;2428;185;20;14
2022.08_13-10-2022;Республика Северная Осетия - Алания;105_165_days;CoviVac;2;0;0;0;6;1;1;1;8;1;1;1;1419;98;8;4;1009;87;12;10;2428;185;20;14
2022.08_13-10-2022;Республика Северная Осетия - Алания;105_165_days;EpiVacCorona;0;0;0;0;2;0;0;0;2;0;0;0;1419;98;8;4;1009;87;12;10;2428;185;20;14
2022.08_13-10-2022;Республика Северная Осетия - Алания;105_165_days;SputnikLite;9;0;0;0;3;0;0;0;12;0;0;0;1419;98;8;4;1009;87;12;10;2428;185;20;14
2022.08_13-10-2022;Республика Северная Осетия - Алания;105_165_days;SputnikV;17;0;0;0;10;0;0;0;27;0;0;0;1419;98;8;4;1009;87;12;10;2428;185;20;14
2022.08_13-10-2022;Республика Северная Осетия - Алания;165_195_days;AllVaccines;30;3;0;0;20;2;0;0;50;5;0;0;1419;98;8;4;1009;87;12;10;2428;185;20;14
2022.08_13-10-2022;Республика Северная Осетия - Алания;165_195_days;CoviVac;0;0;0;0;1;0;0;0;1;0;0;0;1419;98;8;4;1009;87;12;10;2428;185;20;14
2022.08_13-10-2022;Республика Северная Осетия - Алания;165_195_days;EpiVacCorona;2;0;0;0;1;0;0;0;3;0;0;0;1419;98;8;4;1009;87;12;10;2428;185;20;14
2022.08_13-10-2022;Республика Северная Осетия - Алания;165_195_days;SputnikLite;9;0;0;0;7;0;0;0;16;0;0;0;1419;98;8;4;1009;87;12;10;2428;185;20;14
2022.08_13-10-2022;Республика Северная Осетия - Алания;165_195_days;SputnikV;19;3;0;0;11;2;0;0;30;5;0;0;1419;98;8;4;1009;87;12;10;2428;185;20;14
2022.08_13-10-2022;Республика Северная Осетия - Алания;21_45_days;AllVaccines;9;0;0;0;3;0;0;0;12;0;0;0;1419;98;8;4;1009;87;12;10;2428;185;20;14
2022.08_13-10-2022;Республика Северная Осетия - Алания;21_45_days;SputnikLite;2;0;0;0;0;0;0;0;2;0;0;0;1419;98;8;4;1009;87;12;10;2428;185;20;14
2022.08_13-10-2022;Республика Северная Осетия - Алания;21_45_days;SputnikV;7;0;0;0;3;0;0;0;10;0;0;0;1419;98;8;4;1009;87;12;10;2428;185;20;14
2022.08_13-10-2022;Республика Северная Осетия - Алания;45_75_days;AllVaccines;12;1;0;0;4;0;0;0;16;1;0;0;1419;98;8;4;1009;87;12;10;2428;185;20;14
2022.08_13-10-2022;Республика Северная Осетия - Алания;45_75_days;SputnikLite;1;0;0;0;0;0;0;0;1;0;0;0;1419;98;8;4;1009;87;12;10;2428;185;20;14
2022.08_13-10-2022;Республика Северная Осетия - Алания;45_75_days;SputnikV;11;1;0;0;4;0;0;0;15;1;0;0;1419;98;8;4;1009;87;12;10;2428;185;20;14
2022.08_13-10-2022;Республика Северная Осетия - Алания;75_90_days;AllVaccines;7;1;1;0;4;0;0;0;11;1;1;0;1419;98;8;4;1009;87;12;10;2428;185;20;14
2022.08_13-10-2022;Республика Северная Осетия - Алания;75_90_days;SputnikLite;1;0;0;0;1;0;0;0;2;0;0;0;1419;98;8;4;1009;87;12;10;2428;185;20;14
2022.08_13-10-2022;Республика Северная Осетия - Алания;75_90_days;SputnikV;6;1;1;0;3;0;0;0;9;1;1;0;1419;98;8;4;1009;87;12;10;2428;185;20;14
2022.08_13-10-2022;Республика Северная Осетия - Алания;90_105_days;AllVaccines;5;0;0;0;2;1;0;0;7;1;0;0;1419;98;8;4;1009;87;12;10;2428;185;20;14
2022.08_13-10-2022;Республика Северная Осетия - Алания;90_105_days;CoviVac;2;0;0;0;0;0;0;0;2;0;0;0;1419;98;8;4;1009;87;12;10;2428;185;20;14
2022.08_13-10-2022;Республика Северная Осетия - Алания;90_105_days;SputnikV;3;0;0;0;2;1;0;0;5;1;0;0;1419;98;8;4;1009;87;12;10;2428;185;20;14
2022.08_13-10-2022;Республика Татарстан;105_165_days;AllVaccines;225;19;0;0;95;20;2;1;320;39;2;1;8455;784;18;8;4150;1010;101;65;12605;1794;119;73
2022.08_13-10-2022;Республика Татарстан;105_165_days;CoviVac;4;0;0;0;2;0;0;0;6;0;0;0;8455;784;18;8;4150;1010;101;65;12605;1794;119;73
2022.08_13-10-2022;Республика Татарстан;105_165_days;EpiVacCorona;11;2;0;0;6;2;0;0;17;4;0;0;8455;784;18;8;4150;1010;101;65;12605;1794;119;73
2022.08_13-10-2022;Республика Татарстан;105_165_days;SputnikLite;86;5;0;0;42;8;2;1;128;13;2;1;8455;784;18;8;4150;1010;101;65;12605;1794;119;73
2022.08_13-10-2022;Республика Татарстан;105_165_days;SputnikV;124;12;0;0;45;10;0;0;169;22;0;0;8455;784;18;8;4150;1010;101;65;12605;1794;119;73
2022.08_13-10-2022;Республика Татарстан;165_195_days;AllVaccines;285;24;0;0;127;13;0;0;412;37;0;0;8455;784;18;8;4150;1010;101;65;12605;1794;119;73
2022.08_13-10-2022;Республика Татарстан;165_195_days;CoviVac;2;0;0;0;2;0;0;0;4;0;0;0;8455;784;18;8;4150;1010;101;65;12605;1794;119;73
2022.08_13-10-2022;Республика Татарстан;165_195_days;EpiVacCorona;2;0;0;0;3;1;0;0;5;1;0;0;8455;784;18;8;4150;1010;101;65;12605;1794;119;73
2022.08_13-10-2022;Республика Татарстан;165_195_days;SputnikLite;120;8;0;0;48;3;0;0;168;11;0;0;8455;784;18;8;4150;1010;101;65;12605;1794;119;73
2022.08_13-10-2022;Республика Татарстан;165_195_days;SputnikV;161;16;0;0;74;9;0;0;235;25;0;0;8455;784;18;8;4150;1010;101;65;12605;1794;119;73
2022.08_13-10-2022;Республика Татарстан;21_45_days;AllVaccines;32;3;0;0;17;2;1;1;49;5;1;1;8455;784;18;8;4150;1010;101;65;12605;1794;119;73
2022.08_13-10-2022;Республика Татарстан;21_45_days;SputnikLite;5;0;0;0;1;0;0;0;6;0;0;0;8455;784;18;8;4150;1010;101;65;12605;1794;119;73
2022.08_13-10-2022;Республика Татарстан;21_45_days;SputnikV;27;3;0;0;16;2;1;1;43;5;1;1;8455;784;18;8;4150;1010;101;65;12605;1794;119;73
2022.08_13-10-2022;Республика Татарстан;45_75_days;AllVaccines;52;3;0;0;28;9;0;0;80;12;0;0;8455;784;18;8;4150;1010;101;65;12605;1794;119;73
2022.08_13-10-2022;Республика Татарстан;45_75_days;CoviVac;1;0;0;0;2;2;0;0;3;2;0;0;8455;784;18;8;4150;1010;101;65;12605;1794;119;73
2022.08_13-10-2022;Республика Татарстан;45_75_days;EpiVacCorona;3;0;0;0;3;2;0;0;6;2;0;0;8455;784;18;8;4150;1010;101;65;12605;1794;119;73
2022.08_13-10-2022;Республика Татарстан;45_75_days;SputnikLite;11;0;0;0;4;0;0;0;15;0;0;0;8455;784;18;8;4150;1010;101;65;12605;1794;119;73
2022.08_13-10-2022;Республика Татарстан;45_75_days;SputnikV;37;3;0;0;19;5;0;0;56;8;0;0;8455;784;18;8;4150;1010;101;65;12605;1794;119;73
2022.08_13-10-2022;Республика Татарстан;75_90_days;AllVaccines;24;0;0;0;20;4;0;0;44;4;0;0;8455;784;18;8;4150;1010;101;65;12605;1794;119;73
2022.08_13-10-2022;Республика Татарстан;75_90_days;CoviVac;1;0;0;0;0;0;0;0;1;0;0;0;8455;784;18;8;4150;1010;101;65;12605;1794;119;73
2022.08_13-10-2022;Республика Татарстан;75_90_days;SputnikLite;11;0;0;0;13;1;0;0;24;1;0;0;8455;784;18;8;4150;1010;101;65;12605;1794;119;73
2022.08_13-10-2022;Республика Татарстан;75_90_days;SputnikV;12;0;0;0;7;3;0;0;19;3;0;0;8455;784;18;8;4150;1010;101;65;12605;1794;119;73
2022.08_13-10-2022;Республика Татарстан;90_105_days;AllVaccines;33;3;0;0;16;4;0;0;49;7;0;0;8455;784;18;8;4150;1010;101;65;12605;1794;119;73
2022.08_13-10-2022;Республика Татарстан;90_105_days;SputnikLite;14;0;0;0;13;4;0;0;27;4;0;0;8455;784;18;8;4150;1010;101;65;12605;1794;119;73
2022.08_13-10-2022;Республика Татарстан;90_105_days;SputnikV;19;3;0;0;3;0;0;0;22;3;0;0;8455;784;18;8;4150;1010;101;65;12605;1794;119;73
2022.08_13-10-2022;Республика Тыва;105_165_days;AllVaccines;305;17;0;0;99;14;1;0;404;31;1;0;3882;339;10;2;1158;245;21;7;5040;584;31;9
2022.08_13-10-2022;Республика Тыва;105_165_days;CoviVac;13;1;0;0;4;1;0;0;17;2;0;0;3882;339;10;2;1158;245;21;7;5040;584;31;9
2022.08_13-10-2022;Республика Тыва;105_165_days;EpiVacCorona;21;2;0;0;4;0;0;0;25;2;0;0;3882;339;10;2;1158;245;21;7;5040;584;31;9
2022.08_13-10-2022;Республика Тыва;105_165_days;SputnikLite;124;5;0;0;53;8;1;0;177;13;1;0;3882;339;10;2;1158;245;21;7;5040;584;31;9
2022.08_13-10-2022;Республика Тыва;105_165_days;SputnikV;147;9;0;0;38;5;0;0;185;14;0;0;3882;339;10;2;1158;245;21;7;5040;584;31;9
2022.08_13-10-2022;Республика Тыва;165_195_days;AllVaccines;266;15;0;0;79;19;1;0;345;34;1;0;3882;339;10;2;1158;245;21;7;5040;584;31;9
2022.08_13-10-2022;Республика Тыва;165_195_days;EpiVacCorona;1;0;0;0;1;0;0;0;2;0;0;0;3882;339;10;2;1158;245;21;7;5040;584;31;9
2022.08_13-10-2022;Республика Тыва;165_195_days;SputnikLite;139;5;0;0;39;13;1;0;178;18;1;0;3882;339;10;2;1158;245;21;7;5040;584;31;9
2022.08_13-10-2022;Республика Тыва;165_195_days;SputnikV;126;10;0;0;39;6;0;0;165;16;0;0;3882;339;10;2;1158;245;21;7;5040;584;31;9
2022.08_13-10-2022;Республика Тыва;21_45_days;AllVaccines;35;5;0;0;8;3;0;0;43;8;0;0;3882;339;10;2;1158;245;21;7;5040;584;31;9
2022.08_13-10-2022;Республика Тыва;21_45_days;EpiVacCorona;7;0;0;0;1;0;0;0;8;0;0;0;3882;339;10;2;1158;245;21;7;5040;584;31;9
2022.08_13-10-2022;Республика Тыва;21_45_days;SputnikV;28;5;0;0;7;3;0;0;35;8;0;0;3882;339;10;2;1158;245;21;7;5040;584;31;9
2022.08_13-10-2022;Республика Тыва;45_75_days;AllVaccines;69;9;0;0;31;7;0;0;100;16;0;0;3882;339;10;2;1158;245;21;7;5040;584;31;9
2022.08_13-10-2022;Республика Тыва;45_75_days;EpiVacCorona;21;3;0;0;5;2;0;0;26;5;0;0;3882;339;10;2;1158;245;21;7;5040;584;31;9
2022.08_13-10-2022;Республика Тыва;45_75_days;SputnikLite;13;2;0;0;5;1;0;0;18;3;0;0;3882;339;10;2;1158;245;21;7;5040;584;31;9
2022.08_13-10-2022;Республика Тыва;45_75_days;SputnikV;35;4;0;0;21;4;0;0;56;8;0;0;3882;339;10;2;1158;245;21;7;5040;584;31;9
2022.08_13-10-2022;Республика Тыва;75_90_days;AllVaccines;56;3;0;0;18;1;0;0;74;4;0;0;3882;339;10;2;1158;245;21;7;5040;584;31;9
2022.08_13-10-2022;Республика Тыва;75_90_days;EpiVacCorona;7;0;0;0;3;0;0;0;10;0;0;0;3882;339;10;2;1158;245;21;7;5040;584;31;9
2022.08_13-10-2022;Республика Тыва;75_90_days;SputnikLite;13;0;0;0;0;0;0;0;13;0;0;0;3882;339;10;2;1158;245;21;7;5040;584;31;9
2022.08_13-10-2022;Республика Тыва;75_90_days;SputnikV;36;3;0;0;15;1;0;0;51;4;0;0;3882;339;10;2;1158;245;21;7;5040;584;31;9
2022.08_13-10-2022;Республика Тыва;90_105_days;AllVaccines;33;2;0;0;16;4;0;0;49;6;0;0;3882;339;10;2;1158;245;21;7;5040;584;31;9
2022.08_13-10-2022;Республика Тыва;90_105_days;CoviVac;1;0;0;0;1;0;0;0;2;0;0;0;3882;339;10;2;1158;245;21;7;5040;584;31;9
2022.08_13-10-2022;Республика Тыва;90_105_days;EpiVacCorona;6;1;0;0;5;1;0;0;11;2;0;0;3882;339;10;2;1158;245;21;7;5040;584;31;9
2022.08_13-10-2022;Республика Тыва;90_105_days;SputnikLite;3;0;0;0;1;1;0;0;4;1;0;0;3882;339;10;2;1158;245;21;7;5040;584;31;9
2022.08_13-10-2022;Республика Тыва;90_105_days;SputnikV;23;1;0;0;9;2;0;0;32;3;0;0;3882;339;10;2;1158;245;21;7;5040;584;31;9
2022.08_13-10-2022;Республика Хакасия;105_165_days;AllVaccines;74;1;0;0;57;7;0;0;131;8;0;0;3790;208;4;0;1982;328;47;22;5772;536;51;22
2022.08_13-10-2022;Республика Хакасия;105_165_days;CoviVac;0;0;0;0;2;0;0;0;2;0;0;0;3790;208;4;0;1982;328;47;22;5772;536;51;22
2022.08_13-10-2022;Республика Хакасия;105_165_days;EpiVacCorona;1;0;0;0;1;0;0;0;2;0;0;0;3790;208;4;0;1982;328;47;22;5772;536;51;22
2022.08_13-10-2022;Республика Хакасия;105_165_days;SputnikLite;10;1;0;0;5;1;0;0;15;2;0;0;3790;208;4;0;1982;328;47;22;5772;536;51;22
2022.08_13-10-2022;Республика Хакасия;105_165_days;SputnikV;63;0;0;0;49;6;0;0;112;6;0;0;3790;208;4;0;1982;328;47;22;5772;536;51;22
2022.08_13-10-2022;Республика Хакасия;165_195_days;AllVaccines;190;4;0;0;73;10;2;1;263;14;2;1;3790;208;4;0;1982;328;47;22;5772;536;51;22
2022.08_13-10-2022;Республика Хакасия;165_195_days;CoviVac;7;0;0;0;1;1;0;0;8;1;0;0;3790;208;4;0;1982;328;47;22;5772;536;51;22
2022.08_13-10-2022;Республика Хакасия;165_195_days;EpiVacCorona;10;0;0;0;4;1;0;0;14;1;0;0;3790;208;4;0;1982;328;47;22;5772;536;51;22
2022.08_13-10-2022;Республика Хакасия;165_195_days;SputnikLite;98;1;0;0;30;3;0;0;128;4;0;0;3790;208;4;0;1982;328;47;22;5772;536;51;22
2022.08_13-10-2022;Республика Хакасия;165_195_days;SputnikV;75;3;0;0;38;5;2;1;113;8;2;1;3790;208;4;0;1982;328;47;22;5772;536;51;22
2022.08_13-10-2022;Республика Хакасия;21_45_days;AllVaccines;13;0;0;0;9;3;0;0;22;3;0;0;3790;208;4;0;1982;328;47;22;5772;536;51;22
2022.08_13-10-2022;Республика Хакасия;21_45_days;EpiVacCorona;3;0;0;0;0;0;0;0;3;0;0;0;3790;208;4;0;1982;328;47;22;5772;536;51;22
2022.08_13-10-2022;Республика Хакасия;21_45_days;SputnikV;10;0;0;0;9;3;0;0;19;3;0;0;3790;208;4;0;1982;328;47;22;5772;536;51;22
2022.08_13-10-2022;Республика Хакасия;45_75_days;AllVaccines;13;1;0;0;18;1;0;0;31;2;0;0;3790;208;4;0;1982;328;47;22;5772;536;51;22
2022.08_13-10-2022;Республика Хакасия;45_75_days;EpiVacCorona;2;0;0;0;4;1;0;0;6;1;0;0;3790;208;4;0;1982;328;47;22;5772;536;51;22
2022.08_13-10-2022;Республика Хакасия;45_75_days;SputnikV;11;1;0;0;14;0;0;0;25;1;0;0;3790;208;4;0;1982;328;47;22;5772;536;51;22
2022.08_13-10-2022;Республика Хакасия;75_90_days;AllVaccines;7;1;0;0;8;0;0;0;15;1;0;0;3790;208;4;0;1982;328;47;22;5772;536;51;22
2022.08_13-10-2022;Республика Хакасия;75_90_days;EpiVacCorona;0;0;0;0;2;0;0;0;2;0;0;0;3790;208;4;0;1982;328;47;22;5772;536;51;22
2022.08_13-10-2022;Республика Хакасия;75_90_days;SputnikV;7;1;0;0;6;0;0;0;13;1;0;0;3790;208;4;0;1982;328;47;22;5772;536;51;22
2022.08_13-10-2022;Республика Хакасия;90_105_days;AllVaccines;4;0;0;0;6;0;0;0;10;0;0;0;3790;208;4;0;1982;328;47;22;5772;536;51;22
2022.08_13-10-2022;Республика Хакасия;90_105_days;SputnikLite;0;0;0;0;1;0;0;0;1;0;0;0;3790;208;4;0;1982;328;47;22;5772;536;51;22
2022.08_13-10-2022;Республика Хакасия;90_105_days;SputnikV;4;0;0;0;5;0;0;0;9;0;0;0;3790;208;4;0;1982;328;47;22;5772;536;51;22
2022.08_13-10-2022;Ростовская область;105_165_days;AllVaccines;424;9;1;0;279;47;8;2;703;56;9;2;12622;652;47;15;7446;1369;242;102;20068;2021;289;117
2022.08_13-10-2022;Ростовская область;105_165_days;CoviVac;8;0;0;0;6;3;0;0;14;3;0;0;12622;652;47;15;7446;1369;242;102;20068;2021;289;117
2022.08_13-10-2022;Ростовская область;105_165_days;EpiVacCorona;32;2;0;0;25;2;1;1;57;4;1;1;12622;652;47;15;7446;1369;242;102;20068;2021;289;117
2022.08_13-10-2022;Ростовская область;105_165_days;SputnikLite;90;1;0;0;40;4;0;0;130;5;0;0;12622;652;47;15;7446;1369;242;102;20068;2021;289;117
2022.08_13-10-2022;Ростовская область;105_165_days;SputnikV;294;6;1;0;208;38;7;1;502;44;8;1;12622;652;47;15;7446;1369;242;102;20068;2021;289;117
2022.08_13-10-2022;Ростовская область;165_195_days;AllVaccines;758;24;1;1;400;47;7;3;1158;71;8;4;12622;652;47;15;7446;1369;242;102;20068;2021;289;117
2022.08_13-10-2022;Ростовская область;165_195_days;CoviVac;14;0;0;0;9;1;1;0;23;1;1;0;12622;652;47;15;7446;1369;242;102;20068;2021;289;117
2022.08_13-10-2022;Ростовская область;165_195_days;EpiVacCorona;24;2;0;0;27;4;2;1;51;6;2;1;12622;652;47;15;7446;1369;242;102;20068;2021;289;117
2022.08_13-10-2022;Ростовская область;165_195_days;SputnikLite;361;12;0;0;121;13;2;1;482;25;2;1;12622;652;47;15;7446;1369;242;102;20068;2021;289;117
2022.08_13-10-2022;Ростовская область;165_195_days;SputnikV;359;10;1;1;243;29;2;1;602;39;3;2;12622;652;47;15;7446;1369;242;102;20068;2021;289;117
2022.08_13-10-2022;Ростовская область;21_45_days;AllVaccines;81;3;0;0;79;16;2;3;160;19;2;3;12622;652;47;15;7446;1369;242;102;20068;2021;289;117
2022.08_13-10-2022;Ростовская область;21_45_days;CoviVac;0;0;0;0;1;1;0;0;1;1;0;0;12622;652;47;15;7446;1369;242;102;20068;2021;289;117
2022.08_13-10-2022;Ростовская область;21_45_days;EpiVacCorona;12;0;0;0;11;3;0;0;23;3;0;0;12622;652;47;15;7446;1369;242;102;20068;2021;289;117
2022.08_13-10-2022;Ростовская область;21_45_days;SputnikLite;1;0;0;0;2;0;0;0;3;0;0;0;12622;652;47;15;7446;1369;242;102;20068;2021;289;117
2022.08_13-10-2022;Ростовская область;21_45_days;SputnikV;68;3;0;0;65;12;2;3;133;15;2;3;12622;652;47;15;7446;1369;242;102;20068;2021;289;117
2022.08_13-10-2022;Ростовская область;45_75_days;AllVaccines;163;6;1;0;146;29;2;1;309;35;3;1;12622;652;47;15;7446;1369;242;102;20068;2021;289;117
2022.08_13-10-2022;Ростовская область;45_75_days;CoviVac;7;0;0;0;0;0;0;0;7;0;0;0;12622;652;47;15;7446;1369;242;102;20068;2021;289;117
2022.08_13-10-2022;Ростовская область;45_75_days;EpiVacCorona;9;0;0;0;10;1;0;0;19;1;0;0;12622;652;47;15;7446;1369;242;102;20068;2021;289;117
2022.08_13-10-2022;Ростовская область;45_75_days;SputnikLite;2;0;0;0;0;0;0;0;2;0;0;0;12622;652;47;15;7446;1369;242;102;20068;2021;289;117
2022.08_13-10-2022;Ростовская область;45_75_days;SputnikV;145;6;1;0;136;28;2;1;281;34;3;1;12622;652;47;15;7446;1369;242;102;20068;2021;289;117
2022.08_13-10-2022;Ростовская область;75_90_days;AllVaccines;69;2;0;0;58;8;1;0;127;10;1;0;12622;652;47;15;7446;1369;242;102;20068;2021;289;117
2022.08_13-10-2022;Ростовская область;75_90_days;CoviVac;5;0;0;0;1;0;0;0;6;0;0;0;12622;652;47;15;7446;1369;242;102;20068;2021;289;117
2022.08_13-10-2022;Ростовская область;75_90_days;EpiVacCorona;4;0;0;0;6;1;1;0;10;1;1;0;12622;652;47;15;7446;1369;242;102;20068;2021;289;117
2022.08_13-10-2022;Ростовская область;75_90_days;SputnikLite;11;0;0;0;2;0;0;0;13;0;0;0;12622;652;47;15;7446;1369;242;102;20068;2021;289;117
2022.08_13-10-2022;Ростовская область;75_90_days;SputnikV;49;2;0;0;49;7;0;0;98;9;0;0;12622;652;47;15;7446;1369;242;102;20068;2021;289;117
2022.08_13-10-2022;Ростовская область;90_105_days;AllVaccines;56;2;0;0;67;15;3;0;123;17;3;0;12622;652;47;15;7446;1369;242;102;20068;2021;289;117
2022.08_13-10-2022;Ростовская область;90_105_days;CoviVac;3;0;0;0;1;0;0;0;4;0;0;0;12622;652;47;15;7446;1369;242;102;20068;2021;289;117
2022.08_13-10-2022;Ростовская область;90_105_days;EpiVacCorona;6;0;0;0;7;0;0;0;13;0;0;0;12622;652;47;15;7446;1369;242;102;20068;2021;289;117
2022.08_13-10-2022;Ростовская область;90_105_days;SputnikLite;6;0;0;0;3;1;0;0;9;1;0;0;12622;652;47;15;7446;1369;242;102;20068;2021;289;117
2022.08_13-10-2022;Ростовская область;90_105_days;SputnikV;41;2;0;0;56;14;3;0;97;16;3;0;12622;652;47;15;7446;1369;242;102;20068;2021;289;117
2022.08_13-10-2022;Рязанская область;105_165_days;AllVaccines;88;0;0;0;45;1;0;0;133;1;0;0;6048;53;5;1;3487;180;26;21;9535;233;31;22
2022.08_13-10-2022;Рязанская область;105_165_days;CoviVac;7;0;0;0;3;0;0;0;10;0;0;0;6048;53;5;1;3487;180;26;21;9535;233;31;22
2022.08_13-10-2022;Рязанская область;105_165_days;EpiVacCorona;0;0;0;0;1;0;0;0;1;0;0;0;6048;53;5;1;3487;180;26;21;9535;233;31;22
2022.08_13-10-2022;Рязанская область;105_165_days;SputnikLite;35;0;0;0;10;0;0;0;45;0;0;0;6048;53;5;1;3487;180;26;21;9535;233;31;22
2022.08_13-10-2022;Рязанская область;105_165_days;SputnikV;46;0;0;0;31;1;0;0;77;1;0;0;6048;53;5;1;3487;180;26;21;9535;233;31;22
2022.08_13-10-2022;Рязанская область;165_195_days;AllVaccines;182;2;0;0;77;2;1;1;259;4;1;1;6048;53;5;1;3487;180;26;21;9535;233;31;22
2022.08_13-10-2022;Рязанская область;165_195_days;CoviVac;5;0;0;0;0;0;0;0;5;0;0;0;6048;53;5;1;3487;180;26;21;9535;233;31;22
2022.08_13-10-2022;Рязанская область;165_195_days;EpiVacCorona;2;0;0;0;0;0;0;0;2;0;0;0;6048;53;5;1;3487;180;26;21;9535;233;31;22
2022.08_13-10-2022;Рязанская область;165_195_days;SputnikLite;94;0;0;0;42;2;1;1;136;2;1;1;6048;53;5;1;3487;180;26;21;9535;233;31;22
2022.08_13-10-2022;Рязанская область;165_195_days;SputnikV;81;2;0;0;35;0;0;0;116;2;0;0;6048;53;5;1;3487;180;26;21;9535;233;31;22
2022.08_13-10-2022;Рязанская область;21_45_days;AllVaccines;16;0;0;0;4;0;0;0;20;0;0;0;6048;53;5;1;3487;180;26;21;9535;233;31;22
2022.08_13-10-2022;Рязанская область;21_45_days;EpiVacCorona;5;0;0;0;1;0;0;0;6;0;0;0;6048;53;5;1;3487;180;26;21;9535;233;31;22
2022.08_13-10-2022;Рязанская область;21_45_days;SputnikLite;3;0;0;0;0;0;0;0;3;0;0;0;6048;53;5;1;3487;180;26;21;9535;233;31;22
2022.08_13-10-2022;Рязанская область;21_45_days;SputnikV;8;0;0;0;3;0;0;0;11;0;0;0;6048;53;5;1;3487;180;26;21;9535;233;31;22
2022.08_13-10-2022;Рязанская область;45_75_days;AllVaccines;27;0;0;0;29;1;0;0;56;1;0;0;6048;53;5;1;3487;180;26;21;9535;233;31;22
2022.08_13-10-2022;Рязанская область;45_75_days;CoviVac;1;0;0;0;1;0;0;0;2;0;0;0;6048;53;5;1;3487;180;26;21;9535;233;31;22
2022.08_13-10-2022;Рязанская область;45_75_days;EpiVacCorona;4;0;0;0;6;1;0;0;10;1;0;0;6048;53;5;1;3487;180;26;21;9535;233;31;22
2022.08_13-10-2022;Рязанская область;45_75_days;SputnikLite;3;0;0;0;2;0;0;0;5;0;0;0;6048;53;5;1;3487;180;26;21;9535;233;31;22
2022.08_13-10-2022;Рязанская область;45_75_days;SputnikV;19;0;0;0;20;0;0;0;39;0;0;0;6048;53;5;1;3487;180;26;21;9535;233;31;22
2022.08_13-10-2022;Рязанская область;75_90_days;AllVaccines;13;0;0;0;14;1;0;0;27;1;0;0;6048;53;5;1;3487;180;26;21;9535;233;31;22
2022.08_13-10-2022;Рязанская область;75_90_days;CoviVac;1;0;0;0;2;1;0;0;3;1;0;0;6048;53;5;1;3487;180;26;21;9535;233;31;22
2022.08_13-10-2022;Рязанская область;75_90_days;SputnikLite;3;0;0;0;5;0;0;0;8;0;0;0;6048;53;5;1;3487;180;26;21;9535;233;31;22
2022.08_13-10-2022;Рязанская область;75_90_days;SputnikV;9;0;0;0;7;0;0;0;16;0;0;0;6048;53;5;1;3487;180;26;21;9535;233;31;22
2022.08_13-10-2022;Рязанская область;90_105_days;AllVaccines;12;1;1;0;9;1;0;0;21;2;1;0;6048;53;5;1;3487;180;26;21;9535;233;31;22
2022.08_13-10-2022;Рязанская область;90_105_days;SputnikLite;1;0;0;0;0;0;0;0;1;0;0;0;6048;53;5;1;3487;180;26;21;9535;233;31;22
2022.08_13-10-2022;Рязанская область;90_105_days;SputnikV;11;1;1;0;9;1;0;0;20;2;1;0;6048;53;5;1;3487;180;26;21;9535;233;31;22
2022.08_13-10-2022;Самарская область;105_165_days;AllVaccines;455;11;1;0;468;64;11;9;923;75;12;9;16658;557;50;18;8843;1218;152;89;25501;1775;202;107
2022.08_13-10-2022;Самарская область;105_165_days;CoviVac;12;0;0;0;12;1;1;1;24;1;1;1;16658;557;50;18;8843;1218;152;89;25501;1775;202;107
2022.08_13-10-2022;Самарская область;105_165_days;EpiVacCorona;32;1;0;0;44;7;0;0;76;8;0;0;16658;557;50;18;8843;1218;152;89;25501;1775;202;107
2022.08_13-10-2022;Самарская область;105_165_days;SputnikLite;137;2;1;0;99;21;2;2;236;23;3;2;16658;557;50;18;8843;1218;152;89;25501;1775;202;107
2022.08_13-10-2022;Самарская область;105_165_days;SputnikV;274;8;0;0;313;35;8;6;587;43;8;6;16658;557;50;18;8843;1218;152;89;25501;1775;202;107
2022.08_13-10-2022;Самарская область;165_195_days;AllVaccines;513;12;1;0;324;28;3;0;837;40;4;0;16658;557;50;18;8843;1218;152;89;25501;1775;202;107
2022.08_13-10-2022;Самарская область;165_195_days;CoviVac;3;0;0;0;4;0;0;0;7;0;0;0;16658;557;50;18;8843;1218;152;89;25501;1775;202;107
2022.08_13-10-2022;Самарская область;165_195_days;EpiVacCorona;17;0;0;0;22;5;0;0;39;5;0;0;16658;557;50;18;8843;1218;152;89;25501;1775;202;107
2022.08_13-10-2022;Самарская область;165_195_days;SputnikLite;208;1;0;0;104;8;0;0;312;9;0;0;16658;557;50;18;8843;1218;152;89;25501;1775;202;107
2022.08_13-10-2022;Самарская область;165_195_days;SputnikV;285;11;1;0;194;15;3;0;479;26;4;0;16658;557;50;18;8843;1218;152;89;25501;1775;202;107
2022.08_13-10-2022;Самарская область;21_45_days;AllVaccines;84;7;0;0;78;12;2;2;162;19;2;2;16658;557;50;18;8843;1218;152;89;25501;1775;202;107
2022.08_13-10-2022;Самарская область;21_45_days;EpiVacCorona;15;3;0;0;16;3;0;0;31;6;0;0;16658;557;50;18;8843;1218;152;89;25501;1775;202;107
2022.08_13-10-2022;Самарская область;21_45_days;SputnikLite;15;1;0;0;10;1;0;0;25;2;0;0;16658;557;50;18;8843;1218;152;89;25501;1775;202;107
2022.08_13-10-2022;Самарская область;21_45_days;SputnikV;54;3;0;0;52;8;2;2;106;11;2;2;16658;557;50;18;8843;1218;152;89;25501;1775;202;107
2022.08_13-10-2022;Самарская область;45_75_days;AllVaccines;110;7;0;0;119;14;1;0;229;21;1;0;16658;557;50;18;8843;1218;152;89;25501;1775;202;107
2022.08_13-10-2022;Самарская область;45_75_days;CoviVac;4;0;0;0;4;2;0;0;8;2;0;0;16658;557;50;18;8843;1218;152;89;25501;1775;202;107
2022.08_13-10-2022;Самарская область;45_75_days;EpiVacCorona;16;0;0;0;22;5;0;0;38;5;0;0;16658;557;50;18;8843;1218;152;89;25501;1775;202;107
2022.08_13-10-2022;Самарская область;45_75_days;SputnikLite;16;3;0;0;8;1;0;0;24;4;0;0;16658;557;50;18;8843;1218;152;89;25501;1775;202;107
2022.08_13-10-2022;Самарская область;45_75_days;SputnikV;74;4;0;0;85;6;1;0;159;10;1;0;16658;557;50;18;8843;1218;152;89;25501;1775;202;107
2022.08_13-10-2022;Самарская область;75_90_days;AllVaccines;68;1;0;0;53;5;2;1;121;6;2;1;16658;557;50;18;8843;1218;152;89;25501;1775;202;107
2022.08_13-10-2022;Самарская область;75_90_days;CoviVac;4;0;0;0;1;0;0;0;5;0;0;0;16658;557;50;18;8843;1218;152;89;25501;1775;202;107
2022.08_13-10-2022;Самарская область;75_90_days;EpiVacCorona;6;0;0;0;2;0;0;0;8;0;0;0;16658;557;50;18;8843;1218;152;89;25501;1775;202;107
2022.08_13-10-2022;Самарская область;75_90_days;SputnikLite;19;0;0;0;11;1;0;0;30;1;0;0;16658;557;50;18;8843;1218;152;89;25501;1775;202;107
2022.08_13-10-2022;Самарская область;75_90_days;SputnikV;39;1;0;0;39;4;2;1;78;5;2;1;16658;557;50;18;8843;1218;152;89;25501;1775;202;107
2022.08_13-10-2022;Самарская область;90_105_days;AllVaccines;61;2;0;0;61;8;0;0;122;10;0;0;16658;557;50;18;8843;1218;152;89;25501;1775;202;107
2022.08_13-10-2022;Самарская область;90_105_days;CoviVac;0;0;0;0;1;0;0;0;1;0;0;0;16658;557;50;18;8843;1218;152;89;25501;1775;202;107
2022.08_13-10-2022;Самарская область;90_105_days;EpiVacCorona;7;0;0;0;5;1;0;0;12;1;0;0;16658;557;50;18;8843;1218;152;89;25501;1775;202;107
2022.08_13-10-2022;Самарская область;90_105_days;SputnikLite;21;0;0;0;10;2;0;0;31;2;0;0;16658;557;50;18;8843;1218;152;89;25501;1775;202;107
2022.08_13-10-2022;Самарская область;90_105_days;SputnikV;33;2;0;0;45;5;0;0;78;7;0;0;16658;557;50;18;8843;1218;152;89;25501;1775;202;107
2022.08_13-10-2022;Саратовская область;105_165_days;AllVaccines;133;3;0;0;130;11;1;1;263;14;1;1;5871;287;11;7;3619;430;42;31;9490;717;53;38
2022.08_13-10-2022;Саратовская область;105_165_days;CoviVac;5;0;0;0;3;0;0;0;8;0;0;0;5871;287;11;7;3619;430;42;31;9490;717;53;38
2022.08_13-10-2022;Саратовская область;105_165_days;EpiVacCorona;19;0;0;0;9;0;0;0;28;0;0;0;5871;287;11;7;3619;430;42;31;9490;717;53;38
2022.08_13-10-2022;Саратовская область;105_165_days;SputnikLite;47;0;0;0;33;2;0;0;80;2;0;0;5871;287;11;7;3619;430;42;31;9490;717;53;38
2022.08_13-10-2022;Саратовская область;105_165_days;SputnikV;62;3;0;0;85;9;1;1;147;12;1;1;5871;287;11;7;3619;430;42;31;9490;717;53;38
2022.08_13-10-2022;Саратовская область;165_195_days;AllVaccines;230;13;0;0;116;15;4;2;346;28;4;2;5871;287;11;7;3619;430;42;31;9490;717;53;38
2022.08_13-10-2022;Саратовская область;165_195_days;CoviVac;5;1;0;0;1;0;0;0;6;1;0;0;5871;287;11;7;3619;430;42;31;9490;717;53;38
2022.08_13-10-2022;Саратовская область;165_195_days;EpiVacCorona;13;2;0;0;12;2;1;1;25;4;1;1;5871;287;11;7;3619;430;42;31;9490;717;53;38
2022.08_13-10-2022;Саратовская область;165_195_days;SputnikLite;111;2;0;0;42;5;1;0;153;7;1;0;5871;287;11;7;3619;430;42;31;9490;717;53;38
2022.08_13-10-2022;Саратовская область;165_195_days;SputnikV;101;8;0;0;61;8;2;1;162;16;2;1;5871;287;11;7;3619;430;42;31;9490;717;53;38
2022.08_13-10-2022;Саратовская область;21_45_days;AllVaccines;51;2;0;0;26;2;0;0;77;4;0;0;5871;287;11;7;3619;430;42;31;9490;717;53;38
2022.08_13-10-2022;Саратовская область;21_45_days;EpiVacCorona;9;0;0;0;5;2;0;0;14;2;0;0;5871;287;11;7;3619;430;42;31;9490;717;53;38
2022.08_13-10-2022;Саратовская область;21_45_days;SputnikLite;1;0;0;0;0;0;0;0;1;0;0;0;5871;287;11;7;3619;430;42;31;9490;717;53;38
2022.08_13-10-2022;Саратовская область;21_45_days;SputnikV;41;2;0;0;21;0;0;0;62;2;0;0;5871;287;11;7;3619;430;42;31;9490;717;53;38
2022.08_13-10-2022;Саратовская область;45_75_days;AllVaccines;73;3;0;0;45;3;0;0;118;6;0;0;5871;287;11;7;3619;430;42;31;9490;717;53;38
2022.08_13-10-2022;Саратовская область;45_75_days;CoviVac;0;0;0;0;1;0;0;0;1;0;0;0;5871;287;11;7;3619;430;42;31;9490;717;53;38
2022.08_13-10-2022;Саратовская область;45_75_days;EpiVacCorona;11;0;0;0;4;2;0;0;15;2;0;0;5871;287;11;7;3619;430;42;31;9490;717;53;38
2022.08_13-10-2022;Саратовская область;45_75_days;SputnikLite;5;0;0;0;3;0;0;0;8;0;0;0;5871;287;11;7;3619;430;42;31;9490;717;53;38
2022.08_13-10-2022;Саратовская область;45_75_days;SputnikV;57;3;0;0;37;1;0;0;94;4;0;0;5871;287;11;7;3619;430;42;31;9490;717;53;38
2022.08_13-10-2022;Саратовская область;75_90_days;AllVaccines;17;1;0;0;24;4;0;0;41;5;0;0;5871;287;11;7;3619;430;42;31;9490;717;53;38
2022.08_13-10-2022;Саратовская область;75_90_days;CoviVac;3;1;0;0;1;0;0;0;4;1;0;0;5871;287;11;7;3619;430;42;31;9490;717;53;38
2022.08_13-10-2022;Саратовская область;75_90_days;EpiVacCorona;2;0;0;0;3;1;0;0;5;1;0;0;5871;287;11;7;3619;430;42;31;9490;717;53;38
2022.08_13-10-2022;Саратовская область;75_90_days;SputnikLite;6;0;0;0;4;0;0;0;10;0;0;0;5871;287;11;7;3619;430;42;31;9490;717;53;38
2022.08_13-10-2022;Саратовская область;75_90_days;SputnikV;6;0;0;0;16;3;0;0;22;3;0;0;5871;287;11;7;3619;430;42;31;9490;717;53;38
2022.08_13-10-2022;Саратовская область;90_105_days;AllVaccines;25;3;0;0;28;4;0;0;53;7;0;0;5871;287;11;7;3619;430;42;31;9490;717;53;38
2022.08_13-10-2022;Саратовская область;90_105_days;EpiVacCorona;0;0;0;0;3;1;0;0;3;1;0;0;5871;287;11;7;3619;430;42;31;9490;717;53;38
2022.08_13-10-2022;Саратовская область;90_105_days;SputnikLite;10;1;0;0;6;0;0;0;16;1;0;0;5871;287;11;7;3619;430;42;31;9490;717;53;38
2022.08_13-10-2022;Саратовская область;90_105_days;SputnikV;15;2;0;0;19;3;0;0;34;5;0;0;5871;287;11;7;3619;430;42;31;9490;717;53;38
2022.08_13-10-2022;Сахалинская область;105_165_days;AllVaccines;33;1;1;0;5;1;0;0;38;2;1;0;852;59;4;1;386;110;6;3;1238;169;10;4
2022.08_13-10-2022;Сахалинская область;105_165_days;CoviVac;4;0;0;0;0;0;0;0;4;0;0;0;852;59;4;1;386;110;6;3;1238;169;10;4
2022.08_13-10-2022;Сахалинская область;105_165_days;EpiVacCorona;2;0;0;0;0;0;0;0;2;0;0;0;852;59;4;1;386;110;6;3;1238;169;10;4
2022.08_13-10-2022;Сахалинская область;105_165_days;SputnikLite;22;1;1;0;4;1;0;0;26;2;1;0;852;59;4;1;386;110;6;3;1238;169;10;4
2022.08_13-10-2022;Сахалинская область;105_165_days;SputnikV;5;0;0;0;1;0;0;0;6;0;0;0;852;59;4;1;386;110;6;3;1238;169;10;4
2022.08_13-10-2022;Сахалинская область;165_195_days;AllVaccines;24;2;0;0;10;3;0;0;34;5;0;0;852;59;4;1;386;110;6;3;1238;169;10;4
2022.08_13-10-2022;Сахалинская область;165_195_days;CoviVac;0;0;0;0;1;0;0;0;1;0;0;0;852;59;4;1;386;110;6;3;1238;169;10;4
2022.08_13-10-2022;Сахалинская область;165_195_days;EpiVacCorona;1;0;0;0;0;0;0;0;1;0;0;0;852;59;4;1;386;110;6;3;1238;169;10;4
2022.08_13-10-2022;Сахалинская область;165_195_days;SputnikLite;11;1;0;0;8;3;0;0;19;4;0;0;852;59;4;1;386;110;6;3;1238;169;10;4
2022.08_13-10-2022;Сахалинская область;165_195_days;SputnikV;12;1;0;0;1;0;0;0;13;1;0;0;852;59;4;1;386;110;6;3;1238;169;10;4
2022.08_13-10-2022;Сахалинская область;21_45_days;AllVaccines;4;1;0;0;4;0;0;0;8;1;0;0;852;59;4;1;386;110;6;3;1238;169;10;4
2022.08_13-10-2022;Сахалинская область;21_45_days;EpiVacCorona;1;0;0;0;2;0;0;0;3;0;0;0;852;59;4;1;386;110;6;3;1238;169;10;4
2022.08_13-10-2022;Сахалинская область;21_45_days;SputnikV;3;1;0;0;2;0;0;0;5;1;0;0;852;59;4;1;386;110;6;3;1238;169;10;4
2022.08_13-10-2022;Сахалинская область;45_75_days;AllVaccines;3;0;0;0;6;0;0;0;9;0;0;0;852;59;4;1;386;110;6;3;1238;169;10;4
2022.08_13-10-2022;Сахалинская область;45_75_days;EpiVacCorona;1;0;0;0;2;0;0;0;3;0;0;0;852;59;4;1;386;110;6;3;1238;169;10;4
2022.08_13-10-2022;Сахалинская область;45_75_days;SputnikV;2;0;0;0;4;0;0;0;6;0;0;0;852;59;4;1;386;110;6;3;1238;169;10;4
2022.08_13-10-2022;Сахалинская область;75_90_days;AllVaccines;6;0;0;0;2;0;0;0;8;0;0;0;852;59;4;1;386;110;6;3;1238;169;10;4
2022.08_13-10-2022;Сахалинская область;75_90_days;EpiVacCorona;1;0;0;0;0;0;0;0;1;0;0;0;852;59;4;1;386;110;6;3;1238;169;10;4
2022.08_13-10-2022;Сахалинская область;75_90_days;SputnikLite;2;0;0;0;1;0;0;0;3;0;0;0;852;59;4;1;386;110;6;3;1238;169;10;4
2022.08_13-10-2022;Сахалинская область;75_90_days;SputnikV;3;0;0;0;1;0;0;0;4;0;0;0;852;59;4;1;386;110;6;3;1238;169;10;4
2022.08_13-10-2022;Сахалинская область;90_105_days;AllVaccines;3;0;0;0;0;0;0;0;3;0;0;0;852;59;4;1;386;110;6;3;1238;169;10;4
2022.08_13-10-2022;Сахалинская область;90_105_days;SputnikLite;3;0;0;0;0;0;0;0;3;0;0;0;852;59;4;1;386;110;6;3;1238;169;10;4
2022.08_13-10-2022;Свердловская область;105_165_days;AllVaccines;427;14;3;1;316;33;0;0;743;47;3;1;17430;841;34;13;8460;1233;98;81;25890;2074;132;94
2022.08_13-10-2022;Свердловская область;105_165_days;CoviVac;6;0;0;0;4;0;0;0;10;0;0;0;17430;841;34;13;8460;1233;98;81;25890;2074;132;94
2022.08_13-10-2022;Свердловская область;105_165_days;EpiVacCorona;26;1;0;0;16;3;0;0;42;4;0;0;17430;841;34;13;8460;1233;98;81;25890;2074;132;94
2022.08_13-10-2022;Свердловская область;105_165_days;SputnikLite;77;4;1;0;44;3;0;0;121;7;1;0;17430;841;34;13;8460;1233;98;81;25890;2074;132;94
2022.08_13-10-2022;Свердловская область;105_165_days;SputnikV;318;9;2;1;252;27;0;0;570;36;2;1;17430;841;34;13;8460;1233;98;81;25890;2074;132;94
2022.08_13-10-2022;Свердловская область;165_195_days;AllVaccines;605;15;0;0;356;35;0;1;961;50;0;1;17430;841;34;13;8460;1233;98;81;25890;2074;132;94
2022.08_13-10-2022;Свердловская область;165_195_days;CoviVac;6;0;0;0;1;1;0;0;7;1;0;0;17430;841;34;13;8460;1233;98;81;25890;2074;132;94
2022.08_13-10-2022;Свердловская область;165_195_days;EpiVacCorona;22;1;0;0;30;2;0;0;52;3;0;0;17430;841;34;13;8460;1233;98;81;25890;2074;132;94
2022.08_13-10-2022;Свердловская область;165_195_days;SputnikLite;265;5;0;0;133;9;0;0;398;14;0;0;17430;841;34;13;8460;1233;98;81;25890;2074;132;94
2022.08_13-10-2022;Свердловская область;165_195_days;SputnikV;312;9;0;0;192;23;0;1;504;32;0;1;17430;841;34;13;8460;1233;98;81;25890;2074;132;94
2022.08_13-10-2022;Свердловская область;21_45_days;AllVaccines;80;0;0;0;58;6;0;0;138;6;0;0;17430;841;34;13;8460;1233;98;81;25890;2074;132;94
2022.08_13-10-2022;Свердловская область;21_45_days;CoviVac;1;0;0;0;0;0;0;0;1;0;0;0;17430;841;34;13;8460;1233;98;81;25890;2074;132;94
2022.08_13-10-2022;Свердловская область;21_45_days;EpiVacCorona;4;0;0;0;3;0;0;0;7;0;0;0;17430;841;34;13;8460;1233;98;81;25890;2074;132;94
2022.08_13-10-2022;Свердловская область;21_45_days;SputnikLite;3;0;0;0;1;0;0;0;4;0;0;0;17430;841;34;13;8460;1233;98;81;25890;2074;132;94
2022.08_13-10-2022;Свердловская область;21_45_days;SputnikV;72;0;0;0;54;6;0;0;126;6;0;0;17430;841;34;13;8460;1233;98;81;25890;2074;132;94
2022.08_13-10-2022;Свердловская область;45_75_days;AllVaccines;144;2;0;0;137;15;0;0;281;17;0;0;17430;841;34;13;8460;1233;98;81;25890;2074;132;94
2022.08_13-10-2022;Свердловская область;45_75_days;CoviVac;12;0;0;0;4;0;0;0;16;0;0;0;17430;841;34;13;8460;1233;98;81;25890;2074;132;94
2022.08_13-10-2022;Свердловская область;45_75_days;EpiVacCorona;6;0;0;0;13;0;0;0;19;0;0;0;17430;841;34;13;8460;1233;98;81;25890;2074;132;94
2022.08_13-10-2022;Свердловская область;45_75_days;SputnikLite;6;0;0;0;1;0;0;0;7;0;0;0;17430;841;34;13;8460;1233;98;81;25890;2074;132;94
2022.08_13-10-2022;Свердловская область;45_75_days;SputnikV;120;2;0;0;119;15;0;0;239;17;0;0;17430;841;34;13;8460;1233;98;81;25890;2074;132;94
2022.08_13-10-2022;Свердловская область;75_90_days;AllVaccines;70;0;0;0;43;7;0;0;113;7;0;0;17430;841;34;13;8460;1233;98;81;25890;2074;132;94
2022.08_13-10-2022;Свердловская область;75_90_days;CoviVac;5;0;0;0;2;0;0;0;7;0;0;0;17430;841;34;13;8460;1233;98;81;25890;2074;132;94
2022.08_13-10-2022;Свердловская область;75_90_days;EpiVacCorona;12;0;0;0;4;0;0;0;16;0;0;0;17430;841;34;13;8460;1233;98;81;25890;2074;132;94
2022.08_13-10-2022;Свердловская область;75_90_days;SputnikLite;9;0;0;0;3;0;0;0;12;0;0;0;17430;841;34;13;8460;1233;98;81;25890;2074;132;94
2022.08_13-10-2022;Свердловская область;75_90_days;SputnikV;44;0;0;0;34;7;0;0;78;7;0;0;17430;841;34;13;8460;1233;98;81;25890;2074;132;94
2022.08_13-10-2022;Свердловская область;90_105_days;AllVaccines;82;3;0;0;73;3;0;0;155;6;0;0;17430;841;34;13;8460;1233;98;81;25890;2074;132;94
2022.08_13-10-2022;Свердловская область;90_105_days;CoviVac;1;0;0;0;2;0;0;0;3;0;0;0;17430;841;34;13;8460;1233;98;81;25890;2074;132;94
2022.08_13-10-2022;Свердловская область;90_105_days;EpiVacCorona;4;0;0;0;4;0;0;0;8;0;0;0;17430;841;34;13;8460;1233;98;81;25890;2074;132;94
2022.08_13-10-2022;Свердловская область;90_105_days;SputnikLite;9;0;0;0;11;0;0;0;20;0;0;0;17430;841;34;13;8460;1233;98;81;25890;2074;132;94
2022.08_13-10-2022;Свердловская область;90_105_days;SputnikV;68;3;0;0;56;3;0;0;124;6;0;0;17430;841;34;13;8460;1233;98;81;25890;2074;132;94
2022.08_13-10-2022;Смоленская область;105_165_days;AllVaccines;92;1;0;0;48;3;1;0;140;4;1;0;3213;125;14;6;1994;277;40;30;5207;402;54;36
2022.08_13-10-2022;Смоленская область;105_165_days;CoviVac;10;0;0;0;0;0;0;0;10;0;0;0;3213;125;14;6;1994;277;40;30;5207;402;54;36
2022.08_13-10-2022;Смоленская область;105_165_days;EpiVacCorona;3;0;0;0;2;0;0;0;5;0;0;0;3213;125;14;6;1994;277;40;30;5207;402;54;36
2022.08_13-10-2022;Смоленская область;105_165_days;SputnikLite;26;1;0;0;17;3;1;0;43;4;1;0;3213;125;14;6;1994;277;40;30;5207;402;54;36
2022.08_13-10-2022;Смоленская область;105_165_days;SputnikV;53;0;0;0;29;0;0;0;82;0;0;0;3213;125;14;6;1994;277;40;30;5207;402;54;36
2022.08_13-10-2022;Смоленская область;165_195_days;AllVaccines;89;0;0;0;61;8;0;0;150;8;0;0;3213;125;14;6;1994;277;40;30;5207;402;54;36
2022.08_13-10-2022;Смоленская область;165_195_days;CoviVac;6;0;0;0;1;0;0;0;7;0;0;0;3213;125;14;6;1994;277;40;30;5207;402;54;36
2022.08_13-10-2022;Смоленская область;165_195_days;EpiVacCorona;9;0;0;0;4;3;0;0;13;3;0;0;3213;125;14;6;1994;277;40;30;5207;402;54;36
2022.08_13-10-2022;Смоленская область;165_195_days;SputnikLite;30;0;0;0;26;3;0;0;56;3;0;0;3213;125;14;6;1994;277;40;30;5207;402;54;36
2022.08_13-10-2022;Смоленская область;165_195_days;SputnikV;44;0;0;0;30;2;0;0;74;2;0;0;3213;125;14;6;1994;277;40;30;5207;402;54;36
2022.08_13-10-2022;Смоленская область;21_45_days;AllVaccines;5;0;0;0;18;1;1;0;23;1;1;0;3213;125;14;6;1994;277;40;30;5207;402;54;36
2022.08_13-10-2022;Смоленская область;21_45_days;EpiVacCorona;0;0;0;0;4;1;1;0;4;1;1;0;3213;125;14;6;1994;277;40;30;5207;402;54;36
2022.08_13-10-2022;Смоленская область;21_45_days;SputnikLite;1;0;0;0;0;0;0;0;1;0;0;0;3213;125;14;6;1994;277;40;30;5207;402;54;36
2022.08_13-10-2022;Смоленская область;21_45_days;SputnikV;4;0;0;0;14;0;0;0;18;0;0;0;3213;125;14;6;1994;277;40;30;5207;402;54;36
2022.08_13-10-2022;Смоленская область;45_75_days;AllVaccines;30;2;1;1;19;3;0;0;49;5;1;1;3213;125;14;6;1994;277;40;30;5207;402;54;36
2022.08_13-10-2022;Смоленская область;45_75_days;EpiVacCorona;3;0;0;0;2;0;0;0;5;0;0;0;3213;125;14;6;1994;277;40;30;5207;402;54;36
2022.08_13-10-2022;Смоленская область;45_75_days;SputnikLite;1;0;0;0;0;0;0;0;1;0;0;0;3213;125;14;6;1994;277;40;30;5207;402;54;36
2022.08_13-10-2022;Смоленская область;45_75_days;SputnikV;26;2;1;1;17;3;0;0;43;5;1;1;3213;125;14;6;1994;277;40;30;5207;402;54;36
2022.08_13-10-2022;Смоленская область;75_90_days;AllVaccines;9;0;0;0;14;2;1;1;23;2;1;1;3213;125;14;6;1994;277;40;30;5207;402;54;36
2022.08_13-10-2022;Смоленская область;75_90_days;CoviVac;1;0;0;0;1;0;0;0;2;0;0;0;3213;125;14;6;1994;277;40;30;5207;402;54;36
2022.08_13-10-2022;Смоленская область;75_90_days;EpiVacCorona;1;0;0;0;1;1;1;1;2;1;1;1;3213;125;14;6;1994;277;40;30;5207;402;54;36
2022.08_13-10-2022;Смоленская область;75_90_days;SputnikLite;0;0;0;0;1;0;0;0;1;0;0;0;3213;125;14;6;1994;277;40;30;5207;402;54;36
2022.08_13-10-2022;Смоленская область;75_90_days;SputnikV;7;0;0;0;11;1;0;0;18;1;0;0;3213;125;14;6;1994;277;40;30;5207;402;54;36
2022.08_13-10-2022;Смоленская область;90_105_days;AllVaccines;11;0;0;0;9;1;0;0;20;1;0;0;3213;125;14;6;1994;277;40;30;5207;402;54;36
2022.08_13-10-2022;Смоленская область;90_105_days;CoviVac;0;0;0;0;4;0;0;0;4;0;0;0;3213;125;14;6;1994;277;40;30;5207;402;54;36
2022.08_13-10-2022;Смоленская область;90_105_days;EpiVacCorona;5;0;0;0;0;0;0;0;5;0;0;0;3213;125;14;6;1994;277;40;30;5207;402;54;36
2022.08_13-10-2022;Смоленская область;90_105_days;SputnikLite;1;0;0;0;0;0;0;0;1;0;0;0;3213;125;14;6;1994;277;40;30;5207;402;54;36
2022.08_13-10-2022;Смоленская область;90_105_days;SputnikV;5;0;0;0;5;1;0;0;10;1;0;0;3213;125;14;6;1994;277;40;30;5207;402;54;36
2022.08_13-10-2022;Ставропольский край;105_165_days;AllVaccines;174;6;0;0;92;17;0;0;266;23;0;0;9064;615;17;4;5174;921;71;49;14238;1536;88;53
2022.08_13-10-2022;Ставропольский край;105_165_days;CoviVac;15;0;0;0;1;0;0;0;16;0;0;0;9064;615;17;4;5174;921;71;49;14238;1536;88;53
2022.08_13-10-2022;Ставропольский край;105_165_days;EpiVacCorona;22;1;0;0;10;1;0;0;32;2;0;0;9064;615;17;4;5174;921;71;49;14238;1536;88;53
2022.08_13-10-2022;Ставропольский край;105_165_days;SputnikLite;22;1;0;0;8;2;0;0;30;3;0;0;9064;615;17;4;5174;921;71;49;14238;1536;88;53
2022.08_13-10-2022;Ставропольский край;105_165_days;SputnikV;115;4;0;0;73;14;0;0;188;18;0;0;9064;615;17;4;5174;921;71;49;14238;1536;88;53
2022.08_13-10-2022;Ставропольский край;165_195_days;AllVaccines;279;10;0;0;147;22;3;3;426;32;3;3;9064;615;17;4;5174;921;71;49;14238;1536;88;53
2022.08_13-10-2022;Ставропольский край;165_195_days;CoviVac;7;0;0;0;1;0;0;0;8;0;0;0;9064;615;17;4;5174;921;71;49;14238;1536;88;53
2022.08_13-10-2022;Ставропольский край;165_195_days;EpiVacCorona;33;2;0;0;16;7;2;2;49;9;2;2;9064;615;17;4;5174;921;71;49;14238;1536;88;53
2022.08_13-10-2022;Ставропольский край;165_195_days;SputnikLite;149;5;0;0;67;10;0;0;216;15;0;0;9064;615;17;4;5174;921;71;49;14238;1536;88;53
2022.08_13-10-2022;Ставропольский край;165_195_days;SputnikV;90;3;0;0;63;5;1;1;153;8;1;1;9064;615;17;4;5174;921;71;49;14238;1536;88;53
2022.08_13-10-2022;Ставропольский край;21_45_days;AllVaccines;50;1;0;0;26;4;1;1;76;5;1;1;9064;615;17;4;5174;921;71;49;14238;1536;88;53
2022.08_13-10-2022;Ставропольский край;21_45_days;CoviVac;1;0;0;0;0;0;0;0;1;0;0;0;9064;615;17;4;5174;921;71;49;14238;1536;88;53
2022.08_13-10-2022;Ставропольский край;21_45_days;EpiVacCorona;1;0;0;0;1;0;0;0;2;0;0;0;9064;615;17;4;5174;921;71;49;14238;1536;88;53
2022.08_13-10-2022;Ставропольский край;21_45_days;SputnikLite;4;0;0;0;1;1;0;0;5;1;0;0;9064;615;17;4;5174;921;71;49;14238;1536;88;53
2022.08_13-10-2022;Ставропольский край;21_45_days;SputnikV;44;1;0;0;24;3;1;1;68;4;1;1;9064;615;17;4;5174;921;71;49;14238;1536;88;53
2022.08_13-10-2022;Ставропольский край;45_75_days;AllVaccines;73;2;0;0;41;3;0;1;114;5;0;1;9064;615;17;4;5174;921;71;49;14238;1536;88;53
2022.08_13-10-2022;Ставропольский край;45_75_days;CoviVac;13;0;0;0;1;0;0;0;14;0;0;0;9064;615;17;4;5174;921;71;49;14238;1536;88;53
2022.08_13-10-2022;Ставропольский край;45_75_days;EpiVacCorona;4;1;0;0;0;0;0;0;4;1;0;0;9064;615;17;4;5174;921;71;49;14238;1536;88;53
2022.08_13-10-2022;Ставропольский край;45_75_days;SputnikLite;6;1;0;0;5;0;0;0;11;1;0;0;9064;615;17;4;5174;921;71;49;14238;1536;88;53
2022.08_13-10-2022;Ставропольский край;45_75_days;SputnikV;50;0;0;0;35;3;0;1;85;3;0;1;9064;615;17;4;5174;921;71;49;14238;1536;88;53
2022.08_13-10-2022;Ставропольский край;75_90_days;AllVaccines;25;1;0;0;22;1;0;0;47;2;0;0;9064;615;17;4;5174;921;71;49;14238;1536;88;53
2022.08_13-10-2022;Ставропольский край;75_90_days;CoviVac;3;0;0;0;1;0;0;0;4;0;0;0;9064;615;17;4;5174;921;71;49;14238;1536;88;53
2022.08_13-10-2022;Ставропольский край;75_90_days;EpiVacCorona;1;0;0;0;1;0;0;0;2;0;0;0;9064;615;17;4;5174;921;71;49;14238;1536;88;53
2022.08_13-10-2022;Ставропольский край;75_90_days;SputnikLite;8;1;0;0;5;0;0;0;13;1;0;0;9064;615;17;4;5174;921;71;49;14238;1536;88;53
2022.08_13-10-2022;Ставропольский край;75_90_days;SputnikV;13;0;0;0;15;1;0;0;28;1;0;0;9064;615;17;4;5174;921;71;49;14238;1536;88;53
2022.08_13-10-2022;Ставропольский край;90_105_days;AllVaccines;29;2;0;0;28;9;1;1;57;11;1;1;9064;615;17;4;5174;921;71;49;14238;1536;88;53
2022.08_13-10-2022;Ставропольский край;90_105_days;EpiVacCorona;2;0;0;0;2;2;1;1;4;2;1;1;9064;615;17;4;5174;921;71;49;14238;1536;88;53
2022.08_13-10-2022;Ставропольский край;90_105_days;SputnikLite;5;1;0;0;4;0;0;0;9;1;0;0;9064;615;17;4;5174;921;71;49;14238;1536;88;53
2022.08_13-10-2022;Ставропольский край;90_105_days;SputnikV;22;1;0;0;22;7;0;0;44;8;0;0;9064;615;17;4;5174;921;71;49;14238;1536;88;53
2022.08_13-10-2022;Тамбовская область;105_165_days;AllVaccines;136;3;0;0;100;7;0;0;236;10;0;0;3388;125;3;4;2043;263;13;21;5431;388;16;25
2022.08_13-10-2022;Тамбовская область;105_165_days;CoviVac;10;0;0;0;1;0;0;0;11;0;0;0;3388;125;3;4;2043;263;13;21;5431;388;16;25
2022.08_13-10-2022;Тамбовская область;105_165_days;EpiVacCorona;11;0;0;0;6;0;0;0;17;0;0;0;3388;125;3;4;2043;263;13;21;5431;388;16;25
2022.08_13-10-2022;Тамбовская область;105_165_days;SputnikLite;3;0;0;0;2;0;0;0;5;0;0;0;3388;125;3;4;2043;263;13;21;5431;388;16;25
2022.08_13-10-2022;Тамбовская область;105_165_days;SputnikV;112;3;0;0;91;7;0;0;203;10;0;0;3388;125;3;4;2043;263;13;21;5431;388;16;25
2022.08_13-10-2022;Тамбовская область;165_195_days;AllVaccines;147;0;0;0;81;5;0;0;228;5;0;0;3388;125;3;4;2043;263;13;21;5431;388;16;25
2022.08_13-10-2022;Тамбовская область;165_195_days;CoviVac;7;0;0;0;2;0;0;0;9;0;0;0;3388;125;3;4;2043;263;13;21;5431;388;16;25
2022.08_13-10-2022;Тамбовская область;165_195_days;EpiVacCorona;21;0;0;0;5;0;0;0;26;0;0;0;3388;125;3;4;2043;263;13;21;5431;388;16;25
2022.08_13-10-2022;Тамбовская область;165_195_days;SputnikLite;58;0;0;0;25;1;0;0;83;1;0;0;3388;125;3;4;2043;263;13;21;5431;388;16;25
2022.08_13-10-2022;Тамбовская область;165_195_days;SputnikV;61;0;0;0;49;4;0;0;110;4;0;0;3388;125;3;4;2043;263;13;21;5431;388;16;25
2022.08_13-10-2022;Тамбовская область;21_45_days;AllVaccines;43;0;0;0;31;1;1;1;74;1;1;1;3388;125;3;4;2043;263;13;21;5431;388;16;25
2022.08_13-10-2022;Тамбовская область;21_45_days;EpiVacCorona;6;0;0;0;8;1;1;1;14;1;1;1;3388;125;3;4;2043;263;13;21;5431;388;16;25
2022.08_13-10-2022;Тамбовская область;21_45_days;SputnikLite;2;0;0;0;0;0;0;0;2;0;0;0;3388;125;3;4;2043;263;13;21;5431;388;16;25
2022.08_13-10-2022;Тамбовская область;21_45_days;SputnikV;35;0;0;0;23;0;0;0;58;0;0;0;3388;125;3;4;2043;263;13;21;5431;388;16;25
2022.08_13-10-2022;Тамбовская область;45_75_days;AllVaccines;59;1;0;0;69;9;1;2;128;10;1;2;3388;125;3;4;2043;263;13;21;5431;388;16;25
2022.08_13-10-2022;Тамбовская область;45_75_days;CoviVac;2;0;0;0;0;0;0;0;2;0;0;0;3388;125;3;4;2043;263;13;21;5431;388;16;25
2022.08_13-10-2022;Тамбовская область;45_75_days;EpiVacCorona;14;0;0;0;17;1;1;1;31;1;1;1;3388;125;3;4;2043;263;13;21;5431;388;16;25
2022.08_13-10-2022;Тамбовская область;45_75_days;SputnikLite;1;0;0;0;1;0;0;0;2;0;0;0;3388;125;3;4;2043;263;13;21;5431;388;16;25
2022.08_13-10-2022;Тамбовская область;45_75_days;SputnikV;42;1;0;0;51;8;0;1;93;9;0;1;3388;125;3;4;2043;263;13;21;5431;388;16;25
2022.08_13-10-2022;Тамбовская область;75_90_days;AllVaccines;65;2;0;0;61;8;0;0;126;10;0;0;3388;125;3;4;2043;263;13;21;5431;388;16;25
2022.08_13-10-2022;Тамбовская область;75_90_days;CoviVac;4;0;0;0;3;0;0;0;7;0;0;0;3388;125;3;4;2043;263;13;21;5431;388;16;25
2022.08_13-10-2022;Тамбовская область;75_90_days;EpiVacCorona;2;0;0;0;4;0;0;0;6;0;0;0;3388;125;3;4;2043;263;13;21;5431;388;16;25
2022.08_13-10-2022;Тамбовская область;75_90_days;SputnikV;59;2;0;0;54;8;0;0;113;10;0;0;3388;125;3;4;2043;263;13;21;5431;388;16;25
2022.08_13-10-2022;Тамбовская область;90_105_days;AllVaccines;20;1;0;0;27;3;1;1;47;4;1;1;3388;125;3;4;2043;263;13;21;5431;388;16;25
2022.08_13-10-2022;Тамбовская область;90_105_days;CoviVac;0;0;0;0;2;1;0;0;2;1;0;0;3388;125;3;4;2043;263;13;21;5431;388;16;25
2022.08_13-10-2022;Тамбовская область;90_105_days;EpiVacCorona;5;1;0;0;6;0;0;0;11;1;0;0;3388;125;3;4;2043;263;13;21;5431;388;16;25
2022.08_13-10-2022;Тамбовская область;90_105_days;SputnikLite;1;0;0;0;0;0;0;0;1;0;0;0;3388;125;3;4;2043;263;13;21;5431;388;16;25
2022.08_13-10-2022;Тамбовская область;90_105_days;SputnikV;14;0;0;0;19;2;1;1;33;2;1;1;3388;125;3;4;2043;263;13;21;5431;388;16;25
2022.08_13-10-2022;Тверская область;105_165_days;AllVaccines;119;1;0;0;100;3;0;1;219;4;0;1;6090;150;5;5;3058;229;17;33;9148;379;22;38
2022.08_13-10-2022;Тверская область;105_165_days;CoviVac;6;0;0;0;2;0;0;0;8;0;0;0;6090;150;5;5;3058;229;17;33;9148;379;22;38
2022.08_13-10-2022;Тверская область;105_165_days;EpiVacCorona;3;1;0;0;2;0;0;0;5;1;0;0;6090;150;5;5;3058;229;17;33;9148;379;22;38
2022.08_13-10-2022;Тверская область;105_165_days;SputnikLite;60;0;0;0;41;0;0;0;101;0;0;0;6090;150;5;5;3058;229;17;33;9148;379;22;38
2022.08_13-10-2022;Тверская область;105_165_days;SputnikV;50;0;0;0;55;3;0;1;105;3;0;1;6090;150;5;5;3058;229;17;33;9148;379;22;38
2022.08_13-10-2022;Тверская область;165_195_days;AllVaccines;221;2;0;0;109;5;0;0;330;7;0;0;6090;150;5;5;3058;229;17;33;9148;379;22;38
2022.08_13-10-2022;Тверская область;165_195_days;CoviVac;7;0;0;0;2;0;0;0;9;0;0;0;6090;150;5;5;3058;229;17;33;9148;379;22;38
2022.08_13-10-2022;Тверская область;165_195_days;EpiVacCorona;10;0;0;0;5;0;0;0;15;0;0;0;6090;150;5;5;3058;229;17;33;9148;379;22;38
2022.08_13-10-2022;Тверская область;165_195_days;SputnikLite;134;1;0;0;64;2;0;0;198;3;0;0;6090;150;5;5;3058;229;17;33;9148;379;22;38
2022.08_13-10-2022;Тверская область;165_195_days;SputnikV;70;1;0;0;38;3;0;0;108;4;0;0;6090;150;5;5;3058;229;17;33;9148;379;22;38
2022.08_13-10-2022;Тверская область;21_45_days;AllVaccines;15;0;0;0;13;0;0;0;28;0;0;0;6090;150;5;5;3058;229;17;33;9148;379;22;38
2022.08_13-10-2022;Тверская область;21_45_days;EpiVacCorona;0;0;0;0;2;0;0;0;2;0;0;0;6090;150;5;5;3058;229;17;33;9148;379;22;38
2022.08_13-10-2022;Тверская область;21_45_days;SputnikLite;3;0;0;0;0;0;0;0;3;0;0;0;6090;150;5;5;3058;229;17;33;9148;379;22;38
2022.08_13-10-2022;Тверская область;21_45_days;SputnikV;12;0;0;0;11;0;0;0;23;0;0;0;6090;150;5;5;3058;229;17;33;9148;379;22;38
2022.08_13-10-2022;Тверская область;45_75_days;AllVaccines;25;0;0;0;25;1;0;0;50;1;0;0;6090;150;5;5;3058;229;17;33;9148;379;22;38
2022.08_13-10-2022;Тверская область;45_75_days;EpiVacCorona;1;0;0;0;1;0;0;0;2;0;0;0;6090;150;5;5;3058;229;17;33;9148;379;22;38
2022.08_13-10-2022;Тверская область;45_75_days;SputnikLite;7;0;0;0;3;0;0;0;10;0;0;0;6090;150;5;5;3058;229;17;33;9148;379;22;38
2022.08_13-10-2022;Тверская область;45_75_days;SputnikV;17;0;0;0;21;1;0;0;38;1;0;0;6090;150;5;5;3058;229;17;33;9148;379;22;38
2022.08_13-10-2022;Тверская область;75_90_days;AllVaccines;12;1;0;1;17;0;0;0;29;1;0;1;6090;150;5;5;3058;229;17;33;9148;379;22;38
2022.08_13-10-2022;Тверская область;75_90_days;CoviVac;1;0;0;0;0;0;0;0;1;0;0;0;6090;150;5;5;3058;229;17;33;9148;379;22;38
2022.08_13-10-2022;Тверская область;75_90_days;EpiVacCorona;0;0;0;0;2;0;0;0;2;0;0;0;6090;150;5;5;3058;229;17;33;9148;379;22;38
2022.08_13-10-2022;Тверская область;75_90_days;SputnikLite;3;0;0;0;8;0;0;0;11;0;0;0;6090;150;5;5;3058;229;17;33;9148;379;22;38
2022.08_13-10-2022;Тверская область;75_90_days;SputnikV;8;1;0;1;7;0;0;0;15;1;0;1;6090;150;5;5;3058;229;17;33;9148;379;22;38
2022.08_13-10-2022;Тверская область;90_105_days;AllVaccines;10;1;0;0;23;0;0;0;33;1;0;0;6090;150;5;5;3058;229;17;33;9148;379;22;38
2022.08_13-10-2022;Тверская область;90_105_days;EpiVacCorona;0;0;0;0;1;0;0;0;1;0;0;0;6090;150;5;5;3058;229;17;33;9148;379;22;38
2022.08_13-10-2022;Тверская область;90_105_days;SputnikLite;3;0;0;0;3;0;0;0;6;0;0;0;6090;150;5;5;3058;229;17;33;9148;379;22;38
2022.08_13-10-2022;Тверская область;90_105_days;SputnikV;7;1;0;0;19;0;0;0;26;1;0;0;6090;150;5;5;3058;229;17;33;9148;379;22;38
2022.08_13-10-2022;Томская область;105_165_days;AllVaccines;134;8;0;0;98;11;1;1;232;19;1;1;6321;358;25;8;3012;595;87;41;9333;953;112;49
2022.08_13-10-2022;Томская область;105_165_days;CoviVac;6;1;0;0;0;0;0;0;6;1;0;0;6321;358;25;8;3012;595;87;41;9333;953;112;49
2022.08_13-10-2022;Томская область;105_165_days;EpiVacCorona;7;0;0;0;5;2;0;0;12;2;0;0;6321;358;25;8;3012;595;87;41;9333;953;112;49
2022.08_13-10-2022;Томская область;105_165_days;SputnikLite;54;2;0;0;30;3;0;0;84;5;0;0;6321;358;25;8;3012;595;87;41;9333;953;112;49
2022.08_13-10-2022;Томская область;105_165_days;SputnikV;67;5;0;0;63;6;1;1;130;11;1;1;6321;358;25;8;3012;595;87;41;9333;953;112;49
2022.08_13-10-2022;Томская область;165_195_days;AllVaccines;271;5;1;1;157;18;0;0;428;23;1;1;6321;358;25;8;3012;595;87;41;9333;953;112;49
2022.08_13-10-2022;Томская область;165_195_days;CoviVac;6;0;0;0;1;0;0;0;7;0;0;0;6321;358;25;8;3012;595;87;41;9333;953;112;49
2022.08_13-10-2022;Томская область;165_195_days;EpiVacCorona;13;0;0;0;5;1;0;0;18;1;0;0;6321;358;25;8;3012;595;87;41;9333;953;112;49
2022.08_13-10-2022;Томская область;165_195_days;SputnikLite;155;2;1;1;74;6;0;0;229;8;1;1;6321;358;25;8;3012;595;87;41;9333;953;112;49
2022.08_13-10-2022;Томская область;165_195_days;SputnikV;97;3;0;0;77;11;0;0;174;14;0;0;6321;358;25;8;3012;595;87;41;9333;953;112;49
2022.08_13-10-2022;Томская область;21_45_days;AllVaccines;15;2;0;0;10;3;0;0;25;5;0;0;6321;358;25;8;3012;595;87;41;9333;953;112;49
2022.08_13-10-2022;Томская область;21_45_days;EpiVacCorona;1;1;0;0;0;0;0;0;1;1;0;0;6321;358;25;8;3012;595;87;41;9333;953;112;49
2022.08_13-10-2022;Томская область;21_45_days;SputnikLite;2;0;0;0;3;0;0;0;5;0;0;0;6321;358;25;8;3012;595;87;41;9333;953;112;49
2022.08_13-10-2022;Томская область;21_45_days;SputnikV;12;1;0;0;7;3;0;0;19;4;0;0;6321;358;25;8;3012;595;87;41;9333;953;112;49
2022.08_13-10-2022;Томская область;45_75_days;AllVaccines;28;4;0;0;28;4;0;0;56;8;0;0;6321;358;25;8;3012;595;87;41;9333;953;112;49
2022.08_13-10-2022;Томская область;45_75_days;EpiVacCorona;1;0;0;0;1;0;0;0;2;0;0;0;6321;358;25;8;3012;595;87;41;9333;953;112;49
2022.08_13-10-2022;Томская область;45_75_days;SputnikLite;15;1;0;0;7;0;0;0;22;1;0;0;6321;358;25;8;3012;595;87;41;9333;953;112;49
2022.08_13-10-2022;Томская область;45_75_days;SputnikV;12;3;0;0;20;4;0;0;32;7;0;0;6321;358;25;8;3012;595;87;41;9333;953;112;49
2022.08_13-10-2022;Томская область;75_90_days;AllVaccines;15;0;0;0;18;3;0;0;33;3;0;0;6321;358;25;8;3012;595;87;41;9333;953;112;49
2022.08_13-10-2022;Томская область;75_90_days;CoviVac;1;0;0;0;0;0;0;0;1;0;0;0;6321;358;25;8;3012;595;87;41;9333;953;112;49
2022.08_13-10-2022;Томская область;75_90_days;EpiVacCorona;0;0;0;0;1;0;0;0;1;0;0;0;6321;358;25;8;3012;595;87;41;9333;953;112;49
2022.08_13-10-2022;Томская область;75_90_days;SputnikLite;8;0;0;0;4;0;0;0;12;0;0;0;6321;358;25;8;3012;595;87;41;9333;953;112;49
2022.08_13-10-2022;Томская область;75_90_days;SputnikV;6;0;0;0;13;3;0;0;19;3;0;0;6321;358;25;8;3012;595;87;41;9333;953;112;49
2022.08_13-10-2022;Томская область;90_105_days;AllVaccines;14;1;0;0;15;3;0;0;29;4;0;0;6321;358;25;8;3012;595;87;41;9333;953;112;49
2022.08_13-10-2022;Томская область;90_105_days;EpiVacCorona;1;0;0;0;1;1;0;0;2;1;0;0;6321;358;25;8;3012;595;87;41;9333;953;112;49
2022.08_13-10-2022;Томская область;90_105_days;SputnikLite;3;0;0;0;9;2;0;0;12;2;0;0;6321;358;25;8;3012;595;87;41;9333;953;112;49
2022.08_13-10-2022;Томская область;90_105_days;SputnikV;10;1;0;0;5;0;0;0;15;1;0;0;6321;358;25;8;3012;595;87;41;9333;953;112;49
2022.08_13-10-2022;Тульская область;105_165_days;AllVaccines;227;2;0;0;131;4;1;0;358;6;1;0;8422;182;26;6;4484;406;85;65;12906;588;111;71
2022.08_13-10-2022;Тульская область;105_165_days;CoviVac;1;0;0;0;2;0;0;0;3;0;0;0;8422;182;26;6;4484;406;85;65;12906;588;111;71
2022.08_13-10-2022;Тульская область;105_165_days;EpiVacCorona;17;0;0;0;18;1;0;0;35;1;0;0;8422;182;26;6;4484;406;85;65;12906;588;111;71
2022.08_13-10-2022;Тульская область;105_165_days;SputnikLite;12;0;0;0;9;1;1;0;21;1;1;0;8422;182;26;6;4484;406;85;65;12906;588;111;71
2022.08_13-10-2022;Тульская область;105_165_days;SputnikV;197;2;0;0;102;2;0;0;299;4;0;0;8422;182;26;6;4484;406;85;65;12906;588;111;71
2022.08_13-10-2022;Тульская область;165_195_days;AllVaccines;331;5;0;0;196;13;3;3;527;18;3;3;8422;182;26;6;4484;406;85;65;12906;588;111;71
2022.08_13-10-2022;Тульская область;165_195_days;CoviVac;12;0;0;0;3;1;0;0;15;1;0;0;8422;182;26;6;4484;406;85;65;12906;588;111;71
2022.08_13-10-2022;Тульская область;165_195_days;EpiVacCorona;17;1;0;0;18;4;1;1;35;5;1;1;8422;182;26;6;4484;406;85;65;12906;588;111;71
2022.08_13-10-2022;Тульская область;165_195_days;SputnikLite;150;2;0;0;61;3;1;1;211;5;1;1;8422;182;26;6;4484;406;85;65;12906;588;111;71
2022.08_13-10-2022;Тульская область;165_195_days;SputnikV;152;2;0;0;114;5;1;1;266;7;1;1;8422;182;26;6;4484;406;85;65;12906;588;111;71
2022.08_13-10-2022;Тульская область;21_45_days;AllVaccines;32;0;0;0;16;0;0;0;48;0;0;0;8422;182;26;6;4484;406;85;65;12906;588;111;71
2022.08_13-10-2022;Тульская область;21_45_days;EpiVacCorona;3;0;0;0;3;0;0;0;6;0;0;0;8422;182;26;6;4484;406;85;65;12906;588;111;71
2022.08_13-10-2022;Тульская область;21_45_days;SputnikV;29;0;0;0;13;0;0;0;42;0;0;0;8422;182;26;6;4484;406;85;65;12906;588;111;71
2022.08_13-10-2022;Тульская область;45_75_days;AllVaccines;35;0;0;0;57;4;0;0;92;4;0;0;8422;182;26;6;4484;406;85;65;12906;588;111;71
2022.08_13-10-2022;Тульская область;45_75_days;CoviVac;2;0;0;0;5;0;0;0;7;0;0;0;8422;182;26;6;4484;406;85;65;12906;588;111;71
2022.08_13-10-2022;Тульская область;45_75_days;EpiVacCorona;6;0;0;0;2;0;0;0;8;0;0;0;8422;182;26;6;4484;406;85;65;12906;588;111;71
2022.08_13-10-2022;Тульская область;45_75_days;SputnikV;27;0;0;0;50;4;0;0;77;4;0;0;8422;182;26;6;4484;406;85;65;12906;588;111;71
2022.08_13-10-2022;Тульская область;75_90_days;AllVaccines;28;0;0;0;23;1;0;0;51;1;0;0;8422;182;26;6;4484;406;85;65;12906;588;111;71
2022.08_13-10-2022;Тульская область;75_90_days;CoviVac;2;0;0;0;0;0;0;0;2;0;0;0;8422;182;26;6;4484;406;85;65;12906;588;111;71
2022.08_13-10-2022;Тульская область;75_90_days;EpiVacCorona;5;0;0;0;1;0;0;0;6;0;0;0;8422;182;26;6;4484;406;85;65;12906;588;111;71
2022.08_13-10-2022;Тульская область;75_90_days;SputnikV;21;0;0;0;22;1;0;0;43;1;0;0;8422;182;26;6;4484;406;85;65;12906;588;111;71
2022.08_13-10-2022;Тульская область;90_105_days;AllVaccines;18;0;0;0;20;3;1;1;38;3;1;1;8422;182;26;6;4484;406;85;65;12906;588;111;71
2022.08_13-10-2022;Тульская область;90_105_days;CoviVac;1;0;0;0;0;0;0;0;1;0;0;0;8422;182;26;6;4484;406;85;65;12906;588;111;71
2022.08_13-10-2022;Тульская область;90_105_days;EpiVacCorona;1;0;0;0;3;1;0;0;4;1;0;0;8422;182;26;6;4484;406;85;65;12906;588;111;71
2022.08_13-10-2022;Тульская область;90_105_days;SputnikV;16;0;0;0;17;2;1;1;33;2;1;1;8422;182;26;6;4484;406;85;65;12906;588;111;71
2022.08_13-10-2022;Тюменская область;105_165_days;AllVaccines;220;1;0;0;135;9;2;0;355;10;2;0;12078;251;14;4;5603;417;54;31;17681;668;68;35
2022.08_13-10-2022;Тюменская область;105_165_days;CoviVac;9;0;0;0;0;0;0;0;9;0;0;0;12078;251;14;4;5603;417;54;31;17681;668;68;35
2022.08_13-10-2022;Тюменская область;105_165_days;EpiVacCorona;9;0;0;0;2;1;0;0;11;1;0;0;12078;251;14;4;5603;417;54;31;17681;668;68;35
2022.08_13-10-2022;Тюменская область;105_165_days;SputnikLite;46;0;0;0;21;3;1;0;67;3;1;0;12078;251;14;4;5603;417;54;31;17681;668;68;35
2022.08_13-10-2022;Тюменская область;105_165_days;SputnikV;156;1;0;0;112;5;1;0;268;6;1;0;12078;251;14;4;5603;417;54;31;17681;668;68;35
2022.08_13-10-2022;Тюменская область;165_195_days;AllVaccines;453;4;1;0;232;13;1;2;685;17;2;2;12078;251;14;4;5603;417;54;31;17681;668;68;35
2022.08_13-10-2022;Тюменская область;165_195_days;CoviVac;3;0;0;0;1;0;0;0;4;0;0;0;12078;251;14;4;5603;417;54;31;17681;668;68;35
2022.08_13-10-2022;Тюменская область;165_195_days;EpiVacCorona;1;0;0;0;7;0;0;0;8;0;0;0;12078;251;14;4;5603;417;54;31;17681;668;68;35
2022.08_13-10-2022;Тюменская область;165_195_days;SputnikLite;252;2;1;0;116;6;1;0;368;8;2;0;12078;251;14;4;5603;417;54;31;17681;668;68;35
2022.08_13-10-2022;Тюменская область;165_195_days;SputnikV;197;2;0;0;108;7;0;2;305;9;0;2;12078;251;14;4;5603;417;54;31;17681;668;68;35
2022.08_13-10-2022;Тюменская область;21_45_days;AllVaccines;25;0;0;0;23;0;0;0;48;0;0;0;12078;251;14;4;5603;417;54;31;17681;668;68;35
2022.08_13-10-2022;Тюменская область;21_45_days;CoviVac;1;0;0;0;0;0;0;0;1;0;0;0;12078;251;14;4;5603;417;54;31;17681;668;68;35
2022.08_13-10-2022;Тюменская область;21_45_days;EpiVacCorona;3;0;0;0;0;0;0;0;3;0;0;0;12078;251;14;4;5603;417;54;31;17681;668;68;35
2022.08_13-10-2022;Тюменская область;21_45_days;SputnikLite;0;0;0;0;3;0;0;0;3;0;0;0;12078;251;14;4;5603;417;54;31;17681;668;68;35
2022.08_13-10-2022;Тюменская область;21_45_days;SputnikV;21;0;0;0;20;0;0;0;41;0;0;0;12078;251;14;4;5603;417;54;31;17681;668;68;35
2022.08_13-10-2022;Тюменская область;45_75_days;AllVaccines;57;1;0;0;68;2;0;0;125;3;0;0;12078;251;14;4;5603;417;54;31;17681;668;68;35
2022.08_13-10-2022;Тюменская область;45_75_days;CoviVac;2;0;0;0;0;0;0;0;2;0;0;0;12078;251;14;4;5603;417;54;31;17681;668;68;35
2022.08_13-10-2022;Тюменская область;45_75_days;EpiVacCorona;0;0;0;0;3;0;0;0;3;0;0;0;12078;251;14;4;5603;417;54;31;17681;668;68;35
2022.08_13-10-2022;Тюменская область;45_75_days;SputnikLite;2;0;0;0;1;0;0;0;3;0;0;0;12078;251;14;4;5603;417;54;31;17681;668;68;35
2022.08_13-10-2022;Тюменская область;45_75_days;SputnikV;53;1;0;0;64;2;0;0;117;3;0;0;12078;251;14;4;5603;417;54;31;17681;668;68;35
2022.08_13-10-2022;Тюменская область;75_90_days;AllVaccines;19;0;0;0;18;0;0;0;37;0;0;0;12078;251;14;4;5603;417;54;31;17681;668;68;35
2022.08_13-10-2022;Тюменская область;75_90_days;CoviVac;1;0;0;0;0;0;0;0;1;0;0;0;12078;251;14;4;5603;417;54;31;17681;668;68;35
2022.08_13-10-2022;Тюменская область;75_90_days;EpiVacCorona;1;0;0;0;1;0;0;0;2;0;0;0;12078;251;14;4;5603;417;54;31;17681;668;68;35
2022.08_13-10-2022;Тюменская область;75_90_days;SputnikLite;4;0;0;0;1;0;0;0;5;0;0;0;12078;251;14;4;5603;417;54;31;17681;668;68;35
2022.08_13-10-2022;Тюменская область;75_90_days;SputnikV;13;0;0;0;16;0;0;0;29;0;0;0;12078;251;14;4;5603;417;54;31;17681;668;68;35
2022.08_13-10-2022;Тюменская область;90_105_days;AllVaccines;22;0;0;0;26;1;0;0;48;1;0;0;12078;251;14;4;5603;417;54;31;17681;668;68;35
2022.08_13-10-2022;Тюменская область;90_105_days;SputnikV;22;0;0;0;26;1;0;0;48;1;0;0;12078;251;14;4;5603;417;54;31;17681;668;68;35
2022.08_13-10-2022;Удмуртская Республика;105_165_days;AllVaccines;162;4;0;0;82;10;1;0;244;14;1;0;7965;375;16;7;3674;426;51;23;11639;801;67;30
2022.08_13-10-2022;Удмуртская Республика;105_165_days;CoviVac;21;0;0;0;1;0;0;0;22;0;0;0;7965;375;16;7;3674;426;51;23;11639;801;67;30
2022.08_13-10-2022;Удмуртская Республика;105_165_days;EpiVacCorona;12;1;0;0;11;3;1;0;23;4;1;0;7965;375;16;7;3674;426;51;23;11639;801;67;30
2022.08_13-10-2022;Удмуртская Республика;105_165_days;SputnikLite;25;1;0;0;15;3;0;0;40;4;0;0;7965;375;16;7;3674;426;51;23;11639;801;67;30
2022.08_13-10-2022;Удмуртская Республика;105_165_days;SputnikV;104;2;0;0;55;4;0;0;159;6;0;0;7965;375;16;7;3674;426;51;23;11639;801;67;30
2022.08_13-10-2022;Удмуртская Республика;165_195_days;AllVaccines;188;4;1;1;158;14;3;1;346;18;4;2;7965;375;16;7;3674;426;51;23;11639;801;67;30
2022.08_13-10-2022;Удмуртская Республика;165_195_days;CoviVac;3;0;0;0;0;0;0;0;3;0;0;0;7965;375;16;7;3674;426;51;23;11639;801;67;30
2022.08_13-10-2022;Удмуртская Республика;165_195_days;EpiVacCorona;8;0;0;0;6;0;0;0;14;0;0;0;7965;375;16;7;3674;426;51;23;11639;801;67;30
2022.08_13-10-2022;Удмуртская Республика;165_195_days;SputnikLite;82;2;0;0;73;8;2;1;155;10;2;1;7965;375;16;7;3674;426;51;23;11639;801;67;30
2022.08_13-10-2022;Удмуртская Республика;165_195_days;SputnikV;95;2;1;1;79;6;1;0;174;8;2;1;7965;375;16;7;3674;426;51;23;11639;801;67;30
2022.08_13-10-2022;Удмуртская Республика;21_45_days;AllVaccines;20;0;0;0;19;0;0;0;39;0;0;0;7965;375;16;7;3674;426;51;23;11639;801;67;30
2022.08_13-10-2022;Удмуртская Республика;21_45_days;EpiVacCorona;2;0;0;0;0;0;0;0;2;0;0;0;7965;375;16;7;3674;426;51;23;11639;801;67;30
2022.08_13-10-2022;Удмуртская Республика;21_45_days;SputnikV;18;0;0;0;19;0;0;0;37;0;0;0;7965;375;16;7;3674;426;51;23;11639;801;67;30
2022.08_13-10-2022;Удмуртская Республика;45_75_days;AllVaccines;40;2;0;0;40;2;0;0;80;4;0;0;7965;375;16;7;3674;426;51;23;11639;801;67;30
2022.08_13-10-2022;Удмуртская Республика;45_75_days;CoviVac;4;0;0;0;1;0;0;0;5;0;0;0;7965;375;16;7;3674;426;51;23;11639;801;67;30
2022.08_13-10-2022;Удмуртская Республика;45_75_days;EpiVacCorona;4;0;0;0;4;0;0;0;8;0;0;0;7965;375;16;7;3674;426;51;23;11639;801;67;30
2022.08_13-10-2022;Удмуртская Республика;45_75_days;SputnikV;32;2;0;0;35;2;0;0;67;4;0;0;7965;375;16;7;3674;426;51;23;11639;801;67;30
2022.08_13-10-2022;Удмуртская Республика;75_90_days;AllVaccines;20;1;0;0;13;2;0;0;33;3;0;0;7965;375;16;7;3674;426;51;23;11639;801;67;30
2022.08_13-10-2022;Удмуртская Республика;75_90_days;CoviVac;0;0;0;0;1;1;0;0;1;1;0;0;7965;375;16;7;3674;426;51;23;11639;801;67;30
2022.08_13-10-2022;Удмуртская Республика;75_90_days;EpiVacCorona;3;0;0;0;2;1;0;0;5;1;0;0;7965;375;16;7;3674;426;51;23;11639;801;67;30
2022.08_13-10-2022;Удмуртская Республика;75_90_days;SputnikLite;3;0;0;0;1;0;0;0;4;0;0;0;7965;375;16;7;3674;426;51;23;11639;801;67;30
2022.08_13-10-2022;Удмуртская Республика;75_90_days;SputnikV;14;1;0;0;9;0;0;0;23;1;0;0;7965;375;16;7;3674;426;51;23;11639;801;67;30
2022.08_13-10-2022;Удмуртская Республика;90_105_days;AllVaccines;19;0;0;0;14;0;0;0;33;0;0;0;7965;375;16;7;3674;426;51;23;11639;801;67;30
2022.08_13-10-2022;Удмуртская Республика;90_105_days;CoviVac;0;0;0;0;1;0;0;0;1;0;0;0;7965;375;16;7;3674;426;51;23;11639;801;67;30
2022.08_13-10-2022;Удмуртская Республика;90_105_days;EpiVacCorona;2;0;0;0;2;0;0;0;4;0;0;0;7965;375;16;7;3674;426;51;23;11639;801;67;30
2022.08_13-10-2022;Удмуртская Республика;90_105_days;SputnikLite;2;0;0;0;0;0;0;0;2;0;0;0;7965;375;16;7;3674;426;51;23;11639;801;67;30
2022.08_13-10-2022;Удмуртская Республика;90_105_days;SputnikV;15;0;0;0;11;0;0;0;26;0;0;0;7965;375;16;7;3674;426;51;23;11639;801;67;30
2022.08_13-10-2022;Ульяновская область;105_165_days;AllVaccines;79;2;0;0;45;2;0;0;124;4;0;0;3988;125;8;6;2548;246;38;33;6536;371;46;39
2022.08_13-10-2022;Ульяновская область;105_165_days;CoviVac;3;0;0;0;0;0;0;0;3;0;0;0;3988;125;8;6;2548;246;38;33;6536;371;46;39
2022.08_13-10-2022;Ульяновская область;105_165_days;EpiVacCorona;8;0;0;0;3;0;0;0;11;0;0;0;3988;125;8;6;2548;246;38;33;6536;371;46;39
2022.08_13-10-2022;Ульяновская область;105_165_days;SputnikLite;9;1;0;0;6;0;0;0;15;1;0;0;3988;125;8;6;2548;246;38;33;6536;371;46;39
2022.08_13-10-2022;Ульяновская область;105_165_days;SputnikV;59;1;0;0;36;2;0;0;95;3;0;0;3988;125;8;6;2548;246;38;33;6536;371;46;39
2022.08_13-10-2022;Ульяновская область;165_195_days;AllVaccines;100;3;0;0;80;5;1;0;180;8;1;0;3988;125;8;6;2548;246;38;33;6536;371;46;39
2022.08_13-10-2022;Ульяновская область;165_195_days;CoviVac;3;0;0;0;0;0;0;0;3;0;0;0;3988;125;8;6;2548;246;38;33;6536;371;46;39
2022.08_13-10-2022;Ульяновская область;165_195_days;EpiVacCorona;8;0;0;0;4;0;0;0;12;0;0;0;3988;125;8;6;2548;246;38;33;6536;371;46;39
2022.08_13-10-2022;Ульяновская область;165_195_days;SputnikLite;40;1;0;0;33;1;0;0;73;2;0;0;3988;125;8;6;2548;246;38;33;6536;371;46;39
2022.08_13-10-2022;Ульяновская область;165_195_days;SputnikV;49;2;0;0;43;4;1;0;92;6;1;0;3988;125;8;6;2548;246;38;33;6536;371;46;39
2022.08_13-10-2022;Ульяновская область;21_45_days;AllVaccines;14;0;0;0;9;0;0;0;23;0;0;0;3988;125;8;6;2548;246;38;33;6536;371;46;39
2022.08_13-10-2022;Ульяновская область;21_45_days;EpiVacCorona;0;0;0;0;1;0;0;0;1;0;0;0;3988;125;8;6;2548;246;38;33;6536;371;46;39
2022.08_13-10-2022;Ульяновская область;21_45_days;SputnikLite;1;0;0;0;0;0;0;0;1;0;0;0;3988;125;8;6;2548;246;38;33;6536;371;46;39
2022.08_13-10-2022;Ульяновская область;21_45_days;SputnikV;13;0;0;0;8;0;0;0;21;0;0;0;3988;125;8;6;2548;246;38;33;6536;371;46;39
2022.08_13-10-2022;Ульяновская область;45_75_days;AllVaccines;16;0;0;0;23;3;2;2;39;3;2;2;3988;125;8;6;2548;246;38;33;6536;371;46;39
2022.08_13-10-2022;Ульяновская область;45_75_days;CoviVac;1;0;0;0;1;0;0;0;2;0;0;0;3988;125;8;6;2548;246;38;33;6536;371;46;39
2022.08_13-10-2022;Ульяновская область;45_75_days;SputnikLite;0;0;0;0;2;0;0;0;2;0;0;0;3988;125;8;6;2548;246;38;33;6536;371;46;39
2022.08_13-10-2022;Ульяновская область;45_75_days;SputnikV;15;0;0;0;20;3;2;2;35;3;2;2;3988;125;8;6;2548;246;38;33;6536;371;46;39
2022.08_13-10-2022;Ульяновская область;75_90_days;AllVaccines;10;0;0;0;12;1;0;0;22;1;0;0;3988;125;8;6;2548;246;38;33;6536;371;46;39
2022.08_13-10-2022;Ульяновская область;75_90_days;EpiVacCorona;1;0;0;0;0;0;0;0;1;0;0;0;3988;125;8;6;2548;246;38;33;6536;371;46;39
2022.08_13-10-2022;Ульяновская область;75_90_days;SputnikV;9;0;0;0;12;1;0;0;21;1;0;0;3988;125;8;6;2548;246;38;33;6536;371;46;39
2022.08_13-10-2022;Ульяновская область;90_105_days;AllVaccines;14;0;0;0;8;0;0;0;22;0;0;0;3988;125;8;6;2548;246;38;33;6536;371;46;39
2022.08_13-10-2022;Ульяновская область;90_105_days;EpiVacCorona;2;0;0;0;2;0;0;0;4;0;0;0;3988;125;8;6;2548;246;38;33;6536;371;46;39
2022.08_13-10-2022;Ульяновская область;90_105_days;SputnikV;12;0;0;0;6;0;0;0;18;0;0;0;3988;125;8;6;2548;246;38;33;6536;371;46;39
2022.08_13-10-2022;Хабаровский край;105_165_days;AllVaccines;69;3;0;0;43;3;0;0;112;6;0;0;4648;128;9;4;2188;275;26;17;6836;403;35;21
2022.08_13-10-2022;Хабаровский край;105_165_days;CoviVac;4;0;0;0;0;0;0;0;4;0;0;0;4648;128;9;4;2188;275;26;17;6836;403;35;21
2022.08_13-10-2022;Хабаровский край;105_165_days;EpiVacCorona;6;0;0;0;2;0;0;0;8;0;0;0;4648;128;9;4;2188;275;26;17;6836;403;35;21
2022.08_13-10-2022;Хабаровский край;105_165_days;SputnikLite;19;1;0;0;6;0;0;0;25;1;0;0;4648;128;9;4;2188;275;26;17;6836;403;35;21
2022.08_13-10-2022;Хабаровский край;105_165_days;SputnikV;40;2;0;0;35;3;0;0;75;5;0;0;4648;128;9;4;2188;275;26;17;6836;403;35;21
2022.08_13-10-2022;Хабаровский край;165_195_days;AllVaccines;182;3;0;0;104;17;0;0;286;20;0;0;4648;128;9;4;2188;275;26;17;6836;403;35;21
2022.08_13-10-2022;Хабаровский край;165_195_days;CoviVac;5;1;0;0;2;0;0;0;7;1;0;0;4648;128;9;4;2188;275;26;17;6836;403;35;21
2022.08_13-10-2022;Хабаровский край;165_195_days;EpiVacCorona;11;0;0;0;6;2;0;0;17;2;0;0;4648;128;9;4;2188;275;26;17;6836;403;35;21
2022.08_13-10-2022;Хабаровский край;165_195_days;SputnikLite;92;2;0;0;29;4;0;0;121;6;0;0;4648;128;9;4;2188;275;26;17;6836;403;35;21
2022.08_13-10-2022;Хабаровский край;165_195_days;SputnikV;74;0;0;0;67;11;0;0;141;11;0;0;4648;128;9;4;2188;275;26;17;6836;403;35;21
2022.08_13-10-2022;Хабаровский край;21_45_days;AllVaccines;30;0;0;0;15;1;0;0;45;1;0;0;4648;128;9;4;2188;275;26;17;6836;403;35;21
2022.08_13-10-2022;Хабаровский край;21_45_days;EpiVacCorona;2;0;0;0;4;0;0;0;6;0;0;0;4648;128;9;4;2188;275;26;17;6836;403;35;21
2022.08_13-10-2022;Хабаровский край;21_45_days;SputnikV;28;0;0;0;11;1;0;0;39;1;0;0;4648;128;9;4;2188;275;26;17;6836;403;35;21
2022.08_13-10-2022;Хабаровский край;45_75_days;AllVaccines;38;2;0;0;33;5;0;0;71;7;0;0;4648;128;9;4;2188;275;26;17;6836;403;35;21
2022.08_13-10-2022;Хабаровский край;45_75_days;CoviVac;2;0;0;0;1;0;0;0;3;0;0;0;4648;128;9;4;2188;275;26;17;6836;403;35;21
2022.08_13-10-2022;Хабаровский край;45_75_days;EpiVacCorona;4;0;0;0;8;3;0;0;12;3;0;0;4648;128;9;4;2188;275;26;17;6836;403;35;21
2022.08_13-10-2022;Хабаровский край;45_75_days;SputnikLite;1;0;0;0;1;0;0;0;2;0;0;0;4648;128;9;4;2188;275;26;17;6836;403;35;21
2022.08_13-10-2022;Хабаровский край;45_75_days;SputnikV;31;2;0;0;23;2;0;0;54;4;0;0;4648;128;9;4;2188;275;26;17;6836;403;35;21
2022.08_13-10-2022;Хабаровский край;75_90_days;AllVaccines;10;0;0;0;10;1;0;0;20;1;0;0;4648;128;9;4;2188;275;26;17;6836;403;35;21
2022.08_13-10-2022;Хабаровский край;75_90_days;CoviVac;2;0;0;0;0;0;0;0;2;0;0;0;4648;128;9;4;2188;275;26;17;6836;403;35;21
2022.08_13-10-2022;Хабаровский край;75_90_days;EpiVacCorona;2;0;0;0;2;1;0;0;4;1;0;0;4648;128;9;4;2188;275;26;17;6836;403;35;21
2022.08_13-10-2022;Хабаровский край;75_90_days;SputnikLite;0;0;0;0;1;0;0;0;1;0;0;0;4648;128;9;4;2188;275;26;17;6836;403;35;21
2022.08_13-10-2022;Хабаровский край;75_90_days;SputnikV;6;0;0;0;7;0;0;0;13;0;0;0;4648;128;9;4;2188;275;26;17;6836;403;35;21
2022.08_13-10-2022;Хабаровский край;90_105_days;AllVaccines;9;0;0;0;11;1;0;0;20;1;0;0;4648;128;9;4;2188;275;26;17;6836;403;35;21
2022.08_13-10-2022;Хабаровский край;90_105_days;CoviVac;1;0;0;0;0;0;0;0;1;0;0;0;4648;128;9;4;2188;275;26;17;6836;403;35;21
2022.08_13-10-2022;Хабаровский край;90_105_days;EpiVacCorona;2;0;0;0;1;1;0;0;3;1;0;0;4648;128;9;4;2188;275;26;17;6836;403;35;21
2022.08_13-10-2022;Хабаровский край;90_105_days;SputnikLite;0;0;0;0;1;0;0;0;1;0;0;0;4648;128;9;4;2188;275;26;17;6836;403;35;21
2022.08_13-10-2022;Хабаровский край;90_105_days;SputnikV;6;0;0;0;9;0;0;0;15;0;0;0;4648;128;9;4;2188;275;26;17;6836;403;35;21
2022.08_13-10-2022;Ханты-Мансийский автономный округ - Югра;105_165_days;AllVaccines;218;3;0;0;77;13;1;1;295;16;1;1;8023;250;7;6;2541;284;17;5;10564;534;24;11
2022.08_13-10-2022;Ханты-Мансийский автономный округ - Югра;105_165_days;CoviVac;7;0;0;0;0;0;0;0;7;0;0;0;8023;250;7;6;2541;284;17;5;10564;534;24;11
2022.08_13-10-2022;Ханты-Мансийский автономный округ - Югра;105_165_days;EpiVacCorona;10;0;0;0;2;0;0;0;12;0;0;0;8023;250;7;6;2541;284;17;5;10564;534;24;11
2022.08_13-10-2022;Ханты-Мансийский автономный округ - Югра;105_165_days;SputnikLite;45;0;0;0;26;4;0;0;71;4;0;0;8023;250;7;6;2541;284;17;5;10564;534;24;11
2022.08_13-10-2022;Ханты-Мансийский автономный округ - Югра;105_165_days;SputnikV;156;3;0;0;49;9;1;1;205;12;1;1;8023;250;7;6;2541;284;17;5;10564;534;24;11
2022.08_13-10-2022;Ханты-Мансийский автономный округ - Югра;165_195_days;AllVaccines;391;3;0;0;104;4;0;0;495;7;0;0;8023;250;7;6;2541;284;17;5;10564;534;24;11
2022.08_13-10-2022;Ханты-Мансийский автономный округ - Югра;165_195_days;CoviVac;1;0;0;0;1;0;0;0;2;0;0;0;8023;250;7;6;2541;284;17;5;10564;534;24;11
2022.08_13-10-2022;Ханты-Мансийский автономный округ - Югра;165_195_days;EpiVacCorona;7;0;0;0;5;1;0;0;12;1;0;0;8023;250;7;6;2541;284;17;5;10564;534;24;11
2022.08_13-10-2022;Ханты-Мансийский автономный округ - Югра;165_195_days;SputnikLite;222;1;0;0;48;1;0;0;270;2;0;0;8023;250;7;6;2541;284;17;5;10564;534;24;11
2022.08_13-10-2022;Ханты-Мансийский автономный округ - Югра;165_195_days;SputnikV;161;2;0;0;50;2;0;0;211;4;0;0;8023;250;7;6;2541;284;17;5;10564;534;24;11
2022.08_13-10-2022;Ханты-Мансийский автономный округ - Югра;21_45_days;AllVaccines;40;1;0;0;5;0;0;0;45;1;0;0;8023;250;7;6;2541;284;17;5;10564;534;24;11
2022.08_13-10-2022;Ханты-Мансийский автономный округ - Югра;21_45_days;EpiVacCorona;1;0;0;0;0;0;0;0;1;0;0;0;8023;250;7;6;2541;284;17;5;10564;534;24;11
2022.08_13-10-2022;Ханты-Мансийский автономный округ - Югра;21_45_days;SputnikV;39;1;0;0;5;0;0;0;44;1;0;0;8023;250;7;6;2541;284;17;5;10564;534;24;11
2022.08_13-10-2022;Ханты-Мансийский автономный округ - Югра;45_75_days;AllVaccines;61;1;0;0;22;3;0;0;83;4;0;0;8023;250;7;6;2541;284;17;5;10564;534;24;11
2022.08_13-10-2022;Ханты-Мансийский автономный округ - Югра;45_75_days;CoviVac;1;0;0;0;0;0;0;0;1;0;0;0;8023;250;7;6;2541;284;17;5;10564;534;24;11
2022.08_13-10-2022;Ханты-Мансийский автономный округ - Югра;45_75_days;EpiVacCorona;1;0;0;0;1;1;0;0;2;1;0;0;8023;250;7;6;2541;284;17;5;10564;534;24;11
2022.08_13-10-2022;Ханты-Мансийский автономный округ - Югра;45_75_days;SputnikV;59;1;0;0;21;2;0;0;80;3;0;0;8023;250;7;6;2541;284;17;5;10564;534;24;11
2022.08_13-10-2022;Ханты-Мансийский автономный округ - Югра;75_90_days;AllVaccines;40;1;0;0;7;0;0;0;47;1;0;0;8023;250;7;6;2541;284;17;5;10564;534;24;11
2022.08_13-10-2022;Ханты-Мансийский автономный округ - Югра;75_90_days;SputnikLite;4;0;0;0;2;0;0;0;6;0;0;0;8023;250;7;6;2541;284;17;5;10564;534;24;11
2022.08_13-10-2022;Ханты-Мансийский автономный округ - Югра;75_90_days;SputnikV;36;1;0;0;5;0;0;0;41;1;0;0;8023;250;7;6;2541;284;17;5;10564;534;24;11
2022.08_13-10-2022;Ханты-Мансийский автономный округ - Югра;90_105_days;AllVaccines;24;0;0;0;6;1;0;0;30;1;0;0;8023;250;7;6;2541;284;17;5;10564;534;24;11
2022.08_13-10-2022;Ханты-Мансийский автономный округ - Югра;90_105_days;EpiVacCorona;2;0;0;0;0;0;0;0;2;0;0;0;8023;250;7;6;2541;284;17;5;10564;534;24;11
2022.08_13-10-2022;Ханты-Мансийский автономный округ - Югра;90_105_days;SputnikLite;1;0;0;0;0;0;0;0;1;0;0;0;8023;250;7;6;2541;284;17;5;10564;534;24;11
2022.08_13-10-2022;Ханты-Мансийский автономный округ - Югра;90_105_days;SputnikV;21;0;0;0;6;1;0;0;27;1;0;0;8023;250;7;6;2541;284;17;5;10564;534;24;11
2022.08_13-10-2022;Челябинская область;105_165_days;AllVaccines;237;6;1;0;163;18;0;0;400;24;1;0;9954;412;32;12;5131;908;85;68;15085;1320;117;80
2022.08_13-10-2022;Челябинская область;105_165_days;CoviVac;6;0;0;0;1;0;0;0;7;0;0;0;9954;412;32;12;5131;908;85;68;15085;1320;117;80
2022.08_13-10-2022;Челябинская область;105_165_days;EpiVacCorona;6;0;0;0;11;1;0;0;17;1;0;0;9954;412;32;12;5131;908;85;68;15085;1320;117;80
2022.08_13-10-2022;Челябинская область;105_165_days;SputnikLite;104;4;1;0;69;6;0;0;173;10;1;0;9954;412;32;12;5131;908;85;68;15085;1320;117;80
2022.08_13-10-2022;Челябинская область;105_165_days;SputnikV;121;2;0;0;82;11;0;0;203;13;0;0;9954;412;32;12;5131;908;85;68;15085;1320;117;80
2022.08_13-10-2022;Челябинская область;165_195_days;AllVaccines;313;6;0;0;199;28;1;1;512;34;1;1;9954;412;32;12;5131;908;85;68;15085;1320;117;80
2022.08_13-10-2022;Челябинская область;165_195_days;CoviVac;4;0;0;0;1;0;0;0;5;0;0;0;9954;412;32;12;5131;908;85;68;15085;1320;117;80
2022.08_13-10-2022;Челябинская область;165_195_days;EpiVacCorona;22;1;0;0;18;3;0;0;40;4;0;0;9954;412;32;12;5131;908;85;68;15085;1320;117;80
2022.08_13-10-2022;Челябинская область;165_195_days;SputnikLite;167;2;0;0;78;12;1;1;245;14;1;1;9954;412;32;12;5131;908;85;68;15085;1320;117;80
2022.08_13-10-2022;Челябинская область;165_195_days;SputnikV;120;3;0;0;102;13;0;0;222;16;0;0;9954;412;32;12;5131;908;85;68;15085;1320;117;80
2022.08_13-10-2022;Челябинская область;21_45_days;AllVaccines;37;4;0;0;18;2;0;0;55;6;0;0;9954;412;32;12;5131;908;85;68;15085;1320;117;80
2022.08_13-10-2022;Челябинская область;21_45_days;EpiVacCorona;1;0;0;0;4;0;0;0;5;0;0;0;9954;412;32;12;5131;908;85;68;15085;1320;117;80
2022.08_13-10-2022;Челябинская область;21_45_days;SputnikLite;10;1;0;0;0;0;0;0;10;1;0;0;9954;412;32;12;5131;908;85;68;15085;1320;117;80
2022.08_13-10-2022;Челябинская область;21_45_days;SputnikV;26;3;0;0;14;2;0;0;40;5;0;0;9954;412;32;12;5131;908;85;68;15085;1320;117;80
2022.08_13-10-2022;Челябинская область;45_75_days;AllVaccines;72;2;0;0;60;10;0;0;132;12;0;0;9954;412;32;12;5131;908;85;68;15085;1320;117;80
2022.08_13-10-2022;Челябинская область;45_75_days;CoviVac;10;0;0;0;5;0;0;0;15;0;0;0;9954;412;32;12;5131;908;85;68;15085;1320;117;80
2022.08_13-10-2022;Челябинская область;45_75_days;EpiVacCorona;5;0;0;0;6;0;0;0;11;0;0;0;9954;412;32;12;5131;908;85;68;15085;1320;117;80
2022.08_13-10-2022;Челябинская область;45_75_days;SputnikLite;11;0;0;0;5;0;0;0;16;0;0;0;9954;412;32;12;5131;908;85;68;15085;1320;117;80
2022.08_13-10-2022;Челябинская область;45_75_days;SputnikV;46;2;0;0;44;10;0;0;90;12;0;0;9954;412;32;12;5131;908;85;68;15085;1320;117;80
2022.08_13-10-2022;Челябинская область;75_90_days;AllVaccines;38;2;0;0;29;3;0;1;67;5;0;1;9954;412;32;12;5131;908;85;68;15085;1320;117;80
2022.08_13-10-2022;Челябинская область;75_90_days;CoviVac;5;0;0;0;1;0;0;0;6;0;0;0;9954;412;32;12;5131;908;85;68;15085;1320;117;80
2022.08_13-10-2022;Челябинская область;75_90_days;EpiVacCorona;3;1;0;0;4;1;0;1;7;2;0;1;9954;412;32;12;5131;908;85;68;15085;1320;117;80
2022.08_13-10-2022;Челябинская область;75_90_days;SputnikLite;6;0;0;0;5;0;0;0;11;0;0;0;9954;412;32;12;5131;908;85;68;15085;1320;117;80
2022.08_13-10-2022;Челябинская область;75_90_days;SputnikV;24;1;0;0;19;2;0;0;43;3;0;0;9954;412;32;12;5131;908;85;68;15085;1320;117;80
2022.08_13-10-2022;Челябинская область;90_105_days;AllVaccines;40;1;0;0;43;4;1;1;83;5;1;1;9954;412;32;12;5131;908;85;68;15085;1320;117;80
2022.08_13-10-2022;Челябинская область;90_105_days;CoviVac;1;0;0;0;5;0;0;0;6;0;0;0;9954;412;32;12;5131;908;85;68;15085;1320;117;80
2022.08_13-10-2022;Челябинская область;90_105_days;EpiVacCorona;2;0;0;0;4;0;0;0;6;0;0;0;9954;412;32;12;5131;908;85;68;15085;1320;117;80
2022.08_13-10-2022;Челябинская область;90_105_days;SputnikLite;10;0;0;0;7;1;0;0;17;1;0;0;9954;412;32;12;5131;908;85;68;15085;1320;117;80
2022.08_13-10-2022;Челябинская область;90_105_days;SputnikV;27;1;0;0;27;3;1;1;54;4;1;1;9954;412;32;12;5131;908;85;68;15085;1320;117;80
2022.08_13-10-2022;Чеченская Республика;105_165_days;AllVaccines;15;1;0;0;5;2;0;0;20;3;0;0;325;66;1;0;123;26;3;0;448;92;4;0
2022.08_13-10-2022;Чеченская Республика;105_165_days;CoviVac;5;1;0;0;2;0;0;0;7;1;0;0;325;66;1;0;123;26;3;0;448;92;4;0
2022.08_13-10-2022;Чеченская Республика;105_165_days;SputnikLite;8;0;0;0;2;2;0;0;10;2;0;0;325;66;1;0;123;26;3;0;448;92;4;0
2022.08_13-10-2022;Чеченская Республика;105_165_days;SputnikV;2;0;0;0;1;0;0;0;3;0;0;0;325;66;1;0;123;26;3;0;448;92;4;0
2022.08_13-10-2022;Чеченская Республика;165_195_days;AllVaccines;8;0;0;0;1;0;0;0;9;0;0;0;325;66;1;0;123;26;3;0;448;92;4;0
2022.08_13-10-2022;Чеченская Республика;165_195_days;SputnikLite;5;0;0;0;1;0;0;0;6;0;0;0;325;66;1;0;123;26;3;0;448;92;4;0
2022.08_13-10-2022;Чеченская Республика;165_195_days;SputnikV;3;0;0;0;0;0;0;0;3;0;0;0;325;66;1;0;123;26;3;0;448;92;4;0
2022.08_13-10-2022;Чеченская Республика;21_45_days;AllVaccines;3;0;0;0;1;0;0;0;4;0;0;0;325;66;1;0;123;26;3;0;448;92;4;0
2022.08_13-10-2022;Чеченская Республика;21_45_days;SputnikV;3;0;0;0;1;0;0;0;4;0;0;0;325;66;1;0;123;26;3;0;448;92;4;0
2022.08_13-10-2022;Чеченская Республика;45_75_days;AllVaccines;13;3;0;0;2;0;0;0;15;3;0;0;325;66;1;0;123;26;3;0;448;92;4;0
2022.08_13-10-2022;Чеченская Республика;45_75_days;SputnikV;13;3;0;0;2;0;0;0;15;3;0;0;325;66;1;0;123;26;3;0;448;92;4;0
2022.08_13-10-2022;Чеченская Республика;75_90_days;AllVaccines;5;0;0;0;0;0;0;0;5;0;0;0;325;66;1;0;123;26;3;0;448;92;4;0
2022.08_13-10-2022;Чеченская Республика;75_90_days;SputnikLite;1;0;0;0;0;0;0;0;1;0;0;0;325;66;1;0;123;26;3;0;448;92;4;0
2022.08_13-10-2022;Чеченская Республика;75_90_days;SputnikV;4;0;0;0;0;0;0;0;4;0;0;0;325;66;1;0;123;26;3;0;448;92;4;0
2022.08_13-10-2022;Чеченская Республика;90_105_days;AllVaccines;2;2;0;0;0;0;0;0;2;2;0;0;325;66;1;0;123;26;3;0;448;92;4;0
2022.08_13-10-2022;Чеченская Республика;90_105_days;SputnikV;2;2;0;0;0;0;0;0;2;2;0;0;325;66;1;0;123;26;3;0;448;92;4;0
2022.08_13-10-2022;Чувашская Республика;105_165_days;AllVaccines;118;7;2;0;78;7;1;1;196;14;3;1;4436;205;16;4;2764;311;61;42;7200;516;77;46
2022.08_13-10-2022;Чувашская Республика;105_165_days;CoviVac;10;0;0;0;4;0;0;0;14;0;0;0;4436;205;16;4;2764;311;61;42;7200;516;77;46
2022.08_13-10-2022;Чувашская Республика;105_165_days;EpiVacCorona;3;0;0;0;6;3;0;0;9;3;0;0;4436;205;16;4;2764;311;61;42;7200;516;77;46
2022.08_13-10-2022;Чувашская Республика;105_165_days;SputnikLite;36;1;0;0;16;0;0;0;52;1;0;0;4436;205;16;4;2764;311;61;42;7200;516;77;46
2022.08_13-10-2022;Чувашская Республика;105_165_days;SputnikV;69;6;2;0;52;4;1;1;121;10;3;1;4436;205;16;4;2764;311;61;42;7200;516;77;46
2022.08_13-10-2022;Чувашская Республика;165_195_days;AllVaccines;161;2;0;0;117;11;1;0;278;13;1;0;4436;205;16;4;2764;311;61;42;7200;516;77;46
2022.08_13-10-2022;Чувашская Республика;165_195_days;CoviVac;2;0;0;0;1;0;0;0;3;0;0;0;4436;205;16;4;2764;311;61;42;7200;516;77;46
2022.08_13-10-2022;Чувашская Республика;165_195_days;EpiVacCorona;11;0;0;0;7;2;0;0;18;2;0;0;4436;205;16;4;2764;311;61;42;7200;516;77;46
2022.08_13-10-2022;Чувашская Республика;165_195_days;SputnikLite;84;2;0;0;56;5;1;0;140;7;1;0;4436;205;16;4;2764;311;61;42;7200;516;77;46
2022.08_13-10-2022;Чувашская Республика;165_195_days;SputnikV;64;0;0;0;53;4;0;0;117;4;0;0;4436;205;16;4;2764;311;61;42;7200;516;77;46
2022.08_13-10-2022;Чувашская Республика;21_45_days;AllVaccines;19;1;0;0;16;2;0;0;35;3;0;0;4436;205;16;4;2764;311;61;42;7200;516;77;46
2022.08_13-10-2022;Чувашская Республика;21_45_days;EpiVacCorona;7;0;0;0;2;0;0;0;9;0;0;0;4436;205;16;4;2764;311;61;42;7200;516;77;46
2022.08_13-10-2022;Чувашская Республика;21_45_days;SputnikV;12;1;0;0;14;2;0;0;26;3;0;0;4436;205;16;4;2764;311;61;42;7200;516;77;46
2022.08_13-10-2022;Чувашская Республика;45_75_days;AllVaccines;54;3;0;0;38;5;1;1;92;8;1;1;4436;205;16;4;2764;311;61;42;7200;516;77;46
2022.08_13-10-2022;Чувашская Республика;45_75_days;EpiVacCorona;25;1;0;0;24;4;1;1;49;5;1;1;4436;205;16;4;2764;311;61;42;7200;516;77;46
2022.08_13-10-2022;Чувашская Республика;45_75_days;SputnikLite;1;0;0;0;0;0;0;0;1;0;0;0;4436;205;16;4;2764;311;61;42;7200;516;77;46
2022.08_13-10-2022;Чувашская Республика;45_75_days;SputnikV;28;2;0;0;14;1;0;0;42;3;0;0;4436;205;16;4;2764;311;61;42;7200;516;77;46
2022.08_13-10-2022;Чувашская Республика;75_90_days;AllVaccines;27;2;0;1;31;2;0;0;58;4;0;1;4436;205;16;4;2764;311;61;42;7200;516;77;46
2022.08_13-10-2022;Чувашская Республика;75_90_days;CoviVac;3;1;0;0;0;0;0;0;3;1;0;0;4436;205;16;4;2764;311;61;42;7200;516;77;46
2022.08_13-10-2022;Чувашская Республика;75_90_days;EpiVacCorona;4;0;0;0;3;0;0;0;7;0;0;0;4436;205;16;4;2764;311;61;42;7200;516;77;46
2022.08_13-10-2022;Чувашская Республика;75_90_days;SputnikLite;3;0;0;0;7;0;0;0;10;0;0;0;4436;205;16;4;2764;311;61;42;7200;516;77;46
2022.08_13-10-2022;Чувашская Республика;75_90_days;SputnikV;17;1;0;1;21;2;0;0;38;3;0;1;4436;205;16;4;2764;311;61;42;7200;516;77;46
2022.08_13-10-2022;Чувашская Республика;90_105_days;AllVaccines;11;0;0;0;17;1;0;0;28;1;0;0;4436;205;16;4;2764;311;61;42;7200;516;77;46
2022.08_13-10-2022;Чувашская Республика;90_105_days;EpiVacCorona;1;0;0;0;3;1;0;0;4;1;0;0;4436;205;16;4;2764;311;61;42;7200;516;77;46
2022.08_13-10-2022;Чувашская Республика;90_105_days;SputnikLite;1;0;0;0;4;0;0;0;5;0;0;0;4436;205;16;4;2764;311;61;42;7200;516;77;46
2022.08_13-10-2022;Чувашская Республика;90_105_days;SputnikV;9;0;0;0;10;0;0;0;19;0;0;0;4436;205;16;4;2764;311;61;42;7200;516;77;46
2022.08_13-10-2022;Чукотский автономный округ;105_165_days;AllVaccines;5;0;0;0;6;1;0;0;11;1;0;0;283;16;0;1;48;14;3;1;331;30;3;2
2022.08_13-10-2022;Чукотский автономный округ;105_165_days;SputnikLite;2;0;0;0;3;0;0;0;5;0;0;0;283;16;0;1;48;14;3;1;331;30;3;2
2022.08_13-10-2022;Чукотский автономный округ;105_165_days;SputnikV;3;0;0;0;3;1;0;0;6;1;0;0;283;16;0;1;48;14;3;1;331;30;3;2
2022.08_13-10-2022;Чукотский автономный округ;165_195_days;AllVaccines;11;1;0;0;5;1;0;0;16;2;0;0;283;16;0;1;48;14;3;1;331;30;3;2
2022.08_13-10-2022;Чукотский автономный округ;165_195_days;CoviVac;1;0;0;0;0;0;0;0;1;0;0;0;283;16;0;1;48;14;3;1;331;30;3;2
2022.08_13-10-2022;Чукотский автономный округ;165_195_days;SputnikLite;7;1;0;0;4;1;0;0;11;2;0;0;283;16;0;1;48;14;3;1;331;30;3;2
2022.08_13-10-2022;Чукотский автономный округ;165_195_days;SputnikV;3;0;0;0;1;0;0;0;4;0;0;0;283;16;0;1;48;14;3;1;331;30;3;2
2022.08_13-10-2022;Чукотский автономный округ;75_90_days;AllVaccines;4;0;0;0;0;0;0;0;4;0;0;0;283;16;0;1;48;14;3;1;331;30;3;2
2022.08_13-10-2022;Чукотский автономный округ;75_90_days;SputnikLite;4;0;0;0;0;0;0;0;4;0;0;0;283;16;0;1;48;14;3;1;331;30;3;2
2022.08_13-10-2022;Ямало-Ненецкий автономный округ;105_165_days;AllVaccines;41;2;0;0;13;2;0;0;54;4;0;0;1819;109;3;2;296;45;6;2;2115;154;9;4
2022.08_13-10-2022;Ямало-Ненецкий автономный округ;105_165_days;EpiVacCorona;0;0;0;0;3;0;0;0;3;0;0;0;1819;109;3;2;296;45;6;2;2115;154;9;4
2022.08_13-10-2022;Ямало-Ненецкий автономный округ;105_165_days;SputnikLite;28;2;0;0;8;2;0;0;36;4;0;0;1819;109;3;2;296;45;6;2;2115;154;9;4
2022.08_13-10-2022;Ямало-Ненецкий автономный округ;105_165_days;SputnikV;13;0;0;0;2;0;0;0;15;0;0;0;1819;109;3;2;296;45;6;2;2115;154;9;4
2022.08_13-10-2022;Ямало-Ненецкий автономный округ;165_195_days;AllVaccines;93;5;0;0;20;2;0;0;113;7;0;0;1819;109;3;2;296;45;6;2;2115;154;9;4
2022.08_13-10-2022;Ямало-Ненецкий автономный округ;165_195_days;CoviVac;2;0;0;0;0;0;0;0;2;0;0;0;1819;109;3;2;296;45;6;2;2115;154;9;4
2022.08_13-10-2022;Ямало-Ненецкий автономный округ;165_195_days;EpiVacCorona;1;0;0;0;0;0;0;0;1;0;0;0;1819;109;3;2;296;45;6;2;2115;154;9;4
2022.08_13-10-2022;Ямало-Ненецкий автономный округ;165_195_days;SputnikLite;56;4;0;0;11;2;0;0;67;6;0;0;1819;109;3;2;296;45;6;2;2115;154;9;4
2022.08_13-10-2022;Ямало-Ненецкий автономный округ;165_195_days;SputnikV;34;1;0;0;9;0;0;0;43;1;0;0;1819;109;3;2;296;45;6;2;2115;154;9;4
2022.08_13-10-2022;Ямало-Ненецкий автономный округ;21_45_days;AllVaccines;12;1;0;0;2;0;0;0;14;1;0;0;1819;109;3;2;296;45;6;2;2115;154;9;4
2022.08_13-10-2022;Ямало-Ненецкий автономный округ;21_45_days;EpiVacCorona;1;0;0;0;1;0;0;0;2;0;0;0;1819;109;3;2;296;45;6;2;2115;154;9;4
2022.08_13-10-2022;Ямало-Ненецкий автономный округ;21_45_days;SputnikLite;6;1;0;0;1;0;0;0;7;1;0;0;1819;109;3;2;296;45;6;2;2115;154;9;4
2022.08_13-10-2022;Ямало-Ненецкий автономный округ;21_45_days;SputnikV;5;0;0;0;0;0;0;0;5;0;0;0;1819;109;3;2;296;45;6;2;2115;154;9;4
2022.08_13-10-2022;Ямало-Ненецкий автономный округ;45_75_days;AllVaccines;18;1;0;0;6;3;0;0;24;4;0;0;1819;109;3;2;296;45;6;2;2115;154;9;4
2022.08_13-10-2022;Ямало-Ненецкий автономный округ;45_75_days;EpiVacCorona;2;0;0;0;0;0;0;0;2;0;0;0;1819;109;3;2;296;45;6;2;2115;154;9;4
2022.08_13-10-2022;Ямало-Ненецкий автономный округ;45_75_days;SputnikLite;9;0;0;0;5;3;0;0;14;3;0;0;1819;109;3;2;296;45;6;2;2115;154;9;4
2022.08_13-10-2022;Ямало-Ненецкий автономный округ;45_75_days;SputnikV;7;1;0;0;1;0;0;0;8;1;0;0;1819;109;3;2;296;45;6;2;2115;154;9;4
2022.08_13-10-2022;Ямало-Ненецкий автономный округ;75_90_days;AllVaccines;10;0;0;0;4;0;0;0;14;0;0;0;1819;109;3;2;296;45;6;2;2115;154;9;4
2022.08_13-10-2022;Ямало-Ненецкий автономный округ;75_90_days;CoviVac;1;0;0;0;0;0;0;0;1;0;0;0;1819;109;3;2;296;45;6;2;2115;154;9;4
2022.08_13-10-2022;Ямало-Ненецкий автономный округ;75_90_days;SputnikLite;4;0;0;0;3;0;0;0;7;0;0;0;1819;109;3;2;296;45;6;2;2115;154;9;4
2022.08_13-10-2022;Ямало-Ненецкий автономный округ;75_90_days;SputnikV;5;0;0;0;1;0;0;0;6;0;0;0;1819;109;3;2;296;45;6;2;2115;154;9;4
2022.08_13-10-2022;Ямало-Ненецкий автономный округ;90_105_days;AllVaccines;12;2;0;0;2;0;0;0;14;2;0;0;1819;109;3;2;296;45;6;2;2115;154;9;4
2022.08_13-10-2022;Ямало-Ненецкий автономный округ;90_105_days;CoviVac;1;0;0;0;0;0;0;0;1;0;0;0;1819;109;3;2;296;45;6;2;2115;154;9;4
2022.08_13-10-2022;Ямало-Ненецкий автономный округ;90_105_days;EpiVacCorona;0;0;0;0;1;0;0;0;1;0;0;0;1819;109;3;2;296;45;6;2;2115;154;9;4
2022.08_13-10-2022;Ямало-Ненецкий автономный округ;90_105_days;SputnikLite;10;2;0;0;1;0;0;0;11;2;0;0;1819;109;3;2;296;45;6;2;2115;154;9;4
2022.08_13-10-2022;Ямало-Ненецкий автономный округ;90_105_days;SputnikV;1;0;0;0;0;0;0;0;1;0;0;0;1819;109;3;2;296;45;6;2;2115;154;9;4
2022.08_13-10-2022;Ярославская область;105_165_days;AllVaccines;87;1;0;0;66;3;0;0;153;4;0;0;7014;177;7;2;3176;306;62;37;10190;483;69;39
2022.08_13-10-2022;Ярославская область;105_165_days;CoviVac;9;0;0;0;3;0;0;0;12;0;0;0;7014;177;7;2;3176;306;62;37;10190;483;69;39
2022.08_13-10-2022;Ярославская область;105_165_days;EpiVacCorona;4;0;0;0;1;0;0;0;5;0;0;0;7014;177;7;2;3176;306;62;37;10190;483;69;39
2022.08_13-10-2022;Ярославская область;105_165_days;SputnikLite;19;0;0;0;13;0;0;0;32;0;0;0;7014;177;7;2;3176;306;62;37;10190;483;69;39
2022.08_13-10-2022;Ярославская область;105_165_days;SputnikV;55;1;0;0;49;3;0;0;104;4;0;0;7014;177;7;2;3176;306;62;37;10190;483;69;39
2022.08_13-10-2022;Ярославская область;165_195_days;AllVaccines;170;4;0;0;92;8;3;1;262;12;3;1;7014;177;7;2;3176;306;62;37;10190;483;69;39
2022.08_13-10-2022;Ярославская область;165_195_days;CoviVac;8;0;0;0;1;1;1;1;9;1;1;1;7014;177;7;2;3176;306;62;37;10190;483;69;39
2022.08_13-10-2022;Ярославская область;165_195_days;EpiVacCorona;5;0;0;0;3;1;0;0;8;1;0;0;7014;177;7;2;3176;306;62;37;10190;483;69;39
2022.08_13-10-2022;Ярославская область;165_195_days;SputnikLite;81;0;0;0;34;0;1;0;115;0;1;0;7014;177;7;2;3176;306;62;37;10190;483;69;39
2022.08_13-10-2022;Ярославская область;165_195_days;SputnikV;76;4;0;0;54;6;1;0;130;10;1;0;7014;177;7;2;3176;306;62;37;10190;483;69;39
2022.08_13-10-2022;Ярославская область;21_45_days;AllVaccines;14;0;0;0;9;1;0;0;23;1;0;0;7014;177;7;2;3176;306;62;37;10190;483;69;39
2022.08_13-10-2022;Ярославская область;21_45_days;SputnikV;14;0;0;0;9;1;0;0;23;1;0;0;7014;177;7;2;3176;306;62;37;10190;483;69;39
2022.08_13-10-2022;Ярославская область;45_75_days;AllVaccines;25;0;0;0;16;2;0;0;41;2;0;0;7014;177;7;2;3176;306;62;37;10190;483;69;39
2022.08_13-10-2022;Ярославская область;45_75_days;CoviVac;2;0;0;0;1;0;0;0;3;0;0;0;7014;177;7;2;3176;306;62;37;10190;483;69;39
2022.08_13-10-2022;Ярославская область;45_75_days;EpiVacCorona;4;0;0;0;1;0;0;0;5;0;0;0;7014;177;7;2;3176;306;62;37;10190;483;69;39
2022.08_13-10-2022;Ярославская область;45_75_days;SputnikV;19;0;0;0;14;2;0;0;33;2;0;0;7014;177;7;2;3176;306;62;37;10190;483;69;39
2022.08_13-10-2022;Ярославская область;75_90_days;AllVaccines;20;0;0;0;6;1;0;0;26;1;0;0;7014;177;7;2;3176;306;62;37;10190;483;69;39
2022.08_13-10-2022;Ярославская область;75_90_days;CoviVac;1;0;0;0;0;0;0;0;1;0;0;0;7014;177;7;2;3176;306;62;37;10190;483;69;39
2022.08_13-10-2022;Ярославская область;75_90_days;EpiVacCorona;1;0;0;0;0;0;0;0;1;0;0;0;7014;177;7;2;3176;306;62;37;10190;483;69;39
2022.08_13-10-2022;Ярославская область;75_90_days;SputnikLite;2;0;0;0;1;0;0;0;3;0;0;0;7014;177;7;2;3176;306;62;37;10190;483;69;39
2022.08_13-10-2022;Ярославская область;75_90_days;SputnikV;16;0;0;0;5;1;0;0;21;1;0;0;7014;177;7;2;3176;306;62;37;10190;483;69;39
2022.08_13-10-2022;Ярославская область;90_105_days;AllVaccines;17;0;0;0;12;0;0;0;29;0;0;0;7014;177;7;2;3176;306;62;37;10190;483;69;39
2022.08_13-10-2022;Ярославская область;90_105_days;CoviVac;3;0;0;0;0;0;0;0;3;0;0;0;7014;177;7;2;3176;306;62;37;10190;483;69;39
2022.08_13-10-2022;Ярославская область;90_105_days;EpiVacCorona;3;0;0;0;3;0;0;0;6;0;0;0;7014;177;7;2;3176;306;62;37;10190;483;69;39
2022.08_13-10-2022;Ярославская область;90_105_days;SputnikLite;1;0;0;0;1;0;0;0;2;0;0;0;7014;177;7;2;3176;306;62;37;10190;483;69;39
2022.08_13-10-2022;Ярославская область;90_105_days;SputnikV;10;0;0;0;8;0;0;0;18;0;0;0;7014;177;7;2;3176;306;62;37;10190;483;69;39
2022.08_13-10-2022;г. Москва;105_165_days;AllVaccines;1171;5;8;1;821;16;19;2;1992;21;27;3;129830;817;1254;101;53242;1836;2875;884;183072;2653;4129;985
2022.08_13-10-2022;г. Москва;105_165_days;CoviVac;78;1;1;0;9;0;1;0;87;1;2;0;129830;817;1254;101;53242;1836;2875;884;183072;2653;4129;985
2022.08_13-10-2022;г. Москва;105_165_days;EpiVacCorona;3;0;0;0;1;0;0;0;4;0;0;0;129830;817;1254;101;53242;1836;2875;884;183072;2653;4129;985
2022.08_13-10-2022;г. Москва;105_165_days;SputnikLite;160;1;1;0;123;2;2;0;283;3;3;0;129830;817;1254;101;53242;1836;2875;884;183072;2653;4129;985
2022.08_13-10-2022;г. Москва;105_165_days;SputnikV;930;3;6;1;688;14;16;2;1618;17;22;3;129830;817;1254;101;53242;1836;2875;884;183072;2653;4129;985
2022.08_13-10-2022;г. Москва;165_195_days;AllVaccines;3632;21;23;0;1724;43;54;10;5356;64;77;10;129830;817;1254;101;53242;1836;2875;884;183072;2653;4129;985
2022.08_13-10-2022;г. Москва;165_195_days;CoviVac;111;1;1;0;11;1;0;0;122;2;1;0;129830;817;1254;101;53242;1836;2875;884;183072;2653;4129;985
2022.08_13-10-2022;г. Москва;165_195_days;EpiVacCorona;11;0;0;0;5;1;0;0;16;1;0;0;129830;817;1254;101;53242;1836;2875;884;183072;2653;4129;985
2022.08_13-10-2022;г. Москва;165_195_days;SputnikLite;1577;12;15;0;914;20;25;5;2491;32;40;5;129830;817;1254;101;53242;1836;2875;884;183072;2653;4129;985
2022.08_13-10-2022;г. Москва;165_195_days;SputnikV;1933;8;7;0;794;21;29;5;2727;29;36;5;129830;817;1254;101;53242;1836;2875;884;183072;2653;4129;985
2022.08_13-10-2022;г. Москва;21_45_days;AllVaccines;159;3;0;0;70;4;4;1;229;7;4;1;129830;817;1254;101;53242;1836;2875;884;183072;2653;4129;985
2022.08_13-10-2022;г. Москва;21_45_days;EpiVacCorona;1;0;0;0;0;0;0;0;1;0;0;0;129830;817;1254;101;53242;1836;2875;884;183072;2653;4129;985
2022.08_13-10-2022;г. Москва;21_45_days;SputnikLite;15;0;0;0;4;0;0;0;19;0;0;0;129830;817;1254;101;53242;1836;2875;884;183072;2653;4129;985
2022.08_13-10-2022;г. Москва;21_45_days;SputnikV;143;3;0;0;66;4;4;1;209;7;4;1;129830;817;1254;101;53242;1836;2875;884;183072;2653;4129;985
2022.08_13-10-2022;г. Москва;45_75_days;AllVaccines;251;1;0;0;178;6;5;1;429;7;5;1;129830;817;1254;101;53242;1836;2875;884;183072;2653;4129;985
2022.08_13-10-2022;г. Москва;45_75_days;CoviVac;10;0;0;0;1;0;0;0;11;0;0;0;129830;817;1254;101;53242;1836;2875;884;183072;2653;4129;985
2022.08_13-10-2022;г. Москва;45_75_days;SputnikLite;20;0;0;0;15;1;0;0;35;1;0;0;129830;817;1254;101;53242;1836;2875;884;183072;2653;4129;985
2022.08_13-10-2022;г. Москва;45_75_days;SputnikV;221;1;0;0;162;5;5;1;383;6;5;1;129830;817;1254;101;53242;1836;2875;884;183072;2653;4129;985
2022.08_13-10-2022;г. Москва;75_90_days;AllVaccines;103;2;1;1;85;2;3;2;188;4;4;3;129830;817;1254;101;53242;1836;2875;884;183072;2653;4129;985
2022.08_13-10-2022;г. Москва;75_90_days;CoviVac;3;0;0;0;1;0;0;0;4;0;0;0;129830;817;1254;101;53242;1836;2875;884;183072;2653;4129;985
2022.08_13-10-2022;г. Москва;75_90_days;SputnikLite;13;1;0;0;6;0;0;0;19;1;0;0;129830;817;1254;101;53242;1836;2875;884;183072;2653;4129;985
2022.08_13-10-2022;г. Москва;75_90_days;SputnikV;87;1;1;1;78;2;3;2;165;3;4;3;129830;817;1254;101;53242;1836;2875;884;183072;2653;4129;985
2022.08_13-10-2022;г. Москва;90_105_days;AllVaccines;99;0;1;0;71;0;1;0;170;0;2;0;129830;817;1254;101;53242;1836;2875;884;183072;2653;4129;985
2022.08_13-10-2022;г. Москва;90_105_days;CoviVac;8;0;0;0;2;0;0;0;10;0;0;0;129830;817;1254;101;53242;1836;2875;884;183072;2653;4129;985
2022.08_13-10-2022;г. Москва;90_105_days;SputnikLite;6;0;0;0;7;0;0;0;13;0;0;0;129830;817;1254;101;53242;1836;2875;884;183072;2653;4129;985
2022.08_13-10-2022;г. Москва;90_105_days;SputnikV;85;0;1;0;62;0;1;0;147;0;2;0;129830;817;1254;101;53242;1836;2875;884;183072;2653;4129;985
2022.08_13-10-2022;г. Санкт-Петербург;105_165_days;AllVaccines;859;21;3;0;617;40;15;9;1476;61;18;9;70780;2560;223;65;28280;3657;913;563;99060;6217;1136;628
2022.08_13-10-2022;г. Санкт-Петербург;105_165_days;CoviVac;31;1;1;0;1;0;0;0;32;1;1;0;70780;2560;223;65;28280;3657;913;563;99060;6217;1136;628
2022.08_13-10-2022;г. Санкт-Петербург;105_165_days;EpiVacCorona;8;0;0;0;9;2;1;0;17;2;1;0;70780;2560;223;65;28280;3657;913;563;99060;6217;1136;628
2022.08_13-10-2022;г. Санкт-Петербург;105_165_days;SputnikLite;240;5;0;0;248;15;5;3;488;20;5;3;70780;2560;223;65;28280;3657;913;563;99060;6217;1136;628
2022.08_13-10-2022;г. Санкт-Петербург;105_165_days;SputnikV;580;15;2;0;359;23;9;6;939;38;11;6;70780;2560;223;65;28280;3657;913;563;99060;6217;1136;628
2022.08_13-10-2022;г. Санкт-Петербург;165_195_days;AllVaccines;1992;54;1;0;927;74;14;7;2919;128;15;7;70780;2560;223;65;28280;3657;913;563;99060;6217;1136;628
2022.08_13-10-2022;г. Санкт-Петербург;165_195_days;CoviVac;68;1;0;0;4;0;0;0;72;1;0;0;70780;2560;223;65;28280;3657;913;563;99060;6217;1136;628
2022.08_13-10-2022;г. Санкт-Петербург;165_195_days;EpiVacCorona;33;1;0;0;17;2;1;1;50;3;1;1;70780;2560;223;65;28280;3657;913;563;99060;6217;1136;628
2022.08_13-10-2022;г. Санкт-Петербург;165_195_days;SputnikLite;767;20;0;0;459;37;9;5;1226;57;9;5;70780;2560;223;65;28280;3657;913;563;99060;6217;1136;628
2022.08_13-10-2022;г. Санкт-Петербург;165_195_days;SputnikV;1124;32;1;0;447;35;4;1;1571;67;5;1;70780;2560;223;65;28280;3657;913;563;99060;6217;1136;628
2022.08_13-10-2022;г. Санкт-Петербург;21_45_days;AllVaccines;131;5;0;0;60;6;2;1;191;11;2;1;70780;2560;223;65;28280;3657;913;563;99060;6217;1136;628
2022.08_13-10-2022;г. Санкт-Петербург;21_45_days;SputnikLite;36;1;0;0;13;0;0;0;49;1;0;0;70780;2560;223;65;28280;3657;913;563;99060;6217;1136;628
2022.08_13-10-2022;г. Санкт-Петербург;21_45_days;SputnikV;95;4;0;0;47;6;2;1;142;10;2;1;70780;2560;223;65;28280;3657;913;563;99060;6217;1136;628
2022.08_13-10-2022;г. Санкт-Петербург;45_75_days;AllVaccines;235;5;0;0;147;10;0;0;382;15;0;0;70780;2560;223;65;28280;3657;913;563;99060;6217;1136;628
2022.08_13-10-2022;г. Санкт-Петербург;45_75_days;CoviVac;25;1;0;0;10;0;0;0;35;1;0;0;70780;2560;223;65;28280;3657;913;563;99060;6217;1136;628
2022.08_13-10-2022;г. Санкт-Петербург;45_75_days;EpiVacCorona;4;0;0;0;1;0;0;0;5;0;0;0;70780;2560;223;65;28280;3657;913;563;99060;6217;1136;628
2022.08_13-10-2022;г. Санкт-Петербург;45_75_days;SputnikLite;48;2;0;0;21;2;0;0;69;4;0;0;70780;2560;223;65;28280;3657;913;563;99060;6217;1136;628
2022.08_13-10-2022;г. Санкт-Петербург;45_75_days;SputnikV;158;2;0;0;115;8;0;0;273;10;0;0;70780;2560;223;65;28280;3657;913;563;99060;6217;1136;628
2022.08_13-10-2022;г. Санкт-Петербург;75_90_days;AllVaccines;107;5;0;0;91;8;0;0;198;13;0;0;70780;2560;223;65;28280;3657;913;563;99060;6217;1136;628
2022.08_13-10-2022;г. Санкт-Петербург;75_90_days;CoviVac;9;0;0;0;0;0;0;0;9;0;0;0;70780;2560;223;65;28280;3657;913;563;99060;6217;1136;628
2022.08_13-10-2022;г. Санкт-Петербург;75_90_days;SputnikLite;29;0;0;0;16;4;0;0;45;4;0;0;70780;2560;223;65;28280;3657;913;563;99060;6217;1136;628
2022.08_13-10-2022;г. Санкт-Петербург;75_90_days;SputnikV;69;5;0;0;75;4;0;0;144;9;0;0;70780;2560;223;65;28280;3657;913;563;99060;6217;1136;628
2022.08_13-10-2022;г. Санкт-Петербург;90_105_days;AllVaccines;114;2;0;0;83;2;0;0;197;4;0;0;70780;2560;223;65;28280;3657;913;563;99060;6217;1136;628
2022.08_13-10-2022;г. Санкт-Петербург;90_105_days;CoviVac;8;1;0;0;0;0;0;0;8;1;0;0;70780;2560;223;65;28280;3657;913;563;99060;6217;1136;628
2022.08_13-10-2022;г. Санкт-Петербург;90_105_days;EpiVacCorona;3;0;0;0;0;0;0;0;3;0;0;0;70780;2560;223;65;28280;3657;913;563;99060;6217;1136;628
2022.08_13-10-2022;г. Санкт-Петербург;90_105_days;SputnikLite;21;0;0;0;8;0;0;0;29;0;0;0;70780;2560;223;65;28280;3657;913;563;99060;6217;1136;628
2022.08_13-10-2022;г. Санкт-Петербург;90_105_days;SputnikV;82;1;0;0;75;2;0;0;157;3;0;0;70780;2560;223;65;28280;3657;913;563;99060;6217;1136;628
2022.08_13-10-2022;г. Севастополь;105_165_days;AllVaccines;51;2;0;0;66;7;0;0;117;9;0;0;2508;203;8;1;1765;223;41;19;4273;426;49;20
2022.08_13-10-2022;г. Севастополь;105_165_days;CoviVac;0;0;0;0;1;1;0;0;1;1;0;0;2508;203;8;1;1765;223;41;19;4273;426;49;20
2022.08_13-10-2022;г. Севастополь;105_165_days;EpiVacCorona;1;0;0;0;2;1;0;0;3;1;0;0;2508;203;8;1;1765;223;41;19;4273;426;49;20
2022.08_13-10-2022;г. Севастополь;105_165_days;SputnikLite;33;1;0;0;38;3;0;0;71;4;0;0;2508;203;8;1;1765;223;41;19;4273;426;49;20
2022.08_13-10-2022;г. Севастополь;105_165_days;SputnikV;17;1;0;0;25;2;0;0;42;3;0;0;2508;203;8;1;1765;223;41;19;4273;426;49;20
2022.08_13-10-2022;г. Севастополь;165_195_days;AllVaccines;69;4;0;0;52;5;0;0;121;9;0;0;2508;203;8;1;1765;223;41;19;4273;426;49;20
2022.08_13-10-2022;г. Севастополь;165_195_days;CoviVac;2;0;0;0;0;0;0;0;2;0;0;0;2508;203;8;1;1765;223;41;19;4273;426;49;20
2022.08_13-10-2022;г. Севастополь;165_195_days;EpiVacCorona;1;0;0;0;3;0;0;0;4;0;0;0;2508;203;8;1;1765;223;41;19;4273;426;49;20
2022.08_13-10-2022;г. Севастополь;165_195_days;SputnikLite;43;3;0;0;28;3;0;0;71;6;0;0;2508;203;8;1;1765;223;41;19;4273;426;49;20
2022.08_13-10-2022;г. Севастополь;165_195_days;SputnikV;23;1;0;0;21;2;0;0;44;3;0;0;2508;203;8;1;1765;223;41;19;4273;426;49;20
2022.08_13-10-2022;г. Севастополь;21_45_days;AllVaccines;16;0;0;0;15;2;1;1;31;2;1;1;2508;203;8;1;1765;223;41;19;4273;426;49;20
2022.08_13-10-2022;г. Севастополь;21_45_days;SputnikLite;6;0;0;0;3;0;0;0;9;0;0;0;2508;203;8;1;1765;223;41;19;4273;426;49;20
2022.08_13-10-2022;г. Севастополь;21_45_days;SputnikV;10;0;0;0;12;2;1;1;22;2;1;1;2508;203;8;1;1765;223;41;19;4273;426;49;20
2022.08_13-10-2022;г. Севастополь;45_75_days;AllVaccines;17;1;0;0;22;1;0;0;39;2;0;0;2508;203;8;1;1765;223;41;19;4273;426;49;20
2022.08_13-10-2022;г. Севастополь;45_75_days;EpiVacCorona;4;1;0;0;0;0;0;0;4;1;0;0;2508;203;8;1;1765;223;41;19;4273;426;49;20
2022.08_13-10-2022;г. Севастополь;45_75_days;SputnikLite;4;0;0;0;2;0;0;0;6;0;0;0;2508;203;8;1;1765;223;41;19;4273;426;49;20
2022.08_13-10-2022;г. Севастополь;45_75_days;SputnikV;9;0;0;0;20;1;0;0;29;1;0;0;2508;203;8;1;1765;223;41;19;4273;426;49;20
2022.08_13-10-2022;г. Севастополь;75_90_days;AllVaccines;13;0;0;0;19;4;2;1;32;4;2;1;2508;203;8;1;1765;223;41;19;4273;426;49;20
2022.08_13-10-2022;г. Севастополь;75_90_days;SputnikLite;9;0;0;0;8;3;2;1;17;3;2;1;2508;203;8;1;1765;223;41;19;4273;426;49;20
2022.08_13-10-2022;г. Севастополь;75_90_days;SputnikV;4;0;0;0;11;1;0;0;15;1;0;0;2508;203;8;1;1765;223;41;19;4273;426;49;20
2022.08_13-10-2022;г. Севастополь;90_105_days;AllVaccines;17;0;0;0;16;0;0;0;33;0;0;0;2508;203;8;1;1765;223;41;19;4273;426;49;20
2022.08_13-10-2022;г. Севастополь;90_105_days;CoviVac;1;0;0;0;0;0;0;0;1;0;0;0;2508;203;8;1;1765;223;41;19;4273;426;49;20
2022.08_13-10-2022;г. Севастополь;90_105_days;SputnikLite;12;0;0;0;9;0;0;0;21;0;0;0;2508;203;8;1;1765;223;41;19;4273;426;49;20
2022.08_13-10-2022;г. Севастополь;90_105_days;SputnikV;4;0;0;0;7;0;0;0;11;0;0;0;2508;203;8;1;1765;223;41;19;4273;426;49;20
